New_Model_Runs/13_Future_RCP4.5_Scn3_out/post_prcessed_with_MFR/Monthly_summaries/interception_monthly_SEP.asc
NCOLS 700
NROWS 400
XLLCENTER 515000.000000
YLLCENTER 8409000.000000
CELLSIZE 50.000000
NODATA_value -999.000000
[rows 228 to 265 of 400, columns 168 to 251 of 700]
2.55 2.55 2.55 2.55 2.46 1.96 1.96 1.96 1.99 1.99 1.99 1.99 0.00 0.00 0.00 0.00 0.00 0.00 0.00 0.00 0.00 0.00 0.00 0.00 0.00 0.00 0.00 0.00 0.00 0.00 0.00 0.00 0.00 0.00 0.00 0.00 0.00 0.00 0.00 0.00 0.00 0.00 0.00 0.00 2.35 0.00 0.00 0.00 0.00 0.00 0.00 0.00 0.00 0.00 0.00 0.00 0.00 2.05 2.02 2.02 1.86 1.86 1.86 1.86 0.00 1.74 1.74 1.74 1.76 1.76 1.76 1.76 1.85 1.85 1.85 1.85 2.06 2.06 2.06 2.06 2.24 2.24 0.00 2.24
2.55 2.55 2.55 2.55 2.46 2.46 1.96 1.96 2.52 1.99 1.99 1.99 2.01 0.00 0.00 0.00 0.00 0.00 0.00 0.00 0.00 0.00 0.00 0.00 0.00 0.00 0.00 0.00 0.00 0.00 0.00 0.00 0.00 0.00 0.00 0.00 0.00 0.00 0.00 0.00 0.00 0.00 0.00 0.00 0.00 0.00 0.00 0.00 0.00 0.00 0.00 0.00 2.26 2.26 2.26 2.26 2.05 2.05 2.02 2.02 1.86 1.86 0.00 1.86 1.74 0.00 1.74 1.74 1.76 1.76 1.76 0.00 0.00 0.00 0.00 1.85 2.06 2.06 2.06 2.06 2.24 0.00 0.00 2.24
2.55 2.55 2.55 2.55 2.46 2.46 2.46 2.46 2.52 1.99 1.99 1.99 2.01 2.01 2.01 0.00 0.00 0.00 0.00 0.00 0.00 0.00 0.00 0.00 0.00 0.00 0.00 0.00 0.00 0.00 0.00 0.00 0.00 0.00 0.00 0.00 0.00 0.00 0.00 0.00 0.00 0.00 0.00 0.00 0.00 0.00 0.00 0.00 0.00 0.00 0.00 0.00 1.67 2.26 2.26 2.26 2.05 2.02 2.02 2.02 1.86 1.86 1.86 1.86 1.74 1.74 1.74 1.74 1.76 1.76 0.00 0.00 0.00 0.00 1.85 1.85 2.06 2.06 2.06 2.06 2.24 0.00 0.00 2.24
2.55 2.55 2.55 2.55 2.46 2.46 2.46 2.46 2.52 2.52 2.52 1.99 2.01 2.01 2.01 2.01 0.00 0.00 0.00 0.00 0.00 0.00 0.00 0.00 0.00 0.00 0.00 0.00 0.00 0.00 0.00 0.00 0.00 0.00 0.00 0.00 0.00 0.00 0.00 0.00 0.00 0.00 0.00 0.00 0.00 0.00 0.00 0.00 0.00 2.35 2.35 2.35 2.26 2.26 2.26 2.26 2.05 2.02 2.02 2.02 1.86 1.86 1.86 1.38 0.00 0.00 1.74 1.74 0.00 1.33 1.76 0.00 0.00 1.85 1.85 1.85 2.06 2.06 2.06 2.06 0.00 0.00 2.24 2.24
2.32 2.32 2.32 2.32 2.28 2.28 2.28 2.28 2.40 0.00 2.40 1.93 1.98 1.98 1.98 1.98 2.04 2.04 0.00 0.00 0.00 0.00 0.00 0.00 0.00 0.00 0.00 0.00 0.00 0.00 0.00 0.00 0.00 0.00 0.00 2.15 0.00 2.19 0.00 0.00 0.00 0.00 0.00 0.00 0.00 0.00 2.82 2.82 2.58 2.08 2.08 2.08 1.97 1.97 1.97 1.97 1.88 1.84 1.84 1.84 1.74 1.74 1.74 0.00 0.00 0.00 0.00 0.00 1.64 1.64 0.00 1.27 1.79 1.79 1.79 1.79 2.08 2.08 2.08 2.08 2.20 2.20 2.20 2.20
2.32 2.32 2.32 2.32 2.28 2.28 2.28 2.28 2.40 2.40 0.00 1.93 1.98 2.51 2.51 1.98 2.04 2.04 2.04 2.04 0.00 0.00 0.00 0.00 0.00 0.00 0.00 0.00 0.00 0.00 0.00 0.00 0.00 0.00 0.00 0.00 0.00 0.00 0.00 2.19 0.00 0.00 2.94 1.19 0.00 0.00 2.82 2.82 2.58 0.00 2.02 2.58 2.48 1.97 1.97 1.97 1.84 1.84 1.84 1.84 1.74 1.74 1.74 1.74 0.00 0.00 0.00 0.00 0.00 0.00 0.00 0.00 0.00 1.79 1.79 1.79 2.08 2.08 2.08 2.08 2.20 2.20 2.20 2.20
2.32 2.32 2.32 2.32 2.28 2.28 2.28 2.28 2.40 2.40 2.40 2.40 2.51 2.51 2.51 1.98 2.04 2.04 2.04 2.04 2.07 0.00 0.00 0.00 0.00 0.00 0.00 0.00 0.00 0.00 0.00 0.00 2.83 2.83 2.83 0.00 0.00 0.00 0.00 2.58 2.94 2.94 2.94 2.94 0.00 2.82 2.14 0.00 0.00 0.00 0.00 0.00 0.00 2.48 2.48 2.48 1.84 1.84 1.84 1.84 1.74 1.74 1.74 1.74 0.00 0.00 0.00 0.00 0.00 0.00 0.00 0.00 0.00 1.79 1.79 1.79 2.08 1.48 2.08 2.08 2.20 2.20 2.20 2.20
2.32 2.32 2.32 2.32 2.28 2.28 2.28 2.28 2.40 2.40 2.40 2.40 2.51 2.51 2.51 2.51 2.04 2.61 2.04 2.04 2.07 0.00 0.00 0.00 2.11 1.18 0.00 0.00 0.00 0.00 2.12 2.12 2.83 2.83 2.83 2.15 2.19 0.00 0.00 0.00 2.94 2.94 2.94 2.20 2.82 2.82 2.82 0.00 0.00 0.00 0.00 0.00 0.00 0.00 0.00 0.00 0.00 0.00 0.00 1.84 1.74 1.74 1.74 1.74 1.60 0.00 0.00 0.00 0.00 0.00 1.64 0.00 1.79 1.79 1.79 1.79 0.00 2.08 2.08 2.08 2.20 2.20 2.20 2.20
2.13 2.13 2.13 2.13 2.09 2.09 2.09 2.09 2.25 2.25 2.25 2.25 2.44 2.44 2.44 2.44 2.63 2.63 2.05 2.05 2.09 2.09 0.00 2.09 2.12 2.12 2.78 2.78 2.15 1.19 1.19 2.15 2.91 2.91 2.91 2.19 2.25 2.25 1.21 0.00 0.00 2.83 2.83 2.83 2.49 2.49 2.49 2.49 0.00 2.38 0.00 0.00 0.00 0.00 0.00 0.00 0.00 0.00 1.73 0.00 1.68 1.68 0.00 0.00 0.00 0.00 0.00 0.00 0.00 0.00 1.69 1.69 1.91 1.91 0.00 1.39 2.14 2.14 2.14 2.14 2.07 2.07 2.07 2.07
2.13 2.13 2.13 2.13 2.09 2.09 2.09 2.09 2.25 2.25 2.25 2.25 2.44 2.44 2.44 2.44 2.63 2.63 2.63 2.05 2.09 2.09 2.09 2.09 2.12 2.12 2.12 2.78 2.15 2.53 1.19 1.19 2.19 2.19 2.91 2.91 2.25 1.21 2.25 2.25 2.83 2.83 2.83 2.83 2.49 2.49 2.49 2.49 1.91 0.00 2.38 0.00 0.00 0.00 0.00 0.00 0.00 0.00 0.00 0.00 0.00 0.00 0.00 0.00 0.00 0.00 0.00 0.00 0.00 0.00 0.00 1.69 1.91 1.91 1.91 1.91 2.14 2.14 2.14 2.14 2.07 2.07 2.07 2.07
2.13 2.13 2.13 2.13 2.09 2.09 2.09 2.09 2.25 2.25 2.25 2.25 2.44 2.44 2.44 2.44 2.63 2.63 2.63 0.00 0.00 2.09 2.09 2.09 2.12 2.48 2.78 2.78 2.15 2.15 2.15 2.84 2.19 2.19 2.19 2.19 3.04 1.21 2.25 2.25 2.83 2.83 2.83 2.83 2.49 2.49 2.49 2.49 2.38 1.91 0.00 0.00 0.00 0.00 0.00 0.00 0.00 0.00 0.00 0.00 0.00 0.00 0.00 0.00 0.00 0.00 0.00 0.00 0.00 0.00 0.00 1.69 0.00 1.91 1.91 1.91 2.14 2.14 2.14 2.14 2.07 2.07 2.07 2.07
2.13 2.13 2.13 2.13 2.09 2.09 2.09 2.09 2.25 2.25 2.25 2.25 2.44 2.44 2.44 2.44 2.63 0.00 0.00 0.00 0.00 0.00 2.09 2.09 2.12 2.12 2.78 2.78 2.84 2.84 2.84 2.84 2.91 2.91 2.91 2.19 3.04 2.25 2.25 3.04 2.83 2.83 2.83 2.83 2.49 0.00 0.00 0.00 0.00 0.00 0.00 2.38 0.00 0.00 0.00 0.00 0.00 0.00 0.00 0.00 0.00 0.00 0.00 0.00 0.00 0.00 0.00 0.00 0.00 0.00 0.00 0.00 1.39 1.91 1.91 1.91 2.14 2.14 2.14 2.14 2.07 2.07 2.07 2.07
2.02 2.02 2.02 2.02 2.07 2.07 2.07 2.07 2.27 2.27 2.27 2.27 2.49 2.49 2.49 2.49 2.06 0.00 0.00 0.00 0.00 2.66 2.66 0.00 0.00 2.08 2.69 2.69 2.76 2.76 2.76 2.76 1.20 1.20 1.20 2.91 2.92 2.19 0.00 2.92 2.59 2.59 2.59 2.59 2.40 0.00 2.40 0.00 0.00 0.00 0.00 0.00 0.00 0.00 0.00 0.00 0.00 0.00 0.00 0.00 0.00 0.00 0.00 0.00 0.00 0.00 0.00 0.00 0.00 0.00 0.00 0.00 1.97 1.97 1.97 1.97 2.06 2.06 2.06 2.06 1.91 1.91 1.91 1.91
2.02 2.02 2.02 2.02 2.07 2.07 2.07 2.07 2.27 2.27 2.27 2.27 2.49 2.49 2.49 2.49 2.67 0.00 0.00 0.00 2.06 2.66 2.66 2.66 2.69 2.69 2.69 2.69 2.76 2.76 2.76 2.76 2.91 2.91 2.19 2.91 2.92 2.92 2.19 2.92 2.59 2.59 2.59 2.59 0.00 0.00 0.00 0.00 0.00 0.00 0.00 0.00 0.00 0.00 0.00 0.00 0.00 0.00 0.00 0.00 0.00 0.00 0.00 0.00 0.00 0.00 0.00 0.00 0.00 0.00 0.00 1.81 1.97 1.97 1.97 1.97 2.06 2.06 2.06 2.06 1.91 1.91 1.91 1.91
1.99 1.99 1.99 1.99 2.04 2.04 2.04 2.04 2.22 2.22 2.22 2.22 2.42 2.42 2.42 2.42 2.59 2.59 0.00 2.59 2.58 2.58 2.58 2.58 2.59 2.59 2.59 2.59 2.66 2.66 2.66 2.66 2.79 2.79 2.79 2.79 2.80 2.80 2.80 2.80 2.49 2.49 2.49 2.49 0.00 0.00 0.00 0.00 0.00 0.00 0.00 0.00 0.00 0.00 0.00 0.00 0.00 0.00 0.00 0.00 0.00 0.00 0.00 0.00 0.00 0.00 0.00 0.00 0.00 0.00 0.00 1.76 1.87 1.87 1.87 1.87 1.96 1.96 1.96 1.96 1.82 1.82 1.82 1.82
1.99 1.99 1.99 1.99 2.04 2.04 2.04 2.04 2.22 2.22 2.22 2.22 2.42 2.42 2.42 2.42 2.59 2.59 2.59 2.59 2.58 2.58 2.58 2.58 2.59 2.59 2.59 2.59 2.66 2.66 2.66 2.66 2.79 2.79 2.79 2.79 2.80 2.80 2.80 2.80 2.49 2.49 2.49 0.00 0.00 0.00 0.00 0.00 0.00 2.38 2.38 0.00 0.00 0.00 0.00 0.00 0.00 0.00 0.00 0.00 0.00 0.00 0.00 0.00 0.00 0.00 0.00 0.00 0.00 0.00 1.76 1.76 1.87 1.87 1.87 1.87 1.96 1.96 1.96 0.00 1.82 1.82 1.82 1.33
2.04 2.04 2.04 2.04 2.23 2.23 2.23 2.23 2.43 2.43 2.43 2.43 2.54 2.54 2.54 2.54 2.59 2.59 2.59 2.59 2.53 2.53 2.53 2.53 2.45 2.45 2.45 2.45 2.52 2.52 2.52 2.52 2.70 2.70 2.70 2.70 2.63 2.63 2.63 2.63 2.46 2.46 2.46 0.00 0.00 0.00 0.00 1.97 2.51 2.51 2.51 2.51 2.38 0.00 0.00 0.00 0.00 0.00 0.00 0.00 0.00 0.00 0.00 0.00 0.00 0.00 0.00 0.00 0.00 0.00 1.79 1.79 1.81 1.81 1.81 1.81 1.86 1.86 0.00 0.00 1.76 1.76 1.76 1.30
2.04 2.04 2.04 2.04 2.23 2.23 2.23 2.23 2.43 2.43 2.43 2.43 2.54 2.54 2.54 2.54 2.59 2.59 2.59 2.59 2.53 2.53 2.53 2.53 2.45 2.45 2.45 2.45 2.52 2.52 2.52 2.52 2.70 2.70 2.70 2.70 2.63 2.63 2.63 2.05 2.46 2.46 2.46 0.00 0.00 0.00 2.48 2.48 2.51 0.00 2.51 2.51 0.00 0.00 0.00 0.00 0.00 0.00 0.00 0.00 0.00 0.00 0.00 0.00 0.00 0.00 0.00 0.00 0.00 1.79 1.79 0.00 1.81 1.81 1.81 1.81 1.86 0.00 0.00 0.00 1.30 1.76 1.76 1.30
2.04 2.04 2.04 2.04 2.23 2.23 2.23 2.23 2.43 2.43 2.43 0.00 1.99 2.54 2.54 2.54 2.59 0.00 0.00 2.59 2.53 2.53 2.53 2.53 2.45 2.45 2.45 2.45 2.52 2.52 2.52 2.52 2.70 2.70 2.70 2.70 2.63 2.63 2.63 2.63 2.46 2.46 2.46 2.46 0.00 2.48 2.48 0.00 0.00 0.00 0.00 2.51 0.00 0.00 0.00 0.00 0.00 0.00 0.00 0.00 0.00 0.00 0.00 0.00 0.00 0.00 0.00 0.00 0.00 0.00 0.00 0.00 0.00 0.00 1.81 1.81 1.86 1.86 1.86 1.86 1.76 1.76 1.30 1.30
2.04 2.04 2.04 2.04 2.23 2.23 2.23 2.23 2.43 2.43 2.43 0.00 0.00 2.54 2.54 2.54 2.59 0.00 2.59 2.59 2.53 2.53 2.53 2.53 2.45 2.45 2.45 2.45 2.52 2.52 2.52 2.52 2.70 2.70 2.70 2.70 2.63 2.63 2.63 2.63 2.46 2.46 2.46 0.00 0.00 2.48 1.97 0.00 0.00 0.00 2.51 2.51 0.00 0.00 1.38 1.38 0.00 0.00 0.00 0.00 0.00 0.00 0.00 0.00 0.00 0.00 0.00 0.00 1.79 0.00 0.00 0.00 1.81 1.81 1.81 1.81 0.00 1.86 1.86 1.86 1.76 1.76 1.30 1.30
2.16 2.16 2.16 2.16 2.35 2.35 2.35 2.35 2.53 2.53 1.99 0.00 2.57 2.57 2.57 2.57 0.00 0.00 2.02 2.58 2.50 2.50 2.50 2.50 2.40 2.40 2.40 2.40 2.47 2.47 2.47 2.47 2.55 2.55 2.55 2.55 2.51 2.51 2.51 2.51 2.53 2.53 2.53 2.53 2.59 2.59 2.59 0.00 0.00 0.00 2.49 2.49 0.00 0.00 0.00 0.00 0.00 0.00 0.00 0.00 0.00 0.00 0.00 0.00 0.00 0.00 0.00 0.00 0.00 0.00 0.00 0.00 0.00 1.77 1.77 0.00 0.00 0.00 0.00 0.00 1.66 1.66 1.25 1.25
2.16 2.16 2.16 2.16 2.35 2.35 2.35 2.35 2.53 2.53 0.00 0.00 2.57 2.57 2.57 2.57 2.02 0.00 0.00 2.58 2.50 2.50 2.50 2.50 2.40 2.40 2.40 2.40 2.47 2.47 2.47 2.47 2.55 2.55 2.55 2.55 2.51 2.51 2.51 2.51 2.53 0.00 0.00 0.00 2.59 2.59 0.00 0.00 0.00 0.00 1.97 2.49 0.00 0.00 0.00 0.00 0.00 0.00 0.00 0.00 0.00 0.00 0.00 0.00 0.00 0.00 0.00 0.00 0.00 0.00 0.00 0.00 0.00 0.00 1.77 0.00 0.00 0.00 0.00 0.00 0.00 1.66 1.25 0.00
2.16 2.16 2.16 2.16 2.35 2.35 2.35 2.35 2.53 2.53 2.53 1.99 2.01 2.57 2.57 0.00 2.58 2.58 2.02 2.02 2.50 2.50 2.50 2.50 2.40 2.40 2.40 2.40 2.47 2.47 2.47 2.47 2.55 2.55 2.55 2.55 2.51 2.51 2.51 2.51 2.53 0.00 0.00 0.00 0.00 0.00 0.00 0.00 0.00 0.00 2.49 2.49 1.91 0.00 0.00 0.00 0.00 0.00 0.00 0.00 0.00 0.00 0.00 0.00 0.00 0.00 0.00 0.00 0.00 0.00 0.00 0.00 0.00 0.00 1.56 0.00 0.00 0.00 0.00 0.00 0.00 0.00 0.00 0.00
2.16 2.16 2.16 2.16 2.35 2.35 2.35 2.35 2.53 2.53 2.53 1.99 2.01 2.57 0.00 2.01 2.58 2.02 2.02 2.02 2.50 2.50 2.50 2.50 2.40 2.40 2.40 2.40 2.47 2.47 2.47 2.47 2.55 2.55 2.55 2.55 2.51 2.51 2.51 2.51 2.53 0.00 0.00 0.00 0.00 0.00 0.00 0.00 0.00 2.49 2.49 0.00 0.00 0.00 0.00 0.00 0.00 0.00 0.00 0.00 0.00 0.00 0.00 0.00 0.00 0.00 0.00 0.00 0.00 0.00 0.00 0.00 0.00 1.77 0.00 0.00 0.00 0.00 0.00 0.00 0.00 0.00 0.00 0.00
2.07 2.07 2.07 2.07 2.25 2.25 2.25 2.25 2.51 2.51 2.51 2.51 2.62 2.62 0.00 2.62 2.63 2.04 2.04 2.63 2.48 2.48 2.48 2.48 2.30 2.30 2.30 2.30 2.33 2.33 2.33 2.33 2.38 2.38 2.38 2.38 2.42 2.42 2.42 2.42 2.59 0.00 0.00 0.00 0.00 0.00 0.00 0.00 2.46 2.46 2.46 1.95 1.89 0.00 0.00 0.00 0.00 0.00 0.00 0.00 0.00 0.00 0.00 0.00 0.00 0.00 0.00 0.00 0.00 0.00 0.00 0.00 0.00 0.00 0.00 0.00 0.00 0.00 0.00 0.00 0.00 0.00 0.00 0.00
2.07 2.07 2.07 2.07 2.25 2.25 2.25 2.25 2.51 2.51 2.51 2.51 2.04 0.00 0.00 0.00 2.04 2.04 2.04 2.63 2.48 2.48 2.48 2.48 2.30 2.30 2.30 2.30 2.33 2.33 2.33 2.33 2.38 2.38 2.38 2.38 2.42 2.42 2.42 2.42 2.59 2.59 0.00 0.00 0.00 0.00 2.64 0.00 2.46 2.46 0.00 0.00 0.00 0.00 0.00 0.00 0.00 0.00 0.00 0.00 0.00 0.00 0.00 0.00 0.00 0.00 0.00 0.00 0.00 0.00 0.00 0.00 0.00 0.00 0.00 0.00 0.00 0.00 0.00 0.00 0.00 0.00 0.00 0.00
2.07 2.07 2.07 2.07 2.25 2.25 2.25 2.25 2.51 2.51 2.51 2.51 2.04 0.00 0.00 0.00 2.04 2.63 2.04 2.63 2.48 2.48 2.48 2.48 2.30 2.30 2.30 2.30 2.33 2.33 2.33 2.33 2.38 2.38 2.38 2.38 2.42 2.42 2.42 2.42 2.59 2.59 0.00 0.00 2.64 2.64 2.64 2.64 2.46 2.46 0.00 0.00 0.00 0.00 0.00 0.00 0.00 0.00 0.00 0.00 0.00 0.00 0.00 0.00 0.00 0.00 0.00 0.00 0.00 0.00 0.00 0.00 0.00 0.00 0.00 0.00 0.00 0.00 0.00 0.00 0.00 0.00 0.00 0.00
0.00 2.07 2.07 2.07 2.25 2.25 2.25 2.25 2.51 2.51 2.51 2.51 2.04 0.00 0.00 0.00 0.00 2.04 2.63 2.63 2.48 2.48 2.48 2.48 2.30 2.30 2.30 2.30 2.33 2.33 2.33 2.33 2.38 2.38 2.38 2.38 2.42 2.42 2.42 2.42 2.59 2.59 0.00 0.00 0.00 2.64 2.64 2.64 2.46 0.00 0.00 0.00 0.00 0.00 0.00 0.00 0.00 0.00 0.00 0.00 0.00 0.00 0.00 0.00 0.00 0.00 0.00 0.00 0.00 0.00 0.00 0.00 0.00 0.00 0.00 0.00 0.00 0.00 0.00 0.00 0.00 0.00 0.00 0.00
0.00 1.99 1.99 1.99 2.23 2.23 2.23 2.23 2.58 2.58 2.58 0.00 0.00 0.00 0.00 0.00 0.00 0.00 2.68 2.68 2.41 2.41 2.41 2.41 2.21 2.21 2.21 2.21 2.15 2.15 2.15 2.15 2.15 2.15 2.15 2.15 2.29 2.29 2.29 2.29 2.66 2.66 2.66 2.66 2.72 2.72 2.72 2.72 0.00 0.00 0.00 0.00 0.00 0.00 0.00 0.00 0.00 0.00 0.00 0.00 0.00 0.00 0.00 0.00 0.00 0.00 0.00 0.00 0.00 0.00 0.00 0.00 0.00 0.00 0.00 0.00 0.00 0.00 0.00 0.00 0.00 0.00 0.00 0.00
1.99 1.99 1.99 1.99 2.23 2.23 2.23 2.23 2.58 2.58 2.58 0.00 0.00 0.00 0.00 0.00 0.00 0.00 2.68 2.68 2.41 2.41 2.41 2.41 2.21 2.21 2.21 2.21 2.15 2.15 2.15 2.15 2.15 2.15 2.15 2.15 2.29 2.29 2.29 2.29 2.66 2.66 2.66 2.66 2.72 2.72 2.72 2.72 0.00 0.00 0.00 0.00 0.00 0.00 0.00 0.00 0.00 0.00 0.00 0.00 0.00 0.00 0.00 0.00 0.00 0.00 0.00 0.00 0.00 0.00 0.00 0.00 0.00 0.00 0.00 0.00 0.00 0.00 0.00 0.00 0.00 0.00 0.00 0.00
0.00 0.00 1.93 1.93 2.15 2.15 2.15 2.15 2.45 2.45 2.45 0.00 0.00 0.00 2.56 2.56 2.54 2.54 2.54 2.54 2.30 2.30 2.30 2.30 2.11 2.11 2.11 2.11 2.06 2.06 2.06 2.06 2.05 2.05 2.05 2.05 2.18 2.18 2.18 2.18 2.52 2.52 2.52 2.52 2.56 2.56 2.56 0.00 0.00 0.00 0.00 0.00 0.00 0.00 0.00 0.00 0.00 0.00 0.00 0.00 0.00 0.00 0.00 0.00 0.00 0.00 0.00 0.00 0.00 0.00 0.00 0.00 0.00 0.00 0.00 0.00 0.00 0.00 0.00 0.00 0.00 0.00 0.00 0.00
0.00 0.00 0.00 1.93 2.15 2.15 2.15 2.15 2.45 2.45 2.45 2.45 2.56 2.56 2.56 2.56 2.54 2.54 2.54 2.54 2.30 2.30 2.30 2.30 2.11 2.11 2.11 2.11 2.06 2.06 2.06 2.06 2.05 2.05 2.05 2.05 2.18 2.18 2.18 2.18 2.52 2.52 2.52 2.52 2.56 2.56 2.56 2.56 0.00 0.00 0.00 0.00 0.00 0.00 0.00 0.00 0.00 0.00 0.00 0.00 0.00 0.00 0.00 0.00 0.00 0.00 0.00 0.00 0.00 0.00 0.00 0.00 0.00 0.00 0.00 0.00 0.00 0.00 0.00 0.00 0.00 0.00 0.00 0.00
1.98 1.98 1.98 1.98 2.20 2.20 2.20 2.20 2.51 2.51 2.51 2.51 2.61 2.61 2.61 2.61 2.55 2.55 2.55 2.55 2.35 2.35 2.35 2.35 2.12 2.12 2.12 2.12 1.99 1.99 1.99 1.99 1.98 1.98 1.98 1.98 2.20 2.20 2.20 2.20 2.53 2.53 2.53 2.53 2.63 2.03 2.63 2.63 2.44 0.00 0.00 0.00 0.00 0.00 0.00 0.00 0.00 0.00 0.00 0.00 0.00 0.00 0.00 0.00 0.00 0.00 0.00 0.00 0.00 0.00 0.00 0.00 0.00 0.00 0.00 0.00 0.00 0.00 0.00 0.00 0.00 0.00 0.00 0.00
1.98 0.00 0.00 0.00 2.20 2.20 2.20 2.20 2.51 2.51 2.51 2.51 2.61 2.02 2.61 2.61 2.55 2.55 2.55 2.55 2.35 2.35 2.35 2.35 2.12 2.12 2.12 2.12 1.99 1.99 1.99 1.99 1.98 1.98 1.98 1.98 2.20 2.20 2.20 2.20 2.53 2.53 2.53 2.53 2.63 2.63 2.63 2.63 2.44 2.44 2.44 1.93 1.76 0.00 0.00 0.00 0.00 0.00 0.00 0.00 0.00 0.00 0.00 0.00 0.00 0.00 0.00 0.00 0.00 0.00 0.00 0.00 0.00 0.00 0.00 0.00 0.00 0.00 0.00 0.00 0.00 0.00 0.00 0.00
0.00 0.00 0.00 0.00 2.20 2.20 2.20 2.20 2.51 2.51 2.51 2.51 2.02 2.02 2.61 2.61 2.55 2.55 2.55 2.55 2.35 2.35 2.35 2.35 2.12 2.12 2.12 2.12 1.99 1.99 1.99 1.99 1.98 1.98 1.98 1.98 2.20 2.20 2.20 2.20 2.53 2.53 2.53 2.53 2.63 2.63 2.63 2.63 2.44 2.44 2.44 1.93 1.76 0.00 0.00 0.00 0.00 0.00 0.00 0.00 0.00 0.00 0.00 0.00 0.00 0.00 0.00 0.00 0.00 0.00 0.00 0.00 0.00 0.00 0.00 0.00 0.00 0.00 0.00 0.00 0.00 0.00 0.00 0.00
0.00 0.00 0.00 1.98 2.20 2.20 2.20 2.20 2.51 2.51 2.51 0.00 2.61 2.61 2.61 2.61 2.55 2.55 2.55 2.55 2.35 2.35 2.35 2.35 2.12 2.12 2.12 2.12 1.99 1.99 1.99 1.99 1.98 1.98 1.98 1.98 2.20 2.20 2.20 2.20 2.53 2.53 2.53 2.53 2.63 2.63 2.03 2.03 1.93 1.93 2.44 1.93 1.76 0.00 0.00 0.00 0.00 0.00 0.00 0.00 0.00 0.00 0.00 0.00 0.00 0.00 0.00 0.00 0.00 0.00 0.00 0.00 0.00 0.00 0.00 0.00 0.00 0.00 0.00 0.00 0.00 0.00 0.00 0.00
0.00 0.00 0.00 2.03 2.18 2.18 2.18 2.18 2.59 2.59 2.59 2.59 2.66 2.66 2.66 2.66 2.52 2.52 2.52 2.52 2.40 2.40 2.40 2.40 2.19 2.19 2.19 2.19 1.99 1.99 1.99 1.99 2.01 2.01 2.01 2.01 2.31 2.31 2.31 2.31 2.56 2.56 2.56 2.56 2.61 2.61 2.61 0.00 0.00 0.00 2.53 0.00 0.00 0.00 0.00 0.00 0.00 0.00 0.00 0.00 0.00 0.00 0.00 0.00 0.00 0.00 0.00 0.00 0.00 0.00 0.00 0.00 0.00 0.00 0.00 0.00 0.00 0.00 0.00 0.00 0.00 0.00 0.00 0.00
0.00 0.00 0.00 0.00 0.00 2.18 2.18 2.18 2.59 2.59 2.59 2.59 2.66 2.66 2.66 2.66 2.52 2.52 2.52 2.52 2.40 2.40 2.40 2.40 2.19 2.19 2.19 2.19 1.99 1.99 1.99 1.99 2.01 2.01 2.01 2.01 2.31 2.31 2.31 2.31 2.56 2.56 2.56 0.00 2.61 2.61 2.61 0.00 0.00 0.00 0.00 0.00 0.00 0.00 0.00 0.00 0.00 0.00 0.00 0.00 0.00 0.00 0.00 0.00 0.00 0.00 0.00 0.00 0.00 0.00 0.00 0.00 0.00 0.00 0.00 0.00 0.00 0.00 0.00 0.00 0.00 0.00 0.00 0.00
