New_Model_Runs/13_Future_RCP4.5_Scn3_out/post_prcessed_with_MFR/Monthly_summaries/net_infiltration_monthly_JAN.asc
NCOLS 700
NROWS 400
XLLCENTER 515000.000000
YLLCENTER 8409000.000000
CELLSIZE 50.000000
NODATA_value -999.000000
[rows 114 to 151 of 400, columns 336 to 419 of 700]
0.00 0.00 5.95 5.95 5.81 5.81 6.27 5.81 5.71 6.55 6.16 5.71 5.71 5.71 5.71 5.71 5.86 6.33 6.33 5.86 5.92 5.92 7.54 5.92 5.93 5.93 5.93 5.93 5.90 6.37 6.04 6.61 6.15 6.15 6.15 6.71 6.13 6.13 6.70 6.13 6.10 6.10 6.10 6.65 6.04 6.04 6.59 6.04 5.89 5.89 6.42 5.89 5.93 5.93 5.93 5.93 5.94 5.94 5.94 5.94 5.95 5.95 5.95 5.95 5.95 6.07 5.95 5.95 5.96 5.96 5.96 5.91 5.93 5.93 6.23 5.93 5.89 5.89 5.89 5.89 5.46 5.36 5.36 5.36
5.95 5.95 5.95 5.95 5.81 5.81 6.60 5.81 5.71 5.71 5.71 6.16 5.71 6.16 5.71 5.71 5.86 5.86 6.32 5.86 5.92 6.38 5.92 5.92 5.93 5.93 6.41 5.93 5.90 5.90 6.04 6.04 6.15 6.15 6.15 6.69 6.13 6.13 6.70 6.13 6.10 6.10 6.64 6.10 6.04 6.03 6.04 6.04 5.89 5.89 5.89 5.89 5.93 5.93 5.93 5.93 5.94 5.94 5.94 5.94 5.95 5.95 5.95 5.95 5.95 5.95 5.95 5.95 5.96 6.09 6.21 5.91 5.93 5.93 5.93 5.93 5.89 5.89 5.89 6.18 5.36 5.36 5.36 5.36
5.73 5.73 6.07 5.73 5.80 5.80 5.80 5.80 5.79 5.79 5.79 5.79 5.82 6.03 6.57 5.82 5.81 5.81 5.81 5.81 5.84 5.84 5.84 6.30 5.82 5.82 5.82 5.82 5.81 6.27 6.86 5.96 6.07 6.07 6.62 6.94 6.04 6.04 6.04 6.04 6.00 6.00 6.54 6.63 6.06 7.24 7.24 7.24 6.00 6.00 6.00 6.00 6.04 6.04 6.04 6.04 6.03 6.03 6.03 6.03 6.03 6.03 6.03 6.03 5.98 5.98 5.98 5.98 5.95 5.95 5.90 5.90 5.86 5.86 5.86 5.86 6.45 6.15 5.81 5.81 5.14 5.14 5.14 5.14
5.73 5.73 6.07 5.73 5.80 5.80 5.80 5.80 5.79 5.79 5.79 5.79 5.82 5.82 5.82 6.12 5.81 5.81 5.81 5.81 5.84 5.84 5.84 6.30 6.69 5.82 5.82 5.82 5.81 5.81 5.81 5.96 6.07 6.07 6.07 6.07 6.04 6.04 6.04 6.04 6.00 6.00 6.00 6.54 7.24 7.24 7.24 6.06 6.00 6.00 6.00 6.00 6.04 6.04 6.04 6.04 6.03 6.03 6.03 6.03 6.03 6.03 6.03 6.03 5.98 5.98 5.98 5.98 5.95 5.95 6.20 5.90 5.86 5.86 5.86 5.86 5.81 5.81 5.81 5.81 5.14 5.14 5.14 5.14
5.73 6.07 5.73 5.73 5.80 5.80 5.80 5.80 5.79 5.79 5.79 5.79 5.82 5.82 6.03 5.82 5.81 5.81 5.81 5.81 5.84 5.84 5.84 6.30 5.82 5.82 5.82 6.29 5.81 5.81 5.81 5.81 6.07 6.07 6.07 6.07 6.04 6.04 6.04 7.37 7.15 8.27 7.15 6.00 6.06 6.06 6.06 6.06 6.00 6.00 6.00 6.00 6.04 6.04 6.04 6.04 6.03 6.03 6.03 6.03 6.03 6.03 6.03 6.03 5.98 5.98 5.98 5.98 5.95 5.95 5.90 5.90 5.86 5.86 5.86 5.86 5.81 5.81 5.81 5.81 5.14 5.14 5.14 5.14
6.07 5.73 6.09 5.73 5.80 5.80 5.80 5.80 5.79 5.79 5.79 5.79 5.82 5.82 5.82 5.82 5.81 5.81 5.81 6.28 5.84 5.84 5.84 5.84 5.82 5.82 5.82 6.29 5.81 5.81 6.00 5.81 6.07 6.07 6.07 6.07 7.36 6.71 7.20 7.20 7.15 6.00 6.00 6.00 6.06 6.06 6.06 6.06 6.00 6.00 6.00 6.00 6.04 6.04 6.04 6.04 6.03 6.03 6.03 6.03 6.03 6.03 6.03 6.03 5.98 5.98 5.98 5.98 5.95 5.95 5.90 5.90 7.00 5.86 7.00 7.00 5.81 5.81 5.81 5.81 5.14 5.14 5.14 5.14
5.70 5.70 5.70 5.70 5.77 5.77 5.77 5.98 5.82 5.82 5.82 5.82 5.69 5.69 6.13 5.69 5.84 5.84 5.84 6.31 6.29 5.82 5.82 6.29 5.81 5.81 5.81 5.81 6.26 5.80 5.76 6.18 7.24 7.24 6.07 6.06 6.09 6.09 6.85 7.28 6.08 6.08 6.08 6.08 6.20 6.20 6.20 6.20 6.11 6.11 6.11 6.11 6.13 6.13 6.13 6.13 6.10 6.10 6.10 6.10 6.18 6.18 6.18 6.18 5.89 5.89 5.89 5.89 5.83 6.01 6.01 6.01 5.91 5.91 7.08 5.91 5.92 5.92 5.92 5.92 5.35 5.35 5.35 5.35
5.70 5.70 6.23 5.70 5.77 5.77 5.77 5.77 6.03 5.82 6.03 6.10 5.69 5.69 5.69 5.69 5.84 5.84 5.84 5.84 5.82 5.82 5.82 5.82 5.81 5.81 5.81 5.81 5.80 5.80 5.80 5.80 6.84 7.24 7.24 7.24 7.28 7.28 7.28 6.09 6.08 6.08 6.08 6.08 6.20 6.20 6.20 6.20 6.11 6.11 6.11 6.11 6.13 6.13 6.13 6.13 6.10 6.10 6.10 7.24 6.18 6.18 6.18 6.18 5.89 5.89 5.89 5.89 5.83 6.01 6.01 6.01 5.91 5.91 5.91 5.91 5.92 5.92 5.92 5.92 5.35 5.35 5.35 5.35
5.70 5.70 5.70 5.70 5.77 5.77 5.77 5.77 5.82 5.82 5.82 5.82 5.69 5.69 5.69 5.69 5.84 5.84 5.84 5.84 5.82 5.82 5.82 5.82 5.81 5.81 5.81 5.81 5.80 5.80 5.80 5.80 5.96 6.07 6.07 7.24 7.28 7.28 6.09 6.09 6.08 6.08 6.08 6.08 6.20 6.20 6.20 6.20 6.11 6.11 6.11 6.11 6.13 6.20 7.37 7.28 7.24 7.24 7.24 7.24 7.23 7.23 7.23 7.23 6.81 5.89 5.89 5.89 5.83 6.01 6.01 6.01 5.91 5.91 5.91 5.91 5.92 5.92 5.92 5.92 5.35 5.35 5.35 5.35
5.70 5.70 5.70 5.70 5.77 5.77 5.77 5.77 5.82 5.82 5.82 5.82 5.69 5.69 5.69 5.69 5.84 5.84 5.84 5.84 5.82 5.82 5.82 5.82 5.81 5.81 5.81 5.81 5.80 5.80 5.80 5.80 5.96 6.07 6.07 6.07 6.09 6.09 6.09 6.09 6.08 6.08 6.08 6.08 6.20 6.20 6.20 6.20 6.11 6.11 6.11 7.26 7.28 7.04 7.04 7.18 7.04 7.24 7.24 7.24 7.23 7.23 7.23 7.23 6.81 6.81 5.89 5.89 5.83 6.01 6.01 6.01 5.91 5.91 5.91 5.91 5.92 5.92 5.92 5.92 5.35 5.35 5.35 5.35
5.77 5.77 5.77 5.77 5.82 5.82 5.82 5.82 5.83 5.83 5.83 5.83 5.85 5.85 5.85 5.85 5.99 5.99 5.99 5.99 5.97 5.97 5.97 5.97 5.94 5.94 5.94 5.94 5.94 5.94 5.94 5.94 6.13 6.13 6.11 6.11 6.14 6.14 6.14 6.14 6.22 6.22 6.22 6.22 6.28 6.28 6.28 6.28 6.15 6.21 6.15 7.30 7.31 7.92 7.78 7.04 7.18 7.29 7.66 7.29 7.28 7.28 7.28 7.28 6.88 6.88 6.88 5.94 6.07 6.07 6.07 6.07 6.01 6.01 6.01 6.01 6.04 6.04 6.04 6.04 5.42 5.42 5.42 5.42
5.77 5.77 5.77 5.77 5.82 5.82 5.82 5.82 5.83 5.83 5.83 5.83 5.85 5.85 5.85 5.85 5.99 5.99 5.99 5.99 5.97 5.97 5.97 5.97 5.94 5.94 5.94 5.94 5.94 5.94 5.94 5.94 6.13 6.13 6.11 6.11 6.14 6.14 6.14 6.14 6.22 6.22 6.22 6.22 6.28 6.28 6.65 6.28 6.15 6.15 7.04 7.33 7.18 8.52 12.12 9.03 7.38 7.75 8.49 8.12 9.40 8.29 7.28 7.18 6.88 6.88 6.88 5.94 6.07 6.07 6.07 6.07 6.01 6.01 6.01 6.01 6.04 6.04 6.04 6.04 5.42 5.42 5.42 5.42
5.77 5.77 5.77 5.77 5.82 5.82 5.82 5.82 5.83 5.83 5.83 5.83 5.85 5.85 5.85 5.85 5.99 5.99 5.99 5.99 5.97 5.97 5.97 5.97 5.94 5.94 5.94 5.94 5.94 5.94 5.94 5.94 6.13 6.13 6.11 6.11 6.14 6.14 6.14 6.14 6.22 6.22 6.22 6.22 6.28 7.02 6.44 7.58 6.15 7.30 7.18 7.92 8.29 7.38 8.73 4.73 4.36 7.62 7.99 5.11 4.73 4.73 8.12 8.29 7.62 7.25 6.88 6.88 7.13 6.07 6.07 6.07 6.01 6.01 6.01 6.01 6.04 6.04 6.04 6.04 5.42 5.42 4.23 4.23
5.77 5.77 5.77 5.77 5.82 5.82 5.82 5.82 5.83 5.83 5.83 5.83 5.85 5.85 5.85 6.61 6.78 6.78 5.99 5.99 5.97 5.97 5.97 5.97 5.94 5.94 5.94 5.94 5.94 5.94 5.94 5.94 6.13 6.13 6.13 6.11 6.14 6.14 6.14 6.14 6.22 6.22 6.22 6.22 6.28 6.72 7.26 7.37 7.55 8.66 7.38 7.75 10.64 9.90 6.51 0.00 10.27 0.00 0.00 0.00 6.14 7.25 7.25 3.62 8.31 7.94 7.25 6.88 7.13 7.13 6.07 6.07 6.01 6.01 6.01 6.01 6.04 6.04 6.04 6.04 6.44 6.44 4.23 4.32
5.94 6.71 5.73 5.73 5.93 5.93 5.93 6.70 5.93 5.93 5.93 5.43 5.94 5.94 5.23 6.71 6.87 6.87 6.87 6.06 6.03 6.03 6.03 6.03 6.02 6.02 6.02 6.02 6.02 6.02 6.02 6.02 6.22 6.22 6.22 6.19 6.20 6.20 6.20 6.98 6.23 6.23 7.36 7.32 6.34 7.23 7.47 6.03 6.27 11.01 6.51 0.00 0.00 0.00 0.00 0.00 0.00 0.00 0.00 0.00 0.00 0.00 0.00 0.00 6.94 6.94 7.20 7.84 7.16 7.16 6.09 6.09 6.07 6.07 6.07 6.07 6.10 5.73 5.85 5.73 6.47 4.49 7.21 4.86
7.08 7.08 6.71 5.73 6.70 6.70 5.73 6.70 6.70 6.50 5.73 5.73 5.43 5.43 5.73 5.73 6.87 6.87 6.87 6.06 6.03 6.03 6.03 6.03 6.02 6.02 6.02 6.02 6.02 6.02 6.02 6.02 6.22 6.22 6.22 6.22 6.20 6.20 6.96 6.96 10.07 6.77 8.44 7.97 7.23 7.37 7.37 9.65 3.63 0.00 0.00 0.00 0.00 0.00 0.00 0.00 0.00 0.00 0.00 0.00 0.00 0.00 0.00 0.00 0.00 0.00 5.82 5.86 2.23 7.09 6.35 6.09 6.19 5.85 6.07 6.07 6.10 5.85 5.85 5.85 6.47 4.01 4.39 4.39
6.32 5.61 5.61 5.61 6.32 5.24 5.61 5.98 5.98 5.98 6.35 4.72 5.61 5.24 5.61 5.24 4.85 6.18 6.18 6.18 5.54 5.54 5.54 6.14 6.12 6.12 6.12 5.52 4.59 5.52 5.52 6.13 6.65 6.65 6.65 6.14 7.15 7.84 8.21 7.47 11.57 7.73 8.84 6.65 7.95 9.72 9.72 0.00 0.00 0.00 0.00 0.00 0.00 0.00 0.00 0.00 0.00 0.00 0.00 0.00 0.00 0.00 0.00 0.00 0.00 0.00 0.00 0.00 0.00 6.55 5.81 5.44 7.92 6.94 6.25 5.58 5.58 6.33 6.22 5.85 8.33 3.25 6.88 3.99
5.61 5.61 5.09 5.09 7.06 6.69 5.98 5.26 5.09 5.46 4.16 4.90 7.68 6.72 5.09 5.24 5.22 6.18 6.55 5.22 7.09 6.51 6.89 4.90 5.22 6.12 4.85 4.85 9.22 4.27 4.85 4.85 6.65 7.02 6.65 7.02 6.83 7.73 7.21 6.98 10.83 2.57 4.05 5.53 7.68 0.00 0.00 0.00 0.00 0.00 0.00 0.00 0.00 0.00 0.00 0.00 0.00 0.00 0.00 0.00 0.00 0.00 0.00 0.00 0.00 0.00 0.00 0.00 0.00 0.00 0.00 0.00 0.00 10.29 9.92 6.65 5.92 6.66 6.29 2.55 9.40 0.00 6.51 7.62
9.09 6.20 2.68 5.09 5.61 5.98 5.98 5.01 4.35 5.09 9.46 7.79 10.57 10.12 9.46 8.89 7.89 7.52 7.52 5.80 9.01 8.43 9.59 5.97 5.27 6.34 5.60 8.48 5.06 8.26 4.85 5.22 7.13 6.55 7.79 2.00 1.63 1.83 9.72 9.72 9.72 5.83 6.57 5.83 0.00 0.00 0.00 0.00 0.00 0.00 0.00 0.00 0.00 0.00 0.00 0.00 0.00 0.00 0.00 0.00 0.00 0.00 0.00 0.00 0.00 0.00 0.00 0.00 0.00 0.00 0.00 0.00 0.00 0.00 0.00 0.00 4.74 6.18 9.17 7.39 0.00 0.00 0.00 7.25
7.97 5.46 3.05 2.30 5.98 8.72 9.46 8.35 4.82 7.97 8.35 4.35 4.72 5.46 6.30 5.09 4.64 4.27 1.43 5.43 5.34 5.99 7.52 7.52 7.89 9.01 8.26 7.15 7.89 8.26 7.52 7.89 9.81 2.74 2.74 5.63 5.26 5.46 5.46 2.20 2.20 2.20 2.20 0.00 0.00 0.00 0.00 0.00 0.00 0.00 0.00 0.00 0.00 0.00 0.00 0.00 0.00 0.00 0.00 0.00 0.00 0.00 0.00 0.00 0.00 0.00 0.00 0.00 0.00 0.00 0.00 0.00 0.00 0.00 0.00 0.00 0.00 0.00 0.00 0.00 0.00 0.00 0.00 0.00
8.35 8.52 5.09 7.41 8.72 8.35 7.97 4.82 6.04 6.04 6.04 4.35 0.72 0.00 0.00 0.00 0.00 4.00 4.22 0.00 0.00 0.00 0.00 3.63 4.60 5.06 5.06 4.69 4.97 5.80 5.80 5.06 6.00 5.63 5.26 2.00 2.00 1.83 2.20 2.42 2.05 1.83 0.00 0.00 0.00 0.00 0.00 0.00 0.00 0.00 0.00 0.00 0.00 0.00 0.00 0.00 0.00 0.00 0.00 0.00 0.00 0.00 0.00 0.00 0.00 0.00 0.00 0.00 0.00 0.00 0.00 0.00 0.00 0.00 0.00 0.00 0.00 0.00 0.00 0.00 0.00 0.00 0.00 0.00
4.35 5.19 8.72 9.46 6.41 6.41 4.27 0.72 2.41 2.41 2.41 4.35 0.00 0.00 0.00 0.00 0.00 0.00 0.00 0.00 0.00 0.00 0.00 0.00 0.00 0.00 0.00 0.60 0.97 0.97 1.71 2.08 1.88 1.51 1.14 1.51 1.51 1.14 0.37 2.05 1.68 1.31 0.00 0.00 0.00 0.00 0.00 0.00 0.00 0.00 0.00 0.00 0.00 0.00 0.00 0.00 0.00 0.00 0.00 0.00 0.00 0.00 0.00 0.00 0.00 0.00 0.00 0.00 0.00 0.00 0.00 0.00 0.00 0.00 0.00 0.00 0.00 0.00 0.00 0.00 0.00 0.00 0.00 0.00
7.97 4.82 4.82 4.72 4.72 2.41 2.41 2.41 2.41 2.41 2.41 4.82 0.00 0.00 0.00 0.00 0.00 0.00 0.00 0.00 0.00 0.00 0.00 0.00 0.00 0.00 0.00 0.00 0.00 0.00 0.97 1.34 0.00 0.00 0.00 0.00 0.00 0.00 0.00 0.00 0.00 0.00 0.00 0.00 0.00 0.00 0.00 0.00 0.00 0.00 0.00 0.00 0.00 0.00 0.00 0.00 0.00 0.00 0.00 0.00 0.00 0.00 0.00 0.00 0.00 0.00 0.00 0.00 0.00 0.00 0.00 0.00 0.00 0.00 0.00 0.00 0.00 0.00 0.00 0.00 0.00 0.00 0.00 0.00
4.52 8.27 2.78 4.72 3.15 1.84 3.52 2.41 2.41 0.00 0.00 0.00 0.00 0.00 0.00 0.00 0.00 0.00 0.00 0.00 0.00 0.00 0.00 0.00 0.00 0.00 0.00 0.00 0.00 0.00 0.00 0.00 0.00 0.00 0.00 0.00 0.00 0.00 0.00 0.00 0.00 0.00 0.00 0.00 0.00 0.00 0.00 0.00 0.00 0.00 0.00 0.00 0.00 0.00 0.00 0.00 0.00 0.00 0.00 0.00 0.00 0.00 0.00 0.00 0.00 0.00 0.00 0.00 0.00 0.00 0.00 0.00 0.00 0.00 0.00 0.00 0.00 0.00 0.00 0.00 0.00 0.00 0.00 0.00
4.35 8.27 4.35 4.35 6.78 2.21 1.46 1.09 0.92 3.08 0.72 4.35 0.00 0.00 0.00 0.00 0.00 0.00 0.00 0.00 0.00 0.00 0.00 0.00 0.00 0.00 0.00 0.00 0.00 0.00 0.00 0.00 0.00 0.00 0.00 0.00 0.00 0.00 0.00 0.00 0.00 0.00 0.00 0.00 0.00 0.00 0.00 0.00 0.00 0.00 0.00 0.00 0.00 0.00 0.00 0.00 0.00 0.00 0.00 0.00 0.00 0.00 0.00 0.00 0.00 0.00 0.00 0.00 0.00 0.00 0.00 0.00 0.00 0.00 0.00 0.00 0.00 0.00 0.00 0.00 0.00 0.00 0.00 0.00
8.43 4.52 3.98 7.60 4.72 5.09 1.09 0.72 0.72 2.41 2.41 4.72 0.00 0.00 0.00 0.00 0.00 0.00 0.00 0.00 0.00 0.00 0.00 0.00 0.00 0.00 0.00 0.00 0.00 0.00 0.00 0.00 0.00 0.00 0.00 0.00 0.00 0.00 0.00 0.00 0.00 0.00 0.00 0.00 0.00 0.00 0.00 0.00 0.00 0.00 0.00 0.00 0.00 0.00 0.00 0.00 0.00 0.00 0.00 0.00 0.00 0.00 0.00 0.00 0.00 0.00 0.00 0.00 0.00 0.00 0.00 0.00 0.00 0.00 0.00 0.00 0.00 0.00 0.00 0.00 0.00 0.00 0.00 0.00
8.64 5.43 5.19 6.30 3.05 5.56 4.82 5.09 5.09 4.79 4.72 4.72 0.00 0.00 0.00 0.00 0.00 0.00 0.00 0.00 0.00 0.00 0.00 0.00 0.00 0.00 0.00 0.00 0.00 0.00 0.00 0.00 0.00 0.00 0.00 0.00 0.00 0.00 0.00 0.00 0.00 0.00 0.00 0.00 0.00 0.00 0.00 0.00 0.00 0.00 0.00 0.00 0.00 0.00 0.00 0.00 0.00 0.00 0.00 0.00 0.00 0.00 0.00 0.00 0.00 0.00 0.00 0.00 0.00 0.00 0.00 0.00 0.00 0.00 0.00 0.00 0.00 0.00 0.00 0.00 0.00 0.00 0.00 0.00
5.22 6.49 7.97 2.68 5.09 10.37 8.37 9.11 8.34 7.97 6.30 5.09 4.35 4.35 4.72 8.34 5.06 5.06 4.82 5.62 0.00 0.00 0.00 0.00 0.00 0.00 0.00 0.00 0.00 0.00 0.00 0.00 0.00 0.00 0.00 0.00 0.00 0.00 0.00 0.00 0.00 0.00 0.00 0.00 0.00 0.00 0.00 0.00 0.00 0.00 0.00 0.00 0.00 0.00 0.00 0.00 0.00 0.00 0.00 0.00 0.00 0.00 0.00 0.00 0.00 0.00 0.00 0.00 0.00 0.00 0.00 0.00 0.00 0.00 0.00 0.00 0.00 0.00 0.00 0.00 0.00 0.00 0.00 0.00
7.23 4.48 4.11 6.30 8.96 9.49 6.09 5.64 5.61 5.84 9.11 8.12 7.60 4.82 5.56 8.34 7.52 5.06 5.06 5.11 7.15 5.62 0.00 0.00 0.00 0.00 0.00 0.00 0.00 0.00 0.00 0.00 0.00 0.00 0.00 0.00 0.00 0.00 0.00 0.00 0.00 0.00 0.00 0.00 0.00 0.00 0.00 0.00 0.00 0.00 0.00 0.00 0.00 0.00 0.00 0.00 0.00 0.00 0.00 0.00 0.00 0.00 0.00 0.00 0.00 0.00 0.00 0.00 0.00 0.00 0.00 0.00 0.00 0.00 0.00 0.00 0.00 0.00 0.00 0.00 0.00 0.00 0.00 0.00
3.23 4.48 5.67 9.24 5.11 4.74 5.64 5.64 5.61 5.61 4.97 4.97 5.34 4.52 3.98 8.87 4.96 3.31 4.71 4.71 4.85 7.52 7.52 7.15 0.00 0.00 0.00 0.00 0.00 0.00 0.00 0.00 0.00 0.00 0.00 0.00 0.00 0.00 0.00 0.00 0.00 0.00 0.00 0.00 0.00 0.00 0.00 0.00 0.00 0.00 0.00 0.00 0.00 0.00 0.00 0.00 0.00 0.00 0.00 0.00 0.00 0.00 0.00 0.00 0.00 0.00 0.00 0.00 0.00 0.00 0.00 0.00 0.00 0.00 0.00 0.00 0.00 0.00 0.00 0.00 0.00 0.00 0.00 0.00
4.94 3.82 5.30 4.19 4.74 4.74 5.60 5.60 5.74 5.74 5.74 5.74 5.98 3.98 7.60 9.50 4.05 4.96 4.34 4.91 4.34 4.34 4.64 4.27 7.15 4.22 4.22 0.00 0.00 0.00 0.00 0.00 0.00 0.00 0.00 0.00 0.00 0.00 0.00 0.00 0.00 0.00 0.00 0.00 0.00 0.00 0.00 0.00 0.00 0.00 0.00 0.00 0.00 0.00 0.00 0.00 0.00 0.00 0.00 0.00 0.00 0.00 0.00 0.00 0.00 0.00 0.00 0.00 0.00 0.00 0.00 0.00 0.00 0.00 0.00 0.00 0.00 0.00 0.00 0.00 0.00 0.00 0.00 0.00
4.42 4.83 4.19 4.82 5.02 5.60 6.05 5.60 5.74 5.74 5.74 5.74 4.74 4.27 8.37 7.38 3.68 3.83 4.34 5.52 5.47 4.34 5.08 4.27 4.06 7.52 4.69 4.22 0.00 0.00 0.00 0.00 0.00 0.00 0.00 0.00 0.00 0.00 0.00 0.00 0.00 0.00 0.00 0.00 0.00 0.00 0.00 0.00 0.00 0.00 0.00 0.00 0.00 0.00 0.00 0.00 0.00 0.00 0.00 0.00 0.00 0.00 0.00 0.00 0.00 0.00 0.00 0.00 0.00 0.00 0.00 0.00 0.00 0.00 0.00 0.00 0.00 0.00 0.00 0.00 0.00 0.00 0.00 0.00
4.14 4.30 4.53 4.10 4.14 4.10 4.42 5.59 5.56 5.56 5.56 5.54 4.42 5.09 9.03 3.41 3.40 4.58 5.55 5.55 5.50 5.50 4.37 4.14 4.35 3.98 4.35 4.26 4.26 0.00 0.00 0.00 0.00 0.00 0.00 0.00 0.00 0.00 0.00 0.00 0.00 0.00 0.00 0.00 0.00 0.00 0.00 1.01 5.10 5.47 5.26 3.34 0.00 0.00 0.00 0.00 0.00 0.00 0.00 0.00 0.00 0.00 0.00 0.00 0.00 0.00 0.00 0.00 0.00 0.00 0.00 0.00 0.00 0.00 0.00 0.00 0.00 0.00 0.00 0.00 0.00 0.00 0.00 0.00
5.06 4.84 5.81 4.52 4.10 4.86 5.59 5.59 5.56 5.56 5.56 5.54 4.42 4.79 5.36 4.42 4.37 4.37 5.55 5.55 5.50 5.50 5.50 4.37 4.74 8.00 8.55 7.61 4.71 4.26 4.26 4.26 0.00 0.00 0.00 0.00 0.00 0.00 4.68 1.11 0.68 0.68 1.01 1.01 1.01 1.01 4.63 7.35 8.65 5.50 3.71 1.51 1.51 0.00 0.00 0.00 0.00 0.00 0.00 0.00 0.00 0.00 0.00 0.00 0.00 0.00 0.00 0.00 0.00 0.00 0.00 0.00 0.00 0.00 0.00 0.00 0.00 0.00 0.00 0.00 0.00 0.00 0.00 0.00
4.92 4.10 5.12 4.10 4.86 4.86 4.86 5.59 5.56 5.56 5.56 5.56 5.53 5.53 5.53 4.42 5.46 5.71 5.46 5.46 5.46 5.46 5.46 5.46 5.57 5.57 9.20 10.10 9.41 7.24 0.63 4.45 5.89 4.31 0.00 0.00 0.00 4.31 4.31 4.74 4.74 4.74 5.14 4.63 6.98 6.98 6.13 5.80 9.68 4.63 5.13 3.34 3.34 0.00 0.00 0.00 0.00 0.00 0.00 0.00 0.00 0.00 0.00 0.00 0.00 0.00 0.00 0.00 0.00 0.00 0.00 0.00 0.00 0.00 0.00 0.00 0.00 0.00 0.00 0.00 0.00 0.00 0.00 0.00
5.75 4.92 4.92 4.92 4.86 4.86 4.86 4.86 5.56 5.56 5.56 5.76 5.53 5.53 5.53 5.53 5.46 5.46 5.46 5.46 5.46 5.46 5.46 5.46 5.57 5.57 5.57 8.00 8.18 5.45 4.63 4.26 4.31 4.68 4.68 4.31 4.31 4.31 1.05 5.63 9.26 8.29 8.29 9.55 9.55 9.55 9.92 8.77 4.63 4.63 3.34 0.00 0.00 0.00 0.00 0.00 0.00 0.00 0.00 0.00 0.00 0.00 0.00 0.00 0.00 0.00 0.00 0.00 0.00 0.00 0.00 0.00 0.00 0.00 0.00 0.00 0.00 0.00 0.00 0.00 0.00 0.00 0.00 0.00
4.59 4.47 4.92 4.92 4.86 4.86 4.86 4.86 5.56 5.56 5.56 5.56 5.53 5.53 5.53 5.53 5.46 6.01 5.46 5.46 5.46 5.46 5.46 5.46 5.57 5.57 9.20 8.00 4.71 2.57 6.56 4.26 4.31 4.31 1.05 4.31 0.68 0.68 1.45 9.27 7.88 4.66 8.66 9.92 8.40 5.92 5.92 5.14 4.63 5.00 1.37 0.00 0.00 0.00 0.00 0.00 0.00 0.00 0.00 0.00 0.00 0.00 0.00 0.00 0.00 0.00 0.00 0.00 0.00 0.00 0.00 0.00 0.00 0.00 0.00 0.00 0.00 0.00 0.00 0.00 0.00 0.00 0.00 0.00
3.48 3.93 5.29 4.92 4.86 4.14 4.10 4.86 4.83 5.56 5.56 5.56 5.53 5.53 5.53 5.53 5.46 5.46 5.46 5.46 5.46 5.46 5.46 5.46 5.57 9.20 9.19 1.08 5.45 6.19 2.19 5.82 4.31 4.31 5.89 6.26 1.11 8.94 9.31 5.03 5.46 5.68 8.77 7.64 8.40 3.66 4.72 4.78 4.63 0.00 0.00 0.00 0.00 0.00 0.00 0.00 0.00 0.00 0.00 0.00 0.00 0.00 0.00 0.00 0.00 0.00 0.00 0.00 0.00 0.00 0.00 0.00 0.00 0.00 0.00 0.00 0.00 0.00 0.00 0.00 0.00 0.00 0.00 0.00
