New_Model_Runs/13_Future_RCP4.5_Scn3_out/post_prcessed_with_MFR/Monthly_summaries/net_infiltration_monthly_OCT.asc
NCOLS 700
NROWS 400
XLLCENTER 515000.000000
YLLCENTER 8409000.000000
CELLSIZE 50.000000
NODATA_value -999.000000
[rows 190 to 227 of 400, columns 252 to 335 of 700]
5.98 5.98 5.98 5.98 6.46 6.46 6.54 6.46 6.43 6.43 6.43 6.43 6.36 6.36 6.36 6.36 6.32 6.32 6.32 6.36 6.54 6.84 6.54 6.54 6.66 6.57 6.57 6.57 6.68 6.68 6.68 6.68 6.78 6.78 6.78 6.78 7.31 7.31 7.31 7.31 7.33 7.33 7.33 7.33 7.24 7.24 7.24 7.24 7.25 7.25 7.25 7.84 7.90 7.90 7.90 7.90 7.17 7.17 7.17 7.17 7.28 7.28 7.28 7.76 7.83 7.83 7.35 7.35 7.80 7.80 7.80 7.80 7.79 7.79 7.79 7.79 7.75 7.75 7.75 7.75 7.69 7.69 7.46 7.46
5.98 5.98 5.98 6.47 6.46 6.46 6.46 6.46 6.43 6.43 6.43 6.43 6.36 6.36 6.36 6.36 6.35 6.32 6.32 6.32 6.54 6.54 6.63 6.54 6.57 6.57 6.57 6.66 6.68 6.68 6.68 6.77 6.78 6.78 6.78 6.78 6.74 6.74 7.31 7.31 7.33 7.33 7.33 7.33 7.24 7.24 7.24 7.24 7.25 7.25 7.84 7.84 7.90 7.90 7.90 7.11 7.17 7.17 7.17 7.64 7.74 7.76 7.28 7.28 7.83 7.35 7.35 7.35 7.80 7.80 7.80 7.80 7.79 7.79 7.79 7.79 7.75 7.75 7.75 8.17 7.69 7.69 7.69 7.69
5.92 5.92 5.92 5.92 6.35 6.71 6.35 6.35 6.31 6.27 6.27 6.27 6.18 6.18 6.18 6.18 6.22 6.73 6.22 6.22 6.53 6.53 6.53 6.53 6.58 6.58 6.58 6.58 6.60 6.60 6.60 6.60 6.62 6.62 6.62 6.62 6.57 6.57 6.57 7.12 7.12 7.12 7.12 7.12 7.46 7.46 7.46 7.46 7.36 7.77 7.77 7.77 7.95 7.95 7.95 7.15 7.24 7.24 7.24 7.71 7.32 7.32 7.32 7.32 7.39 7.80 7.39 7.39 7.83 7.83 7.83 7.83 7.86 7.86 7.86 7.86 7.88 7.88 7.88 7.88 8.20 7.79 7.79 7.79
5.92 5.92 5.92 5.92 6.35 6.61 6.35 6.35 6.27 6.27 6.27 6.27 6.18 6.18 6.18 6.18 6.22 6.22 6.22 6.22 6.53 6.53 6.53 6.53 6.58 6.58 6.58 6.58 6.60 6.60 6.60 6.73 6.62 6.62 6.62 6.62 6.57 6.57 6.57 6.57 6.57 7.12 7.12 7.12 7.46 7.46 7.90 7.90 7.36 7.77 7.77 7.77 7.95 7.95 7.95 7.15 7.24 7.24 7.74 7.24 7.32 7.32 7.32 7.32 7.39 7.39 7.39 7.39 7.83 7.83 7.83 7.83 7.86 7.86 7.86 7.86 7.88 7.88 7.88 7.88 7.79 7.79 7.79 7.79
6.38 6.38 6.38 6.38 6.67 7.28 6.67 6.67 6.57 6.57 7.17 6.57 6.89 6.89 7.00 6.89 6.53 6.53 6.53 6.53 6.84 6.84 6.84 6.84 6.89 6.89 6.89 6.89 6.91 6.91 6.91 6.91 6.53 6.53 6.53 6.53 6.85 6.85 6.85 6.85 6.85 6.85 7.44 7.44 7.33 7.74 7.74 7.74 7.60 7.60 7.60 7.60 7.79 7.79 7.79 7.40 7.48 7.30 7.48 7.48 7.32 7.32 7.32 7.32 7.51 7.40 7.40 7.40 7.33 7.33 7.13 7.33 7.36 7.36 7.36 7.36 7.38 7.32 7.38 7.38 7.29 7.29 7.40 7.29
6.38 6.38 6.38 6.38 6.67 6.67 7.26 6.67 6.57 6.57 6.57 6.57 6.89 6.89 6.89 6.89 6.53 6.53 6.53 6.53 6.84 6.84 6.84 6.84 6.89 6.89 6.89 6.89 6.91 6.91 6.91 6.91 6.53 6.53 6.53 6.53 6.85 6.85 6.85 6.85 6.85 6.85 6.85 7.44 7.74 7.74 7.74 7.33 7.21 7.60 7.60 7.21 7.39 7.79 7.79 7.79 7.48 7.48 7.47 7.48 7.32 7.32 7.32 7.32 7.40 7.40 7.40 7.52 7.33 7.33 7.33 7.13 7.36 7.36 7.36 7.36 7.38 7.38 7.41 7.38 7.29 7.31 7.29 7.29
6.95 6.95 6.95 6.36 6.55 6.55 6.55 6.55 6.87 6.87 6.97 6.87 6.57 6.57 6.57 6.57 6.71 6.71 6.71 6.71 6.56 6.56 6.56 6.56 6.57 6.57 6.57 6.57 6.57 6.57 6.57 6.57 6.58 6.58 6.58 6.58 6.84 6.84 6.84 6.84 6.75 6.75 6.75 6.75 6.69 7.27 7.27 7.27 7.24 7.24 7.24 7.24 7.86 7.86 7.86 7.86 7.50 7.47 7.50 7.50 7.33 7.33 7.33 7.33 7.41 7.41 7.41 7.41 7.36 7.36 7.36 7.36 7.24 7.44 7.44 7.44 7.45 7.45 7.45 7.45 7.31 7.31 7.31 7.31
6.36 6.36 6.36 6.96 6.55 6.55 6.55 6.55 6.87 6.87 6.87 6.87 6.57 6.57 6.57 6.57 6.71 6.71 6.71 6.71 6.56 6.56 6.56 6.56 6.57 6.57 6.57 6.57 6.57 6.57 6.57 6.57 6.58 6.58 6.58 6.58 6.84 6.84 6.84 6.84 6.75 6.75 6.75 6.75 6.69 6.69 7.27 7.27 7.24 7.24 7.24 7.24 7.86 7.86 7.86 7.86 6.86 6.86 7.50 7.50 7.33 7.33 7.33 7.33 7.41 7.41 7.41 7.41 7.36 7.36 7.36 7.36 7.44 7.44 7.44 7.44 7.45 7.45 7.45 7.45 7.31 7.31 7.31 7.31
6.36 6.36 6.36 6.96 6.55 6.55 6.55 6.55 6.87 6.87 6.87 6.87 6.57 6.57 6.57 6.57 6.71 6.71 6.71 6.71 6.56 6.56 6.56 6.56 6.57 6.57 6.57 6.57 6.57 6.57 6.57 6.57 6.58 6.58 6.58 6.58 6.84 6.84 6.84 6.84 6.75 6.75 6.75 6.75 6.69 6.69 6.69 6.69 7.24 7.24 7.24 7.24 7.86 7.86 7.45 7.86 7.93 7.93 7.50 7.50 7.33 7.33 7.33 7.33 7.41 7.41 7.41 7.41 7.36 7.36 7.36 7.36 7.44 7.44 7.44 7.44 7.45 7.45 7.25 7.24 7.31 7.31 7.31 7.51
6.36 6.36 6.36 6.36 6.55 6.55 6.55 6.55 6.97 6.87 6.87 6.87 6.57 6.57 6.57 6.57 6.71 6.71 6.71 6.71 6.56 6.56 6.56 6.56 6.57 6.57 6.57 6.57 6.57 6.57 6.57 6.57 6.58 6.58 6.58 6.58 6.84 6.84 6.84 6.84 6.75 6.75 6.75 6.75 6.69 6.69 6.69 6.69 6.66 7.24 7.24 7.24 7.45 7.45 7.45 7.45 7.50 7.50 7.50 7.50 7.33 7.33 7.33 7.33 7.41 7.41 7.41 7.41 7.26 7.16 7.16 7.16 7.44 7.44 7.44 7.44 7.45 7.25 7.45 7.45 7.31 7.31 7.31 7.31
6.73 6.73 6.73 6.73 6.89 6.89 6.89 6.89 7.59 6.53 6.53 6.53 6.75 6.75 6.75 6.75 6.87 6.87 6.87 6.87 6.68 6.68 6.68 6.68 6.66 6.66 6.66 6.66 6.69 6.69 6.69 6.69 6.70 6.70 6.70 6.70 6.49 6.49 6.49 6.49 6.79 6.79 6.89 6.79 6.70 6.70 6.80 6.70 6.69 6.69 6.69 7.26 7.29 7.29 7.29 7.29 7.35 7.35 7.35 7.35 7.36 7.36 7.36 7.36 7.40 7.40 7.40 7.40 7.43 7.37 7.37 7.37 7.44 7.44 7.44 7.44 7.23 7.43 7.43 7.43 7.27 7.27 7.27 7.55
6.73 6.73 6.73 6.73 6.89 7.00 7.00 6.89 6.53 6.53 6.53 6.53 6.75 6.75 6.75 6.75 6.87 6.87 6.87 6.87 6.68 6.68 6.68 6.68 6.66 6.66 6.66 6.66 6.69 6.69 6.69 6.69 6.70 6.70 6.70 6.70 6.49 6.49 7.08 6.49 6.89 6.89 6.79 6.79 6.70 6.70 6.70 6.70 6.69 6.69 7.57 6.69 7.29 7.29 7.29 7.29 7.35 7.35 7.35 7.35 7.36 7.36 7.36 7.36 7.40 7.40 7.40 7.52 7.37 7.37 7.37 7.37 7.44 7.44 7.44 7.44 7.43 7.43 7.43 7.23 7.29 7.41 7.55 7.48
6.73 6.73 6.73 6.73 6.89 6.89 6.89 6.89 6.53 6.53 6.53 6.53 6.75 6.75 6.75 6.75 6.87 6.87 6.87 7.92 6.68 6.68 6.68 6.68 6.66 6.66 6.66 6.66 6.69 6.69 6.69 6.69 6.70 6.70 6.70 7.28 6.49 6.49 6.49 6.49 6.79 6.79 6.79 6.79 6.70 6.70 6.70 6.70 6.69 6.69 7.57 6.69 6.96 7.29 7.29 7.29 7.35 7.35 7.35 7.35 7.36 7.36 7.36 7.36 7.40 7.40 7.40 7.40 7.37 7.37 7.37 7.37 7.44 7.44 7.44 7.44 7.43 7.23 7.43 7.43 7.27 7.27 7.55 7.27
6.73 6.84 6.84 6.84 6.89 6.89 6.89 6.89 6.53 6.53 6.53 6.53 6.75 7.34 6.75 6.75 6.87 6.87 6.87 7.92 8.65 6.68 6.68 6.68 6.66 6.66 6.66 6.66 6.69 6.69 6.69 6.69 6.70 7.70 6.70 6.70 6.49 6.49 6.49 6.49 6.79 6.79 6.79 6.79 6.80 6.70 6.70 6.70 6.69 6.69 6.69 6.69 6.96 6.96 6.96 7.29 7.35 7.35 7.47 7.35 7.36 7.36 7.36 7.36 7.40 7.40 7.40 7.40 7.37 7.37 7.37 7.37 7.44 7.44 7.44 7.47 7.43 7.43 7.23 7.43 7.27 7.27 7.27 7.27
6.70 6.70 6.70 6.70 6.87 6.87 6.87 6.87 6.59 6.59 6.59 6.59 6.81 6.81 6.81 6.81 6.90 6.90 6.90 7.96 7.75 6.73 7.31 6.73 6.74 6.74 6.74 6.74 6.74 6.74 6.74 7.76 7.68 6.82 6.68 6.68 6.46 6.46 6.46 6.46 6.77 6.77 6.77 6.77 6.79 6.69 6.69 6.69 6.74 6.74 6.74 6.74 7.01 7.01 7.01 7.01 7.40 7.40 7.40 7.40 7.22 7.22 7.22 7.22 7.25 7.25 7.25 7.25 7.40 7.40 7.40 7.40 7.45 7.45 7.45 7.25 7.39 7.39 7.39 7.39 7.22 7.22 7.22 7.22
5.53 6.70 6.70 6.70 6.87 6.87 6.87 6.87 7.19 6.59 6.59 6.59 6.81 6.81 6.81 6.81 6.90 6.90 7.96 7.96 8.03 6.73 6.73 6.73 6.74 6.74 7.75 6.74 6.74 6.74 7.76 7.76 7.95 6.68 6.68 6.68 6.46 6.46 6.46 6.46 6.77 6.77 6.77 6.77 6.69 6.69 6.69 6.69 6.74 6.74 6.74 6.74 7.01 7.01 7.01 7.01 6.65 6.65 7.40 7.40 7.22 7.22 7.22 7.22 7.25 7.25 7.25 7.25 7.40 7.40 7.40 7.40 7.45 7.45 7.45 7.45 7.39 7.39 7.39 7.39 7.22 7.22 7.22 7.22
5.53 6.70 6.70 6.70 6.87 6.87 6.87 6.87 6.59 6.59 6.59 6.59 6.81 6.81 6.81 6.81 6.90 6.90 7.96 7.96 7.75 6.73 6.73 6.73 6.74 7.75 7.75 7.75 7.76 7.76 7.76 7.76 6.68 6.68 7.29 6.68 6.46 6.46 7.04 6.46 6.77 6.77 6.87 6.77 6.69 6.69 6.69 6.69 6.74 6.74 6.74 6.74 7.01 7.01 7.01 7.01 6.65 7.24 6.65 7.40 7.22 7.22 7.22 7.22 7.25 7.25 7.25 7.25 7.40 7.40 7.40 7.40 7.45 7.45 7.45 7.45 7.39 7.39 7.39 7.39 7.22 7.22 7.22 7.22
5.53 6.70 6.70 6.70 6.87 6.87 6.87 6.87 6.59 6.59 6.59 6.59 6.81 6.81 6.81 6.81 6.90 6.90 7.96 7.96 7.75 7.75 6.73 6.73 6.74 7.75 7.75 7.75 7.76 7.76 8.03 6.74 6.68 6.68 6.68 6.68 6.46 6.46 6.46 6.46 6.77 6.77 6.87 6.86 6.69 6.69 6.69 6.69 6.74 6.74 6.74 6.74 7.01 7.01 7.01 7.01 6.65 6.65 6.65 6.65 6.68 7.22 7.22 7.22 7.25 7.25 7.25 7.25 7.40 7.40 7.40 7.40 7.45 7.45 7.45 7.61 7.39 7.39 7.39 7.39 7.22 7.23 7.22 7.22
5.49 5.49 6.64 6.64 6.88 6.88 6.88 6.88 6.71 6.71 6.71 6.71 6.87 6.87 6.87 6.87 6.88 6.88 7.98 7.98 7.79 7.79 6.77 6.77 7.78 7.78 9.71 7.78 7.69 9.07 7.29 6.69 6.57 6.57 6.57 6.57 6.82 6.82 6.82 6.82 6.74 6.74 6.74 6.74 6.71 6.71 6.71 6.71 6.79 6.79 6.79 6.79 6.61 6.61 6.61 6.61 6.68 6.68 6.68 6.68 6.74 6.74 7.28 7.28 7.32 7.32 7.32 7.32 7.23 7.23 7.23 7.23 7.25 7.25 8.13 7.33 7.39 7.76 7.76 7.39 7.19 7.19 7.19 7.19
5.49 6.18 6.64 6.64 6.88 6.88 6.88 6.88 6.71 6.71 6.71 6.71 6.87 6.87 6.87 6.87 6.88 6.88 7.98 7.98 7.79 7.79 7.79 7.79 7.78 9.71 10.29 7.78 7.69 6.69 6.69 7.35 6.57 6.57 6.57 6.57 6.82 6.82 6.82 6.82 6.74 6.74 6.74 6.74 6.71 6.71 6.71 6.71 6.79 6.79 6.79 6.79 6.61 6.61 6.61 6.61 6.68 6.68 6.68 6.68 6.74 6.74 6.74 6.74 7.32 7.32 7.32 7.32 7.23 7.23 7.60 8.48 8.50 6.97 8.13 7.13 7.76 7.76 7.76 7.76 7.19 7.19 7.19 7.19
5.88 5.88 6.89 6.89 6.66 6.66 6.66 6.66 6.89 6.89 6.89 6.89 7.01 7.01 7.01 7.01 7.06 7.06 8.19 8.19 7.52 7.78 9.67 9.67 9.66 9.66 9.66 7.51 7.41 6.63 6.63 6.63 6.60 6.52 6.52 6.52 6.24 6.24 6.24 6.24 6.68 6.17 6.17 6.17 6.14 6.14 6.14 6.14 6.22 6.22 6.22 6.22 6.09 6.09 6.09 6.09 6.16 6.16 6.16 6.16 6.22 4.02 6.22 6.22 6.25 6.74 6.74 6.74 6.30 6.67 2.49 2.49 2.12 4.96 4.96 5.52 6.45 6.45 6.45 6.45 6.04 6.04 6.04 6.04
5.88 6.64 5.88 6.89 6.66 6.66 6.66 6.66 6.89 6.89 6.89 6.89 7.01 7.01 7.01 7.01 7.06 8.19 8.19 8.19 7.52 9.67 9.67 9.67 9.66 9.76 7.51 7.51 6.63 6.63 6.63 6.63 6.52 6.52 6.52 6.52 6.24 6.24 6.24 6.24 6.17 6.68 6.17 6.17 6.14 6.14 6.14 6.14 6.22 6.22 6.22 6.22 6.09 6.09 6.09 6.09 6.16 6.16 6.16 6.16 6.72 6.22 6.22 4.02 6.25 6.25 6.74 6.74 6.54 6.30 5.88 9.12 8.22 7.23 6.93 6.56 6.22 6.22 6.22 6.22 6.04 6.04 6.04 6.04
6.89 5.92 5.92 6.81 6.76 6.76 6.76 6.76 6.97 6.97 6.97 6.97 7.04 7.04 7.04 7.04 7.07 8.20 8.20 8.20 7.51 9.66 9.66 9.66 9.62 9.62 6.67 6.67 6.55 6.55 6.55 6.55 6.48 6.48 6.48 6.48 6.24 6.24 6.24 6.73 6.17 6.17 6.17 6.17 6.20 6.20 6.20 6.20 6.25 6.25 6.25 6.25 6.13 6.13 6.13 6.13 6.17 6.17 6.17 6.17 6.22 6.22 6.22 6.48 4.02 6.25 6.25 5.37 6.71 6.91 5.02 9.49 4.93 5.87 6.50 6.27 6.12 6.12 6.12 6.29 6.02 6.02 6.02 6.02
5.92 6.50 5.92 5.92 6.76 6.76 6.76 6.76 6.97 6.97 6.97 6.97 7.04 7.04 7.04 7.04 7.07 8.20 8.20 8.20 7.51 9.66 9.66 9.66 9.62 6.67 6.67 6.67 6.55 6.55 6.55 6.55 6.48 6.48 6.48 6.48 6.73 6.24 6.24 6.24 6.17 6.17 6.17 6.17 6.20 6.20 6.20 6.20 6.25 6.25 6.25 6.25 6.13 6.13 6.13 6.13 6.17 6.17 6.17 6.17 6.22 6.22 6.87 6.22 4.02 6.25 6.25 5.37 5.12 4.96 4.96 9.12 5.87 6.24 6.50 6.27 6.12 6.12 6.12 6.12 6.02 6.02 6.02 6.02
5.92 5.92 5.92 5.92 6.76 6.76 6.76 6.76 6.97 6.97 6.97 6.97 7.04 7.04 7.04 7.04 7.07 8.20 8.20 8.20 7.51 9.66 9.66 9.66 9.62 6.67 6.77 6.67 6.55 6.55 6.64 6.55 6.48 6.48 6.48 6.48 6.81 6.24 6.24 6.24 6.68 6.17 6.17 6.17 6.20 6.20 6.20 6.20 6.25 6.25 6.25 6.25 6.13 6.13 6.13 6.13 6.17 6.17 6.17 6.17 6.22 6.22 6.22 7.13 6.92 6.25 6.25 6.25 5.12 4.24 4.24 9.04 5.87 6.82 6.27 6.27 6.12 6.12 6.12 6.12 6.02 6.02 6.02 6.02
5.92 5.92 5.92 5.92 6.76 6.76 6.76 6.76 6.97 6.97 6.97 6.97 7.04 7.04 7.04 7.04 7.07 8.20 8.20 8.20 9.66 9.66 9.66 9.66 9.72 7.46 6.77 6.67 6.55 6.55 6.64 6.55 6.48 6.48 6.48 6.48 7.10 6.24 6.24 6.24 6.17 6.17 6.17 6.17 6.20 6.20 6.20 6.20 6.25 6.25 6.25 6.25 6.13 6.13 6.13 6.13 6.17 6.17 6.17 6.17 6.22 6.22 6.22 7.56 5.84 6.25 6.25 6.25 6.41 5.14 4.24 5.14 9.04 6.50 5.07 6.27 6.12 6.12 6.12 6.12 6.02 6.02 6.02 6.02
6.52 5.94 5.94 5.94 6.02 6.89 6.89 6.89 7.05 7.05 7.05 7.05 7.08 7.08 7.08 7.08 7.07 8.21 8.21 10.02 9.64 9.64 9.64 9.75 9.69 7.43 7.43 6.65 6.52 6.52 6.52 6.52 6.46 6.46 6.46 6.99 6.24 6.24 6.24 6.24 6.23 6.23 6.23 6.23 6.23 6.23 6.23 6.23 6.25 3.91 6.25 6.25 6.15 6.15 6.15 6.15 6.18 6.18 6.18 6.18 6.19 6.69 6.19 6.84 5.74 6.39 6.11 5.74 5.14 6.25 4.73 4.24 9.81 4.98 5.13 6.18 6.10 6.10 6.10 6.10 6.08 6.08 6.08 6.08
5.94 5.94 5.94 5.94 6.02 6.89 6.89 6.89 7.05 7.05 7.05 7.05 7.08 7.08 7.08 8.22 8.21 8.21 10.02 10.02 9.64 9.64 9.64 9.64 9.60 7.43 6.46 6.72 6.52 6.52 6.52 6.52 6.46 6.46 6.46 6.46 6.24 6.24 6.24 6.24 6.23 6.23 6.23 6.23 6.23 6.23 6.23 6.23 6.58 6.25 6.25 6.25 6.15 6.15 6.65 6.15 6.18 6.18 6.18 6.18 6.19 6.19 6.19 6.84 5.74 5.50 5.87 6.11 5.65 5.35 4.73 7.87 2.40 5.73 4.99 4.96 6.69 6.10 6.10 6.32 6.30 6.30 6.08 5.31
5.94 5.94 5.94 5.94 6.02 6.02 6.89 6.89 7.05 7.05 7.05 7.05 8.22 8.87 8.22 8.22 8.21 8.21 10.02 10.02 9.64 9.64 9.64 9.44 9.42 7.43 7.43 6.65 7.28 7.28 6.52 6.52 6.46 6.46 6.46 6.46 6.24 6.24 6.24 6.24 6.23 6.23 6.23 6.23 6.23 6.23 6.23 6.23 6.25 6.25 6.25 6.25 6.15 6.15 6.15 6.15 6.18 6.18 6.18 6.18 6.19 6.19 6.84 6.66 5.74 5.34 4.54 4.42 5.14 4.24 5.14 8.98 4.98 4.99 4.61 4.07 1.48 3.94 5.79 5.79 5.77 4.14 4.59 4.07
5.94 5.94 5.94 5.94 6.02 6.02 6.89 6.89 7.05 7.05 7.05 7.05 8.22 8.25 8.25 8.40 8.21 10.02 10.02 10.02 9.64 9.89 10.42 9.44 9.42 9.60 7.43 7.43 7.60 7.28 7.28 6.52 6.46 6.46 6.46 6.78 5.65 5.82 6.24 6.24 6.23 6.23 6.23 6.23 6.23 6.23 6.23 6.74 6.25 6.25 6.25 6.25 6.15 6.15 6.65 6.15 6.18 6.18 6.18 6.18 6.19 6.19 6.84 6.84 5.50 5.34 4.42 4.42 5.51 4.61 4.61 8.35 4.24 4.24 1.11 5.11 4.74 4.74 4.12 5.27 4.74 3.70 1.11 3.70
5.92 5.92 5.92 5.92 5.99 5.99 6.98 6.98 7.07 7.07 7.07 7.07 8.23 8.25 8.40 8.40 10.02 10.02 10.02 10.02 9.64 9.89 9.44 9.44 7.40 7.40 7.50 7.43 7.36 7.36 7.67 6.56 6.39 6.39 6.39 6.39 1.83 5.66 6.26 6.26 6.31 6.31 6.31 6.31 6.25 6.25 6.25 6.25 6.24 6.24 6.24 6.24 6.16 6.16 6.81 6.16 6.20 6.20 6.20 6.47 6.46 6.17 6.82 6.82 6.66 5.50 4.42 1.32 4.24 5.51 4.61 8.24 4.24 4.74 5.11 1.11 3.70 1.64 1.64 0.00 4.12 5.27 4.74 4.74
5.92 5.92 5.92 5.92 5.99 5.99 5.99 6.98 7.07 7.07 7.07 7.07 11.86 8.25 8.23 10.04 10.02 10.02 10.02 10.02 9.64 9.44 10.01 9.44 7.77 8.65 12.27 7.80 7.22 7.66 7.22 6.48 6.39 6.39 6.39 6.39 4.39 5.21 7.66 6.78 6.31 6.31 6.31 6.31 6.25 6.25 6.25 6.25 6.24 6.24 6.24 6.24 6.16 6.16 5.74 5.74 5.19 6.20 6.44 4.02 4.02 4.29 6.17 6.82 7.21 4.79 4.62 1.32 1.27 2.01 2.38 4.90 7.33 5.11 4.07 3.70 1.64 1.64 1.64 0.00 0.00 0.00 1.64 7.55
5.92 5.92 5.92 5.92 5.99 5.99 5.99 6.98 7.07 7.07 7.07 7.07 12.03 8.40 8.23 10.04 10.02 10.02 10.02 10.02 9.64 10.27 9.44 9.44 9.13 12.17 11.87 7.80 7.22 7.22 6.48 6.48 6.80 6.39 6.39 6.39 5.65 5.03 5.03 7.68 6.31 6.61 6.31 6.31 6.25 6.25 6.25 6.25 6.24 6.24 6.24 5.45 6.16 6.16 5.74 8.30 5.87 6.85 6.11 4.02 4.02 4.02 6.17 6.17 6.56 5.92 4.42 4.42 4.90 8.24 5.27 4.74 3.70 3.70 3.70 3.70 1.64 1.64 0.00 0.00 0.00 0.00 0.00 2.38
5.92 5.92 5.92 5.92 5.99 5.99 5.99 6.25 7.07 7.07 7.07 7.09 12.03 8.40 10.04 10.04 10.02 10.02 10.02 10.02 9.64 9.64 9.64 10.63 12.27 11.40 6.64 6.64 7.22 6.48 6.55 6.48 6.74 6.39 6.80 6.89 6.26 6.94 5.40 5.77 6.19 5.82 6.82 6.31 6.25 6.25 6.25 6.25 6.24 6.24 6.24 5.45 6.16 5.37 9.36 8.04 5.50 6.24 4.79 4.44 4.02 6.46 4.39 6.54 5.74 5.50 8.04 8.04 1.27 1.27 3.70 4.44 5.25 4.88 3.92 3.70 3.70 1.64 0.00 0.00 0.00 0.00 0.00 0.00
5.97 5.97 5.97 5.97 6.02 6.78 6.02 6.02 7.08 7.69 8.22 12.02 13.82 10.19 10.03 10.03 10.00 10.00 10.00 10.00 9.63 9.83 9.43 10.70 12.09 6.60 6.60 6.60 6.67 6.39 6.39 6.39 6.72 5.17 5.17 6.36 6.28 6.28 4.39 5.58 5.03 5.82 5.82 6.33 6.77 6.26 6.26 6.26 6.27 6.27 6.27 5.45 5.37 8.99 5.04 4.79 8.04 1.70 4.79 4.67 4.02 4.02 4.79 1.70 4.95 8.04 4.79 4.79 4.61 3.70 3.70 4.81 4.44 3.70 4.02 5.62 4.07 1.64 0.00 0.00 0.00 0.00 0.00 0.00
5.97 5.97 5.97 5.97 6.02 6.02 6.02 6.02 7.69 9.54 8.24 13.82 10.03 10.64 10.03 10.03 10.00 10.00 10.00 10.00 9.63 10.00 9.02 11.84 7.74 6.97 6.60 6.60 6.39 6.47 6.39 6.74 6.36 5.17 5.17 6.80 6.28 6.28 6.28 8.42 7.99 4.66 6.86 6.33 6.26 6.77 6.26 6.26 6.27 6.27 6.27 6.27 6.16 8.99 5.04 4.42 8.04 8.41 1.70 1.32 4.99 4.75 4.95 4.95 4.95 1.79 5.08 5.08 4.07 3.70 4.88 5.25 5.02 4.44 3.70 4.44 2.38 1.64 1.64 0.00 0.00 0.00 0.00 0.00
5.97 5.97 5.97 5.97 5.98 5.98 5.98 5.98 7.45 8.17 11.80 9.90 10.03 10.03 10.03 9.89 9.87 9.87 9.87 10.94 9.31 9.68 12.57 12.20 8.11 7.37 7.00 6.30 6.10 6.10 6.65 6.44 6.42 4.83 4.83 6.05 6.07 6.07 6.07 6.44 8.63 5.47 5.07 5.52 5.52 6.05 6.05 6.05 4.06 6.06 6.38 4.06 9.62 5.27 4.36 4.13 4.13 7.75 4.87 4.87 7.75 8.50 5.61 1.24 5.46 1.84 5.02 1.59 2.98 5.89 2.98 2.98 3.72 4.09 2.98 3.35 2.98 2.98 3.35 0.00 0.00 0.00 0.00 0.00
5.97 5.97 5.97 5.97 5.98 5.98 5.98 5.98 7.45 11.80 11.80 10.03 10.47 10.47 10.03 9.89 9.87 9.87 10.24 11.77 9.31 9.68 12.42 7.68 7.37 7.00 7.00 6.30 6.10 6.10 6.10 6.44 4.83 4.83 4.83 4.83 6.07 6.07 6.07 6.12 5.44 8.42 4.45 6.74 6.42 6.05 6.05 6.05 6.37 5.38 4.06 4.06 4.20 8.90 4.36 4.87 4.87 4.87 4.87 4.13 1.61 6.13 5.61 1.18 4.80 1.00 1.18 1.18 2.98 2.98 3.03 2.88 4.09 3.72 3.35 3.35 2.88 2.88 0.00 0.00 0.00 0.00 0.00 0.00
