New_Model_Runs/13_Future_RCP4.5_Scn3_out/post_prcessed_with_MFR/Monthly_summaries/net_infiltration_monthly_MAY.asc
NCOLS 700
NROWS 400
XLLCENTER 515000.000000
YLLCENTER 8409000.000000
CELLSIZE 50.000000
NODATA_value -999.000000
[rows 228 to 265 of 400, columns 168 to 251 of 700]
10.59 10.59 11.06 11.06 10.63 10.87 10.87 10.87 11.24 11.24 11.24 11.24 9.98 9.98 10.88 12.27 9.01 12.64 7.11 13.01 11.90 12.27 13.61 11.90 6.91 10.98 11.04 11.35 10.67 11.06 11.43 11.06 9.57 9.95 9.73 13.61 10.93 10.89 10.93 10.93 10.88 10.88 10.88 10.88 9.90 11.25 11.62 9.67 11.99 10.88 10.88 10.88 11.25 10.81 10.88 9.36 9.83 9.70 7.58 7.58 7.63 7.63 7.63 7.63 6.44 7.67 7.67 7.67 7.66 7.66 7.66 7.66 7.18 7.18 7.18 7.18 7.11 7.11 7.11 7.11 7.05 7.05 9.05 7.05
10.59 10.59 10.59 10.59 10.63 10.63 10.87 10.87 10.96 11.82 11.24 12.21 11.81 9.98 10.08 10.08 10.08 10.08 10.35 14.82 13.01 3.85 13.99 11.53 6.91 15.44 13.51 12.83 16.40 13.20 13.20 12.83 6.54 7.65 9.95 9.57 11.35 11.06 8.90 12.00 10.88 10.88 10.88 10.88 10.88 11.56 11.92 9.67 10.04 9.67 10.88 10.91 9.94 7.74 7.74 7.74 7.80 7.80 7.58 7.58 7.63 7.63 9.72 7.63 7.67 6.44 7.67 7.67 7.66 7.66 7.66 9.55 8.94 8.94 9.05 7.18 7.11 7.11 7.11 7.11 7.05 9.05 9.05 7.05
9.13 9.13 9.13 9.13 9.16 9.16 9.16 10.63 11.54 11.24 11.24 11.24 11.81 11.23 11.23 10.08 10.88 10.08 9.98 10.08 12.27 12.27 9.38 10.12 11.41 11.41 14.67 14.67 9.57 13.73 7.28 3.28 9.20 15.04 14.30 6.81 12.83 3.65 12.15 8.83 9.25 10.61 10.88 10.88 10.88 2.94 14.44 12.93 12.93 10.81 10.88 10.91 10.27 9.94 9.94 7.74 7.80 7.58 7.58 7.58 7.63 7.63 7.63 7.63 7.67 7.67 7.67 7.67 7.66 7.66 9.55 9.55 9.05 8.94 7.18 7.18 7.11 7.11 7.11 7.11 7.05 9.81 9.05 7.05
9.13 9.13 9.13 9.13 9.16 9.16 9.16 10.18 9.32 10.96 10.96 11.24 11.23 11.23 11.23 12.21 9.98 10.08 9.98 10.88 10.08 10.08 12.64 5.33 11.06 10.32 9.20 10.32 4.39 13.94 8.29 4.02 9.57 9.95 9.20 13.93 12.84 13.57 7.65 14.67 9.25 9.25 9.25 9.25 9.25 12.87 12.56 12.93 12.56 9.90 9.90 9.90 9.94 9.94 9.94 9.94 9.70 7.58 7.58 7.58 7.63 7.63 7.63 7.90 9.72 9.72 7.67 7.67 11.67 8.63 7.66 9.72 9.05 7.18 7.18 7.18 7.11 7.11 7.11 7.11 9.05 9.05 7.05 7.78
9.22 9.22 9.22 9.22 9.23 9.23 10.80 10.16 9.37 9.34 9.37 11.27 11.25 11.25 11.82 11.25 11.22 11.22 9.98 10.08 10.88 10.08 9.88 12.64 15.06 15.06 12.46 15.06 12.46 13.20 13.20 7.65 13.75 14.67 12.46 14.60 7.54 14.08 12.69 13.57 12.50 12.50 14.68 14.68 14.31 13.24 12.35 14.86 11.36 10.02 10.02 10.02 10.06 10.06 10.06 10.06 9.78 9.61 8.01 8.34 8.38 7.67 8.38 9.72 12.48 9.55 9.55 9.72 7.70 8.07 10.38 7.94 7.20 7.20 7.20 7.20 7.11 7.11 7.11 7.82 7.06 7.06 7.06 7.06
9.22 9.22 9.22 9.22 9.23 10.04 9.23 9.23 9.37 9.37 9.34 10.55 10.53 9.33 9.33 11.25 11.79 11.22 11.22 11.22 10.08 10.08 9.74 10.82 10.69 10.69 10.69 10.69 10.30 9.55 14.61 3.65 11.43 8.73 8.36 11.62 10.33 9.78 9.39 14.12 9.62 8.87 11.74 12.28 11.05 9.62 11.24 14.86 11.36 9.23 11.71 11.36 11.42 10.06 10.06 10.06 9.61 9.61 9.61 7.63 7.67 7.67 7.67 7.67 9.55 8.49 11.68 9.92 9.92 8.49 9.97 10.09 9.05 7.20 7.20 7.20 7.11 7.11 8.82 7.82 7.06 7.06 7.06 7.06
9.22 9.22 9.22 9.22 9.23 10.04 9.23 9.23 9.37 9.37 9.37 9.37 9.33 9.33 9.66 12.51 11.22 11.22 11.22 11.22 11.20 14.25 8.64 11.31 10.69 10.61 10.69 10.69 10.69 8.83 9.58 12.46 11.91 12.28 9.62 9.76 13.39 11.62 10.69 11.44 11.18 11.18 11.18 11.18 9.25 11.98 11.64 11.16 11.16 10.61 9.95 9.95 10.32 10.06 11.42 11.42 9.61 9.61 9.61 9.61 7.67 7.67 7.67 7.67 9.72 10.29 8.12 13.55 11.75 13.92 10.29 10.75 8.94 7.20 7.20 7.20 7.11 7.42 7.11 7.11 7.06 7.06 7.06 7.06
9.22 9.22 9.22 9.22 9.23 10.83 9.23 9.23 9.37 9.37 9.37 9.37 9.33 9.33 9.33 10.96 11.22 10.91 11.22 11.22 11.20 9.98 10.08 10.08 11.70 12.28 11.43 10.61 10.61 8.83 11.69 11.69 11.33 11.33 9.62 10.86 9.88 11.62 10.69 10.69 11.55 11.71 11.18 12.25 11.61 11.61 11.24 8.50 11.16 14.24 14.24 9.95 3.15 8.78 10.15 10.32 11.14 10.70 10.33 9.61 7.67 7.67 7.67 7.67 7.71 9.92 12.86 9.55 10.29 8.86 8.44 9.72 7.92 7.92 7.20 7.20 8.94 7.11 7.11 7.82 7.06 7.06 7.06 7.06
9.29 9.29 9.29 9.29 9.31 9.31 9.31 9.31 9.43 9.43 9.43 9.43 9.35 9.35 9.35 9.35 9.28 10.90 11.22 11.22 11.20 11.20 10.08 11.20 11.70 11.70 11.36 11.36 11.68 12.28 12.28 11.68 11.29 11.29 11.29 10.25 10.23 13.48 12.27 11.06 9.25 12.16 11.23 11.23 11.41 11.41 11.41 11.41 8.50 11.47 12.57 14.24 12.78 10.67 9.15 9.52 9.23 10.29 7.67 9.72 7.69 7.69 9.92 9.92 10.29 11.75 2.69 9.92 11.32 10.66 8.05 7.68 7.16 7.16 10.78 8.14 7.08 7.08 7.08 7.08 7.11 7.11 7.11 7.11
9.29 9.29 9.29 9.29 9.31 10.12 9.31 9.31 9.43 9.43 9.43 9.43 9.35 9.35 9.35 9.35 9.28 11.45 10.90 11.22 11.20 11.20 11.20 11.20 11.70 11.70 11.70 11.36 11.68 11.47 12.28 12.28 11.66 11.66 11.29 11.29 10.23 10.35 15.26 11.63 12.16 11.79 11.23 11.23 11.41 11.41 11.41 11.41 12.13 8.87 11.47 10.68 12.41 12.41 11.67 13.19 8.86 8.86 10.29 9.92 10.09 9.55 10.29 10.34 9.92 6.32 3.07 8.12 8.86 8.12 6.81 8.34 7.16 7.16 7.16 7.16 7.80 7.08 7.08 7.08 7.11 7.11 7.11 7.11
9.29 9.29 9.29 9.29 9.31 9.31 9.31 9.31 9.43 9.43 9.43 9.43 9.35 9.35 9.35 9.35 9.59 10.90 10.90 10.08 9.98 11.20 11.20 11.76 11.70 11.49 11.94 11.36 11.68 11.68 11.68 12.02 11.66 12.27 11.66 11.66 9.54 12.64 12.00 11.63 11.79 11.23 11.23 11.23 11.41 11.41 11.41 11.41 11.84 12.13 10.68 10.68 8.50 10.52 10.52 10.32 12.94 14.09 8.12 10.29 9.92 9.92 10.29 8.12 13.18 8.94 8.12 9.31 9.58 9.92 9.55 7.68 9.05 7.89 7.16 7.16 7.08 7.08 7.08 7.08 8.94 7.11 7.11 7.11
9.29 9.29 9.29 9.29 9.31 9.31 9.31 9.31 9.43 9.43 9.43 9.43 9.35 9.35 9.35 9.35 9.28 10.08 10.08 10.08 10.08 10.08 11.20 9.52 9.90 11.70 11.36 11.36 11.33 11.33 11.33 11.33 11.29 11.29 11.91 11.66 9.54 12.00 12.17 11.79 11.23 11.23 11.23 11.23 11.41 10.61 10.61 9.25 11.73 11.35 10.31 11.47 11.06 11.43 11.06 10.45 10.09 9.55 13.18 13.18 9.92 10.29 10.29 9.68 11.75 9.55 9.55 8.49 10.66 9.92 10.66 9.72 7.45 7.16 7.16 7.16 7.08 7.08 7.08 7.08 7.11 7.11 7.11 7.11
9.21 9.21 9.21 9.21 9.32 10.13 9.32 9.32 9.42 9.42 9.42 9.42 9.33 9.33 9.33 9.33 10.49 9.21 10.08 9.21 10.08 9.27 9.27 9.34 9.95 9.92 11.40 11.40 11.37 11.37 11.37 11.37 12.27 12.27 12.27 11.29 11.29 13.91 11.08 11.29 11.36 11.36 11.36 11.36 11.46 10.61 11.46 11.35 4.03 3.66 10.68 10.68 11.80 9.62 11.06 12.00 9.55 9.55 9.92 9.92 12.49 12.86 10.42 9.60 14.29 3.76 11.69 10.29 11.38 9.55 9.72 11.45 7.14 7.14 7.14 7.14 7.11 7.11 7.11 7.83 7.16 7.16 7.16 7.16
9.21 10.21 9.21 9.21 9.32 9.32 9.32 9.32 9.42 9.42 9.42 10.43 9.33 9.33 9.33 9.33 9.27 9.21 9.21 9.21 10.49 9.27 9.27 9.27 9.67 9.67 11.40 11.40 11.37 11.37 11.37 11.37 11.29 11.29 11.66 11.29 11.29 11.29 11.69 11.29 11.36 11.36 11.36 11.36 10.68 10.68 10.61 10.68 10.98 9.25 9.25 11.06 8.88 9.25 11.06 12.02 10.40 10.06 10.66 11.03 4.55 5.29 13.60 13.23 13.07 9.23 8.49 9.55 9.55 9.55 9.72 7.64 7.87 7.14 7.14 7.14 7.11 7.11 7.11 7.11 7.16 7.16 7.16 7.16
8.86 8.86 8.86 8.86 8.84 9.70 9.70 10.59 9.06 9.06 11.15 9.84 8.98 8.98 8.98 8.98 8.91 8.91 9.83 8.91 8.92 8.92 8.92 8.92 9.27 9.27 9.27 9.27 10.74 10.74 10.74 10.74 10.67 10.67 10.67 10.67 10.67 10.67 10.67 10.67 10.77 10.77 10.77 10.77 9.96 10.33 10.33 11.51 11.74 8.24 8.24 7.87 9.96 9.96 9.96 10.55 9.93 9.17 10.28 9.00 9.37 5.59 10.11 8.62 11.51 12.18 9.17 9.54 9.17 9.17 9.30 7.33 6.73 6.73 6.73 6.73 6.69 6.69 6.69 6.69 6.74 6.74 6.74 6.74
8.86 8.86 8.86 8.86 8.84 8.84 8.84 8.84 9.06 9.06 9.06 9.06 9.77 9.77 9.77 9.76 8.91 8.91 8.91 8.91 8.92 8.92 8.92 8.92 9.27 9.27 9.27 9.27 9.24 9.24 10.74 10.74 10.67 10.67 10.67 10.67 10.67 10.67 10.67 10.67 10.77 10.77 10.77 10.33 10.33 9.96 10.33 10.19 9.96 10.83 11.20 10.33 9.96 9.96 10.55 10.48 9.84 9.84 9.54 9.54 9.37 10.48 9.00 9.55 9.18 11.14 9.54 9.54 9.17 9.54 7.33 7.33 6.73 6.73 6.73 6.73 6.69 6.69 6.69 8.39 6.74 6.74 6.74 7.02
8.84 8.84 10.36 9.72 8.76 10.03 8.76 8.76 8.98 8.98 8.98 8.98 8.94 8.94 8.94 8.94 8.91 8.91 8.91 8.91 8.94 8.94 8.94 8.94 9.20 9.20 9.20 9.20 9.30 9.30 9.30 10.82 10.72 10.72 10.72 10.72 10.75 10.75 10.75 10.75 10.79 10.79 10.79 9.86 9.96 9.96 7.87 11.02 10.77 10.77 11.14 11.14 10.84 7.87 10.55 10.55 9.84 9.93 9.30 9.68 10.03 9.92 9.17 9.54 12.81 9.54 9.54 9.17 9.17 9.54 7.69 7.32 6.75 6.75 6.75 6.75 6.73 6.73 8.39 8.39 6.76 6.76 6.76 7.03
8.84 8.84 8.84 8.84 8.76 8.76 9.65 8.76 8.98 8.98 8.98 8.98 8.94 8.94 8.94 8.94 8.91 8.91 9.69 8.91 8.94 8.94 8.94 8.94 9.20 9.20 9.20 9.20 9.30 9.30 9.30 10.82 10.72 10.72 10.72 10.72 10.75 10.75 10.75 11.01 10.79 10.79 10.79 9.86 9.96 10.38 10.78 10.78 10.77 6.92 10.77 11.14 3.10 8.24 10.92 10.55 9.93 9.93 9.54 9.55 8.25 8.81 9.17 9.54 13.17 9.54 9.54 9.17 9.17 7.32 7.32 7.88 7.12 6.75 8.04 6.75 6.73 8.39 9.08 8.39 7.03 6.76 6.76 7.03
8.84 10.36 8.84 8.84 8.76 8.76 9.65 8.76 8.98 8.98 8.98 9.83 9.20 8.94 8.94 8.94 8.91 9.81 9.81 8.91 8.94 8.94 8.94 8.94 9.20 9.20 9.20 9.20 9.30 9.30 9.30 9.30 10.72 10.72 10.72 10.72 10.75 10.75 10.75 10.75 10.79 10.79 10.79 11.69 9.96 10.78 10.78 6.92 6.92 6.92 6.92 11.14 8.98 9.35 3.26 10.48 9.84 9.93 8.81 9.55 9.55 7.51 8.25 11.88 12.80 9.18 9.54 9.17 9.30 9.17 7.51 7.88 6.75 6.75 6.75 6.75 6.73 7.54 6.73 6.73 6.76 6.76 7.03 7.03
8.84 8.84 8.84 8.84 8.76 8.76 8.76 8.76 8.98 8.98 8.98 9.83 9.83 8.94 8.94 8.94 9.26 9.81 8.91 8.91 8.94 8.94 8.94 8.94 9.20 9.20 9.20 9.20 9.30 10.12 9.30 9.30 9.22 10.72 11.20 10.72 10.75 10.75 10.75 10.75 10.79 10.79 10.79 9.86 10.33 10.78 14.01 6.92 6.92 6.92 10.77 11.14 9.39 3.47 10.65 10.03 9.84 9.30 9.17 9.54 9.17 9.17 2.62 12.25 8.81 9.17 9.17 10.38 7.69 9.17 9.17 8.55 6.75 7.55 6.75 6.75 8.32 6.73 6.73 6.73 6.76 6.76 7.03 7.03
8.79 8.79 9.68 8.79 8.72 8.72 8.72 8.72 8.94 8.94 9.99 10.18 8.92 8.92 8.92 8.92 10.35 9.81 9.56 8.92 8.95 8.95 8.95 10.61 9.22 9.22 9.22 9.22 10.13 9.32 9.32 9.32 9.28 10.80 10.80 10.80 10.82 10.82 10.82 10.82 10.75 10.75 10.75 10.75 10.72 10.72 13.32 6.92 6.92 6.92 10.78 11.15 10.26 11.23 10.48 10.48 9.30 9.17 9.17 9.17 8.25 8.25 2.62 6.62 8.25 8.25 8.81 9.17 7.88 7.51 9.54 9.54 8.32 6.76 6.76 8.32 9.70 8.32 8.32 8.39 6.80 6.80 7.05 7.79
8.79 8.79 8.79 8.79 8.72 8.72 8.72 8.72 8.94 8.94 10.49 10.18 10.35 10.35 11.80 8.92 9.98 10.18 8.74 8.92 8.95 8.95 8.95 8.95 9.22 9.22 9.22 9.22 9.32 9.32 9.32 9.32 9.28 10.80 10.80 10.80 10.82 10.82 10.82 10.82 10.75 6.92 6.92 6.92 10.72 13.32 7.76 6.92 6.92 6.92 11.02 10.78 9.89 11.23 10.55 10.55 9.17 9.17 9.17 9.17 7.88 9.55 2.62 12.55 9.54 9.54 7.51 9.17 10.01 9.17 9.17 9.54 8.39 6.75 6.76 7.12 10.46 13.33 11.27 8.32 8.32 6.80 7.05 7.49
8.79 8.79 8.79 8.79 8.72 8.72 8.72 9.59 8.94 10.37 10.37 10.58 10.57 10.35 10.80 10.18 10.34 8.92 9.98 9.98 8.95 8.95 8.95 8.95 9.22 9.22 9.22 9.22 9.32 9.32 9.32 9.32 9.28 9.28 10.80 10.80 10.82 10.82 10.82 10.82 10.75 6.92 6.92 6.92 6.92 6.92 6.92 6.92 6.92 6.92 10.78 10.78 11.42 10.48 10.55 10.92 12.81 9.17 9.17 7.51 7.88 7.88 8.25 11.51 9.17 9.17 9.30 9.17 10.01 9.17 9.17 9.17 8.39 7.88 6.87 7.12 14.51 9.70 13.33 9.70 6.75 6.75 6.75 10.81
8.79 8.79 8.79 8.79 8.72 8.72 9.59 8.72 8.94 8.94 10.37 10.58 10.57 10.35 10.18 10.57 10.34 10.57 9.98 9.98 8.95 8.95 8.95 8.95 9.22 9.22 9.22 10.16 10.14 9.32 9.32 9.32 9.28 10.80 10.80 10.80 10.82 10.82 10.82 10.82 10.75 6.92 6.92 6.92 6.92 6.92 6.92 6.92 6.92 10.78 10.78 9.96 9.86 10.48 10.92 9.12 13.54 12.80 7.51 7.88 3.00 7.88 9.17 13.17 9.18 8.25 9.30 9.30 9.30 9.30 9.17 9.17 8.32 6.76 8.32 7.88 14.46 9.70 10.60 13.33 9.70 9.70 10.83 8.98
8.83 8.83 8.83 8.83 8.76 8.76 8.76 8.76 8.95 8.95 8.95 10.38 10.32 10.32 10.35 10.57 10.31 10.55 10.55 8.90 8.96 8.96 8.96 8.96 10.26 9.26 9.26 10.27 9.25 9.25 9.25 9.25 9.23 10.84 10.84 10.84 10.81 10.81 10.81 10.81 10.72 6.92 6.92 6.92 7.87 9.52 9.89 9.52 10.79 10.79 10.79 11.02 11.06 10.48 10.92 10.92 9.54 9.17 12.80 8.25 8.63 7.88 12.18 9.18 9.55 10.29 10.42 9.17 9.17 9.30 9.17 9.17 8.32 8.39 8.39 8.39 9.70 10.83 10.83 13.33 9.70 4.98 8.61 13.33
8.83 8.83 8.83 8.83 8.76 8.76 9.64 8.76 8.95 8.95 9.21 10.38 10.56 10.35 10.35 9.70 10.55 10.55 10.55 8.90 8.96 8.96 8.96 8.96 10.14 9.26 10.27 9.26 9.25 9.25 9.25 9.25 9.23 10.84 10.84 10.84 10.81 10.81 10.81 10.81 10.72 13.32 6.92 7.87 7.87 9.96 11.06 9.96 10.79 10.79 9.96 9.96 9.96 8.38 8.75 10.92 9.84 9.93 9.17 13.91 12.25 6.62 12.25 9.91 9.54 10.65 9.54 9.17 9.17 9.30 9.17 10.01 8.32 8.32 6.75 6.75 6.75 10.38 13.33 10.38 13.33 8.61 4.98 4.98
8.83 8.83 8.83 8.83 8.76 8.76 8.76 8.76 9.73 8.95 8.95 10.38 10.56 10.18 10.18 10.18 10.55 10.31 10.65 8.90 8.96 8.96 8.96 8.96 9.26 9.26 9.26 9.26 9.25 9.25 9.25 9.25 9.23 10.84 10.84 10.84 10.81 10.81 10.81 11.35 10.72 13.32 6.92 6.92 10.69 10.69 10.69 10.69 10.79 10.79 9.96 9.96 10.55 10.55 10.55 10.55 10.30 12.86 12.12 8.25 7.88 9.92 13.36 9.37 8.63 9.00 9.00 9.54 9.54 9.30 9.17 9.17 8.32 8.32 6.75 6.75 8.32 8.32 6.75 6.75 13.70 9.70 9.70 4.98
9.31 9.20 8.83 8.83 8.76 8.76 8.76 8.76 9.73 8.95 8.95 10.38 10.56 10.18 10.80 10.18 10.63 10.55 10.31 8.90 8.96 8.96 8.96 8.96 9.26 9.26 9.26 9.26 9.25 9.25 9.25 9.25 10.84 10.84 10.84 10.84 10.81 10.81 11.35 10.81 10.72 10.72 6.92 6.92 9.96 10.69 10.69 10.69 10.79 9.96 9.96 9.96 10.55 10.55 10.55 12.64 12.86 11.21 12.49 7.51 2.25 8.25 7.36 12.25 13.36 12.62 6.99 13.55 12.25 12.93 12.93 12.80 8.32 6.75 6.75 7.88 8.32 6.75 11.50 10.38 8.98 13.70 13.33 9.70
10.74 8.86 8.86 8.86 8.76 10.26 8.76 9.68 8.92 8.92 8.92 10.35 8.75 10.18 10.18 10.35 10.35 10.35 10.29 8.88 8.98 8.98 8.98 8.98 10.93 9.30 9.30 9.30 9.32 9.32 10.96 10.96 10.96 10.96 10.96 10.96 10.88 10.88 10.88 10.88 10.68 10.68 10.68 10.68 10.65 10.65 10.65 10.65 9.96 9.96 9.96 9.96 10.55 10.48 10.55 12.64 14.09 16.12 16.12 12.81 11.14 12.81 11.88 11.88 9.74 10.28 9.54 9.91 7.88 9.30 9.30 9.17 6.75 6.75 6.75 6.75 8.32 8.32 8.32 6.75 8.98 10.97 10.09 13.33
8.86 11.04 9.63 8.86 8.76 8.76 8.76 9.52 8.92 8.92 8.92 10.35 10.18 10.18 10.18 10.35 10.35 10.35 10.29 8.88 8.98 8.98 8.98 10.42 10.93 11.47 9.30 9.30 10.96 10.96 10.96 10.96 10.96 10.96 10.96 10.96 10.88 10.88 10.88 10.88 10.68 10.68 10.68 10.68 10.65 10.65 10.65 10.65 9.96 9.96 9.96 9.96 10.55 10.55 12.64 14.48 14.46 16.50 11.21 9.29 8.92 8.63 12.99 11.88 10.29 8.25 9.17 9.17 9.17 9.17 9.17 9.17 6.75 6.75 6.75 7.65 8.32 8.69 8.69 6.75 13.70 10.97 9.70 9.70
7.72 8.71 8.34 8.34 8.65 7.88 7.88 7.88 8.02 8.02 9.44 8.99 8.99 8.26 9.16 9.16 9.17 9.17 9.17 7.98 8.08 8.08 8.08 9.30 9.82 9.82 8.51 8.51 9.85 10.98 9.85 9.85 9.85 9.85 9.85 9.85 9.78 9.78 9.78 10.25 9.86 9.48 9.48 9.48 9.45 9.45 9.45 9.22 9.40 9.40 9.40 9.22 11.46 9.83 15.09 13.83 15.69 10.56 10.19 8.40 8.40 9.15 12.77 12.36 11.24 8.35 8.77 8.40 8.40 8.40 8.40 8.40 7.72 7.72 7.72 8.09 7.72 8.09 6.27 9.23 12.85 12.85 9.23 10.19
7.72 7.44 8.19 7.97 7.88 7.88 7.88 7.88 8.02 9.22 9.22 9.22 9.16 9.16 9.16 9.16 9.17 9.17 9.17 9.17 8.08 8.08 8.08 9.30 9.82 9.82 9.82 9.82 9.85 9.85 9.85 9.85 9.85 9.85 9.85 9.85 10.18 9.78 9.78 9.78 9.48 9.48 9.48 9.48 9.45 9.45 9.45 9.45 9.40 9.40 9.40 11.46 11.46 11.46 11.83 14.57 10.93 12.47 12.10 8.40 8.77 8.40 8.40 9.15 12.36 11.24 9.15 8.77 8.40 8.40 8.40 8.40 7.72 7.24 8.09 7.39 7.02 6.27 6.27 9.23 8.46 12.85 9.23 10.67
7.95 7.95 11.94 8.32 7.86 7.86 7.86 8.66 8.00 9.55 9.19 9.19 9.13 9.13 9.13 9.13 9.53 9.53 9.16 9.16 8.06 8.06 8.86 9.27 11.09 10.22 9.81 9.81 9.89 9.89 9.89 9.89 10.30 9.89 9.89 9.89 10.17 9.77 9.77 9.77 9.47 9.47 9.47 9.47 9.42 9.64 9.42 9.42 9.52 9.22 9.22 9.09 9.21 11.02 11.46 15.46 11.73 12.10 8.77 8.40 11.73 11.36 8.40 9.15 8.35 11.61 7.98 8.77 8.40 8.40 8.40 8.40 7.72 7.72 7.24 8.13 8.46 7.72 6.27 9.23 13.23 9.23 10.67 10.67
8.72 10.64 11.72 8.71 7.86 9.29 7.86 7.86 8.00 9.19 9.19 9.19 9.13 9.31 9.13 9.13 9.16 9.61 9.53 9.16 9.27 8.06 8.06 8.06 9.81 9.81 9.81 12.95 9.89 10.30 9.89 9.89 9.89 9.89 9.89 9.89 9.77 9.77 9.77 9.77 9.47 9.47 9.47 9.47 9.42 9.42 9.42 9.42 9.52 9.52 9.91 8.60 8.68 7.66 11.76 10.20 11.36 11.32 11.36 11.36 11.36 11.36 8.40 9.15 9.11 12.36 8.35 8.40 8.40 8.40 8.77 8.77 7.72 7.72 7.76 7.76 7.72 6.27 6.27 12.85 13.23 11.41 11.04 11.04
8.34 8.71 11.96 8.34 7.86 7.86 7.86 7.86 8.00 8.00 9.19 9.19 9.31 9.31 9.49 9.13 9.16 9.16 9.16 9.16 9.27 8.06 8.06 8.06 8.51 9.81 9.81 12.71 12.76 12.76 9.89 9.89 9.89 9.89 10.30 9.89 9.77 10.17 9.77 9.77 9.47 9.47 9.47 9.47 9.42 9.42 9.42 9.42 9.52 9.52 9.52 8.60 8.68 9.58 11.83 10.20 11.36 10.19 11.73 11.36 11.73 11.73 8.77 8.77 8.36 11.62 8.72 9.15 8.40 8.40 9.52 7.24 7.72 7.76 7.76 7.72 8.09 7.72 9.23 8.46 9.23 11.04 11.78 11.78
8.34 8.34 8.34 11.57 7.86 7.86 8.62 7.86 8.00 8.00 9.19 8.26 9.13 9.13 9.13 9.13 9.16 9.16 9.16 9.16 9.27 9.27 8.06 8.06 9.29 9.81 9.81 9.81 12.76 12.76 12.76 9.89 9.89 9.89 9.89 9.89 9.77 9.77 9.77 9.77 9.95 9.86 9.47 9.47 9.42 9.42 9.64 9.64 9.70 9.70 9.52 8.60 8.68 9.21 11.46 11.46 11.36 11.36 11.73 11.73 11.30 10.93 9.11 9.15 9.15 11.61 8.35 9.15 8.77 9.15 8.72 8.36 6.27 7.04 7.76 6.27 8.46 7.24 13.23 9.23 9.23 9.97 9.97 12.15
8.34 8.34 8.78 11.55 8.23 8.23 7.86 7.86 7.96 7.96 9.14 9.14 9.10 9.10 9.10 9.10 9.18 9.18 9.18 9.18 9.24 9.24 9.24 8.04 8.48 9.77 9.77 9.77 10.29 12.76 12.76 9.88 9.87 9.87 9.87 9.87 9.71 9.71 9.71 9.71 9.46 9.46 9.46 9.46 9.43 9.43 9.43 9.40 9.40 9.40 9.47 9.09 9.09 9.21 11.55 11.55 11.44 11.36 10.19 10.93 10.93 11.73 8.77 9.15 9.15 11.24 8.36 8.77 9.11 8.35 7.98 8.77 7.24 6.27 7.72 6.64 7.39 10.94 14.34 9.97 11.04 14.56 10.19 8.09
8.34 8.34 8.34 10.70 8.71 8.23 7.86 7.86 8.74 7.96 9.14 9.14 9.10 9.10 9.10 9.10 9.18 9.18 9.18 9.18 9.24 9.24 9.24 8.04 8.48 9.77 9.77 9.77 9.88 9.88 12.76 9.88 9.87 9.87 9.87 9.87 9.71 10.20 10.11 9.71 9.46 9.46 9.46 9.65 9.43 9.43 9.43 9.22 9.40 9.40 9.09 9.09 9.21 11.55 11.55 12.27 11.44 11.36 11.36 11.32 10.19 11.36 11.73 9.89 9.89 8.77 10.87 8.77 7.98 7.98 8.40 8.77 8.09 7.72 7.72 6.27 9.97 13.60 13.97 9.97 10.67 10.67 7.61 8.09
