New_Model_Runs/13_Future_RCP4.5_Scn3_out/post_prcessed_with_MFR/Monthly_summaries/net_infiltration_monthly_MAR.asc
NCOLS 700
NROWS 400
XLLCENTER 515000.000000
YLLCENTER 8409000.000000
CELLSIZE 50.000000
NODATA_value -999.000000
[rows 228 to 265 of 400, columns 84 to 167 of 700]
4.08 4.11 4.08 4.08 4.09 4.09 4.09 4.09 4.08 4.08 4.08 4.08 4.43 4.43 4.43 4.43 4.36 4.36 4.36 4.36 4.34 4.34 4.34 4.34 4.39 4.39 4.39 4.39 4.77 4.78 4.71 4.71 4.74 4.74 4.74 4.74 4.79 4.79 4.79 4.79 4.81 4.81 4.81 4.81 5.04 5.04 5.04 5.04 5.00 5.00 5.00 5.00 4.98 5.06 4.98 4.98 5.02 5.02 5.02 5.02 5.40 5.40 5.51 5.51 5.49 5.49 5.49 5.49 5.47 5.47 5.47 5.47 5.39 5.39 5.39 5.39 5.69 5.69 5.69 5.82 5.80 5.80 5.80 5.80
4.08 4.08 4.08 4.08 4.09 4.09 4.09 4.09 4.08 4.08 4.08 4.08 4.43 4.43 4.43 4.43 4.36 4.36 4.36 4.36 4.34 4.34 4.34 4.40 4.39 4.39 4.39 4.39 4.77 4.71 4.71 4.71 4.74 4.74 4.74 4.74 4.92 4.79 4.79 4.79 4.81 4.81 4.81 4.81 5.04 5.04 5.04 5.04 5.00 5.00 5.00 5.00 4.98 4.98 4.98 4.98 5.02 5.02 5.02 5.02 5.40 5.40 5.51 5.51 5.49 5.38 5.38 5.49 5.47 5.47 5.47 5.47 5.39 5.39 5.39 5.39 5.69 5.69 5.69 5.69 5.68 5.80 5.80 5.80
4.08 4.08 4.08 4.08 4.09 4.09 4.09 4.09 4.08 4.08 4.08 4.08 4.43 4.49 4.43 4.49 4.36 4.42 4.36 4.36 4.34 4.40 4.34 4.34 4.39 4.39 4.39 4.39 4.83 4.71 4.71 4.71 4.74 4.74 4.74 4.74 4.79 4.79 4.79 4.79 4.81 4.88 4.88 4.81 5.04 5.04 5.04 5.04 5.08 5.00 5.00 5.00 4.98 4.98 4.98 4.98 5.02 5.02 5.02 5.02 5.40 5.40 5.40 5.40 5.48 5.38 5.49 5.49 5.36 5.36 5.47 5.47 5.39 5.39 5.39 5.39 5.69 5.69 5.69 5.69 5.68 5.68 5.68 5.68
4.08 4.08 4.08 4.08 4.09 4.09 4.09 4.09 4.08 4.08 4.08 4.08 4.43 4.43 4.43 4.43 4.36 4.36 4.36 4.42 4.40 4.34 4.34 4.34 4.39 4.39 4.39 4.39 4.71 4.71 4.71 4.71 4.74 4.74 4.74 4.74 4.79 4.79 4.79 4.79 4.81 4.81 4.88 4.81 5.04 5.04 5.04 5.04 5.00 5.08 5.00 5.00 4.98 4.98 4.98 4.98 5.02 5.02 5.02 5.02 5.40 5.40 5.40 5.40 5.38 5.38 5.49 5.38 5.36 5.36 5.47 5.36 5.39 5.39 5.39 5.39 5.69 5.69 5.69 5.69 5.68 5.68 5.68 5.68
4.01 4.01 4.04 4.04 4.00 4.00 4.00 4.00 4.00 4.00 4.00 4.00 4.33 4.33 4.33 4.38 4.29 4.29 4.29 4.29 4.34 4.34 4.34 4.34 4.40 4.40 4.40 4.40 4.72 4.72 4.72 4.72 4.78 4.78 4.78 4.78 4.78 4.78 4.78 4.78 4.75 4.75 4.75 4.75 4.99 4.99 4.99 4.99 4.99 4.99 4.99 4.99 5.04 5.04 5.04 5.04 5.10 5.10 5.10 5.10 5.46 5.46 5.46 5.46 5.41 5.41 5.41 5.41 5.38 5.38 5.38 5.38 5.44 5.44 5.44 5.44 5.75 5.75 5.86 5.75 5.76 5.76 5.76 5.76
4.01 4.01 4.01 4.01 4.00 4.00 4.00 4.00 4.00 4.03 4.00 4.00 4.33 4.33 4.33 4.33 4.29 4.29 4.29 4.29 4.34 4.34 4.34 4.34 4.40 4.40 4.40 4.40 4.72 4.72 4.72 4.72 4.78 4.78 4.78 4.78 4.78 4.78 4.78 4.91 4.75 4.75 4.75 4.75 4.99 4.99 4.99 4.99 4.99 4.99 4.99 4.99 5.04 5.04 5.04 5.04 5.10 5.10 5.10 5.10 5.46 5.46 5.65 5.46 5.41 5.41 5.41 5.41 5.48 5.38 5.38 5.38 5.44 5.44 5.44 5.44 5.75 5.75 5.75 5.75 5.76 5.76 5.76 5.76
4.04 4.01 4.01 4.01 4.00 4.00 4.00 4.00 4.00 4.00 4.00 4.00 4.33 4.33 4.33 4.33 4.29 4.29 4.29 4.29 4.34 4.34 4.34 4.34 4.40 4.40 4.40 4.40 4.72 4.72 4.72 4.72 4.78 4.78 4.78 4.78 4.98 4.85 4.86 4.78 4.75 4.82 4.75 4.75 4.99 4.99 4.99 4.99 4.99 4.99 4.99 4.99 5.04 5.04 5.04 5.04 5.10 5.10 5.10 5.10 5.46 5.46 5.46 5.65 5.41 5.41 5.41 5.41 5.38 5.38 5.38 5.38 5.44 5.44 5.44 5.44 5.75 5.75 5.75 5.75 5.76 5.76 5.76 5.76
4.04 4.01 4.01 4.01 4.00 4.00 4.03 4.00 4.00 4.00 4.00 4.00 4.33 4.33 4.33 4.33 4.29 4.29 4.29 4.29 4.34 4.34 4.34 4.34 4.40 4.40 4.40 4.40 4.72 4.72 4.72 4.72 4.78 4.78 4.78 4.91 4.78 4.78 4.78 4.78 4.75 4.75 4.75 4.75 4.99 4.99 4.99 4.99 4.99 4.99 4.99 4.99 5.04 5.04 5.04 5.04 5.10 5.10 5.10 5.10 5.46 5.46 5.46 5.46 5.41 5.41 5.41 5.41 5.38 5.38 5.38 5.38 5.44 5.44 5.44 5.44 5.75 5.75 5.75 5.75 5.76 5.76 5.76 5.76
3.93 3.93 3.93 3.96 3.94 3.94 3.94 3.94 3.93 3.93 3.93 3.93 4.29 4.29 4.29 4.29 4.36 4.36 4.36 4.36 4.45 4.45 4.45 4.45 4.48 4.48 4.48 4.48 4.81 4.81 4.81 4.81 4.81 4.81 4.81 4.88 4.76 4.76 4.76 4.76 4.74 4.74 4.74 4.74 5.05 5.05 5.05 5.05 5.09 5.09 5.09 5.09 5.14 5.14 5.14 5.14 5.18 5.18 5.18 5.18 5.52 5.52 5.52 5.61 5.43 5.53 5.43 5.43 5.40 5.40 5.40 5.40 5.47 5.47 5.47 5.47 5.78 5.78 5.78 5.78 5.80 5.80 5.80 5.80
3.93 3.93 3.93 3.93 3.94 3.94 3.94 3.94 3.93 3.93 3.95 3.93 4.29 4.29 4.29 4.29 4.36 4.36 4.36 4.36 4.45 4.45 4.45 4.45 4.48 4.48 4.48 4.48 4.81 4.81 4.81 4.81 4.81 4.81 4.81 4.81 4.76 4.76 4.76 4.76 4.74 4.74 4.74 4.74 5.05 5.05 5.05 5.05 5.09 5.09 5.09 5.09 5.14 5.14 5.14 5.14 5.18 5.18 5.18 5.18 5.52 5.52 5.52 5.52 5.43 5.43 5.43 5.43 5.40 5.40 5.40 5.40 5.47 5.47 5.47 5.47 5.78 5.78 5.78 5.78 5.80 5.91 5.80 5.80
3.93 3.93 3.96 3.93 3.94 3.94 3.94 3.94 3.93 3.93 3.93 3.93 4.29 4.29 4.29 4.29 4.36 4.36 4.36 4.36 4.45 4.45 4.45 4.45 4.48 4.48 4.48 4.48 4.81 4.81 4.81 4.81 4.81 4.81 4.81 4.81 4.76 4.76 4.76 4.76 4.74 4.74 4.74 4.74 5.05 5.05 5.05 5.05 5.09 5.09 5.09 5.09 5.14 5.14 5.14 5.14 5.18 5.18 5.18 5.18 5.52 5.52 5.52 5.52 5.43 5.43 5.43 5.53 5.40 5.40 5.40 5.40 5.47 5.47 5.47 5.47 5.78 5.78 5.78 5.78 5.80 5.91 5.80 5.80
3.93 3.93 3.93 3.93 3.94 3.94 3.94 3.94 3.98 3.93 3.93 3.93 4.29 4.29 4.29 4.29 4.36 4.36 4.36 4.36 4.45 4.45 4.45 4.45 4.48 4.48 4.48 4.48 4.81 4.81 4.81 4.81 4.81 4.95 4.81 4.88 4.76 4.76 4.76 4.76 4.74 4.74 4.74 4.74 5.05 5.05 5.05 5.05 5.09 5.09 5.09 5.09 5.14 5.14 5.14 5.14 5.18 5.18 5.18 5.18 5.52 5.52 5.71 5.52 5.43 5.71 5.43 5.43 5.40 5.40 5.40 5.40 5.47 5.47 5.47 5.47 5.78 5.78 5.78 5.78 5.80 5.80 5.91 5.80
3.90 3.90 3.90 3.90 3.93 3.93 3.93 3.93 3.95 3.95 3.95 3.95 4.36 4.36 4.36 4.36 4.47 4.47 4.47 4.47 4.54 4.54 4.54 4.54 4.57 4.57 4.57 4.57 4.86 4.86 4.86 4.86 4.80 4.80 4.80 4.80 4.77 4.77 4.77 4.77 4.78 4.78 4.78 4.78 5.09 5.09 5.09 5.09 5.16 5.16 5.16 5.16 5.20 5.20 5.20 5.20 5.22 5.22 5.22 5.22 5.51 5.51 5.51 5.61 5.50 5.41 5.41 5.41 5.40 5.40 5.40 5.40 5.46 5.46 5.46 5.46 5.78 5.78 5.78 5.78 5.83 5.83 5.83 5.83
4.15 4.08 3.90 3.90 3.93 3.93 3.93 3.93 3.98 3.95 3.95 3.95 4.36 4.36 4.36 4.36 4.47 4.47 4.47 4.47 4.54 4.54 4.54 4.54 4.57 4.57 4.57 4.57 4.86 4.86 4.86 4.86 4.94 4.87 4.80 4.80 4.77 4.77 4.77 4.77 4.78 4.78 4.78 4.78 5.09 5.09 5.09 5.09 5.16 5.16 5.16 5.16 5.20 5.20 5.20 5.20 5.22 5.22 5.22 5.22 5.51 5.51 5.51 5.51 5.41 5.41 5.41 5.41 5.40 5.40 5.40 5.40 5.46 5.46 5.46 5.46 5.78 5.78 5.78 5.78 5.83 5.83 5.83 5.83
4.12 4.12 4.12 4.12 4.15 4.15 3.98 3.98 4.00 4.03 4.00 4.00 4.22 4.22 4.22 4.22 4.34 4.34 4.34 4.34 4.41 4.41 4.41 4.41 4.44 4.44 4.44 4.44 4.41 4.41 4.41 4.41 4.35 4.41 4.35 4.35 4.32 4.32 4.32 4.32 4.33 4.33 4.40 4.33 4.68 4.68 4.68 4.68 4.75 4.75 4.75 4.75 4.80 4.80 4.80 4.80 4.81 4.81 4.81 4.89 5.09 5.09 5.09 5.09 4.99 5.08 4.99 4.99 4.98 4.98 4.98 4.98 5.04 5.04 5.04 5.04 5.65 5.65 5.65 5.65 5.69 5.69 5.69 5.69
4.12 4.12 4.12 4.12 4.15 4.15 4.15 4.15 4.17 4.00 4.00 4.00 4.22 4.22 4.22 4.22 4.34 4.34 4.34 4.34 4.41 4.41 4.41 4.41 4.44 4.44 4.44 4.44 4.41 4.41 4.41 4.41 4.35 4.35 4.35 4.35 4.32 4.32 4.32 4.32 4.39 4.39 4.33 4.33 4.68 4.68 4.68 4.68 4.75 4.75 4.75 4.75 4.80 4.80 4.80 4.80 4.81 4.81 4.81 4.81 5.09 5.09 5.09 5.09 4.99 4.99 4.99 4.99 4.98 4.98 4.98 4.98 5.04 5.04 5.04 5.04 5.65 5.76 5.65 5.65 5.69 5.69 5.69 5.69
4.13 4.13 4.13 4.13 4.17 4.17 4.17 4.17 4.18 4.31 4.18 4.18 4.27 4.27 4.27 4.27 4.38 4.38 4.38 4.38 4.46 4.46 4.46 4.46 4.50 4.50 4.50 4.50 4.42 4.42 4.42 4.42 4.32 4.32 4.32 4.32 4.32 4.32 4.32 4.32 4.33 4.33 4.33 4.33 4.67 4.67 4.67 4.67 4.77 4.77 4.77 4.77 4.83 4.83 4.83 4.83 4.80 4.80 4.80 4.80 5.03 5.03 5.03 5.03 4.96 4.96 4.96 4.96 4.97 4.97 4.97 4.97 5.00 5.00 5.00 5.00 5.63 5.63 5.63 5.74 5.72 5.72 5.72 5.72
4.13 4.13 4.13 4.13 4.17 4.17 4.17 4.17 4.18 4.18 4.18 4.18 4.45 4.45 4.45 4.27 4.38 4.38 4.38 4.38 4.46 4.46 4.46 4.46 4.50 4.50 4.50 4.02 4.42 4.42 4.42 4.42 4.32 4.32 4.32 4.32 4.32 4.32 4.32 4.32 4.33 4.33 4.33 4.33 4.67 4.67 4.67 4.67 4.91 4.77 4.77 4.77 4.83 4.83 4.83 5.80 4.80 4.80 4.80 4.80 5.03 5.03 5.03 5.12 4.96 4.96 4.96 4.96 4.97 4.97 4.97 4.97 5.00 5.00 5.00 5.00 5.63 5.74 5.63 5.63 5.94 5.72 5.72 5.72
4.13 4.13 4.13 4.13 4.17 4.17 4.17 4.17 4.18 4.18 4.18 4.18 4.45 4.45 4.45 4.45 4.42 4.42 4.42 4.38 4.46 4.46 4.46 4.46 4.50 4.50 4.50 2.86 2.61 2.60 4.42 4.42 4.32 4.32 4.32 4.32 4.32 4.32 4.32 4.32 4.33 4.33 4.33 4.33 4.67 4.67 4.67 4.67 4.84 4.77 4.77 4.77 4.83 4.83 4.83 4.83 4.80 4.80 4.80 4.80 5.03 5.03 5.03 5.12 4.96 4.96 4.96 4.96 4.97 4.97 4.97 4.97 5.00 5.00 5.00 5.00 5.63 5.63 5.63 5.63 5.72 5.72 5.72 5.72
4.13 4.13 4.13 4.13 4.27 4.17 4.17 4.17 4.18 4.28 4.18 4.18 4.45 4.45 4.45 4.45 4.42 4.42 4.42 4.42 4.49 4.49 4.46 4.46 4.50 4.56 4.50 2.86 2.22 2.22 2.60 4.42 4.32 4.32 4.32 4.32 4.32 4.32 4.32 4.32 4.48 4.33 4.33 4.40 4.67 4.67 4.67 4.67 4.77 4.77 4.77 4.84 4.83 4.83 4.83 4.90 4.80 4.80 4.80 4.80 5.03 5.03 5.03 5.03 4.96 4.96 4.96 4.96 4.97 4.97 4.97 4.97 5.09 5.00 5.00 5.00 5.63 5.63 5.63 5.63 5.72 5.72 5.72 5.72
4.14 4.14 4.14 4.14 4.18 4.18 4.18 4.18 4.19 4.19 4.19 4.19 4.45 4.45 4.45 4.45 4.44 4.44 4.44 4.44 4.52 4.52 4.52 4.52 4.59 4.50 2.86 2.86 2.22 2.60 4.45 4.39 4.31 4.31 4.31 4.31 4.32 4.32 4.39 4.39 4.49 4.34 4.34 4.34 4.65 4.65 4.65 4.65 4.73 4.73 4.73 4.81 4.81 4.81 4.81 4.97 4.76 4.76 4.76 4.76 5.00 5.00 5.00 5.00 4.96 4.96 4.96 5.05 4.96 4.96 4.96 4.96 5.05 4.97 4.97 4.97 5.61 5.61 5.61 5.61 5.70 5.70 5.70 5.82
4.14 4.14 4.14 4.14 4.18 4.18 4.18 4.18 4.19 4.19 4.19 4.19 4.45 4.45 4.45 4.45 4.44 4.82 4.44 4.44 4.52 4.52 4.52 4.52 4.52 4.52 4.52 4.40 2.60 2.11 4.39 4.39 4.31 4.31 4.31 4.31 4.32 4.32 4.39 4.39 4.41 4.41 4.41 4.34 4.65 4.65 4.65 4.65 4.73 4.73 4.73 4.73 4.81 4.81 2.69 2.69 4.76 4.83 4.76 4.84 5.00 5.00 5.00 5.00 4.96 4.96 4.96 4.96 4.96 4.96 4.96 4.96 4.97 4.97 4.97 4.97 5.61 5.61 5.61 5.61 5.70 5.70 5.70 5.70
4.14 4.14 4.14 4.14 4.18 4.18 4.18 4.18 4.19 4.19 4.19 4.19 4.45 4.45 4.45 4.45 4.44 4.44 4.44 4.44 4.52 3.74 4.52 4.39 3.74 4.52 4.52 4.52 4.58 4.34 4.58 4.58 4.31 4.31 4.31 4.31 4.32 4.32 4.32 4.39 4.41 4.41 4.41 4.34 4.65 4.65 4.65 4.65 4.73 4.73 4.73 4.73 4.81 4.89 2.69 2.69 4.76 4.76 4.76 4.76 5.00 5.00 5.00 5.00 4.96 4.96 4.96 4.96 4.96 4.96 4.96 4.96 4.97 4.97 4.97 4.97 5.61 5.61 5.61 5.61 5.70 5.70 5.70 5.82
4.14 4.14 4.14 4.14 4.18 4.18 4.18 4.18 4.19 4.19 4.29 4.19 4.45 4.45 4.45 4.45 4.44 4.82 4.44 4.44 3.74 3.74 3.87 3.87 3.74 4.52 4.52 4.52 4.58 4.58 4.70 4.77 4.51 4.51 4.51 4.31 4.32 4.32 4.32 4.39 4.41 4.41 4.41 4.41 4.79 4.65 4.65 4.65 4.73 4.73 4.73 4.73 4.81 4.81 4.81 2.69 4.76 4.76 4.76 4.76 5.00 5.00 5.00 5.00 4.96 4.55 5.28 4.96 4.96 4.96 4.96 4.96 4.97 4.97 4.97 4.97 5.61 5.61 5.61 5.61 5.70 5.70 5.70 5.82
4.16 4.16 4.16 4.16 4.19 4.19 4.19 4.19 4.19 4.19 4.28 4.19 4.45 4.45 4.45 4.45 4.43 4.43 4.43 4.43 3.74 4.24 3.69 3.87 3.87 5.26 4.89 4.52 4.70 4.59 3.33 4.59 4.52 4.52 4.52 4.52 4.68 4.68 4.40 4.40 4.42 4.42 4.42 4.35 4.63 4.63 4.63 4.63 4.68 4.68 4.68 4.68 2.69 2.69 4.77 4.85 4.72 4.72 4.72 4.72 5.00 5.00 5.08 5.00 4.99 3.00 3.00 4.99 4.94 4.94 5.03 4.94 4.93 4.93 4.93 4.93 5.61 5.61 5.61 5.61 5.71 5.71 5.71 5.71
4.16 4.16 4.16 4.16 4.19 4.19 4.19 4.19 4.19 4.19 4.19 4.19 4.45 4.45 4.45 4.45 4.43 4.43 4.43 4.43 3.74 5.18 5.55 5.18 4.81 3.48 3.11 2.37 4.27 4.59 3.33 4.59 4.52 4.52 4.52 4.52 4.52 4.52 4.52 4.68 4.70 4.70 4.42 4.35 4.63 4.63 4.63 4.63 4.68 4.68 4.68 4.68 4.77 3.08 1.70 2.78 4.72 4.72 4.72 4.72 5.00 4.57 5.00 5.00 4.99 4.99 4.99 4.99 4.94 4.94 4.94 4.94 4.93 4.93 4.93 4.93 5.61 5.61 5.61 5.61 5.71 5.71 5.71 5.82
4.16 4.16 4.41 3.24 4.19 4.37 4.19 4.28 4.19 4.19 4.19 4.19 4.45 3.74 3.74 3.46 3.74 3.74 3.74 4.43 4.49 4.22 3.85 5.92 7.11 7.69 8.43 8.06 6.32 4.27 5.33 4.59 4.52 4.52 4.52 4.52 4.52 3.58 4.68 4.52 4.70 4.70 4.70 4.70 4.97 4.63 4.63 4.63 4.68 4.68 4.68 4.68 4.77 3.08 2.69 2.75 4.72 4.72 4.72 4.26 4.57 4.57 4.57 4.57 4.99 4.99 4.99 4.99 4.94 4.94 4.94 4.94 4.93 4.93 4.93 4.93 5.61 5.61 5.61 5.61 5.71 5.71 5.71 5.71
4.04 4.41 3.24 3.24 4.19 4.28 4.19 4.19 4.19 4.19 4.19 4.19 4.45 4.45 4.45 3.74 3.74 3.74 4.43 3.74 5.23 4.22 6.37 6.90 0.00 0.00 0.00 0.00 0.00 7.16 1.95 5.33 4.52 4.52 4.52 4.52 3.58 3.33 3.33 4.52 4.54 4.70 4.70 3.71 4.97 4.80 4.80 4.80 4.68 4.68 4.68 4.68 4.77 3.08 3.08 2.66 4.72 4.72 4.72 4.72 4.57 4.57 2.82 4.57 4.99 4.99 4.99 4.99 4.94 4.94 4.94 4.94 4.93 4.93 4.93 4.93 5.61 5.61 5.61 5.61 5.71 5.71 5.71 5.71
4.18 4.41 3.24 3.24 4.28 4.18 4.18 4.18 4.18 4.18 4.18 4.18 4.46 4.46 4.46 4.46 3.74 4.43 3.74 3.74 7.69 6.37 0.00 0.00 0.00 0.00 0.00 0.00 0.00 0.00 7.16 4.81 4.53 4.53 4.53 4.53 4.51 3.33 3.33 4.51 4.52 4.68 4.74 4.68 4.96 4.96 4.79 4.79 4.80 4.80 4.80 4.63 4.71 5.05 3.08 2.66 4.99 4.72 4.72 4.72 5.01 4.57 5.01 5.01 4.99 4.99 5.07 4.99 4.92 4.92 5.00 5.10 5.00 4.92 4.92 4.92 5.61 5.61 5.61 5.61 5.73 5.73 5.73 5.73
3.24 4.41 3.24 3.52 4.18 4.18 4.18 4.42 4.18 4.18 4.18 4.18 4.46 4.46 4.46 4.46 4.43 4.43 4.43 8.05 0.37 0.00 0.00 0.00 0.00 0.00 0.00 0.00 0.00 0.00 0.00 9.45 5.80 4.53 4.53 4.53 4.51 4.51 3.33 4.51 4.52 4.68 4.68 3.71 4.12 4.96 4.93 4.79 4.80 4.80 4.80 4.80 4.75 4.75 4.75 3.08 3.07 3.07 4.72 4.72 4.57 3.00 5.01 5.01 4.99 5.07 4.99 4.56 4.92 4.92 4.92 4.92 4.92 4.92 4.92 4.92 5.61 5.61 5.61 5.61 5.73 5.73 5.73 4.20
4.02 4.02 4.02 4.02 4.54 4.20 4.20 4.20 4.26 4.20 4.20 4.20 4.41 4.41 4.41 4.41 4.46 4.46 7.42 0.00 0.00 0.00 0.00 0.00 0.00 0.00 0.00 0.00 0.00 0.00 0.00 4.37 5.33 4.96 4.90 4.53 4.62 4.51 4.51 4.51 4.53 4.53 4.62 4.52 3.43 4.41 4.28 4.28 4.29 4.29 4.29 4.29 4.35 4.35 4.35 3.08 3.31 3.38 4.09 4.10 4.32 4.32 4.32 4.32 4.30 4.30 4.30 4.30 4.24 4.24 4.24 4.24 4.23 4.23 4.23 4.23 4.78 4.78 4.78 4.78 4.89 4.89 3.10 3.47
4.02 4.02 4.02 4.54 4.02 4.20 4.20 4.20 4.20 4.20 4.20 4.20 4.41 4.49 4.45 5.00 5.27 7.79 0.00 0.00 0.00 0.00 0.00 0.00 0.00 0.00 0.00 0.00 0.00 0.00 0.00 0.00 6.27 3.75 5.09 4.90 4.51 4.51 4.59 4.51 4.53 4.53 4.62 4.46 4.41 4.41 4.28 4.28 4.29 4.29 4.29 4.29 4.35 4.35 4.35 3.08 3.31 3.31 3.08 4.36 4.59 4.32 4.32 4.32 4.43 4.30 4.36 4.30 4.24 4.24 4.24 4.24 4.23 4.23 4.23 2.13 4.78 4.78 4.78 4.78 4.89 4.89 4.89 5.26
4.02 4.10 4.02 4.02 4.53 4.17 4.17 4.17 4.18 4.18 4.18 4.18 4.50 4.50 4.45 5.74 9.73 0.00 0.00 0.00 0.00 0.00 0.00 0.00 0.00 0.00 0.00 0.00 0.00 0.00 0.00 0.00 6.27 5.71 5.33 4.89 4.48 4.48 4.48 4.14 4.50 4.50 4.50 4.59 4.40 3.43 4.52 4.40 4.27 4.27 4.27 4.27 4.34 4.34 4.34 3.08 2.27 3.40 3.31 4.35 4.57 4.57 4.38 4.59 4.27 4.27 4.27 4.27 4.23 4.23 4.23 4.23 4.24 4.24 4.24 4.24 4.73 4.73 4.73 4.73 4.85 4.85 4.85 4.85
4.17 4.02 4.02 4.53 4.17 4.17 4.17 4.17 4.18 4.18 4.18 4.18 4.50 4.50 4.82 8.99 8.25 0.00 0.00 0.00 0.00 0.00 0.00 0.00 0.00 0.00 0.00 0.00 0.00 0.00 0.00 0.00 6.27 5.14 4.81 4.98 4.48 4.48 4.48 4.48 4.50 4.50 4.50 4.59 3.43 3.17 3.43 4.40 4.27 4.27 4.27 4.27 4.34 4.34 4.34 4.34 0.71 3.47 4.35 4.48 4.57 3.55 4.89 4.57 4.36 4.53 4.53 4.53 4.23 4.23 4.23 4.23 4.24 4.24 4.24 4.24 4.29 4.73 4.73 4.73 4.85 4.93 4.93 3.10
4.17 4.17 4.17 4.17 4.17 4.17 4.24 4.17 4.18 4.18 4.53 4.18 4.50 4.82 8.44 7.30 0.00 0.00 0.00 0.00 0.00 0.00 0.00 0.00 0.00 0.00 0.00 0.00 0.00 0.00 0.00 0.00 8.22 4.96 5.55 4.83 4.57 4.48 4.48 4.76 4.50 4.50 4.35 4.59 4.40 3.43 3.43 4.40 4.27 4.27 4.27 4.09 4.12 4.34 4.34 3.68 2.74 3.20 4.35 4.35 4.57 3.55 4.38 4.38 4.82 4.53 4.53 4.53 4.50 4.50 4.50 4.23 4.24 4.24 4.24 4.24 4.73 4.73 4.73 4.73 4.93 4.85 3.10 3.10
4.17 4.17 4.17 4.02 4.59 4.02 4.17 4.17 4.02 4.18 4.18 4.18 4.82 3.72 7.72 0.00 0.00 0.00 0.00 0.00 0.00 0.00 0.00 0.00 0.00 0.00 0.00 0.00 0.00 0.00 0.00 0.00 5.15 9.33 5.20 4.59 4.48 4.35 4.35 4.35 4.35 4.35 4.35 4.46 3.80 3.43 3.43 4.40 4.27 4.27 4.27 4.09 4.12 4.34 3.95 1.45 5.94 4.72 4.46 4.35 4.57 4.38 3.55 3.55 3.55 4.53 4.79 4.53 4.35 4.50 4.50 4.50 4.51 4.51 4.24 4.24 4.73 4.73 4.73 4.73 4.85 4.85 4.85 3.10
4.18 4.18 4.18 4.22 4.59 4.39 4.17 4.17 4.17 4.53 4.02 4.45 4.46 7.88 0.00 0.00 0.00 0.00 0.00 0.00 0.00 0.00 0.00 0.00 0.00 0.00 0.00 0.00 0.00 0.00 0.00 0.00 0.00 5.83 7.75 4.47 4.35 4.42 4.45 4.45 4.48 4.35 4.35 4.22 3.28 3.43 4.26 4.26 4.27 4.27 4.27 3.31 3.08 4.32 4.49 2.94 5.71 3.65 4.32 4.32 4.53 4.53 4.36 3.85 3.55 3.30 4.53 4.53 4.52 4.52 4.52 4.52 4.51 4.51 4.51 4.51 4.91 4.91 4.70 4.70 4.79 4.79 4.79 3.10
7.81 7.81 7.81 4.92 5.02 5.02 4.54 4.17 4.17 4.17 4.02 4.76 8.25 0.00 0.00 0.00 0.00 0.00 0.00 0.00 0.00 0.00 0.00 0.00 0.00 0.00 0.00 0.00 0.00 0.00 0.00 0.00 0.00 4.47 9.21 4.84 4.35 4.45 4.45 4.45 4.48 4.48 7.98 4.22 5.13 4.39 4.63 4.26 4.27 4.27 4.27 3.31 3.08 4.70 6.55 3.68 4.42 5.13 4.42 4.32 4.53 4.53 3.55 3.55 4.82 3.30 4.53 4.53 4.52 4.52 4.52 4.52 4.51 4.51 4.51 4.51 4.91 4.91 4.91 4.91 4.99 4.79 4.79 4.79
