New_Model_Runs/13_Future_RCP4.5_Scn3_out/post_prcessed_with_MFR/Monthly_summaries/net_infiltration_monthly_JUN.asc
NCOLS 700
NROWS 400
XLLCENTER 515000.000000
YLLCENTER 8409000.000000
CELLSIZE 50.000000
NODATA_value -999.000000
[rows 76 to 113 of 400, columns 336 to 419 of 700]
0.00 0.00 0.00 0.00 0.00 0.00 0.00 0.00 0.00 0.00 0.00 0.00 0.00 0.00 0.00 0.00 0.00 0.00 0.00 0.00 0.00 0.00 0.00 0.00 0.00 0.00 0.00 0.00 0.00 0.00 0.00 0.00 0.00 0.00 0.00 0.00 0.00 0.00 0.00 0.00 0.00 0.00 0.00 0.00 0.00 0.00 0.00 0.00 2.02 3.25 0.00 0.00 0.00 0.00 0.00 0.00 0.00 4.83 4.65 4.28 4.29 4.29 4.95 4.95 4.44 5.13 5.13 5.48 7.35 2.77 3.98 0.00 0.00 0.00 0.00 0.00 0.00 0.00 0.00 0.00 0.00 0.00 0.00 0.00
0.00 0.00 0.00 0.00 0.00 0.00 0.00 0.00 0.00 0.00 0.00 0.00 0.00 0.00 0.00 0.00 0.00 0.00 0.00 0.00 0.00 0.00 0.00 0.00 0.00 0.00 0.00 0.00 0.00 0.00 0.00 0.00 0.00 0.00 0.00 0.00 0.00 0.00 0.00 0.00 0.00 0.00 0.00 0.00 0.00 0.00 0.00 0.00 2.34 4.43 4.43 0.00 0.00 0.00 4.36 4.36 4.28 4.28 4.83 4.28 4.29 4.95 4.95 4.95 5.13 5.13 3.27 1.34 3.13 7.36 0.00 0.00 0.00 0.00 0.00 0.00 0.00 0.00 0.00 0.00 0.00 0.00 0.00 0.00
0.00 0.00 0.00 0.00 0.00 0.00 0.00 0.00 0.00 0.00 0.00 0.00 0.00 0.00 0.00 0.00 0.00 0.00 0.00 0.00 0.00 0.00 0.00 0.00 0.00 0.00 0.00 0.00 0.00 0.00 0.00 0.00 0.00 0.00 0.00 0.00 0.00 0.00 0.00 0.00 0.00 0.00 0.00 0.00 0.00 0.00 0.00 0.00 4.43 4.43 4.43 4.43 4.36 4.36 4.36 4.36 4.28 4.79 4.65 4.28 4.29 4.16 4.16 1.99 2.07 2.07 2.07 2.07 5.94 0.00 0.00 0.00 0.00 0.00 0.00 0.00 0.00 0.00 0.00 0.00 0.00 0.00 0.00 0.00
0.00 0.00 0.00 0.00 0.00 0.00 0.00 0.00 0.00 0.00 0.00 0.00 0.00 0.00 0.00 0.00 0.00 0.00 0.00 0.00 0.00 0.00 0.00 0.00 0.00 0.00 0.00 0.00 0.00 0.00 0.00 0.00 0.00 0.00 0.00 0.00 0.00 0.00 0.00 0.00 0.00 0.00 0.00 0.00 0.00 0.00 0.00 2.71 4.43 4.43 4.43 4.43 4.36 4.36 4.36 4.36 4.28 3.25 4.28 4.28 4.42 3.69 4.95 1.99 2.07 2.79 2.79 5.58 0.00 0.00 0.00 0.00 0.00 0.00 0.00 0.00 0.00 0.00 0.00 0.00 0.00 0.00 0.00 0.00
0.00 0.00 0.00 0.00 0.00 0.00 0.00 0.00 0.00 0.00 0.00 0.00 0.00 0.00 0.00 0.00 0.00 0.00 0.00 0.00 0.00 0.00 0.00 0.00 0.00 0.00 0.00 0.00 0.00 0.00 0.00 0.00 0.00 0.00 0.00 0.00 0.00 0.00 0.00 0.00 0.00 0.00 0.00 0.00 0.00 0.00 0.00 4.81 4.40 4.40 4.40 4.40 4.27 4.27 4.27 4.27 4.32 4.32 4.32 4.32 4.45 3.87 4.81 2.35 2.79 5.93 6.30 0.00 0.00 0.00 0.00 0.00 0.00 0.00 0.00 0.00 0.00 0.00 0.00 0.00 0.00 0.00 0.00 0.00
0.00 0.00 0.00 0.00 0.00 0.00 0.00 0.00 0.00 0.00 0.00 0.00 0.00 0.00 0.00 0.00 0.00 0.00 0.00 0.00 0.00 0.00 0.00 0.00 0.00 0.00 0.00 0.00 0.00 0.00 0.00 0.00 0.00 0.00 0.00 0.00 0.00 0.00 4.75 0.00 0.00 0.00 0.00 0.00 0.00 0.00 0.00 4.81 4.40 4.40 4.40 4.40 4.27 4.97 4.27 4.27 4.92 4.62 4.32 4.32 4.45 4.45 4.81 2.35 2.42 5.57 0.00 0.00 0.00 0.00 0.00 0.00 0.00 0.00 0.00 0.00 0.00 0.00 0.00 0.00 0.00 0.00 0.00 0.00
0.00 0.00 0.00 0.00 0.00 0.00 0.00 0.00 0.00 0.00 0.00 0.00 0.00 0.00 0.00 0.00 0.00 0.00 0.00 0.00 0.00 0.00 0.00 0.00 0.00 0.00 0.00 0.00 0.00 0.00 0.00 0.00 0.00 0.00 0.00 0.00 0.00 6.10 6.10 6.10 6.11 0.00 0.00 0.00 0.00 0.00 0.00 4.29 4.28 4.28 4.28 4.28 4.16 4.16 4.16 4.16 3.98 3.98 4.21 4.21 4.33 4.33 5.57 3.26 7.13 0.00 0.00 0.00 0.00 0.00 0.00 0.00 0.00 0.00 0.00 0.00 0.00 0.00 0.00 0.00 0.00 0.00 0.00 4.10
0.00 0.00 0.00 0.00 0.00 0.00 0.00 0.00 0.00 0.00 0.00 0.00 0.00 0.00 0.00 0.00 0.00 0.00 0.00 0.00 0.00 0.00 0.00 0.00 0.00 0.00 0.00 0.00 0.00 0.00 0.00 0.00 0.00 0.00 0.00 0.00 6.10 6.10 6.10 6.10 6.54 6.67 6.67 5.06 2.49 4.29 4.29 4.29 4.28 4.28 4.28 4.28 4.16 4.16 4.16 4.16 4.21 4.21 4.21 4.21 5.32 5.02 5.02 3.26 6.77 0.00 0.00 0.00 0.00 0.00 0.00 0.00 0.00 0.00 0.00 0.00 0.00 0.00 0.00 0.00 4.10 4.57 4.10 4.10
0.00 0.00 0.00 0.00 0.00 0.00 0.00 0.00 0.00 0.00 0.00 0.00 0.00 0.00 0.00 0.00 0.00 0.00 0.00 0.00 0.00 0.00 0.00 0.00 0.00 0.00 0.00 0.00 0.00 0.00 0.00 0.00 0.00 0.00 4.57 6.12 6.07 6.07 6.07 6.07 6.09 6.75 6.64 6.64 6.04 4.20 4.20 4.48 4.18 4.18 4.18 4.18 4.21 4.21 4.21 4.21 4.36 4.36 4.36 4.36 5.42 5.02 2.05 2.96 7.83 0.00 0.00 0.00 0.00 0.00 0.00 0.00 0.00 0.00 0.00 0.00 0.00 0.00 0.00 0.00 4.11 4.11 4.11 4.11
0.00 0.00 0.00 0.00 0.00 0.00 0.00 0.00 0.00 0.00 0.00 0.00 0.00 0.00 0.00 0.00 0.00 0.00 0.00 0.00 0.00 0.00 0.00 0.00 0.00 0.00 0.00 0.00 0.00 0.00 0.00 0.00 0.00 6.12 6.12 6.12 6.07 6.07 6.07 6.07 6.09 6.64 6.64 6.64 6.04 6.46 4.20 4.20 4.18 4.18 4.18 4.18 4.21 4.21 4.21 4.21 5.36 5.36 5.36 5.02 5.02 4.45 3.48 3.68 3.51 0.00 0.00 0.00 0.00 0.00 0.00 0.00 0.00 0.00 0.00 0.00 0.00 0.00 0.00 4.36 4.11 4.22 4.11 4.11
0.00 0.00 0.00 0.00 0.00 0.00 0.00 0.00 0.00 0.00 0.00 0.00 0.00 0.00 0.00 0.00 0.00 0.00 0.00 0.00 0.00 0.00 0.00 0.00 0.00 0.00 0.00 0.00 0.00 0.00 0.00 0.00 0.00 6.56 6.12 6.12 6.07 6.07 6.50 6.07 6.09 6.64 6.64 7.23 6.04 6.04 6.04 4.20 4.18 4.58 4.18 4.18 4.21 4.21 4.21 4.21 5.36 5.36 5.02 5.02 4.45 1.69 3.22 6.83 0.00 0.00 0.00 0.00 0.00 0.00 0.00 0.00 0.00 0.00 0.00 0.00 0.00 0.00 4.36 4.36 4.11 4.11 4.11 4.11
0.00 0.00 0.00 0.00 0.00 0.00 0.00 0.00 0.00 0.00 0.00 0.00 0.00 0.00 0.00 0.00 0.00 0.00 0.00 0.00 0.00 0.00 0.00 0.00 0.00 0.00 0.00 0.00 0.00 0.00 0.00 0.00 0.00 6.12 6.12 6.12 6.07 6.07 6.07 6.07 6.09 6.51 6.64 6.64 6.04 6.04 6.04 6.04 4.18 4.48 4.18 3.98 4.21 4.21 4.21 4.21 4.36 5.48 5.02 5.02 5.02 4.45 4.99 6.47 0.00 0.00 0.00 0.00 0.00 0.00 0.00 0.00 0.00 0.00 0.00 0.00 0.00 4.48 4.36 4.36 4.11 4.11 4.39 4.11
0.00 0.00 0.00 0.00 0.00 0.00 0.00 0.00 0.00 0.00 0.00 0.00 0.00 0.00 0.00 0.00 0.00 0.00 0.00 0.00 0.00 0.00 0.00 0.00 0.00 0.00 0.00 0.00 0.00 0.00 0.00 0.00 0.00 0.00 6.20 6.20 6.11 6.11 6.11 6.11 6.05 6.05 6.60 6.60 6.52 5.98 5.98 5.83 6.40 4.52 4.52 4.25 4.35 4.35 4.35 4.35 4.43 4.43 5.53 5.02 5.38 8.83 7.45 6.47 0.00 0.00 0.00 0.00 0.00 0.00 0.00 0.00 0.00 0.00 0.00 0.00 4.66 4.38 4.38 4.38 4.39 4.12 4.12 4.12
0.00 0.00 0.00 0.00 0.00 0.00 0.00 0.00 0.00 0.00 0.00 0.00 0.00 0.00 0.00 0.00 0.00 0.00 0.00 0.00 0.00 0.00 0.00 0.00 0.00 0.00 0.00 0.00 0.00 0.00 0.00 0.00 0.00 0.00 0.00 6.20 6.11 6.11 6.11 6.11 6.05 6.05 6.05 6.48 6.52 5.98 5.83 5.83 5.99 6.57 4.25 4.25 4.35 4.35 4.35 4.35 4.43 5.44 5.38 5.38 4.60 6.40 7.81 7.90 4.99 0.00 0.00 0.00 0.00 0.00 0.00 0.00 0.00 0.00 0.00 4.42 4.66 4.38 4.38 4.38 4.12 4.12 4.39 4.12
0.00 0.00 0.00 0.00 0.00 0.00 0.00 0.00 0.00 0.00 0.00 0.00 0.00 0.00 0.00 0.00 0.00 0.00 0.00 0.00 0.00 0.00 0.00 4.13 0.00 0.00 0.00 0.00 0.00 0.00 0.00 0.00 0.00 0.00 0.00 6.63 6.11 6.11 6.55 6.11 6.05 6.05 6.05 6.05 5.98 5.98 6.18 5.83 6.08 6.57 6.08 4.25 4.35 5.34 5.34 8.85 8.95 8.95 8.89 8.47 8.11 8.50 3.58 2.91 2.20 5.35 4.99 5.75 0.00 0.00 0.00 0.00 5.22 5.22 7.08 4.42 4.38 4.38 4.38 4.38 4.12 4.12 4.12 4.12
0.00 0.00 0.00 0.00 0.00 0.00 0.00 0.00 0.00 0.00 0.00 0.00 0.00 0.00 0.00 0.00 0.00 0.00 0.00 0.00 0.00 0.00 0.00 6.04 6.03 6.03 0.00 0.00 0.00 0.00 0.00 0.00 0.00 0.00 0.00 0.00 6.11 6.11 6.11 6.11 6.05 6.05 6.05 6.61 5.98 5.98 5.98 5.98 6.08 6.08 6.08 6.08 5.34 8.85 8.85 5.72 5.81 4.43 5.02 1.52 4.63 4.63 2.77 6.46 4.99 6.11 7.55 4.86 3.98 3.62 6.77 5.57 5.33 1.70 1.70 4.78 4.38 4.38 4.38 4.38 4.12 4.12 4.12 4.12
0.00 0.00 0.00 0.00 0.00 0.00 0.00 0.00 0.00 0.00 0.00 0.00 0.00 0.00 0.00 0.00 0.00 0.00 0.00 0.00 0.00 0.00 0.00 6.05 6.04 6.04 6.04 0.00 0.00 0.00 0.00 0.00 0.00 0.00 0.00 0.00 6.15 6.15 6.15 6.15 6.03 6.03 6.03 6.45 6.44 6.02 6.02 6.02 6.18 6.18 6.18 6.18 6.24 5.06 4.36 4.36 4.43 4.43 4.43 5.02 4.81 4.45 3.89 5.02 4.48 2.24 6.04 6.55 4.96 2.06 3.86 3.56 5.57 2.48 5.37 4.84 5.02 4.42 4.90 4.42 4.16 4.16 4.16 4.16
0.00 0.00 0.00 0.00 0.00 0.00 0.00 0.00 0.00 0.00 0.00 0.00 0.00 0.00 0.00 0.00 0.00 0.00 0.00 0.00 0.00 0.00 0.00 6.05 6.04 6.04 6.04 6.47 0.00 0.00 0.00 0.00 0.00 0.00 0.00 0.00 0.00 6.15 6.15 6.15 6.03 6.03 6.03 6.03 6.02 6.02 6.02 6.44 6.18 7.04 6.18 7.04 6.24 6.24 4.36 4.36 4.43 4.43 4.61 5.02 4.15 4.47 6.69 2.95 4.87 4.24 5.72 5.11 4.79 2.54 3.08 2.72 7.39 5.92 4.81 5.00 4.42 4.90 5.51 5.42 4.16 4.16 4.16 4.16
0.00 0.00 0.00 0.00 0.00 0.00 0.00 0.00 0.00 0.00 0.00 0.00 0.00 0.00 0.00 0.00 0.00 0.00 0.00 0.00 0.00 0.00 4.95 6.05 6.04 6.04 6.04 6.04 6.08 0.00 0.00 0.00 0.00 0.00 0.00 0.00 0.00 6.15 6.15 6.15 6.03 6.03 6.03 6.03 6.44 6.02 6.02 6.02 6.18 6.18 6.63 6.18 6.24 6.24 6.24 4.36 4.43 4.43 5.02 5.02 5.78 4.45 5.50 4.45 4.48 4.24 6.62 5.00 4.43 2.54 2.54 1.65 5.16 7.96 7.96 8.51 9.64 5.42 5.42 5.42 4.16 4.16 4.16 4.42
0.00 0.00 0.00 0.00 0.00 0.00 0.00 0.00 0.00 0.00 0.00 0.00 0.00 0.00 0.00 0.00 0.00 0.00 0.00 0.00 0.00 0.00 5.57 6.05 6.04 6.04 6.04 6.04 6.51 6.08 0.00 0.00 0.00 0.00 0.00 0.00 6.15 6.15 6.15 6.15 6.45 6.03 6.03 6.03 6.45 6.02 6.02 6.02 6.18 6.18 6.18 6.18 6.24 6.24 6.24 6.24 4.43 5.44 5.44 5.02 7.10 4.45 4.45 4.45 4.48 5.00 6.21 4.48 4.50 5.00 2.55 1.65 1.65 1.65 4.84 5.00 8.93 5.42 5.42 5.42 4.16 4.16 4.16 4.16
0.00 0.00 0.00 0.00 0.00 0.00 0.00 0.00 0.00 0.00 0.00 0.00 0.00 0.00 0.00 0.00 4.95 0.00 5.56 4.95 4.94 4.94 4.94 4.94 6.01 6.01 6.01 6.01 6.06 6.06 6.06 0.00 0.00 0.00 0.00 0.00 6.13 6.13 6.13 6.13 6.06 6.06 6.06 6.06 6.06 6.06 6.06 6.06 6.17 6.17 6.17 6.17 6.21 6.21 6.21 6.21 6.32 6.92 5.43 5.09 2.95 4.42 4.49 4.42 4.48 5.40 5.40 4.40 4.44 5.44 2.55 6.53 4.46 4.46 4.43 5.00 8.58 4.14 4.14 5.47 2.73 4.22 4.22 4.22
0.00 0.00 0.00 0.00 0.00 0.00 0.00 0.00 4.98 4.98 0.00 0.00 0.00 4.99 4.99 5.72 4.95 4.95 4.95 5.67 4.94 4.94 4.94 4.94 6.01 6.80 6.01 6.01 6.06 6.06 6.06 6.06 6.21 6.21 6.21 6.21 6.13 6.13 6.13 6.13 6.06 6.06 6.06 6.06 6.06 6.06 6.06 6.50 6.96 6.17 6.17 6.17 6.21 6.21 6.21 6.21 6.32 6.92 6.92 6.31 4.42 4.42 4.49 4.61 4.90 5.50 4.40 4.40 4.44 6.55 4.14 5.96 5.47 4.43 5.00 5.47 5.53 8.98 5.47 5.47 5.24 4.66 4.22 4.48
0.00 0.00 0.00 0.00 0.00 0.00 0.00 5.19 5.18 5.18 5.18 5.18 5.19 5.19 5.19 5.84 5.40 5.40 5.40 5.40 6.06 6.06 5.39 5.39 6.64 7.18 6.64 6.64 7.23 6.69 6.69 6.69 6.80 6.80 6.80 7.44 6.81 6.81 6.81 6.81 6.73 6.73 7.29 6.73 6.74 6.74 7.29 6.74 7.26 6.71 6.71 6.71 6.76 6.76 6.76 6.76 7.33 8.42 7.39 6.87 4.94 4.94 5.39 5.39 4.89 5.81 7.08 4.75 4.78 6.48 4.62 5.50 5.50 5.50 5.88 5.88 5.50 9.02 8.14 9.52 5.85 5.70 4.96 4.66
0.00 0.00 0.00 0.00 0.00 0.00 0.00 0.00 5.18 5.18 5.18 5.18 5.83 5.83 5.19 5.19 6.07 5.40 5.40 5.40 5.39 6.06 5.39 5.39 6.03 6.64 6.64 6.64 6.69 6.69 6.69 6.69 6.80 6.80 6.80 6.80 6.81 6.81 6.81 7.36 7.29 6.73 6.73 6.73 6.74 6.74 7.29 6.74 6.71 6.71 6.71 6.71 6.76 6.76 6.76 6.76 6.87 7.62 7.83 6.87 6.87 4.94 4.94 4.94 4.75 4.75 5.31 4.75 4.78 4.98 5.50 5.50 5.50 5.50 5.88 5.88 5.50 5.50 5.55 7.04 5.85 5.70 4.66 4.66
0.00 0.00 0.00 0.00 0.00 0.00 0.00 0.00 5.81 5.17 5.17 5.17 5.15 5.15 5.15 5.79 5.38 6.04 5.38 5.38 5.38 6.04 5.38 5.38 5.37 6.61 7.15 6.61 6.63 6.63 6.63 6.63 7.34 7.36 6.80 6.80 6.77 6.77 6.77 7.93 6.76 6.76 6.76 6.76 6.74 6.74 6.74 6.74 6.69 6.69 6.69 6.69 6.76 6.76 6.76 6.76 6.84 6.84 6.84 6.84 6.81 6.81 4.90 4.90 4.73 5.03 5.03 4.73 4.78 4.78 5.50 5.95 5.55 6.29 5.88 4.81 5.50 6.63 5.55 4.62 4.76 4.49 5.69 5.69
0.00 0.00 0.00 0.00 0.00 0.00 0.00 0.00 5.17 5.17 5.17 5.17 5.15 5.15 5.15 5.15 5.38 5.38 6.04 5.38 5.38 6.04 5.38 5.38 5.37 6.61 6.61 6.61 6.63 6.63 6.63 6.63 6.80 6.80 6.80 6.80 6.77 6.77 6.77 6.77 7.32 6.76 7.32 6.76 6.74 6.74 6.74 6.74 6.69 6.69 6.69 6.69 6.76 7.31 6.76 6.76 6.84 6.84 7.32 6.84 6.81 6.81 6.81 4.90 4.73 4.73 4.73 4.73 4.78 4.78 5.50 5.85 5.88 5.50 4.62 4.81 5.88 6.01 4.62 6.01 5.69 5.69 4.49 5.69
0.00 0.00 0.00 0.00 0.00 0.00 0.00 0.00 5.81 6.13 5.81 5.17 5.15 5.15 5.15 5.15 5.38 5.38 5.38 5.38 5.38 5.38 6.04 5.38 5.37 5.37 6.61 7.15 6.63 6.63 6.63 7.17 7.55 6.80 6.80 6.80 7.33 6.77 6.77 6.77 6.76 6.76 6.76 6.76 6.74 6.74 6.74 6.74 6.69 6.69 6.69 6.69 6.76 6.76 6.76 6.76 6.84 6.84 8.08 6.84 6.81 6.81 6.81 6.81 4.73 4.73 4.73 4.73 4.78 4.78 6.60 5.85 5.88 5.88 5.95 5.18 4.80 5.88 6.01 5.88 5.69 4.65 4.65 4.65
0.00 0.00 0.00 0.00 0.00 0.00 0.00 5.24 5.17 5.17 5.81 5.81 5.15 5.15 5.15 5.15 5.38 5.38 5.38 6.78 5.38 5.38 5.38 5.38 5.37 5.37 6.61 6.61 6.63 6.63 6.63 6.63 7.33 7.63 6.80 6.80 6.77 6.77 6.77 7.75 6.76 6.76 6.76 6.76 6.74 6.74 6.74 6.74 7.23 6.69 6.69 6.69 6.76 6.76 6.76 6.76 6.84 7.31 7.31 6.84 6.81 6.81 6.81 6.81 6.61 4.73 4.73 4.73 4.78 4.78 4.78 5.85 5.88 5.50 5.50 6.44 4.80 4.80 6.01 4.62 5.69 4.65 4.65 4.65
0.00 0.00 0.00 0.00 0.00 0.00 5.24 5.24 5.16 5.16 5.16 5.16 5.77 5.13 5.13 5.13 5.35 5.35 5.35 6.01 5.36 5.36 5.36 5.36 5.36 5.36 6.60 6.60 6.60 6.60 6.60 6.60 7.30 6.77 7.52 7.32 6.75 6.75 6.75 6.75 6.76 6.76 6.76 6.76 6.72 6.72 7.27 7.26 7.21 6.67 6.67 6.67 6.76 6.76 6.76 6.76 6.79 6.79 6.79 6.79 6.76 6.76 6.76 6.76 6.57 6.57 5.54 4.70 4.74 4.74 5.04 4.74 4.77 4.77 5.99 5.99 5.97 4.75 5.05 4.75 5.60 4.57 4.57 4.57
0.00 0.00 0.00 0.00 0.00 3.81 5.24 5.24 5.16 5.16 5.16 5.16 5.13 5.13 5.13 5.13 5.96 5.35 5.35 6.01 6.02 5.36 5.36 6.35 6.02 5.36 5.36 6.60 6.60 6.60 6.60 6.60 6.77 6.77 6.77 6.77 6.75 6.75 6.75 6.75 6.76 6.76 6.76 6.76 6.72 6.72 6.72 6.72 6.67 6.67 6.67 6.67 6.76 6.76 6.76 6.76 7.34 6.79 7.35 6.79 6.76 6.76 7.34 6.76 6.57 6.57 6.57 4.70 4.74 4.74 4.74 5.04 4.77 4.77 3.42 6.98 6.55 4.75 4.75 4.75 4.57 4.87 4.57 4.57
0.00 0.00 0.00 0.00 0.00 3.81 5.89 5.24 5.16 5.80 5.16 5.16 5.13 5.13 5.13 5.13 5.35 5.35 5.35 5.35 5.36 6.02 5.36 5.36 5.36 5.36 5.36 6.60 8.06 6.60 6.60 7.65 7.32 6.77 6.77 6.77 6.75 6.75 6.75 6.75 6.76 6.76 6.76 6.76 6.72 7.27 6.72 6.72 6.67 6.67 6.67 6.67 7.29 6.76 6.76 6.76 6.79 6.79 6.79 6.79 6.76 6.76 7.74 7.89 6.57 6.57 7.09 6.57 4.74 4.74 4.74 4.74 4.77 4.77 4.77 5.84 5.81 4.75 4.75 4.75 4.57 4.57 4.57 4.57
0.00 0.00 0.00 0.00 0.00 5.24 5.89 5.24 5.16 5.16 5.16 5.16 5.13 5.77 5.13 5.13 5.35 5.35 5.35 5.35 5.36 5.36 5.36 5.36 5.36 5.36 5.36 5.36 7.14 6.60 6.60 6.60 6.77 7.32 6.77 6.77 6.75 6.75 6.75 6.75 6.76 6.76 7.31 6.76 6.72 6.72 6.72 6.72 6.67 6.67 6.67 6.67 7.29 6.76 6.76 6.76 6.79 7.35 6.79 6.79 7.31 6.76 6.76 7.31 6.57 6.57 6.57 6.57 6.63 4.74 4.74 4.74 5.06 4.77 5.28 4.77 5.81 4.75 4.75 4.75 4.57 4.57 4.57 4.57
0.00 0.00 0.00 0.00 0.00 5.22 5.22 5.22 5.14 5.14 5.14 5.14 5.12 5.12 5.76 5.12 5.33 5.33 5.33 5.33 5.36 5.36 6.02 5.36 5.37 6.03 5.37 5.37 6.60 8.51 6.60 6.60 6.75 6.75 7.30 6.75 6.73 6.73 6.73 6.73 6.74 6.74 7.29 6.74 6.69 6.69 7.23 6.69 6.64 6.64 6.64 6.64 6.71 6.71 6.71 6.71 6.70 6.70 6.70 6.70 6.70 6.70 6.70 6.70 6.51 6.51 7.02 7.03 6.53 6.53 4.67 4.67 4.68 4.68 4.68 4.68 4.66 4.66 4.66 6.60 4.51 4.51 4.51 4.51
0.00 0.00 0.00 3.81 0.00 7.39 5.87 5.22 5.14 5.14 5.14 5.14 5.12 5.12 5.12 5.12 5.33 5.33 5.33 5.33 5.36 5.36 5.36 5.36 5.37 6.03 5.37 5.37 6.60 7.64 7.13 6.60 6.75 6.75 7.90 6.75 7.28 6.73 6.73 6.73 7.29 6.74 7.29 6.74 6.69 6.69 6.69 6.69 6.64 6.64 6.64 7.68 6.71 7.25 6.71 7.25 6.70 6.70 6.70 6.70 6.70 6.70 6.70 6.70 6.51 6.51 7.02 6.51 6.53 6.53 6.53 4.67 4.68 4.68 6.71 5.66 5.64 5.64 5.64 5.64 5.48 5.48 5.99 5.48
0.00 0.00 0.00 0.00 5.22 5.22 5.22 5.22 5.14 5.14 5.14 5.14 5.12 5.12 5.12 5.12 7.05 5.33 5.33 5.33 5.36 5.36 6.51 5.36 5.37 5.37 6.03 5.37 5.36 6.60 6.60 6.60 6.75 7.30 6.75 7.30 7.28 6.73 6.73 6.73 7.29 6.74 6.74 6.74 6.69 6.69 6.69 7.22 6.64 6.64 6.64 6.64 6.71 6.71 6.71 6.71 6.70 6.70 6.70 6.70 6.70 6.70 6.70 6.70 7.06 6.51 6.51 7.02 6.53 6.53 6.53 6.53 5.66 5.66 5.66 5.66 5.64 5.64 5.64 5.64 5.48 5.99 5.48 5.48
0.00 0.00 3.81 3.81 6.35 5.22 5.87 5.22 5.14 5.14 5.14 5.14 5.75 5.75 5.12 5.12 5.98 5.99 5.33 5.33 5.36 5.36 6.02 5.36 6.03 5.37 5.37 6.02 5.36 6.60 6.60 6.60 6.75 6.75 6.75 6.75 7.28 6.73 6.73 6.73 7.28 6.74 6.74 6.74 6.69 6.69 6.69 6.69 6.64 6.64 6.64 6.64 6.71 6.71 7.23 6.71 6.70 6.70 7.74 6.70 6.70 6.70 7.23 6.70 6.51 6.51 6.51 6.51 6.53 6.53 6.53 5.64 5.66 5.66 6.17 5.66 5.64 6.53 5.64 5.64 5.48 5.48 5.48 5.48
0.00 0.00 0.00 5.89 5.17 5.17 5.17 5.17 5.75 5.11 5.11 5.11 5.11 5.74 5.11 5.11 5.31 6.71 5.31 5.31 5.35 5.35 5.35 5.35 5.35 5.35 5.35 6.01 5.33 6.56 6.56 6.56 6.71 6.71 6.71 6.71 6.69 6.69 6.69 6.69 6.66 6.66 6.66 6.66 6.59 6.59 6.59 6.59 6.57 6.57 6.57 6.57 6.60 6.60 6.60 7.13 6.62 6.62 6.62 6.62 6.63 6.63 7.16 6.63 6.46 6.46 6.46 6.46 6.48 6.48 6.48 5.56 5.58 5.58 5.58 6.09 6.06 5.55 5.55 5.55 5.40 5.40 5.40 5.40
0.00 0.00 3.81 5.94 5.17 5.17 5.17 5.17 5.11 5.74 5.11 5.11 5.11 5.11 5.79 5.11 5.31 6.78 5.97 5.31 5.35 5.35 6.36 6.04 5.35 5.35 5.35 5.35 6.03 5.33 6.56 6.56 6.71 6.71 7.28 6.71 6.69 7.24 6.69 6.69 6.66 7.23 7.42 7.21 6.59 6.59 6.59 6.59 6.57 6.57 6.57 7.09 6.60 6.60 6.60 6.60 6.62 6.62 6.62 6.62 6.63 6.63 6.63 6.63 6.46 6.46 6.46 6.46 6.48 6.85 6.48 5.56 5.58 5.58 5.58 5.58 5.55 5.55 5.55 5.55 5.40 5.40 5.40 5.40
