New_Model_Runs/13_Future_RCP4.5_Scn3_out/post_prcessed_with_MFR/Monthly_summaries/net_infiltration_monthly_SEP.asc
NCOLS 700
NROWS 400
XLLCENTER 515000.000000
YLLCENTER 8409000.000000
CELLSIZE 50.000000
NODATA_value -999.000000
[rows 111 to 147 of 400, columns 498 to 580 of 700]
8.58 8.58 8.74 8.74 10.91 10.91 10.97 10.97 10.97 8.78 8.61 8.61 8.62 8.61 8.46 8.81 9.42 9.32 10.61 8.97 8.35 12.22 8.67 9.02 12.83 11.82 11.87 8.96 9.87 8.41 5.48 8.59 9.53 5.48 9.98 8.19 8.59 8.19 8.13 8.13 8.15 8.13 8.11 8.11 8.11 9.47 7.92 7.92 7.92 7.92 8.04 8.12 9.99 13.42 13.25 9.29 10.10 9.74 7.94 7.94 7.94 7.94 7.75 9.77 9.02 9.02 9.12 10.48 11.10 10.48 10.51 9.04 9.04 9.04 9.04 9.04 9.04 9.04 10.22 10.22 10.22 10.22 9.77
8.59 8.59 8.74 10.91 10.83 10.91 10.80 10.80 10.80 8.66 8.50 8.50 8.50 8.50 8.28 8.28 8.28 8.28 9.42 8.66 8.30 8.30 8.36 8.36 12.83 10.72 12.47 8.79 9.15 8.43 8.14 8.14 8.14 5.48 8.12 8.12 8.12 8.12 8.09 8.09 8.12 8.09 8.12 8.58 10.16 8.59 7.93 7.93 7.93 7.93 7.98 8.12 11.63 7.98 7.92 7.92 7.92 7.92 8.65 7.90 7.90 7.90 7.74 9.76 9.00 9.00 9.04 12.09 10.39 10.39 10.39 9.04 9.04 9.77 8.92 8.92 8.92 11.58 10.27 10.27 10.27 8.96 9.53
8.59 8.59 8.74 10.91 10.91 10.91 10.80 8.66 8.66 8.66 8.50 8.50 8.50 8.50 8.28 8.28 8.28 8.28 8.30 8.30 8.30 8.30 8.36 6.23 9.32 7.21 10.36 8.96 8.54 8.43 4.46 9.49 8.14 5.97 8.12 8.12 8.12 8.12 8.09 8.10 8.09 8.09 8.12 9.84 6.58 6.58 7.93 7.93 7.93 7.93 11.49 11.52 11.49 7.93 7.92 7.92 8.76 7.92 7.90 7.90 8.63 7.90 7.74 9.00 9.00 9.00 10.39 10.73 10.39 9.79 9.04 9.79 9.04 8.70 8.92 8.92 8.92 8.92 10.27 8.96 8.96 8.96 10.15
9.07 9.07 10.80 11.63 11.63 10.80 8.35 8.35 8.35 8.35 8.87 9.01 8.87 8.87 8.53 8.53 8.53 8.53 8.55 8.55 8.55 8.55 8.61 8.61 8.61 8.61 9.49 13.00 9.49 9.49 9.34 9.34 8.03 5.32 8.03 8.39 8.39 8.00 7.98 7.98 7.98 11.49 11.52 13.20 8.37 8.37 7.84 7.84 7.84 7.84 11.40 7.89 8.65 7.89 7.83 7.83 7.83 7.83 7.72 7.72 7.72 7.72 7.69 8.95 8.95 8.95 10.32 10.89 8.99 8.99 8.99 9.74 9.74 8.99 9.60 8.87 8.87 8.87 9.09 10.42 9.09 9.09 9.19
9.07 9.07 12.54 11.41 10.80 10.80 8.35 8.35 8.35 8.35 8.87 8.87 8.87 8.87 8.53 8.53 8.53 8.53 8.55 8.55 8.55 8.55 8.61 8.61 8.61 8.61 10.20 13.71 10.96 10.96 9.89 8.03 8.03 8.03 8.00 8.00 11.90 11.52 11.49 11.49 11.49 7.98 8.01 11.52 11.88 11.88 7.84 7.84 7.84 7.84 11.40 11.80 7.89 7.89 7.83 7.83 7.83 7.83 7.72 7.72 7.72 7.72 7.69 8.95 8.95 8.95 10.32 11.64 8.99 8.99 8.99 8.99 8.99 8.99 8.87 8.87 8.87 8.87 9.09 9.09 10.42 10.42 9.19
9.02 9.02 11.17 11.25 11.25 9.02 8.82 8.82 8.82 8.95 8.77 8.83 8.83 8.83 8.62 8.62 8.62 8.62 8.70 8.70 8.70 8.70 8.72 8.72 8.72 8.72 10.23 10.23 8.73 8.73 8.04 11.55 9.89 11.55 11.55 11.55 11.55 8.04 8.06 8.06 8.06 8.06 8.09 8.09 8.09 11.60 11.33 7.82 8.56 7.80 8.57 11.33 11.33 11.33 7.80 7.80 7.80 7.80 7.72 7.72 7.72 7.72 7.64 8.89 8.89 8.89 8.87 8.87 8.87 8.87 8.88 8.88 8.88 8.88 8.89 8.89 8.89 8.89 9.16 9.16 10.50 10.50 9.21
9.02 9.02 11.25 9.02 9.02 9.02 8.82 8.82 8.82 8.82 8.83 8.83 8.83 8.83 8.62 8.62 8.62 8.62 8.70 8.70 8.70 8.70 8.72 8.72 8.72 8.72 8.73 8.73 8.73 8.73 5.32 8.04 8.04 8.04 8.04 8.04 8.46 8.04 8.06 8.06 8.06 8.06 8.09 8.09 8.09 8.09 11.33 11.33 7.82 7.82 7.82 7.82 7.82 8.57 11.31 11.31 7.80 8.63 8.55 7.72 7.72 7.72 7.64 8.89 8.89 8.89 8.87 8.87 8.87 8.87 8.88 8.88 8.88 8.88 8.89 8.89 8.89 8.89 9.16 10.50 10.50 9.16 9.21
9.02 9.02 9.02 9.17 9.02 9.02 8.82 8.82 8.82 8.82 8.83 8.83 8.83 8.83 8.62 8.62 8.62 8.62 8.70 8.70 8.70 8.70 8.72 8.72 8.72 8.72 8.73 8.73 8.73 8.73 8.04 8.04 9.35 8.04 8.04 8.04 8.04 8.04 8.06 8.06 8.06 8.06 8.09 8.09 8.09 8.09 7.82 11.33 11.33 11.33 11.33 7.82 11.69 11.31 11.31 11.31 7.80 7.80 7.72 8.55 7.72 7.72 7.64 8.89 8.89 8.89 8.87 8.87 8.87 9.61 8.88 9.61 8.88 8.88 8.89 8.89 8.89 8.89 9.16 10.50 10.50 10.50 9.21
9.02 9.02 9.02 9.02 9.02 9.12 8.82 8.82 8.82 8.82 8.83 8.83 8.83 8.83 8.62 8.62 8.62 8.62 8.70 8.70 8.70 8.70 8.72 8.72 8.72 8.72 8.73 8.73 8.73 8.73 8.04 8.04 8.04 8.04 8.04 8.04 8.04 8.04 8.06 8.06 8.06 8.06 8.09 8.09 8.09 8.09 7.82 7.82 7.82 7.82 11.33 9.37 9.72 8.16 11.31 11.31 8.53 8.16 7.72 7.72 7.72 7.72 7.64 8.89 8.89 8.89 8.87 8.87 9.61 8.87 8.88 8.88 8.88 8.88 8.89 8.89 8.89 8.89 9.16 9.16 11.89 10.50 10.70
8.87 9.01 8.81 8.94 8.81 8.94 8.80 8.80 8.80 8.80 8.94 8.94 8.94 8.94 8.85 8.85 8.85 8.85 8.86 8.86 8.86 8.86 8.85 8.85 8.85 8.85 8.84 8.84 8.84 8.84 8.17 8.17 8.17 8.17 8.16 8.16 8.16 8.16 8.18 8.18 8.18 8.18 8.18 8.18 8.18 8.18 7.86 7.86 7.86 7.86 4.97 12.87 11.32 7.80 7.80 7.76 7.76 7.76 7.65 7.65 7.65 8.45 7.60 8.84 8.84 8.84 8.86 8.86 8.86 8.86 8.95 8.95 8.95 8.95 9.00 9.00 9.00 9.00 9.18 9.18 9.18 9.18 10.28
8.87 8.87 8.81 8.81 8.81 8.81 8.80 8.80 8.80 8.80 8.94 8.94 8.94 8.94 8.85 8.85 8.85 8.85 8.86 8.86 8.86 8.86 8.85 8.85 8.85 8.85 8.84 8.84 8.84 8.84 8.17 8.17 8.46 8.46 8.16 8.16 8.16 8.16 8.18 8.18 8.18 8.18 8.18 8.18 8.39 8.18 7.86 11.31 11.31 7.80 7.80 11.32 7.80 7.80 7.76 7.76 7.76 7.76 7.65 7.65 7.65 7.65 7.60 8.84 8.84 8.84 8.86 8.86 8.86 8.86 8.95 8.95 8.95 8.95 9.00 9.00 9.00 9.00 9.18 9.18 9.18 9.18 9.21
8.87 8.87 8.81 8.81 8.81 8.81 8.80 8.80 8.80 8.80 8.94 8.94 8.94 8.94 8.85 8.85 8.85 8.85 8.86 8.86 8.86 8.86 8.85 8.85 8.85 8.85 8.84 8.84 8.84 8.84 8.17 9.95 8.39 8.39 8.46 8.16 8.16 8.16 8.18 8.18 8.18 8.18 4.28 8.18 8.39 8.39 11.31 9.53 13.37 11.31 11.31 7.80 7.80 7.80 7.76 7.76 7.76 7.76 7.65 7.65 7.65 7.65 8.68 8.84 8.84 8.84 8.86 8.86 8.86 8.86 8.95 8.95 8.95 8.95 9.00 9.00 9.00 9.00 9.18 9.18 9.18 9.18 9.21
8.87 8.87 8.81 8.81 8.81 8.81 8.80 8.80 8.80 8.80 8.94 9.87 8.94 8.94 8.85 6.16 8.80 9.23 8.81 8.86 8.86 8.86 6.16 8.85 8.85 8.85 8.84 8.84 8.84 8.84 8.17 9.95 8.17 8.39 8.46 8.16 8.16 8.16 8.39 8.18 8.18 8.39 5.32 8.18 8.18 11.90 7.80 8.16 8.15 7.86 7.80 7.80 7.80 7.80 7.76 7.76 7.76 7.76 7.65 7.65 7.65 7.65 7.60 8.84 8.84 8.84 8.86 8.86 8.86 8.86 8.95 8.95 8.95 8.95 9.00 9.00 9.00 9.00 9.18 9.18 9.18 9.18 9.21
8.90 8.90 8.91 8.91 8.91 8.91 9.01 9.01 9.01 9.01 9.10 9.10 9.25 9.10 8.79 8.79 9.97 8.79 8.80 8.80 8.80 8.85 8.86 8.82 10.43 9.49 8.82 8.82 8.82 8.82 8.26 10.08 10.08 8.61 8.62 8.26 8.26 8.26 8.47 9.17 10.42 9.42 8.39 8.46 11.70 11.70 7.87 7.87 7.87 7.87 7.86 7.86 7.86 7.86 7.80 8.19 7.80 7.80 7.63 7.63 7.63 7.63 7.59 8.83 8.83 8.83 8.91 8.91 8.91 9.64 9.73 9.75 9.01 9.01 9.05 9.05 9.05 8.85 9.21 9.21 9.21 9.21 9.15
8.90 8.90 8.91 8.91 8.91 8.91 9.01 9.01 9.01 9.01 9.10 9.10 9.10 9.10 8.79 8.92 8.79 8.79 8.80 8.80 8.80 8.80 10.94 10.94 10.94 11.30 10.68 8.82 8.82 8.82 8.26 10.79 10.53 9.86 8.89 8.53 8.62 8.26 7.56 8.64 8.64 3.49 7.56 13.83 8.19 8.19 8.28 7.87 7.87 7.87 7.86 7.86 7.86 7.86 8.21 7.80 7.80 7.80 7.63 7.63 7.63 7.63 7.59 8.83 8.83 8.83 8.91 9.65 10.13 8.91 9.01 9.01 8.71 9.77 9.05 9.81 9.81 9.05 9.02 9.21 9.21 9.21 9.15
8.90 8.90 8.91 8.91 8.91 8.91 9.01 9.01 9.01 9.01 9.10 9.10 9.10 9.10 8.79 8.79 8.79 8.79 8.80 8.80 8.80 8.80 8.82 10.94 12.03 11.66 10.28 6.16 12.69 11.30 11.15 4.11 13.01 11.63 11.98 8.33 12.65 12.84 11.79 12.51 11.07 11.07 15.10 10.81 8.19 8.23 7.87 7.87 7.87 9.48 9.47 9.47 7.86 9.47 9.38 7.80 7.80 7.80 7.63 7.63 7.63 7.63 7.59 8.83 8.83 8.83 8.91 8.91 8.91 8.91 9.01 9.01 9.01 9.01 9.81 9.05 9.05 9.05 9.21 9.21 9.03 9.21 9.15
8.90 8.90 8.91 8.91 8.91 8.91 9.01 9.01 9.01 9.01 9.10 9.10 9.10 9.10 8.79 8.79 8.79 8.79 8.80 8.93 8.93 8.80 8.82 8.82 10.79 11.51 15.02 12.76 14.81 10.60 4.46 8.33 6.38 10.55 10.55 3.58 11.27 6.73 8.25 8.25 13.65 10.03 8.19 8.19 8.19 8.19 7.87 7.87 7.87 9.48 9.47 9.47 8.36 10.02 9.38 9.38 9.38 8.50 7.63 7.63 7.63 7.63 8.66 8.83 8.83 8.83 8.91 8.91 8.91 8.91 9.01 9.01 9.01 9.74 9.05 9.05 9.05 9.05 9.21 9.21 9.21 9.21 9.15
9.05 9.05 9.09 9.09 9.09 9.09 8.35 8.35 8.35 8.35 8.36 8.36 8.36 8.36 8.79 8.79 8.79 8.79 8.80 8.80 8.80 8.80 8.83 8.83 10.95 9.03 13.90 15.83 8.67 4.08 7.97 6.73 10.55 0.00 0.00 0.00 0.00 0.00 0.00 8.25 12.06 8.93 8.17 8.17 8.17 8.17 7.84 11.35 13.04 10.15 6.99 6.99 6.28 10.17 9.09 9.36 9.36 7.78 7.64 8.02 8.46 8.80 7.64 8.89 8.89 9.43 9.36 9.36 9.36 8.88 8.91 9.65 8.91 8.91 8.95 8.95 8.95 8.95 9.12 9.88 9.12 9.88 9.15
9.05 9.05 9.09 9.09 9.09 9.09 8.35 8.35 8.35 8.35 10.72 10.72 10.72 10.72 10.90 8.79 8.79 8.79 8.80 8.80 8.80 8.80 9.64 8.83 10.43 11.15 8.67 11.83 7.23 13.76 6.90 0.00 0.00 0.00 0.00 0.00 0.00 0.00 0.00 0.00 10.25 8.21 8.17 8.17 8.17 8.17 11.44 7.17 7.25 9.64 11.22 7.61 9.89 7.80 9.90 9.36 9.36 7.78 7.64 7.64 7.64 7.64 8.73 8.89 8.89 8.89 9.36 9.36 9.24 8.88 8.91 8.91 8.91 8.91 8.95 8.95 8.95 8.95 9.12 9.12 9.12 9.12 9.15
9.04 8.84 8.87 8.87 8.87 8.87 8.92 8.92 8.92 8.92 11.08 11.08 11.53 11.08 10.61 8.75 8.75 8.75 8.76 8.76 8.76 8.76 10.59 8.79 9.77 9.27 8.91 9.22 10.41 13.93 3.87 0.00 0.00 0.00 0.00 0.00 0.00 0.00 0.00 0.00 0.00 12.69 8.38 8.38 11.90 13.40 4.68 6.28 6.64 4.72 13.14 8.50 8.98 8.14 9.17 8.02 8.84 8.02 7.89 7.89 7.89 7.89 7.33 8.54 8.54 8.54 8.86 8.95 9.66 9.22 8.56 8.56 8.56 8.56 8.60 8.60 8.60 8.60 8.69 8.69 8.69 8.69 8.71
8.84 8.84 8.87 8.87 8.87 8.87 8.92 8.92 8.92 8.92 8.93 11.08 11.08 11.08 9.23 9.23 10.61 8.75 8.76 8.76 8.76 9.77 10.59 8.79 9.77 10.12 10.64 10.64 11.80 12.85 0.00 0.00 0.00 0.00 0.00 0.00 0.00 0.00 0.00 0.00 0.00 4.82 12.29 11.90 7.97 0.00 0.00 5.93 6.64 7.72 14.28 9.69 8.14 8.14 8.02 8.83 8.02 8.80 7.89 7.89 7.89 7.89 7.33 8.54 8.54 8.95 8.85 8.86 9.23 8.53 8.56 9.23 8.56 8.56 8.60 8.60 8.60 8.60 8.69 8.69 8.69 9.39 9.41
8.90 8.90 9.05 8.92 8.92 8.92 8.94 8.94 8.94 8.94 8.95 8.95 11.11 11.11 10.67 10.67 10.67 8.80 9.96 10.59 10.64 10.64 10.64 10.94 8.77 9.77 8.75 8.75 12.26 0.00 0.00 0.00 0.00 0.00 0.00 0.00 0.00 0.00 0.00 0.00 0.00 8.69 8.35 0.00 0.00 0.00 0.00 0.00 0.00 3.64 14.03 9.61 8.90 8.08 8.01 8.01 8.01 8.01 7.97 7.97 7.97 7.97 7.45 8.68 8.68 8.68 8.95 8.95 8.57 8.57 8.48 8.48 8.48 8.48 8.51 8.51 8.51 8.51 8.62 8.62 8.62 8.62 8.67
8.90 8.90 8.92 8.92 8.92 8.92 8.94 8.94 8.94 9.07 9.09 9.09 10.03 10.99 11.00 11.51 10.67 8.80 8.79 10.59 9.27 11.35 10.06 11.13 12.68 8.77 12.26 12.26 0.00 0.00 0.00 0.00 0.00 0.00 0.00 0.00 0.00 0.00 0.00 0.00 0.00 0.00 0.00 0.00 0.00 0.00 0.00 0.00 0.00 7.36 14.28 10.05 10.12 9.61 9.51 8.01 8.01 8.01 7.97 7.97 7.97 7.97 7.45 8.68 9.38 8.68 8.57 8.57 8.57 8.57 8.48 8.48 8.48 8.48 8.51 8.51 8.51 8.51 8.62 9.32 8.62 8.62 8.67
8.90 8.90 8.92 8.92 8.92 8.92 8.94 8.94 8.94 8.94 8.95 8.95 9.09 10.03 11.00 11.51 11.15 11.00 11.00 8.91 15.48 13.21 13.21 14.28 0.00 0.00 0.00 0.00 0.00 0.00 0.00 0.00 0.00 0.00 0.00 0.00 0.00 0.00 0.00 0.00 0.00 0.00 0.00 0.00 0.00 0.00 0.00 0.00 0.00 0.00 12.42 9.61 9.61 9.61 9.51 9.51 8.01 8.01 7.97 7.97 7.97 7.97 7.45 8.68 8.68 8.68 8.57 8.57 8.57 8.57 8.48 8.48 8.48 8.48 8.51 8.51 8.51 8.51 8.62 8.82 8.62 8.62 8.67
8.90 8.90 8.92 8.92 8.92 8.92 8.94 8.94 8.94 8.94 8.95 10.51 9.31 8.37 10.34 10.41 13.21 13.21 13.21 0.00 0.00 0.00 0.00 0.00 0.00 0.00 0.00 0.00 0.00 0.00 0.00 0.00 0.00 0.00 0.00 0.00 0.00 0.00 0.00 0.00 0.00 0.00 0.00 0.00 0.00 0.00 0.00 0.00 0.00 5.93 12.48 8.44 8.44 8.08 8.01 8.01 8.01 8.01 7.97 7.97 7.97 7.97 7.45 8.68 8.68 8.68 9.78 9.78 9.78 8.57 8.48 8.48 8.48 8.48 8.51 8.51 8.51 8.51 8.62 8.52 9.30 8.62 8.67
8.92 8.92 8.91 8.91 8.91 8.91 8.92 8.92 8.92 8.92 11.08 10.63 11.70 9.96 11.49 13.93 0.00 0.00 0.00 0.00 0.00 0.00 0.00 0.00 0.00 0.00 0.00 0.00 0.00 0.00 0.00 0.00 0.00 0.00 0.00 0.00 0.00 0.00 0.00 0.00 0.00 0.00 0.00 0.00 0.00 0.00 0.00 0.00 0.00 8.04 8.51 13.41 11.95 11.95 9.54 9.99 8.09 8.09 8.08 8.08 8.08 8.08 7.56 10.08 10.08 10.08 9.96 9.96 9.96 9.96 8.48 8.48 8.48 8.48 8.40 8.40 8.40 9.25 8.55 8.55 8.55 8.55 8.67
8.92 8.92 8.91 8.91 9.04 8.91 8.92 8.92 8.92 8.92 11.53 10.99 4.14 13.61 0.00 0.00 0.00 0.00 0.00 0.00 0.00 0.00 0.00 0.00 0.00 0.00 0.00 0.00 0.00 0.00 0.00 0.00 0.00 0.00 0.00 0.00 0.00 0.00 0.00 0.00 0.00 0.00 0.00 0.00 0.00 0.00 0.00 0.00 0.00 0.00 0.00 0.00 0.00 11.39 9.68 5.39 9.99 9.63 9.54 8.08 8.08 8.08 7.56 10.08 10.08 10.08 9.96 9.96 9.96 9.96 9.66 9.66 8.48 8.48 8.40 8.40 8.40 9.25 8.55 8.55 8.55 8.55 8.67
8.92 8.92 9.04 8.91 8.91 9.13 8.92 8.92 8.92 9.14 9.67 10.99 13.61 0.00 0.00 0.00 0.00 0.00 0.00 0.00 0.00 0.00 0.00 0.00 0.00 0.00 0.00 0.00 0.00 0.00 0.00 0.00 0.00 0.00 0.00 0.00 0.00 0.00 0.00 0.00 0.00 0.00 0.00 0.00 0.00 0.00 0.00 0.00 0.00 0.00 0.00 0.00 0.00 0.00 12.52 3.69 5.03 4.32 9.54 10.16 9.54 8.08 7.56 10.08 10.08 10.08 9.96 9.96 9.96 9.96 9.66 9.66 8.48 8.48 8.40 8.40 9.25 8.40 8.55 8.55 8.55 8.55 8.67
8.92 8.92 8.91 9.03 9.43 9.24 11.64 9.28 9.67 9.67 9.01 10.99 12.39 0.00 0.00 0.00 0.00 0.00 0.00 0.00 0.00 0.00 0.00 0.00 0.00 0.00 0.00 0.00 0.00 0.00 0.00 0.00 0.00 0.00 0.00 0.00 0.00 0.00 0.00 0.00 0.00 0.00 0.00 0.00 0.00 0.00 0.00 0.00 0.00 0.00 0.00 0.00 0.00 0.00 0.00 11.39 6.64 5.93 10.99 10.52 10.16 9.76 8.96 10.08 10.08 10.08 9.96 9.96 9.96 9.96 9.66 9.66 8.48 8.48 8.40 8.40 8.40 8.40 8.55 8.55 8.55 8.55 8.67
8.96 8.96 8.89 8.89 8.89 8.89 8.90 9.67 7.66 9.84 8.90 9.26 11.17 0.00 0.00 0.00 0.00 0.00 0.00 0.00 0.00 0.00 0.00 0.00 0.00 0.00 0.00 0.00 0.00 0.00 0.00 0.00 0.00 0.00 0.00 0.00 0.00 0.00 0.00 0.00 0.00 0.00 0.00 0.00 0.00 0.00 0.00 0.00 0.00 0.00 0.00 0.00 0.00 0.00 0.00 11.04 6.84 12.11 7.51 12.78 9.27 10.70 8.34 9.15 10.15 10.15 9.97 9.97 10.28 9.97 8.41 8.41 8.41 8.41 8.29 8.29 8.29 8.29 8.53 8.53 8.53 8.53 8.69
8.96 8.96 6.33 8.89 8.89 8.89 8.90 9.84 9.67 11.56 9.26 8.90 12.41 0.00 0.00 0.00 0.00 0.00 0.00 0.00 0.00 0.00 0.00 0.00 0.00 0.00 0.00 0.00 0.00 0.00 0.00 0.00 0.00 0.00 0.00 0.00 0.00 0.00 0.00 0.00 0.00 0.00 0.00 0.00 0.00 0.00 0.00 0.00 0.00 0.00 0.00 0.00 0.00 0.00 0.00 0.00 6.49 4.01 7.72 12.78 6.79 8.23 8.70 8.12 10.15 10.15 9.97 9.97 9.97 10.24 9.57 9.27 10.82 9.24 8.29 8.29 8.29 8.29 8.53 8.53 8.53 8.44 8.69
8.96 8.96 8.89 8.89 8.89 8.89 8.90 8.90 10.39 3.37 11.53 3.51 0.00 0.00 0.00 0.00 0.00 0.00 0.00 0.00 0.00 0.00 0.00 0.00 0.00 0.00 0.00 0.00 0.00 0.00 0.00 0.00 0.00 0.00 0.00 0.00 0.00 0.00 0.00 0.00 0.00 0.00 0.00 0.00 0.00 0.00 0.00 0.00 0.00 0.00 0.00 0.00 0.00 0.00 0.00 0.00 12.11 7.20 12.83 8.59 9.63 10.05 10.20 10.15 11.48 11.48 9.97 10.28 9.97 8.72 9.57 9.57 9.57 9.57 8.29 8.29 8.29 8.29 8.53 8.53 8.53 9.40 8.69
8.96 8.96 8.89 8.89 9.67 8.89 8.90 8.90 8.37 11.53 0.00 0.00 0.00 0.00 0.00 0.00 0.00 0.00 0.00 0.00 0.00 0.00 0.00 0.00 0.00 0.00 0.00 0.00 0.00 0.00 0.00 0.00 0.00 0.00 0.00 0.00 0.00 0.00 0.00 0.00 0.00 0.00 0.00 0.00 0.00 0.00 0.00 0.00 0.00 0.00 0.00 0.00 0.00 0.00 0.00 0.00 0.00 11.75 12.11 8.06 10.62 9.97 7.61 8.86 8.86 8.86 9.38 8.72 8.72 8.72 8.41 8.41 8.41 8.41 8.29 8.29 8.29 8.29 9.36 9.39 8.53 8.53 8.69
10.87 10.16 11.51 9.67 10.03 9.84 10.39 12.24 0.00 0.00 0.00 0.00 0.00 0.00 0.00 0.00 0.00 0.00 0.00 0.00 0.00 0.00 0.00 0.00 0.00 0.00 0.00 0.00 0.00 0.00 0.00 0.00 0.00 0.00 0.00 0.00 0.00 0.00 0.00 0.00 0.00 0.00 0.00 0.00 0.00 0.00 0.00 0.00 0.00 0.00 0.00 0.00 0.00 0.00 0.00 0.00 0.00 11.75 4.05 5.75 8.51 9.99 8.19 9.67 8.73 8.73 8.49 8.49 8.49 8.49 8.33 8.33 8.33 8.33 8.33 8.33 8.33 8.33 8.50 9.37 8.50 8.50 8.69
14.74 14.03 10.63 10.63 11.35 11.24 12.04 0.00 0.00 0.00 0.00 0.00 0.00 0.00 0.00 0.00 0.00 0.00 0.00 0.00 0.00 0.00 0.00 0.00 0.00 0.00 0.00 0.00 0.00 0.00 0.00 0.00 0.00 0.00 0.00 0.00 0.00 0.00 0.00 0.00 0.00 0.00 0.00 0.00 0.00 0.00 0.00 0.00 0.00 0.00 0.00 0.00 0.00 0.00 0.00 0.00 0.00 12.47 13.19 6.60 8.87 10.26 7.50 8.73 9.45 8.73 8.49 8.49 8.49 8.49 9.17 8.33 8.33 8.33 8.33 8.33 8.33 8.33 8.50 8.50 8.50 8.50 8.69
11.59 9.53 6.77 6.00 6.36 6.77 0.00 0.00 0.00 0.00 0.00 0.00 0.00 0.00 0.00 0.00 0.00 0.00 0.00 0.00 0.00 0.00 0.00 0.00 0.00 0.00 0.00 0.00 0.00 0.00 0.00 0.00 0.00 0.00 0.00 0.00 0.00 0.00 0.00 0.00 0.00 0.00 0.00 0.00 0.00 0.00 0.00 0.00 0.00 0.00 0.00 0.00 0.00 0.00 0.00 0.00 0.00 8.31 13.76 5.54 8.21 9.60 9.01 8.96 8.96 8.96 9.56 8.72 8.72 8.72 8.69 8.69 8.69 8.69 8.69 8.69 8.69 8.69 8.76 8.76 8.76 8.76 8.81
10.87 11.89 9.89 9.87 9.87 0.00 0.00 0.00 0.00 0.00 0.00 0.00 0.00 0.00 0.00 0.00 0.00 0.00 0.00 0.00 0.00 0.00 0.00 0.00 0.00 0.00 0.00 0.00 0.00 0.00 0.00 0.00 0.00 0.00 0.00 0.00 0.00 0.00 0.00 0.00 0.00 0.00 0.00 0.00 0.00 0.00 0.00 0.00 0.00 0.00 0.00 0.00 0.00 0.00 0.00 0.00 0.00 7.59 13.08 9.87 8.27 9.60 7.76 8.96 10.09 8.96 8.72 8.72 8.72 8.72 8.69 8.69 8.69 8.69 8.69 8.69 8.69 8.69 8.76 8.76 8.76 8.76 8.81
