New_Model_Runs/13_Future_RCP4.5_Scn3_out/post_prcessed_with_MFR/Monthly_summaries/net_infiltration_monthly_DEC.asc
NCOLS 700
NROWS 400
XLLCENTER 515000.000000
YLLCENTER 8409000.000000
CELLSIZE 50.000000
NODATA_value -999.000000
[rows 304 to 341 of 400, columns 168 to 251 of 700]
8.46 5.57 5.91 5.57 5.57 4.83 7.64 5.20 5.45 5.81 6.18 5.34 6.18 5.81 7.30 7.44 7.44 7.67 6.91 7.44 6.91 8.07 7.70 7.81 8.38 8.38 8.76 7.32 10.39 8.01 8.01 7.64 7.52 7.52 7.52 7.52 8.01 6.67 7.87 7.32 8.06 11.31 11.31 9.97 10.80 10.80 7.54 7.00 6.71 7.45 7.08 6.71 8.43 7.31 6.34 7.17 6.78 6.39 6.39 10.02 6.39 7.62 7.50 7.99 7.99 7.62 7.62 7.62 7.99 7.13 7.52 10.40 9.87 6.25 5.57 10.24 2.04 5.34 6.04 6.81 7.55 9.03 7.92 7.18
8.01 9.20 6.28 4.01 5.57 5.20 4.83 8.46 5.45 5.81 5.81 4.97 4.60 7.44 7.44 7.44 7.30 6.91 7.48 6.15 8.18 8.07 7.30 7.81 8.38 8.38 7.04 9.93 6.95 8.38 8.01 7.33 7.33 7.33 7.52 7.33 7.52 7.32 7.04 8.38 8.06 7.68 7.68 9.43 7.23 10.71 11.08 10.71 6.53 10.71 9.97 9.97 9.97 11.68 9.60 9.60 10.40 10.02 10.76 11.13 10.40 6.02 7.62 7.99 7.99 7.62 7.62 7.62 7.99 7.15 10.02 11.62 7.12 5.57 7.12 7.12 5.30 5.34 6.81 7.18 6.08 7.92 7.92 7.18
6.07 8.97 6.68 5.33 3.86 5.33 1.53 5.16 4.00 5.88 5.51 5.51 5.88 7.15 6.99 7.52 7.15 7.15 5.91 6.98 7.52 7.82 7.15 7.15 7.67 8.04 6.23 9.87 8.04 7.67 7.26 7.58 7.58 7.58 7.58 7.58 7.58 7.58 7.30 7.16 7.29 7.29 8.32 6.42 6.79 7.88 7.16 6.79 6.42 7.53 7.53 6.42 10.03 5.33 9.68 9.68 2.03 6.27 8.78 4.62 3.51 9.89 10.93 10.70 6.75 7.08 6.75 6.19 5.36 9.15 9.52 7.45 6.72 6.72 6.72 5.24 5.61 6.43 7.17 7.54 7.17 6.50 6.50 6.80
5.21 4.99 8.23 2.64 4.97 5.43 5.34 2.27 8.64 5.38 5.88 5.88 5.51 7.15 7.52 6.61 7.52 7.15 7.15 7.15 7.52 7.52 7.15 7.15 7.30 6.42 6.04 11.30 6.42 6.04 7.58 7.58 7.58 7.58 7.58 7.95 7.95 7.58 7.58 7.58 7.58 6.77 7.66 7.29 7.66 7.29 7.66 7.16 7.53 8.03 7.16 6.42 5.68 6.05 5.70 5.68 2.03 6.64 7.26 8.56 6.64 6.64 7.31 10.56 9.52 10.70 9.15 9.67 6.19 6.19 10.70 10.70 10.72 9.46 5.24 5.61 5.61 7.09 7.13 6.87 5.76 5.76 6.13 7.17
5.70 4.23 7.49 5.34 4.97 5.33 6.98 2.27 5.20 4.75 5.77 5.54 5.51 7.52 7.52 7.15 7.15 7.15 7.15 7.15 7.52 7.52 7.15 7.52 7.30 6.42 8.41 10.93 7.30 7.57 7.57 7.57 7.30 7.30 7.16 6.04 7.94 7.57 6.40 6.77 6.77 7.14 6.77 7.29 7.29 7.29 7.29 8.03 6.42 8.29 5.68 6.05 2.07 5.70 9.68 5.68 5.97 7.08 7.08 7.08 6.19 7.08 7.45 7.08 6.20 7.08 7.08 7.08 7.08 7.08 7.08 7.13 6.21 6.72 10.35 8.86 9.23 10.21 9.02 10.01 9.64 5.76 7.17 6.80
5.70 4.23 4.99 8.60 6.07 3.86 4.60 4.60 1.20 8.37 6.13 6.25 5.51 7.15 7.15 7.10 8.22 7.15 7.15 7.15 6.24 7.15 7.15 6.61 7.30 7.67 10.61 6.04 7.67 7.57 7.57 7.57 7.16 7.30 7.30 7.30 7.16 7.57 7.94 7.14 7.29 7.29 8.03 7.66 7.29 7.29 7.29 7.29 7.29 7.29 7.29 7.14 2.44 11.51 6.05 7.66 7.08 7.08 7.08 7.08 7.08 7.08 7.08 6.76 7.13 7.50 7.56 7.08 7.08 6.35 6.35 5.30 5.64 6.72 6.72 7.65 7.52 6.01 6.39 7.17 9.76 9.76 9.39 10.01
6.07 4.60 4.84 8.62 3.86 5.33 5.70 4.60 6.52 9.60 5.49 5.86 7.52 5.91 7.15 7.15 7.15 7.44 7.44 7.15 7.15 7.15 5.91 5.91 7.67 9.67 6.42 6.79 8.04 7.30 7.59 7.57 7.30 7.30 7.30 7.30 7.16 6.40 6.40 7.94 7.53 7.53 7.29 7.29 7.29 7.15 7.66 7.29 5.68 7.29 7.66 8.40 11.66 7.51 7.88 7.88 7.64 7.29 7.08 7.08 7.08 7.45 7.13 6.76 6.04 7.10 7.62 6.76 6.76 6.35 8.00 6.76 6.43 7.59 6.43 7.09 7.30 6.43 6.48 6.43 7.30 7.17 7.17 6.80
4.23 5.59 5.33 4.62 8.23 5.34 6.07 4.62 5.49 2.31 5.46 5.12 7.89 7.52 7.15 6.99 7.15 7.15 7.44 7.15 7.57 9.43 6.28 10.65 11.67 7.67 6.41 7.67 8.04 7.67 7.95 7.57 7.57 7.30 7.57 7.57 7.57 7.16 7.57 7.57 7.53 7.53 7.53 7.53 7.52 7.29 7.15 7.29 7.29 7.29 7.29 10.92 10.92 7.51 7.51 7.51 7.08 7.29 7.29 6.76 6.76 7.13 6.76 6.76 6.76 7.13 7.13 6.76 6.76 6.35 6.76 6.76 6.11 6.11 6.43 6.43 6.43 6.11 6.11 6.43 6.80 7.17 6.43 6.43
6.19 5.70 5.33 5.33 5.53 6.08 5.73 4.62 6.37 4.75 5.20 8.37 6.65 6.47 7.15 7.15 7.15 7.15 7.15 7.57 7.15 6.65 10.28 7.89 8.04 7.30 7.67 7.67 7.67 7.67 7.30 7.57 7.16 7.57 7.57 7.57 7.56 7.56 7.56 7.56 7.77 8.53 7.50 7.50 7.50 7.15 7.29 7.29 7.15 7.29 7.29 11.49 7.50 7.50 7.50 7.50 6.76 6.76 6.29 6.76 8.59 8.96 5.67 5.30 6.76 6.76 7.99 6.32 6.31 6.76 6.76 6.76 6.08 6.43 6.93 6.43 6.43 7.58 6.43 6.43 6.22 6.01 6.43 6.80
5.33 5.70 4.23 7.49 4.23 4.97 4.97 4.97 5.12 5.12 4.38 8.37 7.72 7.89 7.52 7.15 7.15 7.15 7.57 7.15 7.15 10.61 10.77 7.52 7.27 7.67 7.30 7.30 7.30 7.30 7.30 7.16 7.16 7.57 7.57 7.57 7.56 7.56 7.56 9.12 7.76 7.66 8.08 7.86 7.29 7.15 7.15 7.15 7.29 7.29 7.29 10.92 7.29 8.20 7.51 7.50 6.76 6.76 6.29 3.34 3.34 3.34 3.34 3.34 3.34 3.34 6.32 6.32 6.31 6.76 6.76 6.76 6.43 6.43 6.43 6.08 6.09 6.23 6.43 6.43 5.64 5.02 6.43 6.80
4.99 5.80 8.99 3.86 5.33 5.33 5.33 5.70 6.25 4.38 5.51 3.09 10.08 8.18 7.52 7.15 7.15 6.51 6.24 7.52 7.52 9.54 7.52 7.52 7.30 7.30 7.16 7.16 7.30 7.16 7.16 7.16 7.16 7.57 7.57 7.16 7.16 7.16 7.16 7.30 7.50 7.50 7.29 7.29 7.29 7.15 7.29 7.29 7.29 7.29 7.29 10.92 7.29 7.56 7.29 7.50 6.76 6.29 6.29 3.34 3.34 3.34 3.34 3.34 3.34 3.34 6.32 3.34 3.83 6.43 6.76 6.31 6.08 6.43 6.43 6.80 6.83 6.46 6.09 6.43 6.43 6.43 6.43 6.43
4.99 8.60 4.60 5.70 5.33 5.33 5.33 5.33 5.12 5.12 5.88 5.06 9.71 5.91 7.89 7.52 7.52 6.12 6.24 6.65 7.02 9.91 5.91 7.52 7.14 7.67 7.16 7.30 7.30 7.30 7.16 7.16 7.16 7.30 7.74 7.30 7.30 7.16 7.16 7.16 7.29 7.86 7.15 7.29 7.29 7.15 7.15 7.29 7.29 8.03 7.66 10.92 7.29 7.29 7.29 7.50 6.76 6.76 6.29 6.29 6.32 6.32 6.32 6.32 6.32 6.32 3.67 3.34 3.34 6.31 6.31 7.74 6.43 6.43 6.43 6.80 6.76 7.17 6.58 6.43 6.43 6.43 6.43 6.48
7.86 5.33 6.07 5.34 6.07 5.33 5.33 4.99 5.54 8.37 8.37 10.24 9.54 9.54 6.83 7.95 6.46 7.89 5.91 7.02 7.51 7.52 7.57 7.35 8.01 8.00 7.30 7.30 7.30 7.16 7.16 7.16 7.30 7.30 7.30 7.30 7.30 7.16 7.16 7.30 8.00 7.15 7.29 7.15 7.29 7.29 7.15 7.15 7.66 6.79 10.77 7.29 7.29 7.44 7.44 7.44 7.08 6.76 6.29 6.29 6.37 6.37 6.37 6.37 6.37 6.37 6.37 6.37 6.32 3.34 3.34 3.34 7.38 6.05 6.43 6.80 6.08 7.17 7.17 6.43 6.43 6.43 6.43 6.80
7.86 5.33 5.36 5.36 6.07 5.33 5.70 4.62 8.42 4.38 5.49 6.28 6.88 9.91 7.52 5.91 7.02 7.02 7.35 7.02 10.65 7.89 7.52 8.26 7.89 7.67 7.30 7.30 7.16 7.16 7.55 7.16 7.30 7.56 7.56 7.56 7.52 7.16 7.52 7.52 7.47 7.47 7.29 7.15 7.15 7.54 7.15 7.15 6.42 8.03 9.31 7.29 7.44 7.44 7.44 7.44 6.76 6.29 7.73 6.29 6.37 6.37 6.37 6.37 6.37 6.37 6.37 6.37 6.32 6.32 3.67 3.34 3.14 5.02 6.43 6.43 5.76 6.87 7.17 6.48 6.80 7.17 5.39 6.43
6.81 6.44 5.73 4.23 5.33 6.44 4.97 8.99 5.63 4.38 5.91 2.40 6.28 6.98 9.87 6.98 7.02 7.89 8.26 11.25 8.26 7.89 7.15 7.52 8.04 7.67 7.30 7.86 7.22 7.16 7.55 7.55 7.16 7.57 7.56 7.56 7.52 7.52 7.52 7.24 7.29 7.29 7.29 7.29 7.29 7.15 5.17 5.17 7.66 7.29 11.24 7.29 7.44 7.29 7.15 6.96 6.29 6.29 6.29 6.29 6.37 6.37 6.37 6.37 6.37 6.37 6.37 6.37 6.32 6.32 6.32 6.32 3.14 6.05 6.05 6.05 6.80 7.17 7.17 6.43 6.80 6.80 6.80 6.43
6.05 5.98 1.53 5.21 4.60 4.97 8.60 4.60 6.00 5.51 5.51 7.15 7.52 6.98 10.24 6.61 6.61 7.89 6.77 10.28 6.65 6.65 7.37 6.99 7.30 8.10 7.30 7.57 7.57 7.16 7.16 7.16 7.16 7.56 7.56 7.56 7.52 7.17 7.77 7.30 7.29 7.29 5.17 7.47 7.49 7.49 5.17 5.17 7.15 10.78 5.68 4.09 7.45 7.29 7.05 7.95 6.29 6.29 6.29 6.29 6.37 6.37 6.64 6.84 6.37 6.37 6.37 6.37 6.32 6.32 6.32 7.75 6.05 6.05 6.05 6.05 6.07 6.43 6.43 6.43 6.48 6.80 6.43 6.43
5.71 4.97 5.21 4.23 8.62 8.62 6.07 5.70 5.51 5.51 7.15 7.15 6.24 7.45 6.61 9.87 8.32 6.28 6.21 6.28 7.57 6.28 6.99 6.99 7.30 7.30 7.57 7.57 7.30 7.16 7.30 7.16 7.30 7.52 7.52 7.16 7.16 7.48 7.16 7.16 7.15 7.15 7.15 7.46 8.19 5.17 5.68 5.68 5.68 9.31 4.09 4.29 7.42 8.15 6.41 6.41 6.31 6.31 6.31 6.31 6.38 6.38 6.84 7.37 7.39 6.40 6.40 6.40 6.36 6.36 6.36 6.36 6.06 6.06 6.06 6.06 6.06 6.43 6.43 6.43 6.48 6.43 6.43 6.43
5.34 2.64 9.36 9.33 5.70 5.70 5.81 5.33 5.51 5.63 6.24 7.15 7.15 8.19 6.24 9.87 10.61 10.77 10.08 6.65 8.19 7.52 7.15 7.15 7.30 7.30 7.30 7.16 7.16 7.16 7.30 7.61 7.30 7.30 7.16 7.16 7.16 7.16 7.16 7.30 7.29 7.15 7.15 4.09 4.09 4.09 4.09 4.09 5.68 9.31 7.47 7.47 7.42 7.42 6.41 6.41 7.74 6.31 6.31 6.31 6.38 7.79 6.93 7.37 7.39 7.39 6.40 6.40 6.36 6.36 6.36 6.36 6.06 6.43 6.43 6.43 6.43 6.43 6.43 6.06 6.43 6.43 6.43 6.43
7.78 11.66 10.18 7.64 6.92 7.04 2.00 5.44 4.00 5.48 7.11 7.11 7.11 3.89 7.04 6.23 9.18 7.11 10.23 8.50 7.75 6.97 6.97 6.97 7.00 7.14 7.60 7.14 7.14 7.00 7.00 7.14 7.36 7.14 7.00 7.00 7.00 5.08 7.14 7.14 7.07 7.07 7.07 4.02 4.02 4.75 4.02 5.06 5.06 5.06 9.18 5.06 4.02 7.17 6.22 6.22 6.00 6.00 6.00 6.00 6.07 6.07 6.99 6.99 7.01 7.01 7.01 6.09 6.05 6.05 6.05 6.05 5.81 5.81 5.81 5.93 5.93 5.93 5.93 6.31 6.17 5.80 5.80 5.80
11.41 10.92 7.64 7.27 2.74 6.18 6.79 4.68 5.48 5.48 7.11 7.57 7.11 7.04 9.92 9.86 6.97 7.48 9.71 7.76 7.75 6.97 6.97 7.49 7.14 7.14 7.60 7.14 7.14 7.14 7.41 7.41 7.36 7.00 7.00 7.00 8.00 5.08 5.08 9.13 6.92 7.07 7.07 6.92 6.92 6.92 5.06 5.06 5.06 5.06 9.18 4.02 4.02 7.16 6.22 6.22 6.00 6.00 6.00 6.00 6.07 6.07 6.46 6.63 7.01 7.01 7.01 6.09 7.33 6.38 6.05 6.05 5.79 5.79 5.81 5.81 5.93 5.93 5.93 6.31 5.80 5.80 5.80 5.80
11.04 4.60 8.38 6.90 8.01 8.01 7.15 6.79 4.61 5.50 7.85 7.11 7.85 7.71 11.34 7.04 7.34 6.66 10.23 6.60 6.29 7.34 6.97 6.97 7.14 7.14 7.14 7.14 7.14 7.37 7.37 7.37 7.31 7.31 7.00 7.00 7.14 7.14 7.00 7.00 6.92 6.92 6.92 6.92 7.07 6.92 6.92 6.92 6.92 6.92 9.73 8.02 4.39 7.19 7.19 6.24 5.99 5.99 5.99 5.99 6.05 6.05 6.96 6.96 7.01 6.46 6.46 6.63 6.38 6.38 6.07 6.07 5.78 5.78 5.78 5.93 6.01 6.01 6.31 6.31 5.93 5.80 5.80 5.80
7.55 10.55 7.29 7.64 7.64 8.38 6.90 6.69 4.76 6.97 7.85 7.11 7.85 11.34 11.40 11.40 7.71 8.46 11.19 6.97 6.97 6.45 6.97 6.97 7.00 7.14 7.14 7.14 7.14 7.14 7.37 7.37 7.31 7.00 7.00 8.00 7.00 7.00 7.00 7.00 6.92 7.51 7.16 6.92 7.20 7.20 6.92 6.92 6.92 6.92 6.92 9.55 4.39 4.02 4.02 6.24 5.99 5.99 5.99 5.99 6.05 6.96 6.96 6.96 7.01 6.46 6.46 6.63 6.35 6.38 6.38 6.07 5.83 5.78 5.78 6.37 6.01 5.80 6.31 5.93 5.93 5.93 5.80 5.80
0.00 3.55 9.80 6.67 6.67 6.18 5.93 6.55 4.74 6.29 7.11 11.57 9.92 8.52 8.78 9.34 10.66 11.34 11.03 6.66 7.11 6.60 6.23 6.97 7.49 7.00 7.00 7.00 7.37 7.37 7.37 7.37 7.31 7.31 7.68 8.00 7.00 7.00 7.00 7.00 7.16 7.16 7.16 7.16 7.20 7.20 7.20 7.31 7.31 7.07 7.07 10.69 7.07 4.02 7.19 7.19 5.99 5.99 5.99 5.99 6.05 6.05 6.96 6.96 7.01 6.46 6.93 6.46 6.35 6.07 6.21 6.07 5.78 5.78 5.93 5.93 5.80 5.93 5.93 5.80 5.93 6.37 5.47 6.31
0.00 0.00 3.55 9.06 9.55 7.17 9.43 9.92 5.11 10.29 9.55 10.18 7.04 8.52 7.78 7.11 7.78 11.34 6.97 7.85 6.97 7.11 6.97 6.97 7.14 7.14 7.14 7.49 7.00 7.37 7.37 7.37 7.31 7.31 7.31 7.31 7.14 7.14 6.83 6.30 6.22 6.22 6.22 6.22 6.25 7.20 7.20 6.92 6.92 7.07 7.44 10.20 7.51 7.07 7.19 7.19 5.99 5.99 5.99 5.99 6.05 6.05 6.05 6.96 7.01 7.01 0.00 7.01 6.07 6.07 6.07 6.07 5.78 6.90 5.93 6.02 5.80 5.80 5.80 5.93 4.59 5.93 6.63 5.93
0.00 0.00 0.00 0.00 0.00 0.00 0.00 0.00 8.00 10.23 7.31 6.23 8.23 7.48 7.11 7.11 7.85 7.85 6.60 6.60 7.38 7.11 7.11 7.11 7.60 7.14 7.90 7.14 7.14 7.30 7.30 7.30 7.22 7.22 7.22 7.00 7.26 7.26 6.29 6.29 6.23 6.23 6.23 6.23 6.23 6.23 7.18 7.18 7.19 7.07 7.44 10.20 7.51 7.51 7.21 7.21 6.88 5.99 5.99 5.99 6.03 6.03 6.03 6.18 6.07 0.00 0.00 0.00 6.07 6.07 0.00 0.00 0.00 5.81 5.93 5.93 5.93 5.93 5.80 5.93 5.93 6.31 6.31 5.93
0.00 0.00 0.00 0.00 0.00 0.00 0.00 0.00 0.00 0.00 4.00 6.23 6.29 6.66 7.48 7.11 7.11 7.11 7.48 6.60 6.97 7.11 7.57 7.11 7.14 7.60 7.14 7.38 7.30 7.30 7.30 7.30 7.22 7.22 7.22 7.22 7.26 7.26 7.26 7.26 6.92 6.92 7.18 6.23 6.23 6.23 7.18 7.18 7.18 7.19 8.16 7.07 10.69 7.21 7.21 7.21 6.88 5.99 5.99 5.99 6.03 6.03 6.03 6.03 6.07 0.00 0.00 0.00 0.00 0.00 0.00 0.00 0.00 0.00 0.00 5.81 5.93 5.80 5.80 5.93 5.93 5.93 6.31 5.93
0.00 0.00 0.00 0.00 0.00 0.00 0.00 0.00 0.00 0.00 4.00 4.00 4.00 7.48 7.37 7.11 7.11 7.11 7.11 6.97 8.02 8.02 7.11 7.11 7.14 7.00 7.14 7.38 7.30 7.30 7.30 7.30 7.22 7.22 7.22 7.22 7.26 7.26 7.26 7.26 7.17 7.54 6.92 7.18 6.23 6.23 6.23 7.18 7.19 7.86 7.19 7.19 10.69 7.21 7.21 7.21 6.88 6.88 5.99 5.99 6.03 6.03 6.03 6.03 6.07 6.21 6.07 0.00 0.00 0.00 0.00 0.00 0.00 0.00 0.00 0.00 0.00 5.93 5.80 5.93 5.93 5.93 6.37 5.93
0.00 0.00 0.00 0.00 0.00 0.00 0.00 0.00 0.00 0.00 0.00 0.00 3.35 3.35 7.37 7.37 7.11 7.11 7.11 8.02 7.38 7.38 7.11 7.11 7.00 5.08 5.08 7.38 7.30 7.30 7.30 7.30 7.22 7.22 7.22 7.22 7.26 7.26 7.26 7.26 7.18 7.18 6.83 6.23 6.23 6.35 6.23 6.23 6.24 7.86 7.86 7.19 10.69 7.37 7.21 7.20 6.88 6.88 5.99 5.99 6.03 6.03 6.03 6.03 6.07 6.07 6.07 0.00 0.00 0.00 0.00 0.00 0.00 0.00 0.00 0.00 6.17 5.47 5.93 5.93 5.93 5.93 6.48 5.93
0.00 0.00 0.00 0.00 0.00 0.00 0.00 0.00 0.00 0.00 0.00 0.00 0.00 3.35 6.37 6.37 7.11 7.11 7.38 7.38 4.00 7.37 4.00 7.11 7.00 7.00 5.08 7.30 7.21 7.21 7.21 7.21 7.28 6.31 6.31 6.31 6.38 6.38 6.38 6.38 6.32 6.32 6.32 6.32 6.30 6.30 6.30 6.30 6.25 7.67 6.25 6.25 10.39 7.07 7.34 7.17 6.86 6.88 6.88 6.88 6.94 6.03 6.03 0.00 0.00 0.00 0.00 0.00 0.00 0.00 0.00 0.00 0.00 0.00 0.00 0.00 5.79 6.68 6.68 10.30 9.93 9.56 9.41 5.93
0.00 0.00 0.00 0.00 0.00 0.00 0.00 0.00 0.00 0.00 0.00 0.00 0.00 0.00 3.84 3.35 6.80 6.80 6.39 4.00 4.00 4.00 7.11 7.11 7.30 5.08 7.30 7.30 7.21 7.21 7.21 7.21 6.31 6.31 6.31 6.31 6.38 6.38 6.38 6.38 6.32 6.32 6.32 6.32 6.30 6.30 6.30 6.30 6.25 6.25 6.25 6.25 10.39 6.76 6.76 7.17 6.88 6.88 6.88 6.88 6.94 6.94 0.00 0.00 0.00 0.00 0.00 0.00 0.00 0.00 0.00 0.00 0.00 0.00 0.00 0.00 2.84 3.58 5.70 6.68 5.47 5.78 5.78 9.56
0.00 0.00 0.00 0.00 0.00 0.00 0.00 0.00 0.00 0.00 0.00 0.00 0.00 0.00 0.00 3.35 3.35 3.35 6.51 3.68 3.35 3.35 6.38 6.38 6.32 6.32 7.30 7.29 7.21 7.21 7.21 7.21 6.31 6.31 6.31 6.31 6.38 6.38 6.38 6.38 6.32 6.32 6.32 6.32 6.30 6.30 6.30 6.30 6.25 6.25 6.25 6.25 6.22 10.39 6.76 6.22 6.88 6.88 6.88 6.88 6.94 0.00 0.00 0.00 0.00 0.00 0.00 0.00 0.00 0.00 0.00 0.00 0.00 0.00 0.00 0.00 0.00 3.35 2.84 2.84 5.10 5.93 5.78 5.78
0.00 0.00 0.00 0.00 0.00 0.00 0.00 0.00 0.00 0.00 0.00 0.00 0.00 0.00 0.00 0.00 0.00 3.35 3.35 3.35 3.35 3.35 6.38 6.38 6.32 6.32 7.30 7.30 7.21 7.21 7.21 6.25 6.31 6.31 0.00 0.00 0.00 0.00 0.00 0.00 0.00 0.00 0.00 0.00 0.00 0.00 6.30 6.30 6.25 6.25 6.25 6.25 6.22 10.39 6.76 6.22 6.88 6.88 6.88 6.86 6.94 0.00 0.00 0.00 0.00 0.00 0.00 0.00 0.00 0.00 0.00 0.00 0.00 0.00 0.00 0.00 0.00 0.00 0.00 0.00 0.00 5.78 6.88 5.78
0.00 0.00 0.00 0.00 0.00 0.00 0.00 0.00 0.00 0.00 0.00 0.00 0.00 0.00 0.00 0.00 0.00 0.00 0.00 0.00 0.00 0.00 3.35 6.35 6.30 6.30 6.30 7.27 7.27 7.27 6.30 6.30 6.35 0.00 0.00 0.00 0.00 0.00 0.00 0.00 0.00 0.00 0.00 0.00 0.00 0.00 0.00 0.00 0.00 6.41 6.31 6.31 6.19 6.19 10.39 6.19 5.97 6.82 6.82 6.82 6.89 0.00 0.00 0.00 0.00 0.00 0.00 0.00 0.00 0.00 0.00 0.00 0.00 0.00 0.00 0.00 0.00 0.00 0.00 0.00 0.00 5.77 6.87 5.77
0.00 0.00 0.00 0.00 0.00 0.00 0.00 0.00 0.00 0.00 0.00 0.00 0.00 0.00 0.00 0.00 0.00 0.00 0.00 0.00 0.00 0.00 0.00 3.35 6.30 6.30 6.30 6.30 6.30 6.30 6.30 6.30 0.00 0.00 0.00 0.00 0.00 0.00 0.00 0.00 0.00 0.00 0.00 0.00 0.00 0.00 0.00 0.00 0.00 0.00 6.31 6.31 6.19 6.19 10.39 6.76 6.26 5.97 5.97 5.97 6.00 0.00 0.00 0.00 0.00 0.00 0.00 0.00 0.00 0.00 0.00 0.00 0.00 0.00 0.00 0.00 0.00 0.00 0.00 0.00 0.00 5.75 5.77 5.93
0.00 0.00 0.00 0.00 0.00 0.00 0.00 0.00 0.00 0.00 0.00 0.00 0.00 0.00 0.00 0.00 0.00 0.00 0.00 0.00 0.00 0.00 0.00 0.00 0.00 0.00 0.00 6.43 6.42 6.42 6.42 0.00 0.00 0.00 0.00 0.00 0.00 0.00 0.00 0.00 0.00 0.00 0.00 0.00 0.00 0.00 0.00 0.00 0.00 0.00 6.43 6.39 6.27 6.27 11.08 11.08 6.08 6.08 6.08 6.08 6.15 6.25 0.00 0.00 0.00 0.00 0.00 0.00 0.00 0.00 0.00 0.00 0.00 0.00 0.00 0.00 0.00 0.00 0.00 0.00 0.00 0.00 4.77 5.91
0.00 0.00 0.00 0.00 0.00 0.00 0.00 0.00 0.00 0.00 0.00 0.00 0.00 0.00 0.00 0.00 0.00 0.00 0.00 0.00 0.00 0.00 0.00 0.00 0.00 0.00 0.00 0.00 6.42 6.42 0.00 0.00 0.00 0.00 0.00 0.00 0.00 0.00 0.00 0.00 0.00 0.00 0.00 0.00 0.00 0.00 0.00 0.00 0.00 0.00 6.39 6.39 6.27 6.27 6.27 11.08 11.20 6.08 7.57 6.08 6.15 6.15 6.15 6.15 0.00 0.00 0.00 0.00 0.00 0.00 0.00 0.00 0.00 0.00 0.00 0.00 0.00 0.00 0.00 0.00 0.00 0.00 0.00 5.91
0.00 0.00 0.00 0.00 0.00 0.00 0.00 0.00 0.00 0.00 0.00 0.00 0.00 0.00 0.00 0.00 0.00 0.00 0.00 0.00 0.00 0.00 0.00 0.00 0.00 0.00 0.00 0.00 6.48 6.48 0.00 0.00 0.00 0.00 0.00 0.00 0.00 0.00 0.00 0.00 0.00 0.00 0.00 0.00 0.00 0.00 0.00 0.00 0.00 0.00 6.38 6.38 6.24 6.24 6.24 6.24 7.57 7.57 7.57 6.03 6.12 6.12 6.12 6.12 0.00 0.00 0.00 0.00 0.00 0.00 0.00 0.00 0.00 0.00 0.00 0.00 0.00 0.00 0.00 0.00 0.00 0.00 0.00 0.00
0.00 0.00 0.00 0.00 0.00 0.00 0.00 0.00 0.00 0.00 0.00 0.00 0.00 0.00 0.00 0.00 0.00 0.00 0.00 0.00 0.00 0.00 0.00 0.00 0.00 0.00 0.00 0.00 5.10 0.00 0.00 0.00 0.00 0.00 0.00 0.00 0.00 0.00 0.00 0.00 0.00 0.00 0.00 0.00 0.00 0.00 0.00 0.00 0.00 0.00 6.38 6.38 6.24 6.24 6.24 6.24 6.03 7.57 6.03 6.03 6.12 6.12 6.12 7.57 0.00 0.00 0.00 0.00 0.00 0.00 0.00 0.00 0.00 0.00 0.00 0.00 0.00 0.00 0.00 0.00 0.00 0.00 0.00 0.00
