New_Model_Runs/13_Future_RCP4.5_Scn3_out/post_prcessed_with_MFR/Monthly_summaries/net_infiltration_monthly_NOV.asc
NCOLS 700
NROWS 400
XLLCENTER 515000.000000
YLLCENTER 8409000.000000
CELLSIZE 50.000000
NODATA_value -999.000000
[rows 190 to 227 of 400, columns 252 to 335 of 700]
5.77 5.77 5.77 5.77 6.14 6.14 6.29 6.14 6.11 6.11 6.11 6.11 6.05 6.05 6.05 6.05 6.01 6.01 6.01 6.21 5.89 6.75 5.89 5.89 6.50 5.91 5.91 5.91 5.95 5.95 5.95 5.95 6.02 6.02 6.02 6.02 5.82 5.82 5.82 5.82 5.84 5.84 5.84 5.84 5.78 5.78 5.78 5.78 5.65 5.65 5.65 7.54 7.60 7.60 7.60 7.60 5.72 5.72 5.72 5.72 5.80 5.80 5.80 6.41 6.46 6.46 5.84 5.84 6.17 6.17 6.17 6.17 6.16 6.16 6.16 6.16 6.14 6.14 6.14 6.14 6.10 6.10 5.92 5.92
5.77 5.77 5.77 5.95 6.14 6.14 6.14 6.14 6.11 6.11 6.11 6.11 6.05 6.05 6.05 6.05 6.19 6.01 6.01 6.01 5.89 5.89 6.47 5.89 5.91 5.91 5.91 6.50 5.95 5.95 5.95 6.58 6.02 6.02 6.02 6.02 6.33 6.33 5.82 5.82 5.84 5.84 5.84 5.84 5.78 5.78 5.78 5.78 5.65 5.65 7.54 7.54 7.60 7.60 7.60 5.68 5.72 5.72 5.72 6.33 6.39 6.41 5.80 5.80 6.45 5.84 5.84 5.84 6.17 6.17 6.17 6.17 6.16 6.16 6.16 6.16 6.14 6.14 6.14 6.47 6.10 6.10 6.10 6.10
5.72 5.72 5.72 5.72 6.05 6.59 6.05 6.05 6.17 5.97 5.97 5.97 5.90 5.90 5.90 5.90 5.93 6.13 5.93 5.93 5.88 5.88 5.88 5.88 5.92 5.92 5.92 5.92 5.94 5.94 5.94 5.94 5.96 5.96 5.96 5.96 6.20 6.20 6.20 5.70 5.70 5.70 5.70 5.70 5.63 5.63 5.63 5.63 5.56 7.41 7.41 7.41 7.64 7.64 7.64 5.71 5.77 5.77 5.77 6.37 5.82 5.82 5.82 5.82 5.87 6.49 5.87 5.87 6.19 6.19 6.19 6.19 6.21 6.21 6.21 6.21 6.22 6.22 6.22 6.22 6.48 6.16 6.16 6.16
5.72 5.72 5.72 5.72 6.05 6.42 6.05 6.05 5.97 5.97 5.97 5.97 5.90 5.90 5.90 5.90 5.93 5.93 5.93 5.93 5.88 5.88 5.88 5.88 5.92 5.92 5.92 5.92 5.94 5.94 5.94 6.62 5.96 5.96 5.96 5.96 6.20 6.20 6.20 6.20 6.20 5.70 5.70 5.70 5.63 5.63 7.51 7.51 5.56 7.41 7.41 7.41 7.64 7.64 7.64 5.71 5.77 5.77 6.56 5.77 5.82 5.82 5.82 5.82 5.87 5.87 5.87 5.87 6.19 6.19 6.19 6.19 6.21 6.21 6.21 6.21 6.22 6.22 6.22 6.22 6.16 6.16 6.16 6.16
5.92 5.92 5.92 5.92 6.18 6.88 6.18 6.18 6.10 6.10 6.80 6.10 6.04 6.04 6.72 6.04 6.07 6.07 6.07 6.07 6.17 6.17 6.17 6.17 6.21 6.21 6.21 6.21 6.22 6.22 6.22 6.22 6.24 6.24 6.24 6.24 6.39 6.39 6.39 6.39 6.39 6.39 5.87 5.87 5.79 7.78 7.78 7.78 7.67 7.67 7.67 7.67 7.93 7.93 7.93 6.07 5.99 6.61 5.99 5.99 6.04 6.04 6.04 6.04 6.41 6.09 6.09 6.09 5.93 5.93 6.54 5.93 5.94 5.94 5.94 5.94 5.96 6.89 5.96 5.96 5.90 5.90 6.57 5.90
5.92 5.92 5.92 5.92 6.18 6.18 6.86 6.18 6.10 6.10 6.10 6.10 6.04 6.04 6.04 6.04 6.07 6.07 6.07 6.07 6.17 6.17 6.17 6.17 6.21 6.21 6.21 6.21 6.22 6.22 6.22 6.22 6.24 6.24 6.24 6.24 6.39 6.39 6.39 6.39 6.39 6.39 6.39 5.87 7.78 7.78 7.78 5.79 5.72 7.67 7.67 5.72 5.93 7.93 7.93 7.93 5.99 5.99 7.04 5.99 6.04 6.04 6.04 6.04 6.09 6.09 6.09 6.42 5.93 5.93 5.93 6.54 5.94 5.94 5.94 5.94 5.96 5.96 6.72 5.96 5.90 6.51 5.90 5.90
6.59 6.59 6.59 5.91 6.09 6.09 6.09 6.09 6.02 6.02 6.69 6.02 6.10 6.10 6.10 6.10 6.21 6.21 6.21 6.21 6.27 6.27 6.27 6.27 6.28 6.28 6.28 6.28 6.28 6.28 6.28 6.28 6.28 6.28 6.28 6.28 6.38 6.38 6.38 6.38 6.32 6.32 6.32 6.32 6.27 5.76 5.76 5.76 5.74 5.74 5.74 5.74 7.98 7.98 7.98 7.98 6.01 6.75 6.01 6.01 6.04 6.04 6.04 6.04 6.10 6.10 6.10 6.10 5.94 5.94 5.94 5.94 6.61 6.00 6.00 6.00 6.00 6.00 6.00 6.00 5.91 5.91 5.91 5.91
5.91 5.91 5.91 6.61 6.09 6.09 6.09 6.09 6.02 6.02 6.02 6.02 6.10 6.10 6.10 6.10 6.21 6.21 6.21 6.21 6.27 6.27 6.27 6.27 6.28 6.28 6.28 6.28 6.28 6.28 6.28 6.28 6.28 6.28 6.28 6.28 6.38 6.38 6.38 6.38 6.32 6.32 6.32 6.32 6.27 6.27 5.76 5.76 5.74 5.74 5.74 5.74 7.98 7.98 7.98 7.98 5.81 5.81 6.01 6.01 6.04 6.04 6.04 6.04 6.10 6.10 6.10 6.10 5.94 5.94 5.94 5.94 6.00 6.00 6.00 6.00 6.00 6.00 6.00 6.00 5.91 5.91 5.91 5.91
5.91 5.91 5.91 6.61 6.09 6.09 6.09 6.09 6.02 6.02 6.02 6.02 6.10 6.10 6.10 6.10 6.21 6.21 6.21 6.21 6.27 6.27 6.27 6.27 6.28 6.28 6.28 6.28 6.28 6.28 6.28 6.28 6.28 6.28 6.28 6.28 6.38 6.38 6.38 6.38 6.32 6.32 6.32 6.32 6.27 6.27 6.27 6.27 5.74 5.74 5.74 5.74 7.98 7.98 5.97 7.98 8.05 8.05 6.01 6.01 6.04 6.04 6.04 6.04 6.10 6.10 6.10 6.10 5.94 5.94 5.94 5.94 6.00 6.00 6.00 6.00 6.00 6.00 6.63 6.61 5.91 5.91 5.91 6.44
5.91 5.91 5.91 5.91 6.09 6.09 6.09 6.09 6.69 6.02 6.02 6.02 6.10 6.10 6.10 6.10 6.21 6.21 6.21 6.21 6.27 6.27 6.27 6.27 6.28 6.28 6.28 6.28 6.28 6.28 6.28 6.28 6.28 6.28 6.28 6.28 6.38 6.38 6.38 6.38 6.32 6.32 6.32 6.32 6.27 6.27 6.27 6.27 6.25 5.74 5.74 5.74 5.97 5.97 5.97 5.97 6.01 6.01 6.01 6.01 6.04 6.04 6.04 6.04 6.10 6.10 6.10 6.10 6.60 6.56 6.56 6.56 6.00 6.00 6.00 6.00 6.00 6.63 6.00 6.00 5.91 5.91 5.91 5.91
5.93 5.93 5.93 5.93 6.04 6.04 6.04 6.04 7.32 6.07 6.07 6.07 6.24 6.24 6.24 6.24 6.33 6.33 6.33 6.33 6.36 6.36 6.36 6.36 6.35 6.35 6.35 6.35 6.38 6.38 6.38 6.38 6.38 6.38 6.38 6.38 6.43 6.43 6.43 6.43 6.34 6.34 7.08 6.34 6.28 6.28 7.00 6.28 6.26 6.26 6.26 5.75 6.02 6.02 6.02 6.02 6.06 6.06 6.06 6.06 6.07 6.07 6.07 6.07 6.09 6.09 6.09 6.09 6.61 5.95 5.95 5.95 6.00 6.00 6.00 6.00 6.61 5.99 5.99 5.99 5.89 5.89 5.89 6.62
5.93 5.93 5.93 5.93 6.04 6.72 6.72 6.04 6.07 6.07 6.07 6.07 6.24 6.24 6.24 6.24 6.33 6.33 6.33 6.33 6.36 6.36 6.36 6.36 6.35 6.35 6.35 6.35 6.38 6.38 6.38 6.38 6.38 6.38 6.38 6.38 6.43 6.43 7.18 6.43 7.08 7.08 6.34 6.34 6.28 6.28 6.28 6.28 6.26 6.26 8.02 6.26 6.02 6.02 6.02 6.02 6.06 6.06 6.06 6.06 6.07 6.07 6.07 6.07 6.09 6.09 6.09 6.43 5.95 5.95 5.95 5.95 6.00 6.00 6.00 6.00 5.99 5.99 5.99 6.61 6.64 6.73 6.50 6.41
5.93 5.93 5.93 5.93 6.04 6.04 6.04 6.04 6.07 6.07 6.07 6.07 6.24 6.24 6.24 6.24 6.33 6.33 6.33 7.79 6.36 6.36 6.36 6.36 6.35 6.35 6.35 6.35 6.38 6.38 6.38 6.38 6.38 6.38 6.38 7.14 6.43 6.43 6.43 6.43 6.34 6.34 6.34 6.34 6.28 6.28 6.28 6.28 6.26 6.26 8.02 6.26 6.53 6.02 6.02 6.02 6.06 6.06 6.06 6.06 6.07 6.07 6.07 6.07 6.09 6.09 6.09 6.09 5.95 5.95 5.95 5.95 6.00 6.00 6.00 6.00 5.99 6.61 5.99 5.99 5.89 5.89 6.50 5.89
5.93 6.52 6.52 6.56 6.04 6.04 6.04 6.04 6.07 6.07 6.07 6.07 6.24 6.97 6.24 6.24 6.33 6.33 6.33 7.79 9.18 6.36 6.36 6.36 6.35 6.35 6.35 6.35 6.38 6.38 6.38 6.38 6.38 7.85 6.38 6.38 6.43 6.43 6.43 6.43 6.34 6.34 6.34 6.34 7.00 6.28 6.28 6.28 6.26 6.26 6.26 6.26 6.53 6.53 6.53 6.02 6.06 6.06 6.39 6.06 6.07 6.07 6.07 6.07 6.09 6.09 6.09 6.09 5.95 5.95 5.95 5.95 6.00 6.00 6.00 6.77 5.99 5.99 6.61 5.99 5.89 5.89 5.89 5.89
5.91 5.91 5.91 5.91 6.02 6.02 6.02 6.02 6.12 6.12 6.12 6.12 6.29 6.29 6.29 6.29 6.36 6.36 6.36 7.83 7.89 6.41 7.15 6.41 6.41 6.41 6.41 6.41 6.42 6.42 6.42 7.90 7.83 6.59 6.37 6.37 6.40 6.40 6.40 6.40 6.33 6.33 6.33 6.33 6.99 6.27 6.27 6.27 6.31 6.31 6.31 6.31 6.56 6.56 6.56 6.56 6.09 6.09 6.09 6.09 6.12 6.12 6.12 6.12 6.14 6.14 6.14 6.14 5.97 5.97 5.97 5.97 6.00 6.00 6.00 6.63 5.96 5.96 5.96 5.96 5.86 5.86 5.86 5.86
5.34 5.91 5.91 5.91 6.02 6.02 6.02 6.02 6.81 6.12 6.12 6.12 6.29 6.29 6.29 6.29 6.36 6.36 7.83 7.83 8.38 6.41 6.41 6.41 6.41 6.41 7.89 6.41 6.42 6.42 7.90 7.90 8.33 6.37 6.37 6.37 6.40 6.40 6.40 6.40 6.33 6.33 6.33 6.33 6.27 6.27 6.27 6.27 6.31 6.31 6.31 6.31 6.56 6.56 6.56 6.56 6.60 6.60 6.09 6.09 6.12 6.12 6.12 6.12 6.14 6.14 6.14 6.14 5.97 5.97 5.97 5.97 6.00 6.00 6.00 6.00 5.96 5.96 5.96 5.96 5.86 5.86 5.86 5.86
5.34 5.91 5.91 5.91 6.02 6.02 6.02 6.02 6.12 6.12 6.12 6.12 6.29 6.29 6.29 6.29 6.36 6.36 7.83 7.83 7.89 6.41 6.41 6.41 6.41 7.89 7.89 7.89 7.90 7.90 7.90 7.90 6.37 6.37 7.10 6.37 6.40 6.40 7.15 6.40 6.33 6.33 7.06 6.33 6.27 6.27 6.27 6.27 6.31 6.31 6.31 6.31 6.56 6.56 6.56 6.56 6.60 7.73 6.60 6.09 6.12 6.12 6.12 6.12 6.14 6.14 6.14 6.14 5.97 5.97 5.97 5.97 6.00 6.00 6.00 6.00 5.96 5.96 5.96 5.96 5.86 5.86 5.86 5.86
5.34 5.91 5.91 5.91 6.02 6.02 6.02 6.02 6.12 6.12 6.12 6.12 6.29 6.29 6.29 6.29 6.36 6.36 7.83 7.83 7.89 7.89 6.41 6.41 6.41 7.89 7.89 7.89 7.90 7.90 8.40 6.42 6.37 6.37 6.37 6.37 6.40 6.40 6.40 6.40 6.33 6.33 7.06 7.04 6.27 6.27 6.27 6.27 6.31 6.31 6.31 6.31 6.56 6.56 6.56 6.56 6.60 6.60 6.60 6.60 6.63 6.12 6.12 6.12 6.14 6.14 6.14 6.14 5.97 5.97 5.97 5.97 6.00 6.00 6.00 6.98 5.96 5.96 5.96 5.96 5.86 6.60 5.86 5.86
5.29 5.29 5.86 5.86 6.03 6.03 6.03 6.03 6.21 6.21 6.21 6.21 6.33 6.33 6.33 6.33 6.37 6.37 7.84 7.84 7.92 7.92 6.43 6.43 7.92 7.92 9.29 7.92 7.84 9.86 7.10 6.37 6.28 6.28 6.28 6.28 6.37 6.37 6.37 6.37 6.31 6.31 6.31 6.31 6.29 6.29 6.29 6.29 6.35 6.35 6.35 6.35 6.57 6.57 6.57 6.57 6.63 6.63 6.63 6.63 6.67 6.67 6.16 6.16 6.18 6.18 6.18 6.18 6.02 6.02 6.02 6.02 6.03 6.03 8.01 6.68 5.96 7.56 7.56 5.96 5.84 5.84 5.84 5.84
5.29 7.20 5.86 5.86 6.03 6.03 6.03 6.03 6.21 6.21 6.21 6.21 6.33 6.33 6.33 6.33 6.37 6.37 7.84 7.84 7.92 7.92 7.92 7.92 7.92 9.29 10.03 7.92 7.84 6.37 6.37 7.25 6.28 6.28 6.28 6.28 6.37 6.37 6.37 6.37 6.31 6.31 6.31 6.31 6.29 6.29 6.29 6.29 6.35 6.35 6.35 6.35 6.57 6.57 6.57 6.57 6.63 6.63 6.63 6.63 6.67 6.67 6.67 6.67 6.18 6.18 6.18 6.18 6.02 6.02 6.38 8.36 8.37 5.89 8.01 6.99 7.56 7.56 7.56 7.56 5.84 5.84 5.84 5.84
5.78 5.78 6.14 6.14 6.04 6.04 6.04 6.04 6.22 6.22 6.22 6.22 6.34 6.34 6.34 6.34 6.38 6.38 7.85 7.85 7.42 8.39 8.91 8.91 8.91 8.91 8.91 7.42 7.34 5.99 5.99 5.99 6.54 5.96 5.96 5.96 5.95 5.95 5.95 5.95 6.53 5.94 5.94 5.94 5.92 5.92 5.92 5.92 5.98 5.98 5.98 5.98 6.02 6.02 6.02 6.02 6.02 6.02 6.02 6.02 6.06 4.45 6.06 6.06 6.09 5.61 5.61 5.61 5.30 5.66 2.34 2.34 1.98 4.56 4.56 6.94 6.61 6.61 6.61 6.61 5.13 5.13 5.13 5.13
5.78 6.17 5.78 6.14 6.04 6.04 6.04 6.04 6.22 6.22 6.22 6.22 6.34 6.34 6.34 6.34 6.38 7.85 7.85 7.85 7.42 8.91 8.91 8.91 8.91 9.60 7.42 7.42 5.99 5.99 5.99 5.99 5.96 5.96 5.96 5.96 5.95 5.95 5.95 5.95 5.94 6.53 5.94 5.94 5.92 5.92 5.92 5.92 5.98 5.98 5.98 5.98 6.02 6.02 6.02 6.02 6.02 6.02 6.02 6.02 6.75 6.06 6.06 4.45 6.09 6.09 5.61 5.61 6.68 5.30 6.44 9.31 7.71 8.31 7.05 6.69 5.25 5.25 5.25 5.25 5.13 5.13 5.13 5.13
6.24 5.71 5.71 6.09 6.12 6.12 6.12 6.12 6.32 6.32 6.32 6.32 6.37 6.37 6.37 6.37 6.39 7.86 7.86 7.86 7.42 8.91 8.91 8.91 8.88 8.88 6.02 6.02 5.98 5.98 5.98 5.98 5.93 5.93 5.93 5.93 5.95 5.95 5.95 6.58 5.95 5.95 5.95 5.95 5.96 5.96 5.96 5.96 5.96 5.96 5.96 5.96 6.00 6.00 6.00 6.00 6.03 6.03 6.03 6.03 6.06 6.06 6.06 6.88 4.45 6.09 6.09 6.56 6.72 7.03 6.07 9.67 6.94 6.16 6.65 5.28 5.19 5.19 5.19 5.70 5.12 5.12 5.12 5.12
5.71 6.10 5.71 5.71 6.12 6.12 6.12 6.12 6.32 6.32 6.32 6.32 6.37 6.37 6.37 6.37 6.39 7.86 7.86 7.86 7.42 8.91 8.91 8.91 8.88 6.02 6.02 6.02 5.98 5.98 5.98 5.98 5.93 5.93 5.93 5.93 7.13 5.95 5.95 5.95 5.95 5.95 5.95 5.95 5.96 5.96 5.96 5.96 5.96 5.96 5.96 5.96 6.00 6.00 6.00 6.00 6.03 6.03 6.03 6.03 6.06 6.06 7.41 6.06 4.45 6.09 6.09 6.56 6.28 4.56 4.56 9.31 6.16 6.52 6.65 5.28 5.19 5.19 5.19 5.19 5.12 5.12 5.12 5.12
5.71 5.71 5.71 5.71 6.12 6.12 6.12 6.12 6.32 6.32 6.32 6.32 6.37 6.37 6.37 6.37 6.39 7.86 7.86 7.86 7.42 8.91 8.91 8.91 8.88 6.02 6.70 6.02 5.98 5.98 6.57 5.98 5.93 5.93 5.93 5.93 6.57 5.95 5.95 5.95 6.53 5.95 5.95 5.95 5.96 5.96 5.96 5.96 5.96 5.96 5.96 5.96 6.00 6.00 6.00 6.00 6.03 6.03 6.03 6.03 6.06 6.06 6.06 7.51 7.46 6.09 6.09 6.09 6.28 4.66 4.66 8.76 6.16 6.18 5.28 5.28 5.19 5.19 5.19 5.19 5.12 5.12 5.12 5.12
5.71 5.71 5.71 5.71 6.12 6.12 6.12 6.12 6.32 6.32 6.32 6.32 6.37 6.37 6.37 6.37 6.39 7.86 7.86 7.86 8.91 8.91 8.91 8.91 9.56 7.37 6.70 6.02 5.98 5.98 6.57 5.98 5.93 5.93 5.93 5.93 7.62 5.95 5.95 5.95 5.95 5.95 5.95 5.95 5.96 5.96 5.96 5.96 5.96 5.96 5.96 5.96 6.00 6.00 6.00 6.00 6.03 6.03 6.03 6.03 6.06 6.06 6.06 8.68 7.61 6.09 6.09 6.09 7.22 6.04 4.66 6.04 8.76 6.65 5.31 5.28 5.19 5.19 5.19 5.19 5.12 5.12 5.12 5.12
6.11 5.73 5.73 5.73 5.88 6.22 6.22 6.22 6.38 6.38 6.38 6.38 6.41 6.41 6.41 6.41 6.40 7.86 7.86 9.25 8.89 8.89 8.89 9.59 9.06 7.35 7.35 6.00 5.96 5.96 5.96 5.96 5.92 5.92 5.92 7.02 5.95 5.95 5.95 5.95 5.94 5.94 5.94 5.94 5.94 5.94 5.94 5.94 5.96 4.32 5.96 5.96 6.02 6.02 6.02 6.02 6.04 6.04 6.04 6.04 6.04 6.72 6.04 7.38 7.05 8.53 7.41 6.92 6.04 7.11 5.77 4.66 12.60 5.38 5.72 5.23 5.17 5.17 5.17 5.17 5.16 5.16 5.16 5.16
5.73 5.73 5.73 5.73 5.88 6.22 6.22 6.22 6.38 6.38 6.38 6.38 6.41 6.41 6.41 7.87 7.86 7.86 9.25 9.25 8.89 8.89 8.89 8.89 8.86 7.35 6.06 6.63 5.96 5.96 5.96 5.96 5.92 5.92 5.92 5.92 5.95 5.95 5.95 5.95 5.94 5.94 5.94 5.94 5.94 5.94 5.94 5.94 6.80 5.96 5.96 5.96 6.02 6.02 6.69 6.02 6.04 6.04 6.04 6.04 6.04 6.04 6.04 7.38 7.05 6.56 6.92 7.41 6.84 5.74 5.77 8.17 2.54 6.70 5.98 4.56 6.86 5.17 5.17 6.50 6.48 6.48 5.16 5.06
5.73 5.73 5.73 5.73 5.88 5.88 6.22 6.22 6.38 6.38 6.38 6.38 7.87 8.13 7.87 7.87 7.86 7.86 9.25 9.25 8.89 8.89 8.89 8.94 8.92 7.35 7.35 6.00 7.23 7.23 5.96 5.96 5.92 5.92 5.92 5.92 5.95 5.95 5.95 5.95 5.94 5.94 5.94 5.94 5.94 5.94 5.94 5.94 5.96 5.96 5.96 5.96 6.02 6.02 6.02 6.02 6.04 6.04 6.04 6.04 6.04 6.04 7.38 7.48 7.05 6.56 5.39 5.15 6.04 4.66 6.04 9.25 5.38 5.98 5.02 4.62 1.64 6.35 6.51 6.51 6.49 4.28 4.20 3.59
5.73 5.73 5.73 5.73 5.88 5.88 6.22 6.22 6.38 6.38 6.38 6.38 7.87 7.90 7.90 7.92 7.86 9.25 9.25 9.25 8.89 9.14 9.83 8.94 8.92 8.86 7.35 7.35 7.37 7.23 7.23 5.96 5.92 5.92 5.92 6.00 6.80 6.82 5.95 5.95 5.94 5.94 5.94 5.94 5.94 5.94 5.94 6.62 5.96 5.96 5.96 5.96 6.02 6.02 6.69 6.02 6.04 6.04 6.04 6.04 6.04 6.04 7.38 7.38 6.56 6.56 5.15 5.15 6.40 5.02 5.02 9.28 4.66 4.66 1.28 5.15 4.79 4.79 4.04 5.28 4.79 4.26 1.28 4.26
5.81 5.81 5.81 5.81 5.96 5.96 6.29 6.29 6.40 6.40 6.40 6.40 7.88 7.90 7.92 7.92 9.25 9.25 9.25 9.25 8.89 9.14 8.94 8.94 7.44 7.44 7.39 7.35 7.65 7.62 8.37 6.51 5.86 5.86 5.86 5.86 2.05 6.72 5.97 5.97 6.00 6.00 6.00 6.00 5.96 5.96 5.96 5.96 5.95 5.95 5.95 5.95 6.02 6.02 7.36 6.02 6.05 6.05 6.05 6.87 6.85 6.03 7.37 7.37 7.48 6.56 5.15 1.54 4.66 6.40 5.02 8.53 4.66 4.79 5.15 1.28 4.26 1.77 1.77 0.00 4.04 5.28 4.79 4.79
5.81 5.81 5.81 5.81 5.96 5.96 5.96 6.29 6.40 6.40 6.40 6.40 11.39 7.90 7.88 9.27 9.25 9.25 9.25 9.25 8.89 8.94 9.63 8.94 7.79 8.40 11.91 7.71 7.19 8.36 7.19 5.93 5.86 5.86 5.86 5.86 4.98 5.35 8.70 6.65 6.00 6.00 6.00 6.00 5.96 5.96 5.96 5.96 5.95 5.95 5.95 5.95 6.02 6.02 7.05 7.05 6.18 6.05 6.13 4.45 4.45 4.96 6.03 7.37 7.75 5.50 5.83 1.54 1.40 2.12 2.48 4.91 7.78 5.15 4.62 4.26 1.77 1.77 1.77 0.00 0.00 0.00 1.77 7.63
5.81 5.81 5.81 5.81 5.96 5.96 5.96 6.29 6.40 6.40 6.40 6.40 11.44 7.92 7.88 9.27 9.25 9.25 9.25 9.25 8.89 10.16 8.94 8.94 9.21 11.94 11.62 7.71 7.19 7.19 5.93 5.93 6.65 5.86 5.86 5.86 6.80 5.10 5.66 8.01 6.00 6.83 6.00 6.00 5.96 5.96 5.96 5.96 5.95 5.95 5.95 6.46 6.02 6.02 7.05 8.97 6.92 8.13 7.41 4.45 4.45 4.45 6.03 6.03 6.40 7.26 5.15 5.15 4.91 8.53 5.27 4.79 4.26 4.26 4.26 4.26 1.77 1.77 0.00 0.00 0.00 0.00 0.00 2.49
5.81 5.81 5.81 5.81 5.96 5.96 5.96 6.11 6.40 6.40 6.40 6.41 11.44 7.92 9.27 9.27 9.25 9.25 9.25 9.25 8.89 8.89 8.89 9.85 11.91 11.30 6.00 6.00 7.19 5.93 6.49 5.93 5.97 5.86 6.65 6.31 5.97 7.30 5.46 6.38 7.34 6.98 7.46 6.00 5.96 5.96 5.96 5.96 5.95 5.95 5.95 6.46 6.02 6.56 10.56 8.66 6.56 7.28 5.50 5.15 4.45 6.85 4.81 6.39 7.05 6.56 8.66 8.66 1.40 1.40 4.26 4.98 5.78 5.43 4.12 4.26 4.26 1.77 0.00 0.00 0.00 0.00 0.00 0.00
5.87 5.87 5.87 5.87 5.99 6.39 5.99 5.99 6.40 6.62 7.87 11.43 12.80 9.29 9.25 9.25 9.23 9.23 9.23 9.23 8.88 9.72 8.93 10.05 12.52 5.97 5.97 5.97 6.71 5.86 5.86 5.86 5.95 5.67 5.67 5.83 5.98 5.98 4.98 5.71 5.66 6.98 6.98 6.02 6.64 5.96 5.96 5.96 5.97 5.97 5.97 6.46 6.56 10.07 5.82 5.50 8.66 1.90 5.50 5.46 4.45 4.45 5.50 1.90 5.05 8.66 5.50 5.50 5.02 4.26 4.26 5.34 4.98 4.26 4.19 6.14 4.62 1.77 0.00 0.00 0.00 0.00 0.00 0.00
5.87 5.87 5.87 5.87 5.99 5.99 5.99 5.99 6.62 9.32 7.89 12.81 9.25 9.48 9.25 9.25 9.23 9.23 9.23 9.23 8.88 9.24 8.76 11.61 7.66 6.33 5.97 5.97 5.86 6.43 5.86 5.97 5.83 5.67 5.67 6.21 5.98 5.98 5.98 9.01 8.49 5.30 9.64 6.02 5.96 6.64 5.96 5.96 5.97 5.97 5.97 5.97 6.02 10.07 5.82 5.15 8.66 9.01 1.90 1.54 6.46 6.00 5.05 5.05 5.05 2.18 6.36 6.36 4.62 4.26 5.43 5.78 5.48 4.98 4.26 4.98 2.49 1.77 1.77 0.00 0.00 0.00 0.00 0.00
5.61 5.61 5.61 5.61 5.59 5.59 5.59 5.59 6.67 7.43 10.94 8.91 8.94 8.94 8.94 8.91 8.94 8.94 8.94 10.66 8.84 9.20 12.33 11.97 8.02 7.30 6.94 5.92 5.76 5.76 5.97 5.92 5.90 5.12 5.12 5.72 5.93 5.93 5.93 6.29 9.38 6.72 5.40 6.03 6.03 5.91 5.91 5.91 4.13 5.92 6.54 4.13 9.61 5.93 4.60 4.33 4.33 7.84 4.81 4.81 7.84 8.56 5.53 1.30 5.20 1.69 5.65 1.37 3.35 5.95 3.35 3.35 4.07 4.43 3.35 3.71 3.35 3.35 3.71 0.00 0.00 0.00 0.00 0.00
5.61 5.61 5.61 5.61 5.59 5.59 5.59 5.59 6.67 10.94 10.94 8.95 9.14 9.14 8.94 8.91 8.94 8.94 9.30 11.11 8.84 9.20 12.04 7.45 7.30 6.94 6.94 5.92 5.76 5.76 5.76 5.92 5.12 5.12 5.12 5.12 5.93 5.93 5.93 6.82 5.75 8.80 4.75 6.98 6.27 5.91 5.91 5.91 6.04 6.01 4.13 4.13 4.16 9.44 4.60 4.81 4.81 4.81 4.81 4.33 1.66 6.72 5.53 1.24 4.75 1.08 0.73 0.73 3.35 3.35 3.40 3.22 4.43 4.07 3.71 3.71 3.22 3.22 0.00 0.00 0.00 0.00 0.00 0.00
