New_Model_Runs/13_Future_RCP4.5_Scn3_out/post_prcessed_with_MFR/Monthly_summaries/net_infiltration_monthly_APR.asc
NCOLS 700
NROWS 400
XLLCENTER 515000.000000
YLLCENTER 8409000.000000
CELLSIZE 50.000000
NODATA_value -999.000000
[rows 76 to 113 of 400, columns 336 to 419 of 700]
0.00 0.00 0.00 0.00 0.00 0.00 0.00 0.00 0.00 0.00 0.00 0.00 0.00 0.00 0.00 0.00 0.00 0.00 0.00 0.00 0.00 0.00 0.00 0.00 0.00 0.00 0.00 0.00 0.00 0.00 0.00 0.00 0.00 0.00 0.00 0.00 0.00 0.00 0.00 0.00 0.00 0.00 0.00 0.00 0.00 0.00 0.00 0.00 1.03 1.83 0.00 0.00 0.00 0.00 0.00 0.00 0.00 3.30 3.09 3.35 3.35 3.35 3.61 3.61 3.13 3.63 3.63 3.98 5.84 2.35 2.56 0.00 0.00 0.00 0.00 0.00 0.00 0.00 0.00 0.00 0.00 0.00 0.00 0.00
0.00 0.00 0.00 0.00 0.00 0.00 0.00 0.00 0.00 0.00 0.00 0.00 0.00 0.00 0.00 0.00 0.00 0.00 0.00 0.00 0.00 0.00 0.00 0.00 0.00 0.00 0.00 0.00 0.00 0.00 0.00 0.00 0.00 0.00 0.00 0.00 0.00 0.00 0.00 0.00 0.00 0.00 0.00 0.00 0.00 0.00 0.00 0.00 1.15 3.07 3.07 0.00 0.00 0.00 3.43 3.43 3.35 3.35 3.30 3.35 3.35 3.61 3.61 3.61 3.63 3.63 1.85 0.91 2.71 6.93 0.00 0.00 0.00 0.00 0.00 0.00 0.00 0.00 0.00 0.00 0.00 0.00 0.00 0.00
0.00 0.00 0.00 0.00 0.00 0.00 0.00 0.00 0.00 0.00 0.00 0.00 0.00 0.00 0.00 0.00 0.00 0.00 0.00 0.00 0.00 0.00 0.00 0.00 0.00 0.00 0.00 0.00 0.00 0.00 0.00 0.00 0.00 0.00 0.00 0.00 0.00 0.00 0.00 0.00 0.00 0.00 0.00 0.00 0.00 0.00 0.00 0.00 3.07 3.07 3.07 3.07 3.43 3.43 3.43 3.43 3.35 3.68 3.09 3.35 3.35 2.29 2.29 1.03 1.06 1.06 1.06 1.06 4.93 0.00 0.00 0.00 0.00 0.00 0.00 0.00 0.00 0.00 0.00 0.00 0.00 0.00 0.00 0.00
0.00 0.00 0.00 0.00 0.00 0.00 0.00 0.00 0.00 0.00 0.00 0.00 0.00 0.00 0.00 0.00 0.00 0.00 0.00 0.00 0.00 0.00 0.00 0.00 0.00 0.00 0.00 0.00 0.00 0.00 0.00 0.00 0.00 0.00 0.00 0.00 0.00 0.00 0.00 0.00 0.00 0.00 0.00 0.00 0.00 0.00 0.00 1.67 3.07 3.07 3.07 3.07 3.43 3.43 3.43 3.43 3.35 1.83 3.35 3.35 3.08 2.07 3.61 1.03 1.06 1.77 1.77 4.57 0.00 0.00 0.00 0.00 0.00 0.00 0.00 0.00 0.00 0.00 0.00 0.00 0.00 0.00 0.00 0.00
0.00 0.00 0.00 0.00 0.00 0.00 0.00 0.00 0.00 0.00 0.00 0.00 0.00 0.00 0.00 0.00 0.00 0.00 0.00 0.00 0.00 0.00 0.00 0.00 0.00 0.00 0.00 0.00 0.00 0.00 0.00 0.00 0.00 0.00 0.00 0.00 0.00 0.00 0.00 0.00 0.00 0.00 0.00 0.00 0.00 0.00 0.00 3.59 3.05 3.05 3.05 3.05 3.34 3.34 3.34 3.34 3.39 3.39 3.39 3.39 3.09 2.20 3.45 1.38 1.77 5.62 5.28 0.00 0.00 0.00 0.00 0.00 0.00 0.00 0.00 0.00 0.00 0.00 0.00 0.00 0.00 0.00 0.00 0.00
0.00 0.00 0.00 0.00 0.00 0.00 0.00 0.00 0.00 0.00 0.00 0.00 0.00 0.00 0.00 0.00 0.00 0.00 0.00 0.00 0.00 0.00 0.00 0.00 0.00 0.00 0.00 0.00 0.00 0.00 0.00 0.00 0.00 0.00 0.00 0.00 0.00 0.00 2.78 0.00 0.00 0.00 0.00 0.00 0.00 0.00 0.00 3.59 3.05 3.05 3.05 3.05 3.34 3.32 3.34 3.34 3.24 3.28 3.39 3.39 3.09 3.09 3.45 1.38 2.11 5.26 0.00 0.00 0.00 0.00 0.00 0.00 0.00 0.00 0.00 0.00 0.00 0.00 0.00 0.00 0.00 0.00 0.00 0.00
0.00 0.00 0.00 0.00 0.00 0.00 0.00 0.00 0.00 0.00 0.00 0.00 0.00 0.00 0.00 0.00 0.00 0.00 0.00 0.00 0.00 0.00 0.00 0.00 0.00 0.00 0.00 0.00 0.00 0.00 0.00 0.00 0.00 0.00 0.00 0.00 0.00 4.10 4.10 4.10 4.11 0.00 0.00 0.00 0.00 0.00 0.00 3.55 3.60 3.60 3.60 3.60 3.48 3.48 3.48 3.48 2.26 2.26 3.53 3.53 3.65 3.65 4.53 1.98 5.85 0.00 0.00 0.00 0.00 0.00 0.00 0.00 0.00 0.00 0.00 0.00 0.00 0.00 0.00 0.00 0.00 0.00 0.00 3.46
0.00 0.00 0.00 0.00 0.00 0.00 0.00 0.00 0.00 0.00 0.00 0.00 0.00 0.00 0.00 0.00 0.00 0.00 0.00 0.00 0.00 0.00 0.00 0.00 0.00 0.00 0.00 0.00 0.00 0.00 0.00 0.00 0.00 0.00 0.00 0.00 4.10 4.10 4.10 4.10 4.17 4.17 4.17 1.83 1.22 3.55 3.55 3.55 3.60 3.60 3.60 3.60 3.48 3.48 3.48 3.48 3.53 3.53 3.53 3.53 4.25 2.88 2.88 1.98 5.49 0.00 0.00 0.00 0.00 0.00 0.00 0.00 0.00 0.00 0.00 0.00 0.00 0.00 0.00 0.00 3.46 4.11 3.46 3.46
0.00 0.00 0.00 0.00 0.00 0.00 0.00 0.00 0.00 0.00 0.00 0.00 0.00 0.00 0.00 0.00 0.00 0.00 0.00 0.00 0.00 0.00 0.00 0.00 0.00 0.00 0.00 0.00 0.00 0.00 0.00 0.00 0.00 0.00 1.63 4.12 4.08 4.08 4.08 4.08 4.09 4.16 4.16 4.16 4.05 3.47 3.47 3.82 3.50 3.50 3.50 3.50 3.53 3.53 3.53 3.53 3.67 3.67 3.67 3.67 4.36 2.88 0.89 2.45 7.18 0.00 0.00 0.00 0.00 0.00 0.00 0.00 0.00 0.00 0.00 0.00 0.00 0.00 0.00 0.00 3.47 3.47 3.47 3.47
0.00 0.00 0.00 0.00 0.00 0.00 0.00 0.00 0.00 0.00 0.00 0.00 0.00 0.00 0.00 0.00 0.00 0.00 0.00 0.00 0.00 0.00 0.00 0.00 0.00 0.00 0.00 0.00 0.00 0.00 0.00 0.00 0.00 4.12 4.12 4.12 4.08 4.08 4.08 4.08 4.09 4.16 4.16 4.16 4.05 4.10 3.47 3.47 3.50 3.50 3.50 3.50 3.53 3.53 3.53 3.53 4.29 4.29 4.29 2.88 2.88 2.63 2.33 3.16 3.51 0.00 0.00 0.00 0.00 0.00 0.00 0.00 0.00 0.00 0.00 0.00 0.00 0.00 0.00 3.70 3.47 2.43 3.47 3.47
0.00 0.00 0.00 0.00 0.00 0.00 0.00 0.00 0.00 0.00 0.00 0.00 0.00 0.00 0.00 0.00 0.00 0.00 0.00 0.00 0.00 0.00 0.00 0.00 0.00 0.00 0.00 0.00 0.00 0.00 0.00 0.00 0.00 4.18 4.12 4.12 4.08 4.08 4.14 4.08 4.09 4.16 4.16 4.22 4.05 4.05 4.05 3.47 3.50 4.03 3.50 3.50 3.53 3.53 3.53 3.53 4.29 4.29 2.88 2.88 2.63 0.53 2.73 6.32 0.00 0.00 0.00 0.00 0.00 0.00 0.00 0.00 0.00 0.00 0.00 0.00 0.00 0.00 3.70 3.70 3.47 3.47 3.47 3.47
0.00 0.00 0.00 0.00 0.00 0.00 0.00 0.00 0.00 0.00 0.00 0.00 0.00 0.00 0.00 0.00 0.00 0.00 0.00 0.00 0.00 0.00 0.00 0.00 0.00 0.00 0.00 0.00 0.00 0.00 0.00 0.00 0.00 4.12 4.12 4.12 4.08 4.08 4.08 4.08 4.09 4.15 4.16 4.16 4.05 4.05 4.05 4.05 3.50 3.89 3.50 2.26 3.53 3.53 3.53 3.53 3.67 4.04 2.88 2.88 2.88 2.63 3.35 5.96 0.00 0.00 0.00 0.00 0.00 0.00 0.00 0.00 0.00 0.00 0.00 0.00 0.00 2.69 3.70 3.70 3.47 3.47 3.83 3.47
0.00 0.00 0.00 0.00 0.00 0.00 0.00 0.00 0.00 0.00 0.00 0.00 0.00 0.00 0.00 0.00 0.00 0.00 0.00 0.00 0.00 0.00 0.00 0.00 0.00 0.00 0.00 0.00 0.00 0.00 0.00 0.00 0.00 0.00 4.19 4.19 4.12 4.12 4.12 4.12 4.06 4.06 4.12 4.12 4.06 4.00 4.00 2.71 4.41 3.86 3.86 3.57 3.66 3.66 3.66 3.66 3.74 3.74 4.08 2.88 3.24 7.12 6.95 5.96 0.00 0.00 0.00 0.00 0.00 0.00 0.00 0.00 0.00 0.00 0.00 0.00 2.70 3.72 3.72 3.72 3.83 3.48 3.48 3.48
0.00 0.00 0.00 0.00 0.00 0.00 0.00 0.00 0.00 0.00 0.00 0.00 0.00 0.00 0.00 0.00 0.00 0.00 0.00 0.00 0.00 0.00 0.00 0.00 0.00 0.00 0.00 0.00 0.00 0.00 0.00 0.00 0.00 0.00 0.00 4.19 4.12 4.12 4.12 4.12 4.06 4.06 4.06 4.11 4.06 4.00 2.71 2.71 3.00 3.99 3.57 3.57 3.66 3.66 3.66 3.66 3.74 4.37 3.24 3.24 2.90 4.69 7.31 7.39 4.61 0.00 0.00 0.00 0.00 0.00 0.00 0.00 0.00 0.00 0.00 3.76 4.09 3.72 3.72 3.72 3.48 3.48 3.83 3.48
0.00 0.00 0.00 0.00 0.00 0.00 0.00 0.00 0.00 0.00 0.00 0.00 0.00 0.00 0.00 0.00 0.00 0.00 0.00 0.00 0.00 0.00 0.00 1.44 0.00 0.00 0.00 0.00 0.00 0.00 0.00 0.00 0.00 0.00 0.00 4.25 4.12 4.12 4.17 4.12 4.06 4.06 4.06 4.06 4.00 4.00 2.77 2.71 4.16 3.99 4.16 3.57 3.66 4.28 4.28 7.79 7.88 7.88 6.75 6.77 6.41 6.86 3.08 2.53 1.81 4.97 4.61 5.38 0.00 0.00 0.00 0.00 4.05 4.05 5.44 3.76 3.72 3.72 3.72 3.72 3.48 3.48 3.48 3.48
0.00 0.00 0.00 0.00 0.00 0.00 0.00 0.00 0.00 0.00 0.00 0.00 0.00 0.00 0.00 0.00 0.00 0.00 0.00 0.00 0.00 0.00 0.00 3.96 3.95 3.95 0.00 0.00 0.00 0.00 0.00 0.00 0.00 0.00 0.00 0.00 4.12 4.12 4.12 4.12 4.06 4.06 4.06 4.12 4.00 4.00 4.00 4.00 4.16 4.16 4.16 4.16 4.28 7.79 7.79 4.48 4.58 3.74 2.88 1.01 2.99 2.99 1.61 5.18 4.61 5.60 7.04 4.35 2.70 2.34 5.23 4.41 3.79 0.54 0.54 4.12 3.72 3.72 3.72 3.72 3.48 3.48 3.48 3.48
0.00 0.00 0.00 0.00 0.00 0.00 0.00 0.00 0.00 0.00 0.00 0.00 0.00 0.00 0.00 0.00 0.00 0.00 0.00 0.00 0.00 0.00 0.00 3.96 3.96 3.96 3.96 0.00 0.00 0.00 0.00 0.00 0.00 0.00 0.00 0.00 4.15 4.15 4.15 4.15 4.04 4.04 4.04 4.09 4.08 4.03 4.03 4.03 4.25 4.25 4.25 4.25 4.30 3.79 3.68 3.68 3.74 3.74 3.74 2.88 2.99 2.63 2.18 2.88 2.69 1.73 4.34 4.80 3.26 0.90 2.69 2.01 4.41 1.69 4.71 3.05 3.06 3.76 3.84 3.76 3.52 3.52 3.52 3.52
0.00 0.00 0.00 0.00 0.00 0.00 0.00 0.00 0.00 0.00 0.00 0.00 0.00 0.00 0.00 0.00 0.00 0.00 0.00 0.00 0.00 0.00 0.00 3.96 3.96 3.96 3.96 4.01 0.00 0.00 0.00 0.00 0.00 0.00 0.00 0.00 0.00 4.15 4.15 4.15 4.04 4.04 4.04 4.04 4.03 4.03 4.03 4.08 4.25 4.27 4.25 4.27 4.30 4.30 3.68 3.68 3.74 3.74 3.94 2.88 2.38 2.62 4.73 1.52 2.95 2.55 3.63 3.18 4.13 1.26 1.91 1.55 5.74 4.02 3.04 2.92 3.76 3.84 4.10 4.38 3.52 3.52 3.52 3.52
0.00 0.00 0.00 0.00 0.00 0.00 0.00 0.00 0.00 0.00 0.00 0.00 0.00 0.00 0.00 0.00 0.00 0.00 0.00 0.00 0.00 0.00 3.98 3.96 3.96 3.96 3.96 3.96 3.99 0.00 0.00 0.00 0.00 0.00 0.00 0.00 0.00 4.15 4.15 4.15 4.04 4.04 4.04 4.04 4.09 4.03 4.03 4.03 4.25 4.25 4.32 4.25 4.30 4.30 4.30 3.68 3.74 3.74 2.88 2.88 4.54 3.77 4.42 3.77 2.70 2.55 4.12 2.92 3.77 1.26 1.26 0.48 3.99 6.20 6.20 6.43 8.55 4.38 4.38 4.38 3.52 3.52 3.52 3.86
0.00 0.00 0.00 0.00 0.00 0.00 0.00 0.00 0.00 0.00 0.00 0.00 0.00 0.00 0.00 0.00 0.00 0.00 0.00 0.00 0.00 0.00 4.06 3.96 3.96 3.96 3.96 3.96 4.04 3.99 0.00 0.00 0.00 0.00 0.00 0.00 4.15 4.15 4.15 4.15 4.09 4.04 4.04 4.04 4.09 4.03 4.03 4.03 4.25 4.25 4.25 4.25 4.30 4.30 4.30 4.30 3.74 4.37 4.37 2.88 6.10 3.77 3.77 3.77 2.70 2.92 3.79 2.70 3.85 2.92 1.26 0.48 0.48 0.48 2.94 2.92 7.89 4.38 4.38 4.38 3.52 3.52 3.52 3.52
0.00 0.00 0.00 0.00 0.00 0.00 0.00 0.00 0.00 0.00 0.00 0.00 0.00 0.00 0.00 0.00 3.98 0.00 4.05 3.98 3.96 3.96 3.96 3.96 3.93 3.93 3.93 3.93 3.98 3.98 3.98 0.00 0.00 0.00 0.00 0.00 4.13 4.13 4.13 4.13 4.07 4.07 4.07 4.07 4.07 4.07 4.07 4.07 4.24 4.24 4.24 4.24 4.28 4.28 4.28 4.28 4.37 4.45 4.37 2.88 1.52 3.74 2.65 3.74 2.70 4.37 4.37 3.74 3.78 4.41 1.26 5.49 3.80 3.80 2.68 2.92 6.40 2.42 2.42 4.43 1.37 3.58 3.58 3.58
0.00 0.00 0.00 0.00 0.00 0.00 0.00 0.00 4.16 4.16 0.00 0.00 0.00 4.16 4.16 4.26 3.98 3.98 3.98 4.07 3.96 3.96 3.96 3.96 3.93 4.15 3.93 3.93 3.98 3.98 3.98 3.98 4.20 4.20 4.20 4.20 4.13 4.13 4.13 4.13 4.07 4.07 4.07 4.07 4.07 4.07 4.07 4.13 4.34 4.24 4.24 4.24 4.28 4.28 4.28 4.28 4.37 4.45 4.45 5.14 3.74 3.74 2.65 3.94 3.83 4.10 3.74 3.74 3.78 4.95 2.42 4.77 4.43 2.68 2.92 4.43 4.13 7.94 4.43 4.43 3.86 3.61 3.58 3.92
0.00 0.00 0.00 0.00 0.00 0.00 0.00 4.13 4.11 4.11 4.11 4.11 4.12 4.12 4.12 4.20 4.50 4.50 4.50 4.50 4.58 4.58 4.48 4.48 4.32 4.45 4.32 4.32 4.50 4.36 4.36 4.36 4.67 4.67 4.67 4.83 4.60 4.60 4.60 4.60 4.54 4.54 4.69 4.54 4.54 4.54 4.69 4.54 4.82 4.66 4.66 4.66 4.70 4.70 4.70 4.70 4.95 5.21 3.95 4.80 4.26 4.26 3.35 3.35 4.26 4.82 6.16 4.13 4.17 4.35 3.02 3.54 3.54 3.54 4.89 4.89 3.54 7.05 6.53 8.15 4.53 4.76 4.48 4.08
0.00 0.00 0.00 0.00 0.00 0.00 0.00 0.00 4.11 4.11 4.11 4.11 4.20 4.20 4.12 4.12 4.59 4.50 4.50 4.50 4.48 4.58 4.48 4.48 4.64 4.32 4.32 4.32 4.36 4.36 4.36 4.36 4.67 4.67 4.67 4.67 4.60 4.60 4.60 4.75 4.69 4.54 4.54 4.54 4.54 4.54 4.69 4.54 4.66 4.66 4.66 4.66 4.70 4.70 4.70 4.70 4.80 5.00 5.14 4.80 4.79 4.26 4.26 4.26 4.13 4.13 5.01 4.13 4.17 3.32 3.54 3.54 3.54 3.54 4.89 4.89 3.54 3.54 3.32 5.20 4.53 4.76 4.08 4.08
0.00 0.00 0.00 0.00 0.00 0.00 0.00 0.00 4.17 4.10 4.10 4.10 4.07 4.07 4.07 4.14 4.46 4.55 4.46 4.46 4.47 4.56 4.47 4.47 4.45 4.30 4.43 4.30 4.31 4.31 4.31 4.31 4.73 4.75 4.60 4.60 4.58 4.58 4.58 4.91 4.57 4.57 4.57 4.57 4.55 4.55 4.55 4.55 4.64 4.64 4.64 4.64 4.70 4.70 4.70 4.70 4.77 4.77 4.77 4.77 4.75 4.75 4.22 4.22 4.12 4.51 4.51 4.12 4.17 4.17 3.54 3.72 3.32 5.14 4.90 4.19 3.54 4.25 3.32 3.02 3.09 2.90 4.75 4.75
0.00 0.00 0.00 0.00 0.00 0.00 0.00 0.00 4.10 4.10 4.10 4.10 4.07 4.07 4.07 4.07 4.46 4.46 4.55 4.46 4.47 4.56 4.47 4.47 4.45 4.30 4.30 4.30 4.31 4.31 4.31 4.31 4.60 4.60 4.60 4.60 4.58 4.58 4.58 4.58 4.72 4.57 4.72 4.57 4.55 4.55 4.55 4.55 4.64 4.64 4.64 4.64 4.70 4.86 4.70 4.70 4.77 4.77 4.93 4.77 4.75 4.75 4.75 4.22 4.12 4.12 4.12 4.12 4.17 4.17 3.54 4.86 4.90 3.54 3.02 4.19 4.89 4.64 3.02 4.64 4.75 4.75 2.90 4.75
0.00 0.00 0.00 0.00 0.00 0.00 0.00 0.00 4.17 4.19 4.17 4.10 4.07 4.07 4.07 4.07 4.46 4.46 4.46 4.46 4.47 4.47 4.56 4.47 4.45 4.45 4.30 4.43 4.31 4.31 4.31 4.45 4.76 4.60 4.60 4.60 4.73 4.58 4.58 4.58 4.57 4.57 4.57 4.57 4.55 4.55 4.55 4.55 4.64 4.64 4.64 4.64 4.70 4.70 4.70 4.70 4.77 4.77 5.13 4.77 4.75 4.75 4.75 4.75 4.12 4.12 4.12 4.12 4.17 4.17 5.58 4.86 4.90 4.90 3.72 3.63 4.19 4.89 4.64 4.89 4.75 4.07 4.07 4.07
0.00 0.00 0.00 0.00 0.00 0.00 0.00 4.18 4.10 4.10 4.17 4.17 4.07 4.07 4.07 4.07 4.46 4.46 4.46 4.65 4.47 4.47 4.47 4.47 4.45 4.45 4.30 4.30 4.31 4.31 4.31 4.31 4.66 4.80 4.60 4.60 4.58 4.58 4.58 4.87 4.57 4.57 4.57 4.57 4.55 4.55 4.55 4.55 4.79 4.64 4.64 4.64 4.70 4.70 4.70 4.70 4.77 4.93 4.93 4.77 4.75 4.75 4.75 4.75 4.64 4.12 4.12 4.12 4.17 4.17 4.17 4.86 4.90 3.54 3.54 4.81 4.19 4.19 4.64 3.02 4.75 4.07 4.07 4.07
0.00 0.00 0.00 0.00 0.00 0.00 4.18 4.18 4.08 4.08 4.08 4.08 4.12 4.04 4.04 4.04 4.42 4.42 4.42 4.51 4.44 4.44 4.44 4.44 4.44 4.44 4.40 4.40 4.40 4.40 4.40 4.40 4.63 4.57 4.76 4.72 4.56 4.56 4.56 4.56 4.56 4.56 4.56 4.56 4.53 4.53 4.68 4.68 4.78 4.63 4.63 4.63 4.70 4.70 4.70 4.70 4.73 4.73 4.73 4.73 4.71 4.71 4.71 4.71 4.60 4.60 4.30 4.08 4.13 4.13 4.53 4.13 4.15 4.15 4.62 4.62 4.61 4.13 4.53 4.13 4.66 4.00 4.00 4.00
0.00 0.00 0.00 0.00 0.00 1.35 4.18 4.18 4.08 4.08 4.08 4.08 4.04 4.04 4.04 4.04 4.50 4.42 4.42 4.51 4.53 4.44 4.44 4.55 4.53 4.44 4.44 4.40 4.40 4.40 4.40 4.40 4.57 4.57 4.57 4.57 4.56 4.56 4.56 4.56 4.56 4.56 4.56 4.56 4.53 4.53 4.53 4.53 4.63 4.63 4.63 4.63 4.70 4.70 4.70 4.70 4.88 4.73 4.89 4.73 4.71 4.71 4.62 4.71 4.60 4.60 4.60 4.08 4.13 4.13 4.13 4.53 4.15 4.15 2.12 5.43 5.53 4.13 4.13 4.13 4.00 4.39 4.00 4.00
0.00 0.00 0.00 0.00 0.00 1.35 4.26 4.18 4.08 4.16 4.08 4.08 4.04 4.04 4.04 4.04 4.42 4.42 4.42 4.42 4.44 4.53 4.44 4.44 4.44 4.44 4.44 4.40 4.54 4.40 4.40 4.42 4.72 4.57 4.57 4.57 4.56 4.56 4.56 4.56 4.56 4.56 4.56 4.56 4.53 4.68 4.53 4.53 4.63 4.63 4.63 4.63 4.85 4.70 4.70 4.70 4.73 4.73 4.73 4.73 4.71 4.71 5.01 5.05 4.60 4.60 4.76 4.60 4.13 4.13 4.13 4.13 4.15 4.15 4.15 4.85 4.82 4.13 4.13 4.13 4.00 4.00 4.00 4.00
0.00 0.00 0.00 0.00 0.00 4.18 4.26 4.18 4.08 4.08 4.08 4.08 4.04 4.12 4.04 4.04 4.42 4.42 4.42 4.42 4.44 4.44 4.44 4.44 4.44 4.44 4.44 4.44 4.35 4.40 4.40 4.40 4.57 4.72 4.57 4.57 4.56 4.56 4.56 4.56 4.56 4.56 4.71 4.56 4.53 4.53 4.53 4.53 4.63 4.63 4.63 4.63 4.85 4.70 4.70 4.70 4.73 4.89 4.73 4.73 4.86 4.71 4.71 4.86 4.60 4.60 4.60 4.60 4.65 4.13 4.13 4.13 4.54 4.15 4.87 4.15 4.82 4.13 4.13 4.13 4.00 4.00 4.00 4.00
0.00 0.00 0.00 0.00 0.00 4.16 4.16 4.16 4.06 4.06 4.06 4.06 4.03 4.03 4.10 4.03 4.40 4.40 4.40 4.40 4.44 4.44 4.53 4.44 4.45 4.54 4.45 4.45 4.39 4.41 4.39 4.39 4.55 4.55 4.70 4.55 4.54 4.54 4.54 4.54 4.54 4.54 4.69 4.54 4.50 4.50 4.65 4.50 4.60 4.60 4.60 4.60 4.66 4.66 4.66 4.66 4.65 4.65 4.65 4.65 4.65 4.65 4.65 4.65 4.55 4.55 4.70 4.70 4.57 4.57 4.05 4.05 4.07 4.07 4.07 4.07 4.05 4.05 4.05 4.23 3.93 3.93 3.93 3.93
0.00 0.00 0.00 1.35 0.00 3.93 4.24 4.16 4.06 4.06 4.06 4.06 4.03 4.03 4.03 4.03 4.40 4.40 4.40 4.40 4.44 4.44 4.44 4.44 4.45 4.54 4.45 4.45 4.39 4.50 4.35 4.39 4.55 4.55 4.88 4.55 4.69 4.54 4.54 4.54 4.69 4.54 4.69 4.54 4.50 4.50 4.50 4.50 4.60 4.60 4.60 4.89 4.66 4.81 4.66 4.81 4.65 4.65 4.65 4.65 4.65 4.65 4.65 4.65 4.55 4.55 4.70 4.55 4.57 4.57 4.57 4.05 4.07 4.07 4.30 4.44 4.42 4.42 4.42 4.42 4.31 4.31 4.79 4.31
0.00 0.00 0.00 0.00 4.16 4.16 4.16 4.16 4.06 4.06 4.06 4.06 4.03 4.03 4.03 4.03 4.66 4.40 4.40 4.40 4.44 4.44 4.62 4.44 4.45 4.45 4.54 4.45 4.44 4.39 4.39 4.39 4.55 4.70 4.55 4.70 4.69 4.54 4.54 4.54 4.69 4.54 4.54 4.54 4.50 4.50 4.50 4.65 4.60 4.60 4.60 4.60 4.66 4.66 4.66 4.66 4.65 4.65 4.65 4.65 4.65 4.65 4.65 4.65 4.70 4.55 4.55 4.70 4.57 4.57 4.57 4.57 4.44 4.44 4.44 4.44 4.42 4.42 4.42 4.42 4.31 4.79 4.31 4.31
0.00 0.00 1.35 1.35 4.32 4.16 4.24 4.16 4.06 4.06 4.06 4.06 4.10 4.10 4.03 4.03 4.49 4.49 4.40 4.40 4.44 4.44 4.53 4.44 4.54 4.45 4.45 4.54 4.44 4.39 4.39 4.39 4.55 4.55 4.55 4.55 4.69 4.54 4.54 4.54 4.69 4.54 4.54 4.54 4.50 4.50 4.50 4.50 4.60 4.60 4.60 4.60 4.66 4.66 4.80 4.66 4.65 4.65 4.95 4.65 4.65 4.65 4.80 4.65 4.55 4.55 4.55 4.55 4.57 4.57 4.57 4.43 4.44 4.44 3.77 4.44 4.42 3.97 4.42 4.42 4.31 4.31 4.31 4.31
0.00 0.00 0.00 4.28 4.10 4.10 4.10 4.10 4.09 4.01 4.01 4.01 4.02 4.09 4.02 4.02 4.38 4.56 4.38 4.38 4.42 4.42 4.42 4.42 4.43 4.43 4.43 4.52 4.40 4.36 4.36 4.36 4.52 4.52 4.52 4.52 4.51 4.51 4.51 4.51 4.48 4.48 4.48 4.48 4.42 4.42 4.42 4.42 4.53 4.53 4.53 4.53 4.57 4.57 4.57 4.71 4.58 4.58 4.58 4.58 4.59 4.59 4.73 4.59 4.46 4.46 4.46 4.46 4.47 4.47 4.47 4.35 4.37 4.37 4.37 4.86 4.83 4.34 4.34 4.34 4.23 4.23 4.23 4.23
0.00 0.00 1.35 4.28 4.10 4.10 4.10 4.10 4.01 4.09 4.01 4.01 4.02 4.02 4.09 4.02 4.38 4.56 4.46 4.38 4.42 4.42 4.52 4.51 4.43 4.43 4.43 4.43 4.49 4.41 4.36 4.36 4.52 4.52 4.66 4.52 4.51 4.65 4.51 4.51 4.48 4.62 4.63 4.54 4.42 4.42 4.42 4.42 4.53 4.53 4.53 4.68 4.57 4.57 4.57 4.57 4.58 4.58 4.58 4.58 4.59 4.59 4.59 4.59 4.46 4.46 4.46 4.46 4.47 4.53 4.47 4.35 4.37 4.37 4.37 4.37 4.34 4.34 4.34 4.34 4.23 4.23 4.23 4.23
