New_Model_Runs/13_Future_RCP4.5_Scn3_out/post_prcessed_with_MFR/Monthly_summaries/net_infiltration_monthly_DEC.asc
NCOLS 700
NROWS 400
XLLCENTER 515000.000000
YLLCENTER 8409000.000000
CELLSIZE 50.000000
NODATA_value -999.000000
[rows 74 to 110 of 400, columns 328 to 409 of 700]
0.00 0.00 0.00 0.00 0.00 0.00 0.00 0.00 0.00 0.00 0.00 0.00 0.00 0.00 0.00 0.00 0.00 0.00 0.00 0.00 0.00 0.00 0.00 0.00 0.00 0.00 0.00 0.00 0.00 0.00 0.00 0.00 0.00 0.00 0.00 0.00 0.00 0.00 0.00 0.00 0.00 0.00 0.00 0.00 0.00 0.00 0.00 0.00 0.00 0.00 0.00 0.00 0.00 0.00 0.00 0.00 0.00 0.00 0.00 0.00 0.00 0.00 0.00 0.00 0.00 0.00 0.00 9.83 10.99 10.99 9.72 9.72 9.67 9.67 9.67 9.67 9.83 12.46 12.65 12.65 0.00 0.00
0.00 0.00 0.00 0.00 0.00 0.00 0.00 0.00 0.00 0.00 0.00 0.00 0.00 0.00 0.00 0.00 0.00 0.00 0.00 0.00 0.00 0.00 0.00 0.00 0.00 0.00 0.00 0.00 0.00 0.00 0.00 0.00 0.00 0.00 0.00 0.00 0.00 0.00 0.00 0.00 0.00 0.00 0.00 0.00 0.00 0.00 0.00 0.00 0.00 0.00 0.00 0.00 0.00 0.00 0.00 0.00 0.00 0.00 0.00 0.00 0.00 0.00 0.00 0.00 0.00 0.00 9.83 11.08 13.33 9.72 9.72 9.72 9.67 9.67 9.67 9.67 9.83 12.83 9.68 0.37 0.00 0.00
0.00 0.00 0.00 0.00 0.00 0.00 0.00 0.00 0.00 0.00 0.00 0.00 0.00 0.00 0.00 0.00 0.00 0.00 0.00 0.00 0.00 0.00 0.00 0.00 0.00 0.00 0.00 0.00 0.00 0.00 0.00 0.00 0.00 0.00 0.00 0.00 0.00 0.00 0.00 0.00 0.00 0.00 0.00 0.00 0.00 0.00 0.00 0.00 0.00 0.00 0.00 0.00 0.00 0.00 0.00 0.00 4.34 8.59 0.00 0.00 0.00 0.00 0.00 0.00 0.00 11.54 10.93 9.67 9.68 9.68 12.27 12.27 9.90 12.56 12.56 12.93 14.92 4.53 9.68 0.00 0.00 0.00
0.00 0.00 0.00 0.00 0.00 0.00 0.00 0.00 0.00 0.00 0.00 0.00 0.00 0.00 0.00 0.00 0.00 0.00 0.00 0.00 0.00 0.00 0.00 0.00 0.00 0.00 0.00 0.00 0.00 0.00 0.00 0.00 0.00 0.00 0.00 0.00 0.00 0.00 0.00 0.00 0.00 0.00 0.00 0.00 0.00 0.00 0.00 0.00 0.00 0.00 0.00 0.00 0.00 0.00 0.00 0.00 5.77 9.92 9.92 0.00 0.00 0.00 9.81 9.81 9.67 9.67 11.54 9.67 9.68 12.27 12.27 12.27 12.56 12.56 8.93 3.05 4.90 9.27 0.00 0.00 0.00 0.00
0.00 0.00 0.00 0.00 0.00 0.00 0.00 0.00 0.00 0.00 0.00 0.00 0.00 0.00 0.00 0.00 0.00 0.00 0.00 0.00 0.00 0.00 0.00 0.00 0.00 0.00 0.00 0.00 0.00 0.00 0.00 0.00 0.00 0.00 0.00 0.00 0.00 0.00 0.00 0.00 0.00 0.00 0.00 0.00 0.00 0.00 0.00 0.00 0.00 0.00 0.00 0.00 0.00 0.00 0.00 0.00 9.92 9.92 9.92 9.92 9.81 9.81 9.81 9.81 9.67 10.88 10.93 9.67 9.68 11.23 11.23 4.02 5.06 5.06 5.06 5.06 9.06 0.00 0.00 0.00 0.00 0.00
0.00 0.00 0.00 0.00 0.00 0.00 0.00 0.00 0.00 0.00 0.00 0.00 0.00 0.00 0.00 0.00 0.00 0.00 0.00 0.00 0.00 0.00 0.00 0.00 0.00 0.00 0.00 0.00 0.00 0.00 0.00 0.00 0.00 0.00 0.00 0.00 0.00 0.00 0.00 0.00 0.00 0.00 0.00 0.00 0.00 0.00 0.00 0.00 0.00 0.00 0.00 0.00 0.00 0.00 0.00 7.16 9.92 9.92 9.92 9.92 9.81 9.81 9.81 9.81 9.67 8.59 9.67 9.67 9.84 10.00 12.27 4.02 5.06 5.80 5.80 8.69 0.00 0.00 0.00 0.00 0.00 0.00
0.00 0.00 0.00 0.00 0.00 0.00 0.00 0.00 0.00 0.00 0.00 0.00 0.00 0.00 0.00 0.00 0.00 0.00 0.00 0.00 0.00 0.00 0.00 0.00 0.00 0.00 0.00 0.00 0.00 0.00 0.00 0.00 0.00 0.00 0.00 0.00 0.00 0.00 0.00 0.00 0.00 0.00 0.00 0.00 0.00 0.00 0.00 0.00 0.00 0.00 0.00 0.00 0.00 0.00 0.00 10.44 9.87 9.87 9.87 9.87 9.66 9.66 9.66 9.66 9.74 9.74 9.74 9.74 9.96 10.09 10.33 4.39 5.80 7.00 9.43 0.00 0.00 0.00 0.00 0.00 0.00 0.00
0.00 0.00 0.00 0.00 0.00 0.00 0.00 0.00 0.00 0.00 0.00 0.00 0.00 0.00 0.00 0.00 0.00 0.00 0.00 0.00 0.00 0.00 0.00 0.00 0.00 0.00 0.00 0.00 0.00 0.00 0.00 0.00 0.00 0.00 0.00 0.00 0.00 0.00 0.00 0.00 0.00 0.00 0.00 0.00 0.00 0.00 6.82 0.00 0.00 0.00 0.00 0.00 0.00 0.00 0.00 10.44 9.87 9.87 9.87 9.87 9.66 11.08 9.66 9.66 11.09 10.07 9.74 9.74 9.96 9.96 10.33 4.39 3.37 6.63 0.00 0.00 0.00 0.00 0.00 0.00 0.00 0.00
0.00 0.00 0.00 0.00 0.00 0.00 0.00 0.00 0.00 0.00 0.00 0.00 0.00 0.00 0.00 0.00 0.00 0.00 0.00 0.00 0.00 0.00 0.00 0.00 0.00 0.00 0.00 0.00 0.00 0.00 0.00 0.00 0.00 0.00 0.00 0.00 0.00 0.00 0.00 0.00 0.00 0.00 0.00 0.00 0.00 10.01 10.01 10.01 10.02 0.00 0.00 0.00 0.00 0.00 0.00 10.53 10.48 10.48 10.48 10.48 10.26 10.26 10.26 10.26 9.40 9.40 10.35 10.35 10.57 10.57 13.91 5.29 9.36 0.00 0.00 0.00 0.00 0.00 0.00 0.00 0.00 0.00
0.00 0.00 0.00 0.00 0.00 0.00 0.00 0.00 0.00 0.00 0.00 0.00 0.00 0.00 0.00 0.00 0.00 0.00 0.00 0.00 0.00 0.00 0.00 0.00 0.00 0.00 0.00 0.00 0.00 0.00 0.00 0.00 0.00 0.00 0.00 0.00 0.00 0.00 0.00 0.00 0.00 0.00 0.00 0.00 10.01 10.01 10.01 10.01 11.17 12.74 12.74 7.58 4.76 10.53 10.53 10.53 10.48 10.48 10.48 10.48 10.26 10.26 10.26 10.26 10.35 10.35 10.35 10.35 13.58 12.26 12.26 5.29 8.99 0.00 0.00 0.00 0.00 0.00 0.00 0.00 0.00 0.00
0.00 0.00 0.00 0.00 0.00 0.00 0.00 0.00 0.00 0.00 0.00 0.00 0.00 0.00 0.00 0.00 0.00 0.00 0.00 0.00 0.00 0.00 0.00 0.00 0.00 0.00 0.00 0.00 0.00 0.00 0.00 0.00 0.00 0.00 0.00 0.00 0.00 0.00 0.00 0.00 0.00 0.00 5.95 10.04 9.97 9.97 9.97 9.97 9.99 13.78 12.70 12.70 9.92 10.38 10.38 11.73 10.30 10.30 10.30 10.30 10.34 10.34 10.34 10.34 10.63 10.63 10.63 10.63 13.82 12.26 2.80 4.39 11.34 0.00 0.00 0.00 0.00 0.00 0.00 0.00 0.00 0.00
0.00 0.00 0.00 0.00 0.00 0.00 0.00 0.00 0.00 0.00 0.00 0.00 0.00 0.00 0.00 0.00 0.00 0.00 0.00 0.00 0.00 0.00 0.00 0.00 0.00 0.00 0.00 0.00 0.00 0.00 0.00 0.00 0.00 0.00 0.00 0.00 0.00 0.00 0.00 0.00 0.00 10.04 10.04 10.04 9.97 9.97 9.97 9.97 9.99 12.70 12.70 12.70 9.92 11.07 10.38 10.38 10.30 10.30 10.30 10.30 10.34 10.34 10.34 10.34 13.66 13.66 13.66 12.26 12.26 10.90 4.28 5.13 3.63 0.00 0.00 0.00 0.00 0.00 0.00 0.00 0.00 0.00
0.00 0.00 0.00 0.00 0.00 0.00 0.00 0.00 0.00 0.00 0.00 0.00 0.00 0.00 0.00 0.00 0.00 0.00 0.00 0.00 0.00 0.00 0.00 0.00 0.00 0.00 0.00 0.00 0.00 0.00 0.00 0.00 0.00 0.00 0.00 0.00 0.00 0.00 0.00 0.00 0.00 11.21 10.04 10.04 9.97 9.97 11.13 9.97 9.99 12.70 12.70 15.12 9.92 9.92 9.92 10.38 10.30 12.34 10.30 10.30 10.34 10.34 10.34 10.34 13.66 13.66 12.26 12.26 10.90 2.43 4.55 8.38 0.00 0.00 0.00 0.00 0.00 0.00 0.00 0.00 0.00 0.00
0.00 0.00 0.00 0.00 0.00 0.00 0.00 0.00 0.00 0.00 0.00 0.00 0.00 0.00 0.00 0.00 0.00 0.00 0.00 0.00 0.00 0.00 0.00 0.00 0.00 0.00 0.00 0.00 0.00 0.00 0.00 0.00 0.00 0.00 0.00 0.00 0.00 0.00 0.00 0.00 0.00 10.04 10.04 10.04 9.97 9.97 9.97 9.97 9.99 11.14 12.70 12.70 9.92 9.92 9.92 9.92 10.30 11.77 10.30 9.40 10.34 10.34 10.34 10.34 10.63 14.19 12.26 12.26 12.26 10.90 9.23 8.01 0.00 0.00 0.00 0.00 0.00 0.00 0.00 0.00 0.00 0.00
0.00 0.00 0.00 0.00 0.00 0.00 0.00 0.00 0.00 0.00 0.00 0.00 0.00 0.00 0.00 0.00 0.00 0.00 0.00 0.00 0.00 0.00 0.00 0.00 0.00 0.00 0.00 0.00 0.00 0.00 0.00 0.00 0.00 0.00 0.00 0.00 0.00 0.00 0.00 0.00 0.00 0.00 10.15 10.15 10.03 10.03 10.03 10.03 9.94 9.94 12.62 12.62 12.94 10.42 10.42 9.72 10.30 10.71 10.71 10.42 10.61 10.61 10.61 10.61 10.76 10.76 14.30 12.26 12.63 13.55 8.92 8.01 0.00 0.00 0.00 0.00 0.00 0.00 0.00 0.00 0.00 0.00
0.00 0.00 0.00 0.00 0.00 0.00 0.00 0.00 0.00 0.00 0.00 0.00 0.00 0.00 0.00 0.00 0.00 0.00 0.00 0.00 0.00 0.00 0.00 0.00 0.00 0.00 0.00 0.00 0.00 0.00 0.00 0.00 0.00 0.00 0.00 0.00 0.00 0.00 0.00 0.00 0.00 0.00 0.00 10.15 10.03 10.03 10.03 10.03 9.94 9.94 9.94 11.09 12.94 10.42 9.72 9.72 9.90 11.79 10.42 10.42 10.61 10.61 10.61 10.61 10.76 13.85 12.63 12.63 9.18 11.04 9.29 9.50 5.76 0.00 0.00 0.00 0.00 0.00 0.00 0.00 0.00 0.00
0.00 0.00 0.00 0.00 0.00 0.00 0.00 0.00 0.00 0.00 0.00 0.00 0.00 0.00 0.00 0.00 0.00 0.00 0.00 0.00 0.00 0.00 0.00 0.00 0.00 0.00 0.00 0.00 0.00 0.00 0.00 5.06 0.00 0.00 0.00 0.00 0.00 0.00 0.00 0.00 0.00 0.00 0.00 11.30 10.03 10.03 11.19 10.03 9.94 9.94 9.94 9.94 10.42 10.42 11.16 9.72 9.98 11.79 9.98 10.42 10.61 13.63 13.63 17.26 17.48 17.48 16.26 13.18 12.81 12.86 4.92 3.59 2.87 6.13 5.76 6.66 0.00 0.00 0.00 0.00 6.15 6.15
0.00 0.00 0.00 0.00 0.00 0.00 0.00 0.00 0.00 0.00 0.00 0.00 0.00 0.00 0.00 0.00 0.00 0.00 0.00 0.00 0.00 0.00 0.00 0.00 0.00 0.00 0.00 0.00 0.00 0.00 0.00 10.41 10.40 10.40 0.00 0.00 0.00 0.00 0.00 0.00 0.00 0.00 0.00 0.00 10.03 10.03 10.03 10.03 9.94 9.94 9.94 11.62 10.42 10.42 10.42 10.42 9.98 9.98 9.98 9.98 13.63 17.26 17.26 14.83 15.05 10.76 12.26 2.90 8.86 8.86 3.54 8.71 5.76 7.66 9.14 6.66 6.10 5.73 7.81 6.52 6.33 2.52
0.00 0.00 0.00 0.00 0.00 0.00 0.00 0.00 0.00 0.00 0.00 0.00 0.00 0.00 0.00 0.00 0.00 0.00 0.00 0.00 0.00 0.00 0.00 0.00 0.00 0.00 0.00 0.00 0.00 0.00 0.00 10.42 10.41 10.41 10.41 0.00 0.00 0.00 0.00 0.00 0.00 0.00 0.00 0.00 10.08 10.08 10.08 10.08 9.91 9.91 9.91 11.05 10.98 10.48 10.48 10.48 10.12 10.12 10.12 10.12 10.19 12.36 10.63 10.63 10.75 10.75 10.75 12.26 11.27 10.90 8.44 12.26 10.89 3.66 10.71 11.58 9.60 2.89 4.75 4.56 6.52 4.31
0.00 0.00 0.00 0.00 0.00 0.00 0.00 0.00 0.00 0.00 0.00 0.00 0.00 0.00 0.00 0.00 0.00 0.00 0.00 0.00 0.00 0.00 0.00 0.00 0.00 0.00 0.00 0.00 0.00 0.00 0.00 10.42 10.41 10.41 10.41 10.91 0.00 0.00 0.00 0.00 0.00 0.00 0.00 0.00 0.00 10.08 10.08 10.08 9.91 9.91 9.91 9.91 10.48 10.48 10.48 10.98 10.12 12.17 10.12 12.17 10.19 10.19 10.63 10.63 10.75 10.75 10.88 12.26 10.02 11.11 16.65 6.33 12.16 8.86 12.97 12.04 11.11 4.62 4.00 3.63 11.80 13.27
0.00 0.00 0.00 0.00 0.00 0.00 0.00 0.00 0.00 0.00 0.00 0.00 0.00 0.00 0.00 0.00 0.00 0.00 0.00 0.00 0.00 0.00 0.00 0.00 0.00 0.00 0.00 0.00 0.00 0.00 9.46 10.42 10.41 10.41 10.41 10.41 10.48 0.00 0.00 0.00 0.00 0.00 0.00 0.00 0.00 10.08 10.08 10.08 9.91 9.91 9.91 9.91 11.04 10.48 10.48 10.48 10.12 10.12 11.29 10.12 10.19 10.19 10.19 10.63 10.75 10.75 12.26 12.26 15.28 10.78 13.64 10.78 10.89 8.86 16.68 12.23 10.74 4.62 4.62 2.52 6.15 14.52
0.00 0.00 0.00 0.00 0.00 0.00 0.00 0.00 0.00 0.00 0.00 0.00 0.00 0.00 0.00 0.00 0.00 0.00 0.00 0.00 0.00 0.00 0.00 0.00 0.00 0.00 0.00 0.00 0.00 0.00 10.39 10.42 10.41 10.41 10.41 10.41 10.96 10.48 0.00 0.00 0.00 0.00 0.00 0.00 10.08 10.08 10.08 10.08 11.05 9.91 9.91 9.91 11.05 10.48 10.48 10.48 10.12 10.12 10.12 10.12 10.19 10.19 10.19 10.19 10.75 13.85 13.85 12.26 18.21 10.78 10.78 10.78 10.89 12.23 15.91 10.89 10.77 12.23 4.62 2.52 2.52 2.52
0.00 0.00 0.00 0.00 0.00 0.00 0.00 0.00 0.00 0.00 0.00 0.00 0.00 0.00 0.00 0.00 0.00 0.00 0.00 0.00 0.00 0.00 0.00 0.00 9.45 0.00 10.39 9.45 9.43 9.43 9.43 9.43 10.37 10.37 10.37 10.37 10.45 10.45 10.45 0.00 0.00 0.00 0.00 0.00 10.05 10.05 10.05 10.05 9.96 9.96 9.96 9.96 9.96 9.96 9.96 9.96 10.10 10.10 10.10 10.10 10.16 10.16 10.16 10.16 10.31 13.15 13.84 12.05 6.33 10.74 10.90 10.74 10.89 13.74 13.74 10.69 10.75 13.83 4.62 16.70 10.79 10.79
0.00 0.00 0.00 0.00 0.00 0.00 0.00 0.00 0.00 0.00 0.00 0.00 0.00 0.00 0.00 0.00 9.56 9.56 0.00 0.00 0.00 9.57 9.57 10.63 9.45 9.45 9.45 10.47 9.43 9.43 9.43 9.43 10.37 11.59 10.37 10.37 10.45 10.45 10.45 10.45 10.16 10.16 10.16 10.16 10.05 10.05 10.05 10.05 9.96 9.96 9.96 9.96 9.96 9.96 9.96 11.12 11.95 10.10 10.10 10.10 10.16 10.16 10.16 10.16 10.31 13.15 13.15 17.10 10.74 10.74 10.90 10.87 12.67 14.19 10.69 10.69 10.75 16.55 10.03 16.22 13.88 10.89
0.00 0.00 0.00 0.00 0.00 0.00 0.00 0.00 0.00 0.00 0.00 0.00 0.00 0.00 0.00 9.45 9.43 9.43 9.43 9.43 9.44 9.44 9.44 10.37 9.91 9.91 9.91 9.91 10.86 10.86 9.89 9.89 10.27 11.46 10.27 10.27 11.53 10.35 10.35 10.35 10.78 10.78 10.78 12.02 10.67 10.67 10.67 10.67 10.57 10.57 11.78 10.57 10.58 10.58 11.79 10.58 11.90 10.68 10.68 10.68 10.75 10.75 10.75 10.75 12.11 16.61 13.55 10.90 11.13 11.13 12.07 12.07 10.55 14.35 17.87 10.99 11.05 16.13 10.64 13.00 13.00 13.00
0.00 0.00 0.00 0.00 0.00 0.00 0.00 0.00 0.00 0.00 0.00 0.00 0.00 0.00 0.00 0.00 9.43 9.43 9.43 9.43 10.36 10.36 9.44 9.44 10.88 9.91 9.91 9.91 9.89 10.85 9.89 9.89 12.10 10.27 10.27 10.27 10.35 10.35 10.35 10.35 10.78 10.78 10.78 10.78 10.67 10.67 10.67 11.87 11.78 10.57 10.57 10.57 10.58 10.58 11.79 10.58 10.68 10.68 10.68 10.68 10.75 10.75 10.75 10.75 10.90 13.92 14.14 10.90 10.89 11.13 11.13 11.13 10.99 10.99 12.45 10.99 11.05 11.53 13.00 13.00 13.00 13.00
0.00 0.00 0.00 0.00 0.00 0.00 0.00 0.00 0.00 0.00 0.00 0.00 0.00 0.00 0.00 0.00 10.33 9.40 9.40 9.40 9.36 9.36 9.36 10.29 9.85 10.82 9.85 9.85 9.86 10.83 9.86 9.86 9.83 10.24 11.42 10.24 10.26 10.26 10.26 10.26 11.81 11.88 10.66 10.66 10.62 10.62 10.62 13.18 10.61 10.61 10.61 10.61 10.58 10.58 10.58 10.58 10.64 10.64 10.64 10.64 10.74 10.74 10.74 10.74 10.85 10.85 10.85 10.85 10.82 10.82 11.06 11.06 10.95 11.20 11.20 10.95 11.05 11.05 13.00 14.24 12.89 14.47
0.00 0.00 0.00 0.00 0.00 0.00 0.00 0.00 0.00 0.00 0.00 0.00 0.00 0.00 0.00 0.00 9.40 9.40 9.40 9.40 9.36 9.36 9.36 9.36 9.85 9.85 10.82 9.85 9.86 10.83 9.86 9.86 9.83 10.24 10.24 10.24 10.26 10.26 10.26 10.26 10.66 10.66 10.66 10.66 10.62 10.62 10.62 10.62 11.83 10.61 11.83 10.61 10.58 10.58 10.58 10.58 10.64 10.64 10.64 10.64 10.74 11.97 10.74 10.74 10.85 10.85 12.10 10.85 10.82 10.82 10.82 11.06 10.95 10.95 10.95 10.95 11.05 11.05 13.00 14.45 14.52 13.00
0.00 0.00 0.00 0.00 0.00 0.00 0.00 0.00 0.00 0.00 0.00 0.00 0.00 0.00 0.00 0.00 10.33 10.81 10.33 9.40 9.36 9.36 9.36 9.36 9.85 9.85 9.85 9.85 9.86 9.86 10.83 9.86 9.83 9.83 10.24 11.42 10.26 10.26 10.26 11.45 12.41 10.66 10.66 10.66 11.84 10.62 10.62 10.62 10.61 10.61 10.61 10.61 10.58 10.58 10.58 10.58 10.64 10.64 10.64 10.64 10.74 10.74 10.74 10.74 10.85 10.85 13.46 10.85 10.82 10.82 10.82 10.82 10.95 10.95 10.95 10.95 11.05 11.05 15.96 14.45 14.52 14.52
0.00 0.00 0.00 0.00 0.00 0.00 0.00 0.00 0.00 0.00 0.00 0.00 0.00 0.00 0.00 9.53 9.40 9.40 10.33 10.33 9.36 9.36 9.36 9.36 9.85 9.85 9.85 11.80 9.86 9.86 9.86 9.86 9.83 9.83 10.24 10.24 10.26 10.26 10.26 10.26 11.80 12.77 10.66 10.66 10.62 10.62 10.62 12.75 10.61 10.61 10.61 10.61 10.58 10.58 10.58 10.58 11.85 10.64 10.64 10.64 10.74 10.74 10.74 10.74 10.85 12.08 12.08 10.85 10.82 10.82 10.82 10.82 10.70 10.95 10.95 10.95 11.05 11.05 11.05 14.45 14.52 13.00
0.00 0.00 0.00 0.00 0.00 0.00 0.00 0.00 0.00 0.00 0.00 0.00 0.00 0.00 9.53 9.53 9.38 9.38 9.38 9.38 10.25 9.32 9.32 9.32 9.80 9.80 9.80 10.76 9.82 9.82 9.82 9.82 9.82 9.82 10.23 10.23 10.23 10.23 10.23 10.23 11.76 10.62 12.40 11.83 10.59 10.59 10.59 10.59 10.60 10.60 10.60 10.60 10.55 10.55 11.76 11.77 11.84 10.62 10.62 10.62 10.74 10.74 10.74 10.74 10.78 10.78 10.78 10.78 10.75 10.75 10.75 10.75 10.65 10.65 12.86 11.04 10.98 10.98 11.23 10.98 11.02 11.02
0.00 0.00 0.00 0.00 0.00 0.00 0.00 0.00 0.00 0.00 0.00 0.00 0.00 5.48 9.53 9.53 9.38 9.38 9.38 9.38 9.32 9.32 9.32 9.32 10.67 9.80 9.80 10.76 10.79 9.82 9.82 11.29 10.79 9.82 9.82 10.23 10.23 10.23 10.23 10.23 10.62 10.62 10.62 10.62 10.59 10.59 10.59 10.59 10.60 10.60 10.60 10.60 10.55 10.55 10.55 10.55 10.62 10.62 10.62 10.62 10.74 10.74 10.74 10.74 12.01 10.78 12.02 10.78 10.75 10.75 12.72 10.75 10.65 10.65 10.65 11.04 10.98 10.98 10.98 11.23 11.02 11.02
0.00 0.00 0.00 0.00 0.00 0.00 0.00 0.00 0.00 0.00 0.00 0.00 0.00 5.48 10.47 9.53 9.38 10.31 9.38 9.38 9.32 9.32 9.32 9.32 9.80 9.80 9.80 9.80 9.82 10.79 9.82 9.82 9.82 9.82 9.82 10.23 13.99 10.23 10.23 12.30 11.83 10.62 10.62 10.62 10.59 10.59 10.59 10.59 10.60 10.60 10.60 10.60 10.55 11.76 10.55 10.55 10.62 10.62 10.62 10.62 11.94 10.74 10.74 10.74 10.78 10.78 10.78 10.78 10.75 10.75 12.90 13.31 10.65 10.65 11.87 10.65 10.98 10.98 10.98 10.98 11.02 11.02
0.00 0.00 0.00 0.00 0.00 0.00 0.00 0.00 0.00 0.00 0.00 0.00 0.00 9.53 10.47 9.53 9.38 9.38 9.38 9.38 9.32 10.24 9.32 9.32 9.80 9.80 9.80 9.80 9.82 9.82 9.82 9.82 9.82 9.82 9.82 9.82 11.41 10.23 10.23 10.23 10.62 11.83 10.62 10.62 10.59 10.59 10.59 10.59 10.60 10.60 11.81 10.60 10.55 10.55 10.55 10.55 10.62 10.62 10.62 10.62 11.93 10.74 10.74 10.74 10.78 12.02 10.78 10.78 11.96 10.75 10.75 11.96 10.65 10.65 10.65 10.65 10.73 10.98 10.98 10.98 11.15 11.02
0.00 0.00 0.00 0.00 0.00 0.00 0.00 0.00 0.00 0.00 0.00 0.00 0.00 9.50 9.50 9.50 9.34 9.34 9.34 9.34 9.30 9.30 10.23 9.30 9.76 9.76 9.76 9.76 9.82 9.82 10.78 9.82 9.84 10.81 9.84 9.84 10.22 13.67 10.22 10.22 10.59 10.59 11.80 10.59 10.57 10.57 10.57 10.57 10.57 10.57 11.79 10.57 10.50 10.50 11.71 10.50 10.58 10.58 10.58 10.58 10.67 10.67 10.67 10.67 10.66 10.66 10.66 10.66 10.66 10.66 10.66 10.66 10.56 10.56 11.77 11.78 10.59 10.59 10.99 10.99 11.01 11.01
0.00 0.00 0.00 0.00 0.00 0.00 0.00 0.00 0.00 0.00 0.00 5.48 0.00 12.98 10.44 9.50 9.34 9.34 9.34 9.34 9.30 9.30 9.30 9.30 9.76 9.76 9.76 9.76 9.82 9.82 9.82 9.82 9.84 10.81 9.84 9.84 10.22 12.41 11.40 10.22 10.59 10.59 13.14 10.59 11.78 10.57 10.57 10.57 11.78 10.57 11.79 10.57 10.50 10.50 10.50 10.50 10.58 10.58 10.58 12.70 10.67 11.89 10.67 11.89 10.66 10.66 10.66 10.66 10.66 10.66 10.66 10.66 10.56 10.56 11.77 10.56 10.59 10.59 10.59 10.99 11.01 11.01
0.00 0.00 0.00 0.00 0.00 0.00 0.00 0.00 0.00 0.00 0.00 0.00 9.50 9.50 9.50 9.50 9.34 9.34 9.34 9.34 9.30 9.30 9.30 9.30 12.06 9.76 9.76 9.76 9.82 9.82 11.38 9.82 9.84 9.84 10.81 9.84 9.81 10.22 10.22 10.22 10.59 11.80 10.59 11.80 11.78 10.57 10.57 10.57 11.78 10.57 10.57 10.57 10.50 10.50 10.50 11.72 10.58 10.58 10.58 10.58 10.67 10.67 10.67 10.67 10.66 10.66 10.66 10.66 10.66 10.66 10.66 10.66 11.79 10.56 10.56 11.77 10.59 10.59 10.59 10.59 10.94 10.94
