New_Model_Runs/13_Future_RCP4.5_Scn3_out/post_prcessed_with_MFR/Monthly_summaries/net_infiltration_monthly_MAY.asc
NCOLS 700
NROWS 400
XLLCENTER 515000.000000
YLLCENTER 8409000.000000
CELLSIZE 50.000000
NODATA_value -999.000000
[rows 180 to 215 of 400, columns 166 to 248 of 700]
8.15 8.15 8.34 8.34 8.34 0.00 0.00 0.00 0.00 0.00 0.00 0.00 0.00 0.00 0.00 0.00 0.00 5.43 8.53 0.00 0.00 0.00 0.00 0.00 0.00 0.00 0.00 0.00 0.00 8.81 8.73 8.73 8.73 8.73 8.65 8.65 8.65 8.65 9.83 8.67 8.67 8.67 8.75 8.75 8.75 8.75 11.95 9.31 12.24 5.33 0.00 0.00 0.00 0.00 0.00 3.56 8.81 8.81 10.12 8.90 8.90 8.90 0.00 0.00 0.00 0.00 0.00 0.00 0.00 0.00 0.00 0.00 0.00 0.00 0.00 0.00 9.25 11.10 11.08 11.08 0.00 0.00 6.86
8.15 8.15 8.34 8.34 8.34 0.00 0.00 0.00 0.00 0.00 0.00 0.00 4.81 4.81 0.00 0.00 0.00 8.53 8.53 0.00 0.00 0.00 0.00 0.00 8.55 8.55 8.81 8.81 3.29 8.81 8.73 8.73 10.44 8.73 8.65 8.65 8.65 8.65 8.67 8.67 8.67 8.67 8.75 8.75 8.75 11.83 11.95 8.83 10.03 8.83 9.31 9.31 5.33 5.33 3.25 8.81 8.81 8.81 8.90 10.12 8.90 8.90 8.95 0.00 0.00 0.00 0.00 0.00 0.00 0.00 0.00 0.00 0.00 0.00 0.00 0.00 8.56 11.10 11.08 11.08 11.08 0.00 11.10
9.21 8.15 8.34 9.41 8.34 0.00 0.00 0.00 0.00 0.00 0.00 0.00 8.57 8.57 0.00 8.53 8.53 8.53 8.53 11.24 0.00 0.00 0.00 11.27 8.55 8.55 8.81 8.81 9.98 8.81 8.73 8.73 8.73 9.88 8.65 8.65 8.65 8.65 9.79 8.67 8.67 8.67 8.75 8.75 8.75 11.83 8.83 10.03 8.83 8.83 12.00 12.00 12.00 12.81 11.41 8.81 8.81 8.81 8.90 8.90 8.90 8.90 8.95 0.00 0.00 0.00 0.00 0.00 0.00 0.00 0.00 0.00 0.00 0.00 9.25 9.25 8.56 8.56 11.08 11.08 11.08 13.20 11.10
8.15 8.15 8.34 8.34 8.34 0.00 0.00 0.00 0.00 0.00 0.00 0.00 8.57 8.57 8.53 8.53 9.63 8.53 8.53 11.24 11.24 11.24 11.27 11.27 8.55 8.55 8.81 8.81 9.98 8.81 8.73 8.73 8.73 8.73 9.80 8.65 8.65 8.65 10.66 8.67 8.67 8.67 8.75 8.75 8.75 8.75 8.83 8.83 8.83 8.83 12.00 12.00 13.31 10.06 8.81 8.81 8.81 8.81 8.90 8.90 8.90 8.90 8.95 0.00 0.00 0.00 0.00 0.00 0.00 0.00 0.00 0.00 0.00 10.32 9.25 9.25 8.56 8.56 11.08 11.08 12.58 11.08 11.10
8.25 8.25 8.42 8.42 8.42 0.00 0.00 0.00 0.00 0.00 0.00 0.00 8.59 8.59 8.51 8.51 8.51 8.51 8.53 11.23 11.23 11.23 11.26 8.55 8.55 8.55 8.80 8.80 8.80 8.80 8.73 8.73 8.73 8.73 8.65 8.65 8.65 8.65 8.65 8.65 8.65 8.65 8.78 8.78 8.78 8.78 8.82 8.82 8.82 8.82 12.00 12.00 12.00 8.86 10.01 8.81 10.01 8.81 8.91 8.91 8.91 8.91 8.99 0.00 0.00 0.00 0.00 0.00 0.00 0.00 0.00 9.03 10.27 9.03 9.25 8.55 8.55 8.55 11.04 11.04 11.04 11.04 11.06
8.25 8.25 8.42 8.42 8.42 11.04 0.00 0.00 0.00 0.00 0.00 0.00 8.59 8.59 8.51 8.51 8.51 8.51 8.53 11.23 11.23 11.23 11.26 11.26 8.55 8.55 8.80 8.80 8.80 8.80 8.73 8.73 8.73 8.73 8.65 8.65 8.65 8.65 8.65 8.65 8.65 8.65 8.78 8.78 8.78 8.78 8.82 8.82 8.82 8.82 12.00 12.00 14.74 8.86 8.81 8.81 8.81 10.07 8.91 8.91 8.91 8.91 8.99 0.00 0.00 0.00 0.00 0.00 0.00 0.00 9.03 9.03 10.88 9.03 9.25 8.55 9.46 8.55 8.52 11.04 11.04 11.04 11.06
8.25 8.25 8.42 8.42 11.04 11.64 0.00 0.00 0.00 0.00 0.00 8.59 8.59 8.59 8.51 8.51 8.51 8.51 9.63 8.53 13.63 11.23 12.36 11.26 8.55 8.55 8.80 8.80 8.80 8.80 8.73 8.73 8.73 8.73 8.65 8.65 8.65 8.65 9.81 8.65 8.65 8.65 8.78 8.78 8.78 9.98 8.82 8.82 8.82 8.82 12.00 12.00 13.32 12.00 8.81 8.81 8.81 8.81 8.91 8.91 8.91 8.91 8.99 10.23 0.00 0.00 0.00 0.00 0.00 0.00 11.16 9.03 10.27 9.03 9.25 8.55 9.46 8.55 8.52 11.04 12.55 11.04 11.06
10.78 8.25 8.42 8.42 11.04 11.64 11.12 4.59 5.59 4.59 11.32 8.59 9.70 8.59 8.51 8.51 8.51 8.51 8.53 8.53 11.23 11.23 13.66 9.66 8.55 8.55 8.80 8.80 9.97 8.80 8.73 8.73 8.73 8.73 9.81 9.81 8.65 8.65 8.65 8.65 8.65 8.65 8.78 8.78 8.78 9.98 8.82 8.82 8.82 8.82 10.06 10.07 12.00 12.00 8.81 8.81 8.81 8.81 8.91 8.91 8.91 8.91 8.99 8.99 8.99 0.00 0.00 0.00 0.00 9.02 9.03 9.03 9.03 9.03 8.55 8.55 8.55 8.55 8.52 11.04 11.04 12.54 11.06
11.00 11.00 8.49 8.49 9.35 11.70 11.70 11.70 4.59 11.70 11.32 8.58 8.58 8.58 9.61 9.61 8.50 8.50 8.52 8.52 11.21 12.31 8.54 8.54 8.54 8.54 8.80 8.80 8.80 8.80 8.73 8.73 8.73 8.73 8.66 8.66 8.66 8.66 8.66 8.66 8.66 8.66 8.75 8.75 8.75 8.75 8.80 8.80 8.80 8.80 8.86 8.86 8.86 12.00 8.84 8.84 8.84 8.84 8.91 8.91 8.91 8.91 8.96 8.96 8.96 0.00 0.00 0.00 0.00 9.02 9.00 9.00 9.00 9.00 8.55 8.55 9.46 8.55 8.50 8.50 11.02 11.02 10.99
11.00 11.00 11.15 11.15 9.35 11.70 11.70 11.15 12.23 11.15 11.32 11.32 11.32 8.58 8.50 8.50 8.50 8.50 8.52 8.52 8.52 13.61 10.48 8.54 8.54 8.54 8.80 9.97 9.97 9.95 8.73 8.73 8.73 8.73 8.66 8.66 8.66 8.66 8.66 9.82 8.66 8.66 8.75 8.75 9.95 8.75 8.80 8.80 8.80 8.80 8.86 10.07 8.86 12.00 8.84 8.84 8.84 8.84 8.91 8.91 8.91 8.91 8.96 10.19 8.96 0.00 0.00 0.00 0.00 9.02 9.00 9.00 9.00 9.00 8.55 8.55 8.55 8.55 8.50 8.50 11.02 11.02 10.99
11.00 11.00 11.15 11.15 9.35 9.35 9.35 11.15 12.23 11.15 11.32 11.32 8.58 8.58 9.61 8.50 8.50 8.50 8.52 8.52 8.52 8.52 8.54 10.89 9.65 8.54 8.80 8.80 8.80 9.95 8.73 8.73 8.73 8.73 9.82 8.66 8.66 8.66 8.66 8.66 8.66 8.66 8.75 8.75 8.75 8.75 8.80 8.80 8.80 8.80 8.86 8.86 8.86 12.00 8.84 8.84 8.84 10.09 8.91 8.91 8.91 8.91 8.96 8.96 8.96 12.22 12.31 5.11 13.11 9.02 9.00 9.00 9.00 8.31 8.55 8.55 8.55 8.55 8.50 8.50 8.50 11.02 10.99
11.00 11.00 11.15 11.15 12.23 11.70 11.15 11.15 11.15 11.15 11.32 8.58 8.58 8.58 8.50 9.61 8.50 8.50 8.52 9.62 8.52 8.52 8.54 8.54 8.54 8.54 8.80 8.80 8.80 8.80 8.73 8.73 8.73 8.73 8.66 10.69 8.66 8.66 8.66 9.82 9.78 8.66 8.75 8.75 8.75 8.75 8.80 8.80 8.80 8.80 8.86 8.86 8.86 12.00 10.05 8.84 8.84 8.84 8.91 8.91 8.91 8.91 8.96 8.96 8.96 8.96 12.31 12.31 12.31 9.02 9.00 9.00 9.00 8.31 8.55 8.55 9.88 8.55 9.40 8.50 10.26 11.02 10.99
11.12 11.12 11.16 12.25 11.16 11.71 11.12 11.12 11.12 11.12 8.56 8.56 8.56 8.56 8.49 9.59 8.49 8.49 8.51 8.51 8.51 8.51 8.53 8.53 8.53 8.53 8.78 8.78 8.78 8.78 9.90 8.74 8.74 8.74 8.67 8.67 8.67 8.67 8.67 9.76 8.67 8.67 8.99 9.82 9.82 8.99 8.78 8.78 8.78 8.78 8.88 8.88 12.04 12.04 10.43 10.06 8.85 10.99 8.89 8.89 8.89 8.89 8.91 10.13 8.91 8.91 9.00 12.28 12.28 12.28 9.01 9.01 8.32 8.32 8.53 8.53 9.44 9.43 8.50 8.50 8.50 11.02 10.98
8.48 11.12 11.16 11.16 8.50 11.16 14.47 8.48 8.48 8.48 8.56 8.56 8.56 8.56 8.49 8.49 8.49 8.49 8.51 8.51 8.51 8.51 8.53 8.53 8.53 8.53 8.78 8.78 8.78 8.78 8.74 8.74 8.74 8.74 8.67 8.67 8.67 8.67 8.67 8.67 8.67 8.67 8.99 8.99 8.99 8.99 8.78 8.78 8.78 8.78 8.88 8.88 8.88 8.88 12.16 8.85 8.85 8.85 8.89 8.89 8.89 8.89 11.18 8.91 8.91 8.91 9.00 9.00 12.28 12.28 9.01 9.01 9.20 8.32 8.53 8.53 8.53 8.53 8.50 9.76 8.50 8.50 10.98
9.35 9.35 15.73 9.38 9.38 9.38 10.61 9.35 9.35 9.35 9.51 9.51 9.51 9.51 9.44 9.44 9.44 9.44 9.46 12.36 9.46 9.46 9.48 10.77 9.48 9.48 9.74 9.74 9.74 9.74 9.69 10.99 10.99 9.69 9.63 9.63 9.63 9.63 9.59 11.79 9.59 9.59 9.69 10.98 9.69 9.69 9.78 9.78 9.78 9.78 9.88 9.88 9.88 11.19 12.09 12.09 9.85 9.85 9.71 9.71 9.71 9.71 9.73 9.73 9.73 9.73 9.82 9.82 13.55 13.55 9.84 9.84 8.84 8.84 8.89 8.89 8.89 8.89 8.87 8.87 9.88 8.87 11.81
9.35 9.35 9.38 9.38 9.38 9.38 9.35 10.61 9.35 9.35 9.51 9.51 9.51 9.51 9.44 9.44 9.44 9.44 9.46 9.46 9.46 9.46 9.48 9.48 9.48 9.48 9.74 9.74 9.74 9.74 9.69 9.69 9.69 9.69 9.63 11.84 9.63 9.63 9.59 9.59 9.59 9.59 11.88 10.98 9.69 9.69 9.78 9.78 9.78 9.78 9.88 9.88 9.88 9.88 9.85 9.85 9.85 9.85 9.71 9.71 9.71 9.71 9.73 9.73 9.73 9.73 9.82 9.82 13.55 13.55 19.10 8.84 8.84 8.84 8.89 8.89 8.89 8.89 8.87 8.87 8.87 8.87 8.84
9.37 11.54 9.35 9.35 9.35 9.35 9.33 9.33 9.33 9.33 9.51 9.51 9.51 9.51 9.43 9.43 9.43 9.43 10.72 10.72 9.44 9.44 9.47 9.47 9.47 10.75 9.72 9.72 9.72 9.72 9.67 9.67 9.67 9.67 9.60 9.60 9.60 9.60 9.55 9.55 9.55 9.55 9.68 9.68 9.68 9.68 9.79 9.79 9.79 11.10 9.87 9.87 9.87 9.87 9.82 9.82 11.13 9.82 9.68 9.68 9.68 9.68 9.74 9.74 9.74 9.74 9.86 9.86 13.61 13.61 20.08 9.88 8.87 8.87 8.90 8.90 8.90 8.90 8.85 8.85 8.85 8.85 9.85
9.37 9.37 9.35 9.35 9.35 9.35 9.33 9.33 9.33 9.33 10.79 9.51 9.51 9.51 9.43 9.43 9.43 9.43 9.44 9.44 9.44 9.44 9.47 9.47 9.47 9.47 11.02 9.72 9.72 9.72 9.67 9.67 9.67 9.67 9.60 9.60 9.60 9.60 9.55 9.55 9.55 9.55 10.98 9.68 9.68 9.68 9.79 9.79 9.79 9.79 9.87 9.87 9.87 9.87 9.82 9.82 9.82 9.82 9.68 9.68 9.68 9.68 9.74 9.74 9.74 9.74 9.86 9.86 13.61 13.61 9.87 8.87 8.87 9.91 9.94 8.90 8.90 8.90 8.85 8.85 8.85 8.85 8.84
9.37 9.37 9.35 9.35 9.35 9.35 9.33 9.33 9.33 9.33 9.51 9.51 9.51 10.77 9.43 9.43 9.43 9.43 9.44 9.44 9.44 9.44 9.47 11.67 9.47 9.47 9.72 9.72 9.72 9.72 9.67 10.96 10.96 9.67 9.60 10.88 9.60 10.88 9.55 9.55 9.55 9.55 9.68 9.68 9.68 9.68 9.79 9.79 9.79 9.79 9.87 9.87 9.87 9.87 9.82 9.82 9.82 9.82 9.68 9.68 9.68 9.68 9.74 9.74 9.74 9.74 9.86 9.86 13.61 17.43 8.87 8.87 8.87 8.87 8.90 8.90 8.90 8.90 8.85 8.85 8.85 8.85 8.84
9.37 9.37 9.35 10.60 9.35 9.35 9.33 9.33 9.33 9.33 9.51 9.51 10.79 10.77 9.43 9.43 9.43 9.43 11.63 9.44 9.44 9.44 9.47 9.47 10.74 9.47 11.01 9.72 9.72 9.72 9.67 10.95 9.67 9.67 9.60 9.60 9.60 9.60 9.55 9.55 9.55 9.55 9.68 9.68 9.68 9.68 9.79 9.79 9.79 9.79 9.87 9.87 9.87 9.87 11.13 11.13 9.82 9.82 9.68 9.68 9.68 9.68 9.74 9.74 9.74 9.74 9.86 9.86 9.86 9.86 8.87 8.87 8.87 8.87 8.90 8.90 8.90 8.90 8.85 8.85 8.85 8.85 8.84
10.59 9.33 9.30 9.30 9.30 9.30 9.30 9.30 10.56 9.30 9.50 9.50 9.50 9.50 9.43 9.43 9.43 9.43 10.70 9.42 9.42 9.42 9.43 9.43 9.43 12.18 9.68 9.68 9.68 9.68 9.61 10.89 9.61 9.61 9.54 11.45 9.54 9.54 10.89 9.60 9.60 9.60 9.77 9.77 9.77 9.77 9.84 9.84 9.84 9.84 9.88 9.88 9.88 9.88 9.82 9.82 9.82 9.82 9.68 9.68 9.68 9.68 9.79 9.79 9.79 9.79 9.90 9.90 9.90 9.90 8.89 9.91 8.89 8.89 8.93 8.93 8.93 8.93 8.87 8.87 8.87 8.87 8.84
9.33 9.33 9.30 9.30 9.30 9.30 9.30 9.30 9.30 11.83 11.71 9.50 9.50 9.50 10.71 9.43 9.43 9.43 9.42 9.42 10.70 9.42 9.43 9.43 9.43 10.71 10.98 9.68 9.68 9.68 9.61 9.61 9.61 9.61 9.54 9.54 10.82 9.54 9.60 9.60 9.60 9.60 9.77 9.77 9.77 9.77 9.84 9.84 9.84 9.84 9.88 9.88 9.88 9.88 9.82 9.82 9.82 11.12 9.68 9.68 9.68 9.68 9.79 9.79 9.79 11.11 9.90 9.90 9.90 9.91 8.89 8.89 9.91 9.94 11.15 9.97 8.93 8.93 8.87 8.87 8.87 8.87 8.84
9.33 9.33 10.56 9.30 9.30 9.30 9.30 9.30 9.30 9.30 9.50 9.50 9.50 9.50 9.43 9.43 9.43 9.43 10.70 9.42 9.42 9.42 9.43 9.43 9.43 9.43 9.68 10.98 10.98 9.68 9.61 9.61 9.61 9.61 9.54 9.54 9.54 9.54 9.60 9.60 9.60 9.60 9.77 9.77 9.77 9.77 9.84 9.84 9.84 9.84 9.88 9.88 9.88 11.20 9.82 9.82 11.13 9.82 9.68 9.68 9.68 9.68 9.79 9.79 9.79 9.79 9.90 9.90 9.90 8.90 8.89 8.89 8.89 8.89 8.93 8.93 9.97 11.11 9.89 8.87 8.87 8.87 8.84
9.33 10.58 9.30 9.30 9.30 10.54 9.30 9.30 9.30 9.30 9.50 9.50 9.50 9.50 9.43 9.43 9.43 9.43 9.42 9.42 10.69 9.42 9.43 9.43 10.70 9.43 9.68 9.68 9.68 10.96 9.61 9.61 9.61 9.61 9.54 9.54 9.54 9.54 9.60 9.60 9.60 9.60 9.77 9.77 9.77 9.77 9.84 9.84 9.84 9.84 9.88 9.88 9.88 9.88 9.82 11.12 9.82 9.82 11.92 9.68 9.68 9.68 9.79 9.79 9.79 9.79 9.90 9.90 9.90 8.90 8.89 8.89 8.89 8.89 8.93 9.97 8.93 9.97 8.87 9.89 8.87 9.88 8.84
9.28 9.28 9.23 9.23 9.23 9.23 9.24 9.24 9.24 9.24 9.47 9.47 9.47 9.47 9.42 9.42 9.42 9.42 9.40 9.40 9.40 10.67 9.39 9.39 10.67 9.39 10.95 9.65 10.95 9.65 10.85 9.56 9.56 9.56 9.59 9.59 9.59 9.59 9.73 9.73 9.73 9.73 9.89 9.89 9.89 9.89 9.92 9.92 9.92 9.92 9.91 9.91 9.91 9.91 9.78 9.78 9.78 9.78 9.70 9.70 9.70 9.70 9.85 9.85 9.85 9.85 9.92 9.92 11.66 10.65 9.89 8.88 8.88 8.88 8.91 8.91 8.91 8.91 8.86 9.87 9.87 8.86 8.82
9.28 9.28 9.23 10.48 9.23 9.23 9.24 9.24 9.24 9.24 9.47 9.47 9.47 10.75 10.70 9.42 9.42 9.42 9.40 9.40 9.40 10.67 9.39 9.39 9.39 10.67 9.65 9.65 9.65 9.65 9.56 9.56 9.56 9.56 9.59 9.59 9.59 9.59 9.73 9.73 9.73 9.73 9.89 9.89 9.89 9.89 9.92 9.92 9.92 9.92 9.91 9.91 11.88 9.91 9.78 9.78 9.78 9.78 9.70 9.70 9.70 9.70 9.85 9.85 9.85 9.85 9.92 11.26 8.92 8.92 8.88 8.88 10.61 8.88 8.91 8.91 8.91 8.91 8.86 8.86 9.87 8.86 8.82
9.28 9.28 9.23 9.23 9.23 9.23 10.49 9.24 9.24 9.24 9.47 9.47 9.47 9.47 9.42 10.70 9.42 9.42 9.40 9.40 9.40 9.40 9.39 9.39 9.39 9.39 11.83 9.65 9.65 9.65 10.85 9.56 9.56 9.56 9.59 9.59 9.59 9.59 10.99 11.03 9.73 9.73 11.17 9.89 9.89 9.89 9.92 9.92 9.92 11.24 12.16 11.22 11.22 9.91 9.78 9.78 9.78 9.78 9.70 9.70 9.70 9.70 9.85 9.85 9.85 9.85 9.92 9.92 10.66 8.92 8.88 8.88 8.88 8.88 8.91 8.91 8.91 8.91 8.86 8.86 8.86 8.86 8.82
9.28 9.28 9.23 9.23 9.23 9.23 9.24 9.24 9.24 9.24 9.47 9.47 9.47 9.47 9.42 10.69 9.42 9.42 9.40 9.40 9.40 9.40 9.39 9.39 9.39 9.39 9.65 9.65 9.65 9.65 10.85 9.56 9.56 9.56 9.59 10.89 9.59 9.59 9.73 9.73 9.73 9.73 9.89 9.89 9.89 9.89 9.92 9.92 9.92 9.92 9.91 9.91 9.91 9.91 9.78 9.78 9.78 9.78 9.70 9.70 9.70 9.70 9.85 9.85 9.85 9.85 9.92 8.92 8.92 8.92 8.88 8.88 8.88 8.88 9.93 8.91 8.91 9.92 8.86 8.86 8.86 8.86 8.82
9.26 9.26 9.17 9.17 9.17 9.17 9.16 9.16 9.16 9.16 9.42 10.69 9.42 10.69 9.40 9.40 9.40 9.40 9.36 9.36 9.36 9.36 9.36 12.33 9.36 9.36 9.63 10.92 9.63 9.63 9.59 9.59 9.59 10.36 9.66 9.66 9.66 9.66 9.79 9.79 9.79 9.79 9.93 9.93 9.93 9.93 11.26 9.94 11.26 9.94 11.15 9.84 9.84 9.84 9.72 9.72 9.72 9.72 9.77 9.77 9.77 9.77 9.91 9.91 9.91 9.91 9.90 8.89 9.91 8.89 8.81 8.81 8.81 8.81 8.88 8.88 9.90 8.88 8.85 8.85 8.85 8.85 8.81
10.83 9.26 9.17 9.17 9.17 9.17 9.16 9.16 9.16 11.46 9.42 9.42 9.42 9.42 9.40 9.40 9.40 9.40 9.36 9.36 11.87 12.80 12.33 9.36 9.36 9.36 9.63 9.63 9.63 9.63 9.59 9.59 11.58 9.59 9.66 9.66 9.66 9.66 9.79 9.79 9.79 9.79 9.93 9.93 11.25 11.53 9.94 9.94 9.94 9.94 9.84 9.84 9.84 9.84 9.72 9.72 11.02 9.72 9.77 9.77 9.77 9.77 9.91 9.91 9.91 9.91 9.90 13.56 8.89 8.89 8.81 8.81 8.81 8.81 8.88 8.88 10.03 9.89 8.85 9.86 9.86 10.67 9.82
10.42 10.42 10.33 10.33 10.33 10.33 10.31 11.68 10.31 11.68 10.60 10.60 10.60 11.99 11.97 10.58 11.97 13.24 10.54 10.54 14.14 14.75 17.98 11.92 10.54 10.54 10.77 10.77 11.76 10.77 10.73 10.73 12.14 13.92 10.81 10.81 10.81 10.81 13.81 10.94 10.94 12.36 12.33 10.91 10.91 10.91 10.91 10.91 10.91 10.91 10.81 10.81 10.81 10.81 10.69 10.69 10.69 10.69 10.61 10.61 10.61 10.61 10.76 10.76 13.01 11.98 9.62 9.62 10.77 9.62 9.54 9.54 10.68 9.54 9.33 9.33 9.33 9.33 9.30 9.30 9.30 9.30 9.25
11.80 10.42 10.33 10.33 10.33 10.33 10.31 10.31 10.31 10.31 10.60 10.60 10.60 10.60 10.58 10.58 10.58 11.44 10.54 16.14 16.23 10.81 11.33 10.54 10.54 10.54 12.75 11.32 16.78 16.78 15.25 10.73 10.73 10.73 10.81 10.81 10.81 12.23 10.94 10.94 10.94 10.94 10.91 10.91 10.91 10.91 10.91 10.91 12.34 10.91 10.81 10.81 10.81 10.81 10.69 12.10 10.69 10.69 10.61 10.61 10.61 12.03 12.15 12.17 12.17 10.76 9.62 9.62 9.62 9.62 9.54 10.67 9.54 9.54 9.33 9.33 9.33 9.33 9.30 9.30 9.30 9.30 9.25
10.39 10.39 10.31 10.31 10.31 10.31 10.29 10.29 10.29 10.29 10.57 10.57 10.57 10.57 10.55 10.55 13.60 10.55 10.52 14.61 16.23 16.60 14.75 10.53 10.53 11.20 10.80 16.78 16.78 16.78 15.25 14.59 15.25 10.81 10.85 10.85 10.85 10.85 10.95 10.95 10.95 10.95 10.90 12.33 10.90 10.90 10.87 10.87 10.87 10.87 10.72 10.72 10.72 10.72 10.73 10.73 10.73 10.73 10.69 10.69 10.69 10.69 10.74 10.74 10.74 10.74 9.57 9.57 9.57 9.57 9.50 9.50 9.50 9.50 9.32 9.32 9.32 9.32 9.28 9.28 9.28 9.28 10.31
10.39 11.74 10.31 10.31 10.31 10.31 10.29 10.29 10.29 10.29 10.57 10.57 10.57 10.57 10.55 10.55 14.14 14.14 14.14 18.33 16.97 11.93 16.60 16.23 14.62 10.53 15.41 18.59 16.78 16.78 15.25 14.96 14.96 15.25 10.85 10.85 10.85 10.85 10.95 10.95 10.95 12.37 10.90 10.90 10.90 10.90 10.87 10.87 10.87 10.87 10.72 10.72 10.72 10.72 10.73 10.73 10.73 10.73 10.69 10.69 10.69 10.69 10.74 10.74 10.74 11.27 10.71 9.57 9.57 9.57 9.50 9.50 9.50 9.50 9.32 9.32 9.32 9.32 9.28 9.28 9.28 9.28 10.31
10.39 11.74 10.31 10.31 10.31 10.31 10.29 10.29 10.29 10.29 10.57 10.57 10.57 10.57 10.82 17.06 18.93 16.14 16.14 16.51 12.31 16.13 16.23 16.23 14.62 16.23 16.78 16.78 16.78 16.78 16.67 14.96 14.96 14.59 10.85 10.85 10.85 10.85 10.95 10.95 10.95 10.95 10.90 10.90 10.90 10.90 10.87 10.87 12.29 10.87 10.72 12.13 12.13 10.72 10.73 10.73 10.73 10.73 10.69 10.69 10.69 10.69 10.74 10.74 10.74 13.64 9.57 9.57 9.57 9.57 9.50 9.50 9.50 9.50 9.32 9.32 9.32 9.32 9.28 9.28 9.28 9.28 9.21
10.39 10.39 10.31 10.31 10.31 10.31 10.29 10.29 10.29 10.29 10.57 10.57 10.57 13.88 10.82 14.14 16.14 16.14 21.20 4.21 11.93 16.00 16.01 14.62 14.62 16.23 16.78 16.78 16.78 16.78 16.67 16.67 14.96 14.59 10.85 10.85 10.85 10.85 10.95 10.95 10.95 10.95 10.90 10.90 10.90 10.90 10.87 10.87 10.87 10.87 10.72 10.72 10.72 10.72 10.73 10.73 10.73 10.73 10.69 10.69 10.69 10.69 10.74 10.74 12.89 9.62 9.57 9.57 10.71 9.57 9.50 9.50 10.64 9.50 9.32 9.32 9.32 9.32 9.28 9.28 9.28 9.28 9.21
