New_Model_Runs/13_Future_RCP4.5_Scn3_out/post_prcessed_with_MFR/Monthly_summaries/net_infiltration_monthly_JUL.asc
NCOLS 700
NROWS 400
XLLCENTER 515000.000000
YLLCENTER 8409000.000000
CELLSIZE 50.000000
NODATA_value -999.000000
[rows 216 to 251 of 400, columns 249 to 331 of 700]
6.27 6.27 7.32 6.82 6.22 6.22 6.22 6.26 10.86 10.86 10.86 11.14 11.14 11.14 11.14 11.19 11.19 11.19 11.19 11.17 13.10 13.10 21.89 20.89 20.89 20.89 21.72 21.07 11.77 11.77 10.11 9.95 9.95 9.95 9.95 9.88 9.88 9.88 11.32 9.64 9.64 9.64 9.64 9.63 9.63 9.63 9.63 9.64 9.64 9.64 9.64 9.66 7.96 9.66 9.66 9.61 9.61 9.61 9.61 9.64 9.64 9.64 9.64 9.65 10.40 9.65 11.15 11.27 12.91 11.64 11.10 10.04 11.15 9.86 8.78 16.67 9.52 10.35 9.31 9.21 9.21 9.21 9.21
6.88 6.27 6.27 6.22 6.22 6.22 6.22 6.26 10.86 10.86 10.86 11.14 11.14 11.14 11.14 11.19 11.19 11.19 13.13 13.10 13.10 21.89 21.89 20.89 20.89 20.89 20.89 20.83 11.77 10.22 10.90 9.95 9.95 9.95 9.95 9.88 9.88 9.88 9.88 9.64 9.64 9.64 9.64 9.63 9.63 9.63 9.63 9.64 9.64 9.64 9.64 10.73 9.66 9.66 9.66 9.61 9.61 10.35 9.61 9.64 9.64 9.64 9.64 9.65 9.65 9.65 11.15 11.27 10.72 11.09 11.64 10.91 9.89 9.86 12.40 3.82 10.77 10.02 9.37 11.19 9.21 9.21 10.82
6.27 6.27 6.27 6.22 6.22 6.22 6.22 6.26 6.26 10.86 10.86 11.14 11.14 11.14 11.14 13.13 13.31 13.13 13.13 13.10 13.10 21.89 21.89 20.89 20.89 20.89 20.97 20.94 11.77 11.77 10.11 11.57 11.57 9.95 9.95 9.88 9.88 9.88 9.88 9.64 9.64 9.64 9.64 9.63 9.63 9.63 9.63 9.64 9.64 9.64 9.64 9.66 9.66 9.66 9.66 9.61 9.61 9.61 9.61 9.64 9.64 9.64 9.64 9.65 9.65 11.15 11.33 11.27 10.73 9.64 9.38 10.04 8.78 10.04 13.52 9.52 10.02 9.15 6.57 2.23 7.90 8.42 8.42
6.27 6.27 6.27 6.22 6.22 6.22 6.22 6.26 6.26 10.86 10.86 11.14 11.14 11.14 11.14 13.13 13.16 13.16 13.11 13.10 21.89 21.89 21.89 20.89 21.24 22.07 20.97 20.94 20.83 11.77 11.77 11.80 11.57 11.57 9.95 9.88 9.88 9.88 10.10 11.16 11.09 9.64 9.64 9.63 9.63 9.63 9.63 9.64 9.64 9.64 10.39 9.66 9.66 9.66 9.66 9.61 9.61 10.35 9.61 9.64 9.64 9.64 9.64 9.65 9.65 11.15 11.15 10.72 10.73 9.38 9.38 10.41 9.15 9.15 13.49 8.78 8.78 1.86 5.86 5.49 5.49 4.51 6.55
6.24 6.24 6.24 6.29 6.29 6.29 6.29 6.32 6.32 10.98 10.98 11.17 11.17 11.17 11.17 13.13 13.17 13.12 13.12 21.88 21.88 21.88 21.88 20.89 21.24 20.96 20.96 11.90 11.90 11.83 11.77 12.05 12.03 12.97 10.68 9.78 9.78 9.78 9.78 3.36 11.13 9.67 9.67 9.73 9.73 9.73 9.73 9.66 9.66 9.66 9.66 9.65 9.65 9.65 9.65 9.62 9.62 11.12 9.62 9.66 9.66 9.66 10.65 10.63 9.63 11.13 11.13 11.34 10.72 9.38 2.82 8.78 10.41 9.15 12.77 8.78 5.49 5.86 1.86 6.20 2.92 2.92 0.00
6.24 6.85 6.24 6.29 6.29 6.29 6.29 6.32 6.32 6.32 10.98 11.17 11.17 11.17 11.17 16.76 13.17 13.13 21.91 21.88 21.88 21.88 21.88 20.89 20.96 21.80 20.96 12.27 13.01 16.64 12.14 11.49 12.95 11.49 9.89 9.78 9.78 9.78 9.78 9.14 6.81 12.86 10.44 9.73 9.73 9.73 9.73 9.66 9.66 9.66 9.66 9.65 9.65 9.65 9.65 9.62 9.62 11.27 11.27 10.31 9.66 9.79 8.27 8.27 8.83 9.63 11.13 11.53 9.76 10.02 2.82 2.63 3.37 3.74 6.26 9.83 5.86 6.57 6.20 2.92 2.92 2.92 0.00
6.24 6.24 6.24 6.29 6.29 6.29 6.29 6.32 6.32 6.32 10.98 11.17 11.17 11.17 11.17 16.75 13.12 13.13 21.91 21.88 21.88 21.88 21.88 20.89 22.41 20.96 20.96 13.92 16.51 16.20 12.14 11.49 11.49 9.89 9.89 10.94 9.78 9.78 9.78 11.16 6.49 9.92 11.95 9.73 10.77 9.73 9.73 9.66 9.66 9.66 9.66 9.65 9.65 9.65 10.72 9.62 9.62 11.27 13.38 11.09 12.38 11.64 8.27 8.27 8.27 9.63 9.63 10.02 11.48 9.38 9.38 6.26 12.77 6.63 5.49 6.20 6.20 6.20 6.20 2.92 2.92 0.00 0.00
6.24 6.24 6.24 6.29 6.29 6.29 6.29 6.32 6.32 6.32 6.66 11.17 11.17 11.17 11.20 16.75 13.12 21.91 21.91 21.88 21.88 21.88 21.88 20.89 20.89 20.89 21.98 16.64 15.90 10.11 10.11 11.49 9.89 10.67 9.89 10.05 9.78 10.94 10.40 9.67 11.21 6.86 10.66 11.70 11.33 11.49 9.73 9.66 9.66 9.66 9.66 9.65 9.65 9.65 10.72 9.62 10.73 14.89 13.01 10.72 11.46 9.76 9.38 8.27 10.63 8.64 10.00 11.27 10.72 13.01 13.01 2.63 2.63 6.20 6.94 8.24 7.87 7.13 6.20 6.20 2.92 0.00 0.00
6.88 6.27 6.27 6.34 6.34 6.34 6.34 6.35 6.96 6.35 6.35 11.18 11.05 13.12 16.83 25.59 21.96 21.89 21.89 21.86 21.86 21.86 21.86 20.87 21.86 20.95 22.21 17.35 10.05 10.05 10.05 10.85 9.78 9.78 9.78 10.02 10.13 10.13 9.72 9.69 9.69 9.14 7.18 9.92 11.33 11.33 9.76 10.43 9.67 9.67 9.67 9.68 9.68 9.68 10.72 10.73 14.36 10.12 9.76 13.01 3.19 9.76 9.75 8.27 8.27 9.76 3.19 6.44 13.01 9.76 9.76 9.15 6.20 6.20 7.31 6.94 6.20 7.43 8.61 6.57 2.92 0.00 0.00
6.27 6.27 6.27 6.34 6.34 6.34 6.34 6.35 6.35 6.35 6.35 11.05 15.11 13.15 25.59 21.89 21.77 21.89 21.89 21.86 21.86 21.86 21.86 20.87 21.24 13.38 16.19 12.06 10.42 10.05 10.05 9.78 10.56 9.78 10.05 9.72 10.13 10.13 10.16 9.69 9.69 9.69 13.46 12.77 9.55 14.45 9.76 9.67 10.43 9.67 9.67 9.68 9.68 9.68 9.68 9.61 14.36 10.12 9.38 13.01 13.38 3.19 2.82 10.72 10.21 6.44 6.44 6.44 5.59 10.58 10.58 6.57 6.20 7.87 8.24 8.40 6.94 6.20 6.94 3.66 2.92 2.92 0.00
6.15 6.15 6.15 6.16 6.16 6.16 6.16 6.12 6.12 6.12 6.12 8.54 12.50 16.13 21.37 21.43 21.43 21.43 21.36 21.33 21.33 21.33 23.32 20.17 20.54 16.42 16.05 11.93 11.19 10.82 9.36 9.11 9.11 9.85 9.36 9.33 9.43 9.43 9.05 9.01 9.01 9.01 9.38 13.65 11.12 9.57 10.08 10.08 8.99 8.99 8.99 7.84 9.00 9.93 7.84 12.57 9.63 8.41 8.11 8.11 11.73 6.06 6.06 11.73 12.48 6.80 2.43 8.37 4.74 9.31 2.52 3.83 8.13 3.83 3.83 4.57 4.94 3.83 4.20 3.83 3.83 4.20 0.00
6.15 6.15 6.15 6.16 6.16 6.16 6.16 6.12 6.12 6.12 6.12 8.54 16.13 16.13 21.43 21.69 21.69 21.43 21.36 21.33 21.33 21.70 24.26 20.17 20.54 16.15 11.41 11.19 10.82 10.82 9.36 9.11 9.11 9.11 9.36 9.43 9.43 9.43 9.43 9.01 9.01 9.01 10.94 9.94 13.08 8.87 10.42 9.36 8.99 8.99 8.99 9.19 10.08 7.84 7.84 7.58 13.26 8.41 6.06 6.06 6.06 6.06 8.11 2.80 10.42 6.80 2.36 5.99 3.90 1.89 1.89 3.83 3.83 3.88 3.61 4.94 4.57 4.20 4.20 3.61 3.61 0.00 0.00
6.17 8.83 6.17 6.16 6.16 6.16 6.16 6.12 6.12 6.12 6.12 8.65 16.11 16.01 22.05 22.15 21.78 21.32 21.32 21.29 21.29 21.66 23.05 20.92 14.82 11.19 9.36 9.17 10.57 10.57 9.17 9.65 8.97 8.97 9.29 9.43 9.43 9.43 9.43 9.04 9.04 9.04 10.94 9.57 8.87 12.50 10.81 9.94 9.39 7.84 9.02 9.01 9.94 9.94 9.20 7.58 12.94 6.15 6.06 2.43 2.43 8.11 8.11 9.31 9.31 4.74 7.52 7.52 1.89 1.89 0.00 3.24 0.00 0.00 0.00 0.00 0.00 0.00 0.00 0.00 0.00 0.00 0.00
8.83 8.83 6.17 6.16 6.16 6.16 6.16 6.12 6.12 6.68 6.44 8.83 9.64 16.11 21.79 22.05 22.05 21.32 21.32 21.29 21.29 22.03 22.42 15.38 9.36 9.36 9.36 9.17 9.17 10.57 10.57 9.65 8.97 8.97 8.97 9.08 9.08 9.08 9.08 9.04 9.04 9.04 11.50 11.79 10.68 13.23 12.73 10.25 9.57 10.45 9.39 9.01 10.68 3.87 8.87 6.52 6.06 12.48 8.48 2.43 9.45 3.17 8.11 8.11 8.11 5.11 4.27 1.89 0.00 0.00 0.00 0.00 0.00 0.00 0.00 0.00 0.00 0.00 0.00 0.00 0.00 0.00 0.00
9.79 8.83 6.17 6.16 6.16 6.16 6.16 6.12 6.12 6.12 6.12 6.17 8.83 16.11 21.42 21.41 21.41 21.32 21.32 21.39 21.29 23.33 25.68 13.12 9.36 9.36 9.36 9.17 9.17 9.17 9.84 8.97 8.97 8.97 8.97 9.08 9.08 9.08 9.08 9.04 9.04 9.04 10.68 11.42 10.68 3.28 6.29 12.50 9.24 9.94 9.57 9.01 7.50 7.40 12.87 7.54 6.80 3.17 9.68 9.31 8.48 10.05 8.11 8.11 4.74 5.11 2.63 2.63 0.00 0.00 0.00 0.00 0.00 0.00 0.00 0.00 0.00 0.00 0.00 0.00 0.00 0.00 0.00
8.83 6.17 6.72 6.16 6.16 6.16 6.16 6.12 6.12 6.12 6.12 6.17 6.17 12.46 22.16 22.15 21.32 21.32 21.68 21.39 21.68 21.39 25.02 9.36 9.36 9.36 9.36 9.17 9.17 9.17 9.17 8.97 8.97 8.97 8.97 9.08 9.08 9.08 10.46 10.38 9.04 9.04 10.75 9.20 9.94 9.76 2.66 12.50 12.50 2.66 6.29 12.83 6.39 10.08 9.61 9.22 8.11 12.34 8.11 9.26 8.71 8.11 8.55 8.11 8.11 5.68 0.00 0.00 0.00 0.00 0.00 0.00 0.00 0.00 3.24 0.00 0.00 0.00 0.00 0.00 0.00 0.00 0.00
6.18 6.18 6.18 6.18 6.18 6.18 6.18 6.11 6.11 6.11 6.11 6.15 6.71 12.44 22.14 22.13 21.39 21.39 22.13 22.09 21.35 21.68 14.26 10.13 9.23 9.95 9.23 9.05 9.05 9.05 9.05 9.01 9.01 9.01 9.01 9.16 9.16 9.16 10.56 10.57 10.57 10.57 9.20 9.20 8.87 8.87 3.25 6.66 6.29 6.29 6.29 9.24 3.03 10.08 8.87 8.55 2.43 11.73 8.11 8.71 8.71 9.08 9.08 8.11 6.05 6.00 1.89 0.00 0.00 0.00 0.00 0.00 0.00 0.00 3.24 0.00 0.00 0.00 0.00 0.00 0.00 0.00 0.00
6.18 6.18 6.18 6.18 6.18 6.18 6.18 6.11 6.11 6.11 6.11 6.15 6.15 12.44 21.39 22.16 21.28 21.39 21.76 21.96 21.68 21.68 14.26 9.23 9.95 9.23 9.23 9.05 9.05 9.05 9.05 9.01 9.01 9.01 9.01 9.16 9.16 9.16 9.16 9.07 10.57 10.57 10.57 19.59 9.57 9.57 6.66 14.20 2.66 8.87 8.87 9.98 3.03 9.24 9.94 2.43 2.43 6.06 6.06 8.48 8.48 8.48 5.11 7.67 6.05 7.30 1.89 0.00 2.26 0.00 0.00 0.00 0.00 3.24 3.24 3.24 0.00 0.00 0.00 0.00 0.00 0.00 0.00
6.18 6.18 6.18 6.18 6.18 6.18 6.18 6.11 6.11 6.11 6.11 6.15 6.15 12.11 17.24 21.65 21.28 21.65 22.39 21.96 21.28 25.30 10.87 9.61 9.23 9.23 9.23 9.05 9.05 9.05 9.05 9.01 11.14 9.01 9.01 9.16 9.16 9.16 9.86 9.07 10.41 10.57 19.59 19.59 17.01 6.29 2.66 8.87 8.87 8.87 10.08 10.45 10.08 10.08 10.08 8.11 8.11 2.80 6.43 8.48 8.11 8.11 2.52 2.52 2.89 8.04 1.89 2.26 1.89 1.89 0.00 0.00 0.00 0.00 0.00 0.00 0.00 0.00 0.00 0.00 0.00 0.00 0.00
6.18 6.18 6.18 6.18 6.18 6.18 6.18 6.11 6.11 6.11 6.11 6.15 8.48 20.81 17.24 21.28 21.65 21.50 21.87 23.13 22.39 27.43 10.50 9.61 9.61 14.09 10.17 9.05 9.05 9.05 9.05 9.01 9.01 9.01 9.01 9.16 9.16 9.16 9.16 10.41 10.41 19.79 19.59 17.01 23.21 19.59 20.29 20.80 10.08 9.18 10.45 10.08 10.08 10.08 10.08 9.68 8.48 8.11 8.11 6.43 9.68 7.30 2.52 2.89 3.63 5.30 1.89 1.89 1.89 1.89 0.00 0.00 0.00 0.00 0.00 0.00 0.00 0.00 0.00 0.00 0.00 0.00 0.00
6.16 6.16 6.16 6.24 6.24 6.24 6.24 6.12 6.12 6.12 6.12 6.14 9.61 20.79 16.86 16.84 21.13 14.10 14.10 21.14 22.39 26.02 24.76 19.50 14.46 20.61 20.24 9.49 9.12 9.49 9.12 9.11 9.79 9.11 9.11 9.14 9.14 9.14 9.14 10.71 19.72 19.72 23.59 23.74 23.59 21.54 21.17 21.17 21.93 10.08 10.45 10.45 10.08 10.08 10.08 10.00 8.85 8.48 8.11 12.10 7.67 2.52 0.00 0.00 0.00 1.89 1.89 0.00 1.89 1.89 0.00 0.00 0.00 0.00 0.00 0.00 0.00 0.00 0.00 0.00 0.00 0.00 0.00
6.16 6.16 6.16 6.24 6.24 6.24 6.24 6.12 6.12 6.12 6.12 6.14 19.38 23.01 22.70 20.47 21.22 14.10 14.10 13.73 21.14 26.02 24.39 16.98 14.09 13.72 19.87 9.81 9.12 9.49 9.49 9.11 9.11 9.11 9.11 9.14 9.14 9.14 9.14 9.57 23.72 23.21 19.96 19.96 13.38 17.75 14.12 20.70 20.33 19.59 8.87 8.87 10.08 10.08 10.08 9.68 8.85 9.08 8.41 8.11 9.31 2.52 0.00 0.00 0.00 0.00 0.00 0.00 0.00 0.00 0.00 0.00 0.00 0.00 0.00 0.00 0.00 0.00 0.00 0.00 0.00 0.00 0.00
6.16 6.16 6.16 6.24 6.24 6.24 6.24 6.12 6.12 6.12 6.12 9.61 23.38 20.80 23.07 16.84 21.22 21.22 14.10 17.36 17.36 24.39 21.99 23.12 16.98 16.98 21.14 9.12 9.12 10.69 11.06 10.69 10.50 9.11 9.11 9.14 9.14 9.14 10.88 6.76 17.01 20.66 13.75 19.59 20.48 19.59 23.21 13.97 20.33 20.70 19.96 3.03 8.87 10.08 10.08 8.11 9.26 8.11 9.26 8.96 2.03 10.44 0.00 0.00 0.00 0.00 0.00 0.00 0.00 0.00 0.00 0.00 0.00 0.00 0.00 0.00 0.00 0.00 0.00 0.00 0.00 0.00 0.00
6.16 6.16 6.16 6.24 6.24 6.24 6.24 6.12 6.12 6.49 7.70 9.81 21.17 17.39 14.14 19.44 20.47 24.39 17.36 24.39 21.99 20.76 22.39 19.91 20.27 23.12 23.49 14.14 12.76 13.13 13.76 9.77 9.13 2.74 9.50 9.87 9.14 9.14 23.49 17.38 17.01 20.85 20.33 13.75 13.75 19.59 17.01 17.01 14.49 23.29 15.97 21.07 9.76 8.87 10.08 8.11 8.11 10.36 7.50 3.14 2.56 10.07 3.69 0.00 0.00 0.00 0.00 0.00 0.00 0.00 0.00 0.00 0.00 0.00 0.00 0.00 0.00 0.00 0.00 0.00 0.00 0.00 0.00
6.20 6.20 6.20 6.28 6.28 6.28 6.28 6.13 6.13 9.17 9.81 10.00 19.38 16.65 13.77 16.28 16.65 22.10 13.73 20.76 22.39 21.09 21.09 20.88 22.08 20.65 19.87 20.28 19.88 22.12 24.09 24.09 23.72 23.12 16.98 23.86 23.12 23.12 19.87 13.75 23.22 20.66 19.96 19.59 19.59 13.38 13.38 17.01 14.49 21.44 20.33 21.22 19.59 8.87 9.72 9.26 9.26 13.00 11.49 7.55 8.46 13.05 7.32 0.00 0.00 0.00 0.00 0.00 0.00 0.00 0.00 0.00 0.00 0.00 0.00 0.00 0.00 0.00 0.00 0.00 0.00 0.00 0.00
6.20 6.20 6.20 6.28 6.28 6.28 6.28 6.13 6.50 7.67 9.98 6.81 19.38 23.38 16.65 16.28 13.77 19.91 22.76 21.09 21.09 21.09 21.09 19.91 20.88 19.91 19.91 20.28 11.43 23.51 20.25 20.46 20.09 20.27 2.90 20.24 21.02 19.50 20.46 13.75 24.29 20.11 19.59 20.80 19.59 19.59 19.59 23.26 14.12 20.33 20.80 20.80 20.80 9.24 3.66 15.13 12.96 7.55 7.55 10.07 10.98 6.44 11.35 7.32 0.00 0.00 0.00 0.00 0.00 0.00 0.00 0.00 0.00 0.00 0.00 0.00 0.00 0.00 0.00 0.00 0.00 0.00 0.00
5.89 5.89 5.89 6.29 6.29 5.96 5.96 5.64 8.45 3.62 8.42 4.39 4.39 16.35 19.80 19.80 21.28 13.47 20.88 21.15 21.14 21.14 11.76 10.71 10.71 10.71 9.77 9.77 10.67 23.00 19.36 20.24 10.46 10.46 9.06 10.22 20.36 20.24 20.24 20.59 13.92 23.66 20.03 20.03 18.91 18.91 18.91 20.40 16.80 19.45 19.88 18.91 20.03 10.17 11.29 5.93 11.67 10.52 10.89 7.26 10.89 11.67 9.78 9.78 3.47 0.00 0.00 0.00 0.00 0.00 0.00 0.00 0.00 0.00 0.00 0.00 0.00 0.00 0.00 0.00 0.00 0.00 0.00
5.89 5.89 6.25 6.84 6.29 5.96 5.96 7.71 2.14 17.65 18.37 5.63 19.98 16.35 16.54 16.17 22.40 23.51 20.88 21.51 21.14 21.14 21.15 10.46 10.71 10.71 9.77 10.14 11.12 12.69 18.96 10.12 9.06 10.46 9.06 9.21 9.06 9.77 10.46 9.69 20.02 23.28 20.03 17.99 19.85 20.03 19.85 18.91 16.97 18.91 20.03 9.87 9.87 9.98 9.42 6.80 10.15 13.01 10.89 11.26 11.26 10.52 11.67 11.30 9.41 3.84 0.00 0.00 0.00 0.00 0.00 0.00 0.00 0.00 0.00 0.00 0.00 0.00 0.00 0.00 0.00 0.00 0.00
5.90 5.90 6.26 6.29 8.26 8.26 6.33 17.28 21.28 12.73 16.17 19.80 19.80 18.00 18.03 18.03 18.77 22.40 19.14 21.14 21.14 21.14 21.15 20.19 10.70 10.70 10.70 11.04 14.09 12.69 20.24 10.46 9.06 10.46 10.46 10.46 9.06 10.46 10.46 18.91 20.77 23.11 23.11 19.48 19.85 20.77 19.85 19.33 22.53 19.28 19.94 9.98 8.95 9.39 10.54 8.29 3.04 9.78 12.93 10.52 10.89 10.52 6.72 9.78 10.15 5.73 5.78 0.00 0.00 0.00 0.00 0.00 0.00 0.00 0.00 0.00 0.00 0.00 0.00 0.00 0.00 0.00 0.00
5.90 5.90 6.26 6.29 8.26 8.26 6.33 17.84 13.84 20.54 15.98 19.80 16.54 18.00 18.00 19.14 17.65 23.51 23.88 22.63 21.15 21.15 21.15 10.46 10.70 10.70 10.70 10.83 13.77 13.10 9.43 11.20 10.83 10.46 9.06 9.06 9.06 10.46 10.46 20.76 20.51 24.39 18.91 20.03 19.48 20.03 18.91 18.91 22.53 21.06 14.29 22.56 11.41 7.98 11.28 10.79 6.67 9.41 11.99 10.41 10.41 11.63 10.89 9.78 10.35 5.36 1.73 0.00 0.00 0.00 0.00 0.00 0.00 0.00 0.00 0.00 0.00 0.00 0.00 0.00 0.00 0.00 0.00
5.90 6.26 6.26 8.26 8.63 9.59 16.15 18.00 17.65 17.09 19.80 18.00 17.28 18.37 16.91 17.28 17.28 17.65 17.65 22.74 21.52 11.16 11.50 10.46 10.70 10.70 10.70 10.46 14.46 13.40 9.43 10.83 9.43 2.72 9.06 9.06 2.72 9.06 9.06 7.80 20.51 20.76 20.03 18.91 19.42 19.42 19.55 19.57 17.17 13.92 18.36 13.20 8.95 10.14 7.98 11.17 6.30 2.10 11.31 11.68 11.67 11.26 10.52 9.78 9.78 9.78 10.93 0.00 0.00 0.00 0.00 0.00 0.00 0.00 0.00 0.00 0.00 0.00 0.00 0.00 0.00 0.00 0.00
5.90 6.26 6.26 8.72 6.17 16.52 18.35 17.63 20.17 19.80 16.54 19.02 17.28 18.01 13.10 13.10 18.40 18.40 18.77 22.40 21.15 9.97 11.50 10.46 10.70 10.70 9.43 10.83 14.09 12.69 10.46 10.46 9.06 9.06 9.06 9.06 12.69 12.69 6.35 7.05 3.80 9.32 20.03 20.03 19.48 19.42 13.18 13.18 16.80 13.92 13.95 2.80 2.06 12.65 5.69 1.93 2.10 2.10 9.68 11.68 11.68 10.89 10.52 9.78 12.04 6.47 6.27 8.79 4.21 0.00 0.00 0.00 0.00 0.00 0.00 0.00 0.00 0.00 0.00 0.00 0.00 0.00 0.00
5.93 6.27 7.01 13.63 17.26 13.26 18.35 15.98 16.54 18.37 16.54 18.01 18.38 18.25 14.26 18.40 18.40 18.00 18.40 18.40 19.76 19.76 9.97 10.12 10.67 10.67 10.83 10.83 12.69 12.69 10.46 10.46 10.83 11.20 9.06 9.06 10.12 12.69 12.69 8.95 9.32 19.28 18.91 20.03 20.03 19.56 13.92 13.63 16.80 17.63 3.21 2.43 5.69 5.69 1.86 2.10 2.10 2.10 6.84 11.67 12.84 10.15 12.85 12.41 10.89 3.22 2.85 6.10 8.04 0.00 0.00 0.00 0.00 0.00 0.00 0.00 0.00 0.00 0.00 0.00 0.00 0.00 0.00
5.93 6.27 6.74 16.89 12.89 12.89 16.15 19.80 16.54 18.40 13.10 18.01 18.37 18.62 18.25 18.03 18.40 16.54 16.91 18.40 18.03 11.50 11.50 10.12 10.46 10.46 10.46 9.06 12.69 13.40 10.46 10.46 10.83 10.17 9.80 2.72 9.06 9.77 12.69 8.95 9.29 13.55 13.18 18.91 19.33 20.38 13.55 10.92 12.64 12.64 2.80 6.06 2.80 2.23 2.23 6.15 2.85 10.15 6.10 6.52 11.30 11.31 10.52 11.26 6.84 6.84 3.59 6.10 10.93 0.00 0.00 0.00 0.00 0.00 0.00 0.00 0.00 0.00 0.00 0.00 0.00 0.00 0.00
6.00 6.00 17.84 21.46 20.35 16.15 18.35 21.88 21.66 18.77 17.28 16.17 18.40 18.62 18.25 7.53 7.53 4.76 18.03 16.54 18.03 11.50 11.50 10.46 10.46 10.46 10.46 10.46 14.09 9.77 10.46 10.46 10.46 9.77 10.14 9.06 9.77 9.77 12.69 8.95 9.29 9.32 18.91 13.18 18.91 22.53 13.80 10.87 11.61 6.43 10.50 6.56 2.60 2.97 7.68 3.22 10.52 10.52 6.52 8.04 2.48 9.41 10.15 10.52 2.85 7.22 3.59 6.10 7.09 3.47 0.00 0.00 0.00 0.00 0.00 0.00 0.00 0.00 0.00 0.00 0.00 0.00 0.00
16.72 18.35 16.52 20.72 21.59 16.72 18.35 18.03 18.03 22.40 16.32 18.03 18.03 18.03 18.25 4.39 7.31 7.31 7.53 7.90 7.31 21.15 11.50 10.46 9.06 9.06 9.06 10.14 13.06 9.06 10.46 10.46 12.69 12.69 12.69 12.69 6.35 6.35 12.69 12.58 12.58 12.58 12.58 12.61 12.92 13.18 10.50 6.06 6.43 6.43 5.49 6.56 2.60 3.34 6.23 6.47 6.10 9.41 5.73 9.78 6.10 5.36 6.10 6.84 6.10 5.73 6.47 9.78 3.47 3.47 0.00 0.00 0.00 0.00 0.00 0.00 0.00 0.00 0.00 0.00 0.00 0.00 0.00
