New_Model_Runs/13_Future_RCP4.5_Scn3_out/post_prcessed_with_MFR/Monthly_summaries/net_infiltration_monthly_APR.asc
NCOLS 700
NROWS 400
XLLCENTER 515000.000000
YLLCENTER 8409000.000000
CELLSIZE 50.000000
NODATA_value -999.000000
[rows 228 to 265 of 400, columns 84 to 167 of 700]
6.33 6.78 6.33 6.33 6.34 6.34 6.34 6.34 6.78 6.34 6.34 6.34 6.53 6.53 6.53 6.53 6.46 6.46 6.46 6.46 6.44 6.44 6.44 6.44 6.49 6.49 6.49 6.49 7.35 7.40 6.80 6.80 6.83 6.83 6.83 6.83 6.88 6.88 6.88 6.88 6.89 6.89 6.89 6.89 7.18 7.18 7.18 7.18 7.14 7.14 7.14 7.14 7.12 7.75 7.12 7.12 7.16 7.16 7.16 7.16 7.57 7.57 9.48 9.48 9.46 9.46 9.46 10.09 9.43 9.43 9.43 9.43 7.57 7.57 7.57 7.57 7.99 7.99 7.99 10.02 10.00 10.00 10.00 10.00
6.33 6.33 6.33 6.33 6.34 6.34 6.34 6.34 6.34 6.34 6.78 6.34 6.53 6.53 6.53 6.53 6.46 6.46 6.46 6.46 6.44 6.44 6.44 7.01 6.49 6.49 6.49 6.49 7.35 6.80 6.80 6.80 6.83 6.83 6.83 6.83 7.96 6.88 6.88 6.88 6.89 6.89 6.89 6.89 7.18 7.18 7.18 7.18 7.14 7.14 7.14 7.14 7.12 7.12 7.12 7.12 7.16 7.16 7.16 7.16 7.57 7.57 9.48 9.48 9.46 7.56 7.56 9.46 9.43 9.43 9.43 9.43 7.57 7.57 7.57 7.57 7.99 7.99 7.99 7.99 7.97 10.00 10.00 10.00
6.33 6.33 6.33 6.33 6.34 6.34 6.34 6.34 6.34 6.34 6.34 6.34 6.53 7.10 6.53 7.08 6.46 7.02 6.46 6.46 6.44 7.00 6.44 6.44 6.49 6.49 6.49 6.49 7.84 6.80 6.80 6.80 6.83 6.83 6.83 6.83 6.88 6.88 6.88 6.88 6.89 7.50 7.50 6.89 7.18 7.18 7.18 7.18 7.78 7.14 7.14 7.14 7.12 7.12 7.12 7.12 7.16 7.16 7.16 7.16 7.57 7.57 7.57 7.57 8.24 7.56 9.46 9.46 7.54 7.54 9.43 9.43 7.57 7.57 7.57 7.57 7.99 7.99 7.99 7.99 7.97 7.97 7.97 7.97
6.33 6.33 6.33 6.33 6.34 6.34 6.34 6.34 6.34 6.34 6.34 6.34 6.53 6.53 6.53 6.53 6.46 6.46 6.46 7.02 7.00 6.44 6.44 6.44 6.49 6.49 6.49 6.49 6.80 6.80 6.80 6.80 6.83 6.83 6.83 6.83 6.88 6.88 6.88 6.88 6.89 6.89 7.49 6.89 7.18 7.18 7.18 7.18 7.14 7.78 7.14 7.14 7.12 7.12 7.12 7.12 7.16 7.16 7.16 7.16 7.57 7.57 7.57 7.57 7.56 7.56 9.46 7.56 7.54 7.54 9.43 7.54 7.57 7.57 7.57 7.57 7.99 7.99 7.99 7.99 7.97 7.97 7.97 7.97
6.27 6.27 6.71 6.71 6.26 6.26 6.26 6.26 6.25 6.25 6.25 6.25 6.43 6.43 6.43 6.88 6.58 6.58 6.58 6.58 6.44 6.44 6.44 6.44 6.49 6.49 6.49 6.49 6.81 6.81 6.81 6.81 6.86 6.86 6.86 6.86 6.86 6.86 6.86 6.86 6.84 6.84 6.84 6.84 7.13 7.13 7.13 7.13 7.13 7.13 7.13 7.13 7.18 7.18 7.18 7.18 7.23 7.23 7.23 7.23 7.62 7.62 7.62 7.62 7.58 7.58 7.58 7.58 7.56 7.56 7.56 7.56 7.60 7.60 7.60 7.60 8.04 8.04 8.76 8.04 8.04 8.04 8.04 8.04
6.27 6.27 6.27 6.27 6.26 6.26 6.26 6.26 6.25 6.85 6.25 6.25 6.43 6.43 6.43 6.43 6.58 6.58 6.58 6.58 6.44 6.44 6.44 6.44 6.49 6.49 6.49 6.49 6.81 6.81 6.81 6.81 6.86 6.86 6.86 6.86 6.86 6.86 6.86 7.95 6.84 6.84 6.84 6.84 7.13 7.13 7.13 7.13 7.13 7.13 7.13 7.13 7.18 7.18 7.18 7.18 7.23 7.23 7.23 7.23 7.62 7.62 8.28 7.62 7.58 7.58 7.58 7.58 8.24 7.56 7.56 7.56 7.60 7.60 7.60 7.60 8.04 8.04 8.04 8.04 8.04 8.04 8.04 8.04
6.71 6.27 6.27 6.27 6.26 6.26 6.26 6.26 6.25 6.25 6.25 6.25 6.43 6.43 6.43 6.43 6.58 6.58 6.58 6.58 6.44 6.44 6.44 6.44 6.49 6.49 6.49 6.49 6.81 6.81 6.81 6.81 6.86 6.86 6.86 6.86 8.37 7.47 7.94 6.86 6.84 7.44 6.84 6.84 7.13 7.13 7.13 7.13 7.13 7.13 7.13 7.13 7.18 7.18 7.18 7.18 7.23 7.23 7.23 7.23 7.62 7.62 7.62 8.27 7.58 7.58 7.58 7.58 7.56 7.56 7.56 7.56 7.60 7.60 7.60 7.60 8.04 8.04 8.04 8.04 8.04 8.04 8.04 8.04
6.70 6.27 6.27 6.27 6.26 6.26 6.69 6.26 6.25 6.25 6.25 6.25 6.43 6.43 6.43 6.43 6.58 6.58 6.58 6.58 6.44 6.44 6.44 6.44 6.49 6.49 6.49 6.49 6.81 6.81 6.81 6.81 6.86 6.86 6.86 7.95 6.86 6.86 6.86 6.86 6.84 6.84 6.84 6.84 7.13 7.13 7.13 7.13 7.13 7.13 7.13 7.13 7.18 7.18 7.18 7.18 7.23 7.23 7.23 7.23 7.62 7.62 7.62 7.62 7.58 7.58 7.58 7.58 7.56 7.56 7.56 7.56 7.60 7.60 7.60 7.60 8.04 8.04 8.04 8.04 8.04 8.04 8.04 8.04
6.19 6.19 6.19 6.63 6.19 6.19 6.19 6.19 6.18 6.18 6.18 6.18 6.57 6.57 6.57 6.57 6.46 6.46 6.46 6.46 6.53 6.53 6.53 6.53 6.57 6.57 6.57 6.57 6.89 6.89 6.89 6.89 6.89 6.89 6.89 7.49 6.85 6.85 6.85 6.85 6.83 6.83 6.83 6.83 7.18 7.18 7.18 7.18 7.23 7.23 7.23 7.23 7.27 7.27 7.27 7.27 7.31 7.31 7.31 7.31 7.68 7.68 7.68 8.36 7.60 8.28 7.60 7.60 7.57 7.57 7.57 7.57 7.63 7.63 7.63 7.63 8.06 8.06 8.06 8.06 8.08 8.08 8.08 8.08
6.19 6.19 6.19 6.19 6.19 6.19 6.19 6.19 6.18 6.18 6.62 6.18 6.57 6.57 6.57 6.57 6.46 6.46 6.46 6.46 6.53 6.53 6.53 6.53 6.57 6.57 6.57 6.57 6.89 6.89 6.89 6.89 6.89 6.89 6.89 6.89 6.85 6.85 6.85 6.85 6.83 6.83 6.83 6.83 7.18 7.18 7.18 7.18 7.23 7.23 7.23 7.23 7.27 7.27 7.27 7.27 7.31 7.31 7.31 7.31 7.68 7.68 7.68 7.68 7.60 7.60 7.60 7.60 7.57 7.57 7.57 7.57 7.63 7.63 7.63 7.63 8.06 8.06 8.06 8.06 8.08 8.82 8.08 8.08
6.19 6.19 6.63 6.19 6.19 6.19 6.19 6.19 6.18 6.18 6.18 6.18 6.57 6.57 6.57 6.57 6.46 6.46 6.46 6.46 6.53 6.53 6.53 6.53 6.57 6.57 6.57 6.57 6.89 6.89 6.89 6.89 6.89 6.89 6.89 6.89 6.85 6.85 6.85 6.85 6.83 6.83 6.83 6.83 7.18 7.18 7.18 7.18 7.23 7.23 7.23 7.23 7.27 7.27 7.27 7.27 7.31 7.31 7.31 7.31 7.68 7.68 7.68 7.68 7.60 7.60 7.60 8.28 7.57 7.57 7.57 7.57 7.63 7.63 7.63 7.63 8.06 8.06 8.06 8.06 8.08 8.82 8.08 8.08
6.19 6.19 6.19 6.19 6.19 6.19 6.19 6.19 6.77 6.18 6.18 6.18 6.57 6.57 6.57 6.57 6.46 6.46 6.46 6.46 6.53 6.53 6.53 6.53 6.57 6.57 6.57 6.57 6.89 6.89 6.89 6.89 6.89 7.99 6.89 7.49 6.85 6.85 6.85 6.85 6.83 6.83 6.83 6.83 7.18 7.18 7.18 7.18 7.23 7.23 7.23 7.23 7.27 7.27 7.27 7.27 7.31 7.31 7.31 7.31 7.68 7.68 8.34 7.68 7.60 8.64 7.60 7.60 7.57 7.57 7.57 7.57 7.63 7.63 7.63 7.63 8.06 8.06 8.06 8.06 8.08 8.08 8.82 8.08
6.16 6.16 6.16 6.16 6.19 6.19 6.19 6.19 6.21 6.21 6.21 6.21 6.45 6.45 6.45 6.45 6.56 6.56 6.56 6.56 6.62 6.62 6.62 6.62 6.66 6.66 6.66 6.66 6.94 6.94 6.94 6.94 6.89 6.89 6.89 6.89 6.86 6.86 6.86 6.86 6.86 6.86 6.86 6.86 7.22 7.22 7.22 7.22 7.29 7.29 7.29 7.29 7.33 7.33 7.33 7.33 7.34 7.34 7.34 7.34 7.68 7.68 7.68 8.36 8.26 7.58 7.58 7.58 7.57 7.57 7.57 7.57 7.63 7.63 7.63 7.63 8.07 8.07 8.07 8.07 8.11 8.11 8.11 8.11
7.28 8.46 6.16 6.16 6.19 6.19 6.19 6.19 6.64 6.21 6.21 6.21 6.45 6.45 6.45 6.45 6.56 6.56 6.56 6.56 6.62 6.62 6.62 6.62 6.66 6.66 6.66 6.66 6.94 6.94 6.94 6.94 7.99 7.49 6.89 6.89 6.86 6.86 6.86 6.86 6.86 6.86 6.86 6.86 7.22 7.22 7.22 7.22 7.29 7.29 7.29 7.29 7.33 7.33 7.33 7.33 7.34 7.34 7.34 7.34 7.68 7.68 7.68 7.68 7.58 7.58 7.58 7.58 7.57 7.57 7.57 7.57 7.63 7.63 7.63 7.63 8.07 8.07 8.07 8.07 8.11 8.11 8.11 8.11
6.11 6.11 6.11 6.11 6.13 6.13 6.36 6.36 6.38 6.81 6.38 6.38 6.50 6.50 6.50 6.50 6.61 6.61 6.61 6.61 6.68 6.68 6.68 6.68 6.71 6.71 6.71 6.71 6.84 6.84 6.84 6.84 6.79 7.40 6.79 6.79 6.76 6.76 6.76 6.76 6.76 6.76 7.36 6.76 7.20 7.20 7.20 7.20 7.26 7.26 7.26 7.26 7.31 7.31 7.31 7.31 7.32 7.32 7.32 7.99 7.62 7.62 7.62 7.62 7.52 8.20 7.52 7.52 7.51 7.51 7.51 7.51 7.57 7.57 7.57 7.57 8.09 8.09 8.09 8.09 8.13 8.13 8.13 8.13
6.11 6.11 6.11 6.11 6.13 6.13 6.13 6.13 6.15 6.38 6.38 6.38 6.50 6.50 6.50 6.50 6.61 6.61 6.61 6.61 6.68 6.68 6.68 6.68 6.71 6.71 6.71 6.71 6.84 6.84 6.84 6.84 6.79 6.79 6.79 6.79 6.76 6.76 6.76 6.76 7.37 7.37 6.76 6.76 7.20 7.20 7.20 7.20 7.26 7.26 7.26 7.26 7.31 7.31 7.31 7.31 7.32 7.32 7.32 7.32 7.62 7.62 7.62 7.62 7.52 7.52 7.52 7.52 7.51 7.51 7.51 7.51 7.57 7.57 7.57 7.57 8.09 8.84 8.09 8.09 8.13 8.13 8.13 8.13
6.12 6.12 6.12 6.12 6.16 6.16 6.16 6.16 6.17 9.44 6.17 6.17 6.55 6.55 6.55 6.55 6.65 6.65 6.65 6.65 6.73 6.73 6.73 6.73 6.77 6.77 6.77 6.77 6.85 6.85 6.85 6.85 6.76 6.76 6.76 6.76 6.76 6.76 6.76 6.76 6.77 6.77 6.77 6.77 7.19 7.19 7.19 7.19 7.28 7.28 7.28 7.28 7.34 7.34 7.34 7.34 7.31 7.31 7.31 7.31 7.56 7.56 7.56 7.56 7.50 7.50 7.50 7.50 7.50 7.50 7.50 7.50 7.54 7.54 7.54 7.54 8.07 8.07 8.07 8.82 8.16 8.16 8.16 8.16
6.12 6.12 6.12 6.12 6.16 6.16 6.16 6.16 6.17 6.17 6.17 6.17 6.45 6.45 6.45 6.55 6.65 6.65 6.65 6.65 6.73 6.73 6.73 6.73 6.77 6.77 6.77 7.80 6.85 6.85 6.85 6.85 6.76 6.76 6.76 6.76 6.76 6.76 6.76 6.76 6.77 6.77 6.77 6.77 7.19 7.19 7.19 7.19 8.44 7.28 7.28 7.28 7.34 7.34 7.34 8.05 7.31 7.31 7.31 7.31 7.56 7.56 7.56 8.25 7.50 7.50 7.50 7.50 7.50 7.50 7.50 7.50 7.54 7.54 7.54 7.54 8.07 8.82 8.07 8.07 8.86 8.16 8.16 8.16
6.12 6.12 6.12 6.12 6.16 6.16 6.16 6.16 6.17 6.17 6.17 6.17 6.45 6.45 6.45 6.45 6.54 6.54 6.54 6.65 6.73 6.73 6.73 6.73 6.77 6.77 6.77 7.56 8.11 7.59 6.85 6.85 6.76 6.76 6.76 6.76 6.76 6.76 6.76 6.76 6.77 6.77 6.77 6.77 7.19 7.19 7.19 7.19 7.92 7.28 7.28 7.28 7.34 7.34 7.34 7.34 7.31 7.31 7.31 7.31 7.56 7.56 7.56 8.25 7.50 7.50 7.50 7.50 7.50 7.50 7.50 7.50 7.54 7.54 7.54 7.54 8.07 8.07 8.07 8.07 8.16 8.16 8.16 8.16
6.12 6.12 6.12 6.12 6.84 6.16 6.16 6.16 6.17 6.85 6.17 6.17 6.45 6.45 6.45 6.45 6.54 6.54 6.54 6.54 6.61 6.61 6.73 6.73 6.77 7.37 7.04 7.56 7.59 7.59 7.59 6.85 6.76 6.76 6.76 6.76 6.76 6.76 6.76 6.76 9.73 6.77 6.77 7.38 7.19 7.19 7.19 7.19 7.28 7.28 7.28 7.94 7.34 7.34 7.34 8.01 7.31 7.31 7.31 7.31 7.56 7.56 7.56 7.56 7.50 7.50 7.50 7.50 7.50 7.50 7.50 7.50 8.23 7.54 7.54 7.54 8.07 8.07 8.07 8.07 8.16 8.16 8.16 8.16
6.13 6.13 6.13 6.13 6.17 6.17 6.17 6.17 6.17 6.17 6.17 6.17 6.45 6.45 6.45 6.45 6.56 6.56 6.56 6.56 6.64 6.64 6.64 6.64 9.75 6.77 7.56 7.56 7.59 7.59 7.44 6.82 6.74 6.74 6.74 6.74 6.76 6.76 8.46 8.46 9.74 6.78 6.78 6.78 7.16 7.16 7.16 7.16 7.25 7.25 7.25 7.90 7.32 7.32 7.32 8.52 7.27 7.27 7.27 7.27 7.53 7.53 7.53 7.53 7.50 7.50 7.50 8.19 7.49 7.49 7.49 7.49 8.19 7.50 7.50 7.50 8.06 8.06 8.06 8.06 8.14 8.14 8.14 8.90
6.13 6.13 6.13 6.13 6.17 6.17 6.17 6.17 6.17 6.17 6.17 6.17 6.45 6.45 6.45 6.45 6.56 7.79 6.56 6.56 6.64 6.64 6.64 6.64 6.64 6.64 6.64 7.98 7.59 5.01 6.82 6.82 6.74 6.74 6.74 6.74 6.76 6.76 8.46 8.46 8.49 8.49 7.39 6.78 7.16 7.16 7.16 7.16 7.25 7.25 7.25 7.25 7.32 7.32 8.22 8.22 7.27 7.93 7.27 7.98 7.53 7.53 7.53 7.53 7.50 7.50 7.50 7.50 7.49 7.49 7.49 7.49 7.50 7.50 7.50 7.50 8.06 8.06 8.06 8.06 8.14 8.14 8.14 8.14
6.13 6.13 6.13 6.13 6.17 6.17 6.17 6.17 6.17 6.17 6.17 6.17 6.45 6.45 6.45 6.45 6.56 6.56 6.56 6.56 6.64 7.52 6.64 12.46 7.52 6.64 6.64 6.64 6.67 8.05 6.67 6.67 6.74 6.74 6.74 6.74 6.76 6.76 6.76 8.46 8.49 8.49 8.49 6.78 7.16 7.16 7.16 7.16 7.25 7.25 7.25 7.25 7.32 7.99 8.22 8.22 7.27 7.27 7.27 7.27 7.53 7.53 7.53 7.53 7.50 7.50 7.50 7.50 7.49 7.49 7.49 7.49 7.50 7.50 7.50 7.50 8.06 8.06 8.06 8.06 8.14 8.14 8.14 8.90
6.13 6.13 6.13 6.13 6.17 6.17 6.17 6.17 6.17 6.17 6.86 6.17 6.45 6.45 6.45 6.45 6.56 7.79 6.56 6.56 7.52 7.52 8.49 8.49 7.52 6.64 6.64 6.64 6.67 6.67 6.91 11.02 6.60 6.60 6.60 6.74 6.76 6.76 6.76 8.46 8.49 9.06 8.49 8.49 8.33 7.16 7.16 7.16 7.25 7.25 7.25 7.25 7.32 7.32 7.32 8.88 7.27 7.27 7.27 7.27 7.53 7.53 7.53 7.53 7.50 8.76 7.78 7.50 7.49 7.49 7.49 7.49 7.50 7.50 7.50 7.50 8.06 8.06 8.06 8.06 8.14 8.14 8.14 8.90
6.14 6.14 6.14 6.14 6.17 6.17 6.17 6.17 6.17 6.17 6.86 6.17 6.46 6.46 6.46 6.46 6.55 6.55 6.55 6.55 7.52 8.85 6.80 8.49 8.49 7.35 7.00 6.64 6.92 6.68 7.83 6.68 6.61 6.61 6.61 6.61 8.77 8.77 8.47 8.47 8.50 9.07 9.07 6.78 7.14 7.14 7.14 7.14 7.19 7.19 7.19 7.19 8.22 8.22 7.28 7.95 7.24 7.24 7.24 7.24 7.53 7.53 8.22 7.53 7.52 8.67 8.67 7.52 7.48 7.48 8.16 7.48 7.47 7.47 7.47 7.47 8.06 8.06 8.06 8.06 8.15 8.15 8.15 8.15
6.14 6.14 6.14 6.14 6.17 6.17 6.17 6.17 6.17 6.17 6.17 6.17 6.46 6.46 6.46 6.46 6.55 6.55 6.55 6.55 7.52 8.24 8.60 8.24 7.88 4.34 3.98 3.26 7.51 6.68 7.83 6.68 6.61 6.61 6.61 6.61 6.62 6.62 6.62 8.77 8.80 8.80 8.50 6.78 7.14 7.14 7.14 7.14 7.19 7.19 7.19 7.19 7.28 8.18 7.47 9.61 7.24 7.24 7.24 7.24 7.53 8.78 7.53 7.53 7.52 7.52 7.52 7.52 7.48 7.48 7.48 7.48 7.47 7.47 7.47 7.47 8.06 8.06 8.06 8.06 8.15 8.15 8.15 8.90
6.14 6.14 6.48 7.38 6.17 7.32 6.17 6.86 6.17 6.17 6.17 6.17 6.46 7.52 7.52 7.76 7.52 7.52 7.52 6.55 8.23 5.05 4.70 8.96 7.85 10.67 11.39 11.03 7.13 7.51 7.39 6.68 6.61 6.61 6.61 6.61 6.62 7.58 6.89 6.62 8.80 8.80 9.71 8.80 9.25 7.14 7.14 7.14 7.19 7.19 7.19 7.19 7.28 8.18 8.22 9.61 7.24 7.24 7.24 8.39 8.78 8.78 8.78 8.78 7.52 7.52 7.52 7.52 7.48 7.48 7.48 7.48 7.47 7.47 7.47 7.47 8.06 8.06 8.06 8.06 8.15 8.15 8.15 8.15
7.47 6.48 7.38 7.38 6.17 6.86 6.17 6.17 6.17 6.17 6.17 6.17 6.46 6.46 6.46 7.52 7.52 7.52 6.55 7.52 8.95 5.05 7.13 11.39 0.00 0.00 0.00 0.00 0.00 10.30 2.90 7.39 6.61 6.61 6.61 6.61 7.58 7.83 7.83 6.62 6.64 8.80 8.80 8.60 9.25 6.95 6.95 6.95 7.19 7.19 7.19 7.19 7.28 8.18 8.18 8.22 7.24 7.24 7.24 7.24 8.78 8.78 5.74 8.78 7.52 7.52 7.52 7.52 7.48 7.48 7.48 7.48 7.47 7.47 7.47 7.47 8.06 8.06 8.06 8.06 8.15 8.15 8.15 8.15
6.16 6.49 7.38 7.38 6.85 6.17 6.17 6.17 6.17 6.17 6.17 6.17 6.47 7.19 6.47 6.47 7.52 6.55 7.52 7.52 10.67 7.13 0.00 0.00 0.00 0.00 0.00 0.00 0.00 0.00 10.30 7.90 6.63 6.63 6.63 6.63 6.60 7.83 7.83 6.60 6.62 8.78 10.30 8.78 9.23 9.23 6.94 6.94 6.96 6.96 6.96 7.15 7.23 10.35 8.18 8.22 7.49 7.24 7.24 7.24 7.55 8.79 7.55 7.55 7.52 7.52 8.21 7.52 7.45 7.45 8.14 8.29 8.14 7.45 7.45 7.45 8.05 8.05 8.05 8.05 8.17 8.17 8.17 8.17
7.38 6.49 7.38 7.16 6.17 6.17 6.17 6.50 6.17 6.17 6.17 6.17 6.47 6.47 6.47 6.47 6.55 6.55 6.55 10.06 0.36 0.00 0.00 0.00 0.00 0.00 0.00 0.00 0.00 0.00 0.00 13.41 9.86 6.63 6.63 6.63 6.60 6.60 7.83 6.60 6.62 8.78 8.78 8.60 9.21 9.23 7.71 6.94 6.96 6.96 6.96 6.96 7.03 7.03 7.03 8.18 8.18 8.18 7.24 7.24 8.79 8.67 7.55 7.55 7.52 8.21 7.52 8.77 7.45 7.45 7.45 7.45 7.45 7.45 7.45 7.45 8.05 8.05 8.05 8.05 8.17 8.17 8.17 9.15
7.79 7.79 7.79 7.79 6.50 6.56 6.56 6.56 6.77 6.56 6.56 6.56 6.52 6.52 6.52 6.52 6.60 6.60 9.83 0.00 0.00 0.00 0.00 0.00 0.00 0.00 0.00 0.00 0.00 0.00 0.00 4.23 8.37 8.01 7.14 6.78 7.52 6.76 6.76 6.76 6.77 6.77 8.82 10.22 8.63 8.78 6.62 6.62 6.63 6.63 6.63 6.63 6.70 6.70 6.70 7.86 7.57 13.76 6.87 7.24 7.02 7.02 7.02 7.02 7.00 7.00 7.00 7.00 6.94 6.94 6.94 6.94 6.93 6.93 6.93 6.93 7.29 7.29 7.29 7.29 7.40 7.40 8.24 8.60
7.79 7.79 7.79 6.50 7.79 6.56 6.56 6.56 6.56 6.56 6.56 6.56 6.52 8.43 8.88 12.88 7.75 10.19 0.00 0.00 0.00 0.00 0.00 0.00 0.00 0.00 0.00 0.00 0.00 0.00 0.00 0.00 7.03 4.59 9.73 7.14 6.76 6.76 6.87 6.76 6.77 6.77 8.82 9.18 8.78 8.78 6.62 6.62 6.63 6.63 6.63 6.63 6.70 6.70 6.70 7.86 7.60 7.57 7.86 6.71 6.84 7.02 7.02 7.02 8.15 7.00 7.63 7.00 6.94 6.94 6.94 6.94 6.93 6.93 6.93 7.86 7.29 7.29 7.29 7.29 7.40 7.40 7.40 7.76
7.79 8.64 7.79 7.79 6.49 6.53 6.53 6.53 6.54 6.54 6.54 6.54 8.44 8.44 8.88 8.56 12.43 0.00 0.00 0.00 0.00 0.00 0.00 0.00 0.00 0.00 0.00 0.00 0.00 0.00 0.00 0.00 7.03 8.73 8.37 7.12 6.74 6.74 6.74 8.46 6.74 6.74 6.74 8.78 8.77 8.63 10.57 8.77 6.61 6.61 6.61 6.61 6.67 6.67 6.67 7.86 7.10 8.42 7.60 6.69 6.82 6.82 8.28 7.27 6.97 6.97 6.97 6.97 6.93 6.93 6.93 6.93 6.94 6.94 6.94 6.94 7.25 7.25 7.25 7.25 7.36 7.36 7.36 7.36
6.53 7.79 7.79 6.49 6.53 6.53 6.53 6.53 6.54 6.54 6.54 6.54 8.44 8.44 9.24 11.71 10.99 0.00 0.00 0.00 0.00 0.00 0.00 0.00 0.00 0.00 0.00 0.00 0.00 0.00 0.00 0.00 7.03 9.72 9.91 9.17 6.74 6.74 6.74 6.74 6.74 6.74 6.74 8.78 8.63 8.63 8.63 8.77 6.61 6.61 6.61 6.61 6.67 6.67 6.67 6.67 1.65 9.70 6.69 7.47 6.82 7.83 11.76 6.82 8.26 6.79 6.79 6.79 6.93 6.93 6.93 6.93 6.94 6.94 6.94 6.94 8.43 7.25 7.25 7.25 7.36 8.03 8.03 8.24
6.53 6.53 6.53 6.53 6.53 6.53 6.74 6.53 6.54 6.54 6.49 6.54 8.44 9.24 12.75 11.52 0.00 0.00 0.00 0.00 0.00 0.00 0.00 0.00 0.00 0.00 0.00 0.00 0.00 0.00 0.00 0.00 11.16 8.01 10.63 9.54 8.76 6.74 6.74 7.02 6.74 6.74 8.26 8.78 8.77 8.63 8.63 8.77 6.61 6.61 6.61 8.03 8.07 6.67 6.67 7.93 5.85 9.72 6.69 6.69 6.82 7.83 8.28 8.28 7.07 6.79 6.79 6.79 6.76 6.76 6.76 6.93 6.94 6.94 6.94 6.94 7.25 7.25 7.25 7.25 8.01 7.36 8.24 8.24
6.53 6.53 6.53 7.79 8.00 7.79 6.53 6.53 7.79 6.54 6.54 6.54 9.24 8.52 12.39 0.00 0.00 0.00 0.00 0.00 0.00 0.00 0.00 0.00 0.00 0.00 0.00 0.00 0.00 0.00 0.00 0.00 5.95 12.24 9.90 10.53 6.74 8.26 8.26 8.26 8.26 8.26 8.26 9.18 10.02 8.63 9.75 8.77 6.61 6.61 6.61 8.03 8.07 6.67 7.89 2.36 12.20 7.05 7.44 6.69 6.82 8.28 7.83 7.83 7.83 6.79 8.08 6.79 8.24 6.76 6.76 6.76 6.77 6.77 6.94 6.94 7.25 7.25 7.25 7.25 7.36 7.36 7.36 8.24
6.54 6.54 6.54 7.64 8.00 8.15 6.52 6.52 6.52 6.48 7.79 8.75 9.24 10.64 0.00 0.00 0.00 0.00 0.00 0.00 0.00 0.00 0.00 0.00 0.00 0.00 0.00 0.00 0.00 0.00 0.00 0.00 0.00 9.69 10.33 6.73 8.26 9.74 6.70 6.70 6.74 8.26 8.26 7.29 6.80 8.63 6.60 6.60 6.60 6.60 6.60 7.60 7.86 6.66 8.42 3.81 8.72 7.16 6.66 6.66 6.79 6.79 8.26 9.67 7.83 8.10 6.78 6.78 6.77 6.77 6.77 6.77 6.77 6.77 6.77 6.77 7.01 7.01 7.21 7.21 7.30 7.30 7.30 8.24
10.05 10.05 10.05 7.25 8.54 8.54 6.88 6.52 6.52 6.52 7.79 8.51 10.99 0.00 0.00 0.00 0.00 0.00 0.00 0.00 0.00 0.00 0.00 0.00 0.00 0.00 0.00 0.00 0.00 0.00 0.00 0.00 0.00 6.73 11.31 9.57 8.26 6.70 6.70 6.70 6.74 6.74 11.77 7.29 9.47 8.76 6.96 6.60 6.60 6.60 6.60 7.60 7.86 7.02 8.81 4.53 5.23 8.60 7.41 6.66 6.79 6.79 7.83 7.83 7.06 8.10 6.78 6.78 6.77 6.77 6.77 6.77 6.77 6.77 6.77 6.77 7.01 7.01 7.01 7.01 7.09 7.30 7.30 7.30
