New_Model_Runs/13_Future_RCP4.5_Scn3_out/post_prcessed_with_MFR/Monthly_summaries/net_infiltration_monthly_FEB.asc
NCOLS 700
NROWS 400
XLLCENTER 515000.000000
YLLCENTER 8409000.000000
CELLSIZE 50.000000
NODATA_value -999.000000
[rows 185 to 221 of 400, columns 84 to 167 of 700]
0.00 0.00 0.00 0.00 0.00 0.00 0.00 0.00 0.00 0.00 0.00 0.00 0.00 0.00 0.00 0.00 0.00 0.00 0.00 0.00 0.00 0.00 0.00 0.00 0.00 0.00 0.00 0.00 0.00 6.68 6.68 6.68 7.20 6.65 6.65 6.65 6.63 6.63 6.63 6.63 6.67 6.67 6.67 6.67 7.01 7.01 7.60 7.01 6.99 6.99 6.99 6.99 6.98 6.98 6.98 7.55 6.96 6.96 6.96 6.96 7.13 7.13 7.13 7.13 7.09 7.09 7.09 7.09 7.12 7.71 7.12 7.12 7.11 7.11 7.11 7.11 6.97 6.97 6.97 6.97 7.09 7.09 7.09 7.09
0.00 0.00 0.00 0.00 0.00 0.00 0.00 0.00 0.00 0.00 0.00 0.00 0.00 0.00 0.00 0.00 0.00 0.00 0.00 0.00 0.00 0.00 0.00 0.00 0.00 0.00 0.00 0.00 0.00 6.68 6.68 6.68 6.65 6.65 6.65 7.20 6.63 6.63 6.63 6.63 7.23 6.67 6.67 6.67 7.01 7.01 7.01 7.01 6.99 6.99 6.99 6.99 7.80 7.56 6.98 6.98 6.96 6.96 6.96 6.96 7.13 7.13 7.13 7.13 7.09 7.09 7.09 7.09 7.12 7.12 7.71 7.12 8.16 7.11 7.11 7.11 6.97 6.97 6.97 6.97 7.09 7.09 7.09 7.09
0.00 0.00 0.00 0.00 0.00 0.00 0.00 0.00 0.00 0.00 0.00 0.00 0.00 0.00 0.00 0.00 0.00 0.00 0.00 0.00 0.00 0.00 0.00 5.02 0.00 0.00 0.00 0.00 0.00 0.00 6.68 6.68 6.65 6.65 6.65 6.65 6.63 6.63 6.63 6.63 6.67 6.67 6.67 6.67 7.01 7.01 7.01 7.60 6.99 6.99 6.99 6.99 6.98 7.56 6.98 6.98 7.54 6.96 6.96 6.96 7.13 7.13 7.13 7.13 7.69 7.09 7.09 7.09 7.70 7.12 7.12 7.12 7.70 7.11 7.11 7.11 7.55 6.97 6.97 6.97 7.09 8.30 8.30 7.09
0.00 0.00 0.00 0.00 0.00 0.00 0.00 0.00 0.00 0.00 0.00 0.00 0.00 0.00 0.00 0.00 0.00 0.00 0.00 0.00 0.00 0.00 0.00 6.84 6.90 0.00 0.00 0.00 6.70 6.70 6.70 6.70 6.65 6.65 6.65 6.65 7.16 6.61 6.61 6.61 6.63 6.63 6.63 6.63 7.00 7.00 7.00 7.00 7.01 7.01 7.01 7.01 6.99 6.99 6.99 6.99 6.95 7.53 6.95 6.95 7.08 7.08 7.08 7.08 7.63 7.62 7.04 7.04 7.09 7.09 7.09 7.09 7.66 7.07 7.07 7.07 7.04 7.04 7.04 7.04 8.50 8.50 8.50 8.50
0.00 0.00 0.00 0.00 0.00 0.00 0.00 0.00 0.00 0.00 0.00 0.00 0.00 0.00 0.00 0.00 0.00 0.00 0.00 0.00 0.00 0.00 0.00 0.00 6.90 6.90 6.90 7.44 6.70 6.70 6.70 6.70 6.65 6.65 6.65 6.65 6.61 7.39 6.61 6.61 6.63 6.63 6.63 6.63 7.00 7.00 7.00 7.00 7.01 7.01 7.01 7.01 6.99 6.99 6.99 6.99 6.95 6.95 6.95 6.95 7.08 7.08 7.08 7.08 7.04 7.04 7.04 7.04 7.09 7.09 7.09 7.09 7.07 7.07 7.07 7.07 7.04 7.04 7.04 7.04 8.50 8.50 8.50 8.50
0.00 0.00 0.00 0.00 0.00 0.00 0.00 0.00 0.00 0.00 0.00 0.00 0.00 0.00 0.00 0.00 0.00 0.00 0.00 0.00 0.00 0.00 0.00 0.00 0.00 6.90 6.90 6.90 6.70 6.70 6.70 6.70 6.65 6.65 6.65 6.65 6.61 7.16 7.16 6.61 6.63 6.63 6.63 6.63 7.00 7.00 7.00 7.00 7.01 7.83 7.59 7.01 6.99 6.99 6.99 6.99 6.95 6.95 6.95 6.95 7.08 7.08 7.08 7.08 7.04 7.04 7.04 7.04 7.09 7.09 7.09 7.09 7.07 7.07 7.07 7.65 7.04 7.04 7.04 7.04 8.50 8.50 8.50 8.50
0.00 0.00 0.00 0.00 0.00 0.00 0.00 0.00 0.00 0.00 0.00 0.00 0.00 0.00 0.00 0.00 0.00 0.00 0.00 0.00 0.00 0.00 0.00 0.00 0.00 6.90 6.90 7.57 6.92 6.70 6.70 6.70 6.65 6.65 6.65 7.20 6.61 6.61 6.61 6.61 6.63 6.63 6.63 6.63 7.00 7.00 7.00 7.00 7.01 7.01 7.59 7.01 6.99 7.57 6.99 6.99 6.95 7.52 6.95 6.95 7.08 7.66 7.08 7.08 7.04 7.04 7.04 7.04 7.09 7.09 7.09 7.09 7.07 7.07 7.07 7.07 7.04 7.04 7.04 7.04 8.50 8.50 8.50 8.50
0.00 0.00 0.00 0.00 0.00 0.00 0.00 0.00 0.00 0.00 0.00 0.00 0.00 0.00 0.00 0.00 0.00 0.00 0.00 0.00 0.00 0.00 0.00 0.00 0.00 0.00 10.26 7.06 8.58 7.24 7.30 6.74 6.68 6.68 6.68 6.68 7.15 6.60 6.60 6.60 6.59 6.59 6.59 7.14 6.97 6.97 6.97 6.97 7.98 7.00 7.00 7.00 6.96 6.96 6.96 6.96 6.92 6.92 7.50 6.92 7.05 7.05 7.05 7.05 7.04 7.04 7.04 7.04 7.08 7.08 7.08 8.12 7.08 7.08 7.08 7.08 7.21 7.21 7.21 7.21 7.34 8.61 8.61 8.61
0.00 0.00 0.00 0.00 0.00 0.00 0.00 0.00 0.00 0.00 0.00 0.00 0.00 0.00 0.00 0.00 0.00 0.00 0.00 0.00 0.00 0.00 0.00 0.00 0.00 0.00 2.68 7.62 7.24 7.24 7.31 6.74 6.68 6.68 6.68 6.68 6.60 6.60 6.60 6.60 6.59 6.59 6.59 6.59 6.97 6.97 6.97 6.97 7.00 8.01 7.00 7.00 6.96 6.96 6.96 6.96 6.92 6.92 6.92 6.92 7.05 7.05 7.05 7.05 7.04 7.04 7.04 7.04 7.08 7.08 7.08 7.08 7.08 8.12 7.08 7.08 7.21 7.21 7.21 7.21 7.34 7.34 7.34 8.61
0.00 0.00 0.00 0.00 0.00 0.00 0.00 0.00 0.00 0.00 0.00 0.00 0.00 0.00 0.00 0.00 0.00 0.00 0.00 0.00 0.00 0.00 0.00 0.00 0.00 0.00 7.55 8.46 8.54 8.54 8.54 9.30 9.22 8.46 8.46 8.46 8.38 8.38 8.38 9.12 8.36 8.36 8.36 8.36 9.05 9.05 9.05 9.05 9.09 9.09 9.09 9.09 9.04 9.04 9.04 9.04 8.99 8.99 8.99 9.80 9.29 9.29 9.29 11.38 9.28 9.28 9.28 9.28 10.16 10.55 9.33 9.33 9.33 9.33 9.33 9.33 9.24 9.24 9.24 9.24 9.40 9.40 9.40 9.40
0.00 0.00 0.00 0.00 0.00 0.00 0.00 0.00 0.00 0.00 0.00 0.00 0.00 0.00 0.00 0.00 0.00 0.00 0.00 0.00 0.00 0.00 7.97 0.00 0.00 12.67 6.25 8.46 8.54 8.54 8.54 8.54 8.46 8.46 8.46 8.46 8.38 8.38 8.38 8.38 8.36 9.11 8.36 8.36 9.05 9.05 9.05 9.05 9.09 9.09 9.09 9.09 9.04 9.04 9.04 9.04 8.99 8.99 9.79 8.99 9.29 9.29 9.29 9.29 9.28 9.28 9.28 9.28 9.33 9.33 9.33 9.33 9.33 9.33 9.33 9.33 9.24 9.24 9.24 9.24 9.40 9.40 9.40 9.40
0.00 0.00 0.00 0.00 0.00 0.00 0.00 0.00 0.00 0.00 0.00 0.00 0.00 0.00 0.00 0.00 0.00 0.00 0.00 0.00 0.00 7.98 8.56 9.42 9.84 7.22 11.42 11.59 8.56 8.56 8.56 8.56 8.48 8.48 9.59 9.23 8.40 8.40 8.40 8.40 8.37 8.37 8.37 8.37 9.01 9.01 9.01 9.01 9.03 9.03 9.03 9.03 8.97 8.97 8.97 8.97 9.74 8.93 8.93 9.79 9.29 9.29 9.29 9.29 9.31 9.31 9.31 9.31 9.35 9.35 9.35 9.35 9.51 9.51 9.51 9.51 9.40 9.40 9.40 9.40 9.42 9.42 9.42 10.98
0.00 0.00 0.00 0.00 0.00 0.00 0.00 0.00 0.00 0.00 0.00 0.00 0.00 0.00 0.00 0.00 0.00 0.00 0.00 0.00 7.98 11.84 11.26 9.42 8.40 9.49 9.06 11.74 8.56 8.56 8.56 8.56 8.48 8.48 8.48 9.23 8.40 9.78 8.40 8.40 8.37 8.37 8.37 8.37 9.01 9.81 9.01 9.01 9.03 9.03 9.03 9.03 8.97 8.97 8.97 8.97 8.93 8.93 8.93 8.93 9.29 9.29 9.29 9.29 9.31 9.31 9.31 9.31 9.35 9.35 9.35 9.35 9.51 9.51 9.51 9.51 9.40 9.40 9.40 9.40 9.42 10.27 9.42 9.42
0.00 0.00 0.00 0.00 0.00 0.00 0.00 0.00 0.00 0.00 0.00 0.00 0.00 0.00 0.00 0.00 0.00 0.00 0.00 7.97 7.98 11.26 11.26 9.47 9.52 9.38 8.72 8.72 12.90 8.56 8.56 8.56 8.48 8.48 8.48 8.48 8.40 8.40 8.40 8.40 8.37 8.37 8.37 8.37 9.01 9.01 9.01 9.01 9.84 9.03 9.03 9.03 8.97 8.97 8.97 8.97 9.74 8.93 8.93 8.93 9.29 9.29 9.29 9.29 10.83 9.31 9.31 9.31 9.35 9.35 9.35 9.35 9.51 9.51 9.51 9.51 9.40 9.40 9.40 9.40 9.42 9.42 9.42 9.42
0.00 0.00 3.03 0.00 0.00 0.00 0.00 0.00 0.00 0.00 0.00 0.00 0.00 0.00 3.24 0.00 0.00 4.33 7.97 7.97 11.26 7.98 7.98 12.70 12.79 12.79 12.79 12.75 12.90 10.24 10.24 10.24 10.14 8.48 8.48 8.48 8.40 8.40 8.40 8.40 8.37 8.37 8.37 8.37 9.01 9.01 9.01 9.81 9.03 9.03 9.03 9.03 8.97 8.97 8.97 8.97 9.73 8.93 8.93 8.93 9.29 9.29 9.29 10.12 9.31 9.31 9.31 10.14 10.18 9.35 9.35 9.35 9.51 9.51 9.51 9.51 9.40 9.40 9.40 9.40 9.42 9.42 9.42 9.42
0.00 5.95 5.95 5.95 5.99 0.00 0.00 0.00 0.00 0.00 0.00 0.00 0.00 0.00 3.24 6.43 6.39 7.09 7.09 8.52 11.20 7.93 7.93 9.35 11.07 9.44 9.44 10.07 10.19 10.80 10.19 10.79 10.14 9.87 9.24 8.48 8.45 8.45 8.45 8.45 8.43 8.43 8.43 8.43 8.97 8.97 8.97 8.97 10.39 8.93 8.93 10.06 8.92 8.92 8.92 10.37 8.94 8.94 8.94 8.94 9.34 9.34 9.34 10.87 9.34 9.34 9.34 11.18 10.29 9.45 9.45 9.45 9.66 9.66 9.66 9.66 9.43 9.43 10.99 9.43 9.37 10.22 10.22 9.37
0.00 0.00 5.95 5.95 5.99 0.00 0.00 0.00 0.00 0.00 0.00 0.00 0.00 0.00 6.43 9.71 9.67 9.67 9.67 9.67 10.36 6.38 6.38 9.35 11.11 9.44 9.44 11.10 10.19 10.19 8.52 8.52 9.24 8.48 8.48 8.48 8.45 8.45 9.56 9.21 8.43 8.43 8.43 8.43 8.97 8.97 8.97 8.97 8.93 8.93 8.93 9.19 10.68 9.18 8.92 8.92 8.94 8.94 8.94 8.94 10.18 10.18 9.34 9.34 9.34 10.18 10.18 10.20 9.45 9.45 9.45 9.45 9.66 9.66 9.66 9.66 9.43 10.28 9.43 9.43 9.37 9.37 9.37 9.37
0.00 6.60 5.95 5.95 5.99 5.99 0.00 0.00 0.00 0.00 0.00 0.00 0.00 6.43 6.43 9.71 6.39 6.39 9.67 9.19 6.38 6.38 6.38 8.40 8.47 10.07 8.47 9.44 10.19 10.19 8.52 8.52 8.48 8.48 8.48 8.48 8.45 8.45 8.45 8.45 8.43 9.18 8.43 8.43 8.97 8.97 8.97 10.75 10.70 10.70 10.70 11.34 10.68 10.68 8.92 8.92 8.94 8.94 8.94 8.94 10.12 9.34 9.34 9.34 10.18 9.34 9.34 9.34 9.45 9.45 9.45 9.45 9.66 9.66 9.66 9.66 9.43 9.43 9.43 9.43 9.37 9.37 9.37 9.37
5.95 6.59 6.60 5.95 5.99 6.65 0.00 0.00 0.00 0.00 0.00 0.00 0.00 0.00 6.43 10.40 6.39 6.39 6.39 7.10 7.60 6.38 6.38 6.38 8.47 6.43 6.43 6.43 9.05 9.05 8.52 8.52 8.48 8.48 8.48 8.48 8.45 8.45 8.45 9.21 8.43 8.43 8.43 8.43 8.97 8.97 8.97 8.97 10.70 10.70 10.70 10.70 10.68 10.68 8.92 8.92 8.94 8.94 8.94 8.94 9.34 9.34 9.34 9.34 9.34 9.34 9.34 9.34 9.45 9.45 9.45 9.45 9.66 9.66 9.66 9.66 9.43 9.43 9.43 9.43 9.37 9.37 9.37 10.21
5.92 5.92 5.92 5.92 5.98 5.98 5.98 0.00 0.00 0.00 0.00 0.00 0.00 0.00 6.46 6.46 10.38 6.41 6.41 6.41 6.37 7.06 6.37 6.37 7.06 6.37 6.37 6.37 6.75 6.75 6.75 6.75 6.76 6.76 8.41 8.41 8.43 8.43 8.43 8.43 8.43 8.43 9.18 8.43 8.95 8.95 8.95 8.95 8.89 10.65 10.65 11.29 10.69 10.69 9.18 8.93 10.44 8.98 8.98 8.98 9.37 9.37 9.37 9.37 11.50 10.22 9.38 9.38 9.54 9.54 9.54 9.54 9.71 9.71 9.71 10.58 9.43 9.43 9.43 9.43 9.31 9.31 9.31 9.31
5.92 5.92 5.92 5.92 5.98 5.98 5.98 5.98 0.00 0.00 0.00 0.00 0.00 0.00 8.51 6.46 9.69 9.69 6.41 6.41 6.37 6.37 6.37 6.37 6.37 6.37 6.37 6.37 6.75 6.75 6.75 6.75 6.76 6.76 6.76 6.76 6.77 8.43 8.43 8.43 8.43 8.43 8.43 8.43 9.75 8.95 8.95 8.95 8.89 10.65 10.65 10.65 10.69 10.69 10.69 8.93 8.98 8.98 8.98 8.98 9.37 9.37 9.37 9.37 9.38 9.38 9.38 9.38 9.54 9.54 9.54 9.54 9.71 9.71 10.58 9.71 9.43 10.29 9.43 10.65 10.16 9.31 9.31 9.31
5.92 5.92 5.92 5.92 5.98 5.98 5.98 5.98 5.89 0.00 0.00 0.00 0.00 3.00 8.51 8.51 7.11 9.69 6.41 7.10 6.37 6.37 6.37 6.37 6.37 6.37 6.37 7.06 6.75 6.75 7.49 6.75 6.76 6.76 6.76 6.76 6.77 6.77 6.77 6.77 6.77 8.43 8.43 8.43 8.95 8.95 8.95 8.95 10.65 10.65 10.65 10.65 10.69 10.69 10.69 10.69 8.98 8.98 8.98 10.44 9.37 9.37 10.64 10.90 9.38 9.38 9.38 9.38 9.54 9.54 9.54 9.54 10.58 9.71 9.71 9.71 10.29 9.43 9.43 9.43 9.31 9.31 9.31 9.31
5.92 5.92 5.92 5.92 5.98 5.98 5.98 5.98 7.23 7.77 7.77 3.14 6.91 2.03 8.33 8.51 8.44 7.87 9.69 6.41 6.37 6.37 6.37 6.37 6.37 6.37 6.37 6.37 6.75 6.75 6.75 6.75 6.76 6.76 6.76 6.76 6.77 7.51 6.77 6.77 6.77 6.77 6.77 6.77 8.95 8.95 8.95 10.72 10.65 10.65 10.65 10.65 10.69 10.69 10.69 10.69 8.98 8.98 8.98 8.98 9.37 9.37 10.60 9.37 9.38 9.38 9.38 9.38 9.54 9.54 9.54 11.10 9.71 9.71 9.71 9.71 11.05 9.43 10.29 10.27 10.16 10.16 9.31 9.31
5.91 5.91 5.91 5.91 5.96 9.23 5.96 5.96 6.06 6.06 7.77 8.10 6.31 6.31 9.43 8.33 8.33 6.44 9.72 6.44 6.40 6.40 6.40 6.40 6.37 6.37 6.37 6.37 6.74 6.74 6.74 6.74 6.75 6.75 6.75 6.75 6.75 6.75 7.49 6.75 6.73 6.73 6.73 6.73 6.81 9.32 9.32 9.32 10.74 10.74 10.74 10.74 10.79 10.79 10.79 10.79 10.79 10.79 9.00 9.00 9.38 10.21 9.81 9.38 9.44 9.44 9.44 9.44 9.58 9.58 10.44 9.58 9.71 9.71 9.71 9.71 10.29 9.44 9.44 9.44 9.29 9.29 9.29 9.29
5.91 5.91 5.91 5.91 9.23 9.23 10.49 5.96 6.06 4.68 6.06 7.77 8.33 5.97 8.58 8.51 8.33 8.33 9.72 9.72 6.40 6.40 6.40 6.40 6.37 6.37 6.37 6.37 6.74 6.74 6.74 6.74 6.75 6.75 6.75 6.75 7.64 6.75 6.75 6.75 6.73 6.73 6.73 7.62 12.96 10.73 9.32 9.32 6.84 6.84 6.84 8.96 10.79 10.79 10.79 10.79 10.79 11.80 11.80 9.00 9.38 11.26 12.30 9.38 9.44 9.44 9.44 9.44 9.58 9.58 11.04 9.58 9.71 9.71 9.71 9.71 9.44 9.44 9.44 9.44 9.29 9.29 10.54 9.29
6.97 6.97 7.47 10.75 10.30 7.02 7.02 10.30 7.14 4.96 8.06 7.14 7.71 7.71 11.28 10.69 10.66 10.66 10.66 11.49 7.64 7.64 7.64 7.64 7.61 7.61 7.61 7.61 7.79 7.79 7.79 7.79 7.80 7.80 7.80 7.80 7.80 7.80 7.80 7.80 8.76 7.77 7.77 7.77 8.10 11.29 11.29 8.10 8.13 8.13 8.13 8.13 8.16 8.16 8.16 13.38 13.38 13.38 13.38 10.93 11.64 13.79 13.79 11.25 11.32 11.32 11.32 11.32 13.09 11.20 11.20 11.20 11.34 11.34 11.34 11.34 11.40 12.80 11.40 11.40 11.23 11.23 11.23 11.23
10.25 10.25 10.25 6.97 7.02 7.02 7.02 10.30 7.14 7.14 7.14 7.14 7.71 7.71 7.71 10.69 10.94 12.14 10.66 11.34 13.86 10.58 7.64 7.64 7.61 7.61 7.61 7.61 7.79 7.79 7.79 7.79 7.80 7.80 7.80 7.80 7.80 7.80 7.80 7.80 7.77 7.77 7.77 7.77 8.10 8.10 8.10 8.10 8.13 8.13 8.13 8.13 8.16 9.92 8.16 14.35 11.39 11.39 11.39 13.38 13.79 13.79 13.79 11.25 11.32 11.32 11.32 11.32 11.20 12.35 11.20 11.20 11.34 11.34 11.34 11.34 11.40 11.40 11.40 11.40 11.23 11.23 12.02 11.23
10.30 10.30 7.02 7.02 7.00 7.00 7.00 10.27 10.34 10.34 8.23 10.34 10.95 8.65 7.68 7.68 10.94 10.94 10.69 10.69 13.95 10.68 10.68 10.68 7.68 7.68 7.68 7.68 7.87 7.87 7.87 7.87 7.88 7.88 7.88 7.88 7.84 7.84 7.84 7.84 7.80 7.80 7.80 7.80 8.18 8.18 8.18 8.18 8.22 8.22 9.25 8.22 9.26 8.22 8.22 11.48 11.42 11.42 11.42 11.42 11.72 11.72 11.26 11.26 11.33 11.33 11.33 11.33 12.32 11.17 11.17 11.17 11.30 11.30 11.30 11.30 11.33 11.33 11.33 11.33 11.19 11.19 11.19 11.19
10.30 10.30 7.02 7.02 7.00 7.00 7.00 7.00 7.95 7.06 7.06 7.06 10.95 10.95 11.39 9.53 9.53 10.94 10.94 13.97 13.95 10.68 10.68 10.68 7.68 7.68 7.68 7.68 7.87 7.87 7.87 7.87 7.88 7.88 7.88 7.88 7.84 7.84 7.84 7.84 7.80 7.80 7.80 7.80 8.18 8.18 8.18 8.18 8.22 8.22 8.22 8.22 8.22 8.22 8.22 11.48 8.19 8.19 8.19 8.19 11.72 11.72 8.40 8.40 8.44 8.44 14.14 11.33 11.17 11.17 11.17 11.17 11.30 11.30 11.30 12.46 11.33 11.33 12.13 12.13 11.19 11.19 11.19 11.95
7.02 7.02 7.02 8.58 7.00 7.00 7.00 7.00 7.95 7.06 7.06 7.06 7.68 10.95 7.68 7.68 11.55 10.99 10.99 10.99 7.21 11.28 10.68 12.94 7.68 7.68 7.68 7.68 7.87 7.87 7.87 7.87 7.88 7.88 7.88 7.88 7.84 7.84 7.84 7.84 7.80 7.80 7.80 7.80 8.18 8.18 8.18 8.18 8.22 8.22 8.22 8.22 9.26 8.22 8.22 8.22 8.19 8.19 8.19 8.19 11.72 11.72 11.72 8.40 8.44 9.49 8.44 8.44 8.52 11.17 11.17 11.17 11.30 11.30 11.30 11.30 11.33 11.33 11.33 11.33 11.19 11.19 11.19 11.95
7.02 7.02 7.02 7.02 8.33 7.90 7.00 7.00 7.06 7.06 7.06 7.06 7.68 10.95 10.95 10.95 10.99 7.71 7.71 7.71 10.22 9.89 7.70 7.70 7.68 8.65 7.68 7.68 7.87 7.87 7.87 7.87 7.88 7.88 7.88 7.88 7.84 7.84 7.84 7.84 7.80 7.80 7.80 7.80 8.18 8.18 8.18 8.18 8.22 8.22 8.22 8.22 9.26 9.26 9.26 8.22 8.19 8.19 9.21 8.67 11.72 11.72 11.72 8.40 8.44 8.44 8.44 9.48 8.52 8.52 8.52 8.52 8.60 11.30 11.30 11.30 11.33 11.33 11.33 11.33 11.96 11.19 11.19 11.19
10.37 7.09 7.09 7.09 7.04 7.95 7.04 7.04 7.01 7.01 7.01 7.01 7.63 7.63 10.90 11.87 7.69 7.69 7.69 7.69 7.69 7.69 7.69 7.69 7.67 7.67 7.67 7.67 7.91 7.91 7.91 7.91 7.93 7.93 7.93 7.93 7.89 7.89 7.89 7.89 7.86 7.86 7.86 7.86 8.25 8.25 8.25 8.25 8.28 8.28 8.28 8.28 8.26 8.26 8.26 8.26 8.20 8.20 8.20 8.20 11.71 11.71 11.71 12.97 8.88 8.41 8.41 8.41 9.50 8.46 8.46 8.46 8.49 8.49 8.49 9.55 11.15 11.15 11.15 11.15 11.10 11.10 11.10 11.10
10.37 7.09 7.09 7.09 7.04 7.04 7.04 7.04 7.01 7.01 7.91 7.01 7.63 7.63 8.59 7.63 7.69 7.69 7.69 7.69 7.69 7.69 7.69 7.69 7.67 8.64 7.67 7.67 7.91 7.91 7.91 7.91 7.93 7.93 7.93 7.93 7.89 7.89 7.89 7.89 7.86 7.86 7.86 7.86 8.25 8.25 8.25 8.25 8.28 8.28 8.28 8.28 8.26 8.26 8.26 8.26 8.20 8.20 8.20 8.20 11.71 11.71 11.71 11.71 11.74 8.41 8.41 8.41 9.50 8.46 9.51 8.46 9.54 8.49 8.49 8.49 8.32 8.32 8.32 8.32 11.10 11.10 11.10 11.10
11.95 7.09 7.09 7.09 7.04 7.04 7.04 7.04 7.01 7.01 7.01 7.01 8.46 7.63 7.63 8.59 7.69 7.69 7.69 7.69 7.69 8.66 7.69 7.69 7.67 7.67 7.67 7.67 7.91 7.91 7.91 7.91 8.94 10.02 9.67 8.94 7.89 8.90 7.89 7.89 8.86 7.86 7.86 7.86 8.25 8.25 8.25 8.25 8.28 8.28 8.28 8.28 8.26 8.26 8.26 9.30 8.20 8.20 8.20 12.73 11.71 11.71 11.71 11.71 11.74 11.74 11.74 8.41 8.46 8.46 8.46 8.46 8.49 8.49 8.49 8.49 8.32 8.32 8.32 8.32 8.29 8.29 9.33 11.10
7.09 7.09 8.01 7.09 7.04 7.04 7.04 7.04 7.01 7.01 7.01 7.01 7.63 7.63 7.63 7.63 7.69 7.69 7.69 8.65 7.69 7.69 9.10 7.69 7.67 7.67 8.63 7.67 7.91 7.91 7.91 7.91 7.93 8.93 7.93 7.93 7.89 7.89 7.89 7.89 7.86 7.86 7.86 7.86 8.25 8.25 8.25 8.25 10.07 8.28 9.32 9.30 8.26 9.55 9.29 8.26 8.20 8.20 8.20 11.44 11.71 11.71 11.71 11.71 13.01 11.74 11.74 11.74 11.82 8.46 8.46 8.46 8.49 8.49 8.49 8.49 8.32 8.32 8.32 8.32 8.29 8.29 8.29 9.32
8.75 7.11 7.63 8.69 7.10 7.10 7.10 7.10 7.05 7.05 7.05 7.05 7.57 7.57 7.57 9.57 7.63 7.63 7.63 7.63 7.62 7.62 7.62 8.58 7.63 7.63 7.63 7.63 8.82 7.89 8.90 7.89 7.90 8.91 7.90 7.90 7.91 8.92 7.91 7.91 7.91 7.91 7.91 7.91 8.27 8.27 10.05 8.27 8.26 8.26 8.26 8.26 8.22 9.25 8.22 8.22 8.17 8.17 11.40 11.40 11.71 11.71 11.71 11.71 11.74 11.74 11.74 11.74 11.74 11.74 11.74 11.74 11.73 12.99 11.73 12.99 11.50 11.50 8.72 8.26 9.31 8.28 8.28 9.31
8.75 8.75 8.75 7.11 7.10 7.10 7.10 8.00 7.05 7.96 7.05 8.07 7.57 7.57 7.57 8.53 7.63 7.63 7.63 7.63 7.62 7.62 7.62 7.62 7.63 7.63 7.63 7.63 7.89 7.89 7.89 7.89 7.90 7.90 7.90 7.90 7.91 7.91 8.92 7.91 7.91 7.91 7.91 7.91 8.27 9.31 8.27 8.27 8.26 8.26 8.26 8.26 8.22 8.22 8.22 8.22 8.17 8.17 11.40 11.40 11.71 11.71 11.71 11.71 11.74 11.74 11.74 11.74 11.74 11.74 11.74 11.74 11.73 11.73 11.73 11.73 12.79 11.50 11.50 9.29 8.28 8.28 8.28 8.28
