New_Model_Runs/13_Future_RCP4.5_Scn3_out/post_prcessed_with_MFR/Monthly_summaries/net_infiltration_monthly_JUN.asc
NCOLS 700
NROWS 400
XLLCENTER 515000.000000
YLLCENTER 8409000.000000
CELLSIZE 50.000000
NODATA_value -999.000000
[rows 180 to 215 of 400, columns 164 to 245 of 700]
9.88 9.88 9.88 9.88 10.15 10.15 10.15 0.00 0.00 0.00 0.00 0.00 0.00 0.00 0.00 0.00 0.00 0.00 0.00 8.07 10.25 0.00 0.00 0.00 0.00 0.00 0.00 0.00 0.00 0.00 0.00 10.78 10.70 10.70 10.70 10.70 10.59 10.59 10.59 10.59 11.75 10.56 10.56 10.56 11.03 11.03 11.03 11.03 13.39 11.67 13.36 7.96 0.00 0.00 0.00 0.00 0.00 6.07 11.12 11.12 12.46 11.12 11.12 11.12 0.00 0.00 0.00 0.00 0.00 0.00 0.00 0.00 0.00 0.00 0.00 0.00 0.00 0.00 11.52 7.73 7.72 7.72
9.88 9.88 9.88 9.88 10.15 10.15 10.15 0.00 0.00 0.00 0.00 0.00 0.00 0.00 7.30 7.30 0.00 0.00 0.00 10.25 10.25 0.00 0.00 0.00 0.00 0.00 10.28 10.28 10.78 10.78 5.83 10.78 10.70 10.70 12.54 10.70 10.59 10.59 10.59 10.59 10.56 10.56 10.56 10.56 11.03 11.03 11.03 13.24 13.39 11.14 12.48 11.14 11.67 11.67 7.96 7.96 5.64 11.12 11.12 11.12 11.12 12.46 11.12 11.12 11.19 0.00 0.00 0.00 0.00 0.00 0.00 0.00 0.00 0.00 0.00 0.00 0.00 0.00 11.34 7.73 7.72 7.72
9.88 9.88 10.66 9.88 10.15 10.93 10.15 0.00 0.00 0.00 0.00 0.00 0.00 0.00 10.31 10.31 0.00 10.25 10.25 10.25 10.25 12.16 0.00 0.00 0.00 12.20 10.28 10.28 10.78 10.78 12.01 10.78 10.70 10.70 10.70 11.87 10.59 10.59 10.59 10.59 11.74 10.56 10.56 10.56 11.03 11.03 11.03 13.24 11.14 12.48 11.14 11.14 13.44 13.44 13.44 13.99 13.16 11.12 11.12 11.12 11.12 11.12 11.12 11.12 11.19 0.00 0.00 0.00 0.00 0.00 0.00 0.00 0.00 0.00 0.00 0.00 11.52 11.52 11.34 11.34 7.72 7.72
9.88 9.88 9.88 9.88 10.15 10.15 10.15 0.00 0.00 0.00 0.00 0.00 0.00 0.00 10.31 10.31 10.25 10.25 11.38 10.25 10.25 12.16 12.16 12.16 12.20 12.20 10.28 10.28 10.78 10.78 12.01 10.78 10.70 10.70 10.70 10.70 11.77 10.59 10.59 10.59 12.79 10.56 10.56 10.56 11.03 11.03 11.03 11.03 11.14 11.14 11.14 11.14 13.44 13.44 14.26 12.52 11.12 11.12 11.12 11.12 11.12 11.12 11.12 11.12 11.19 0.00 0.00 0.00 0.00 0.00 0.00 0.00 0.00 0.00 0.00 12.73 11.52 11.52 11.34 11.34 7.72 7.72
10.02 10.02 10.02 10.02 10.26 10.26 10.26 0.00 0.00 0.00 0.00 0.00 0.00 0.00 10.33 10.33 10.22 10.22 10.22 10.22 10.25 12.16 12.16 12.16 12.19 10.27 10.27 10.27 10.77 10.77 10.77 10.77 10.69 10.69 10.69 10.69 10.59 10.59 10.59 10.59 10.59 10.59 10.59 10.59 11.07 11.07 11.07 11.07 11.13 11.13 11.13 11.13 13.45 13.45 13.45 11.18 12.45 11.12 12.45 11.12 11.13 11.13 11.13 11.13 11.24 0.00 0.00 0.00 0.00 0.00 0.00 0.00 0.00 11.30 12.67 11.30 11.51 11.34 11.34 11.34 7.70 7.70
10.02 10.02 10.02 10.02 10.26 10.26 10.26 11.96 0.00 0.00 0.00 0.00 0.00 0.00 10.33 10.33 10.22 10.22 10.22 10.22 10.25 12.16 12.16 12.16 12.19 12.19 10.27 10.27 10.77 10.77 10.77 10.77 10.69 10.69 10.69 10.69 10.59 10.59 10.59 10.59 10.59 10.59 10.59 10.59 11.07 11.07 11.07 11.07 11.13 11.13 11.13 11.13 13.45 13.45 15.85 11.18 11.12 11.12 11.12 12.48 11.13 11.13 11.13 11.13 11.24 0.00 0.00 0.00 0.00 0.00 0.00 0.00 11.30 11.30 13.38 11.30 11.51 11.34 12.02 11.34 11.28 7.70
10.02 10.02 10.02 10.02 10.26 10.26 11.96 11.97 0.00 0.00 0.00 0.00 0.00 10.33 10.33 10.33 10.22 10.22 10.22 10.22 11.38 10.25 14.19 12.16 12.85 12.19 10.27 10.27 10.77 10.77 10.77 10.77 10.69 10.69 10.69 10.69 10.59 10.59 10.59 10.59 11.78 10.59 10.59 10.59 11.07 11.07 11.07 12.40 11.13 11.13 11.13 11.13 13.45 13.45 14.27 13.45 11.12 11.12 11.12 11.12 11.13 11.13 11.13 11.13 11.24 12.61 0.00 0.00 0.00 0.00 0.00 0.00 13.83 11.30 12.67 11.30 11.51 11.34 12.02 11.34 11.28 7.70
10.02 11.64 11.64 10.02 10.26 10.26 11.96 11.97 11.90 6.98 8.20 6.98 12.27 10.33 11.49 10.33 10.22 10.22 10.22 10.22 10.25 10.25 12.16 12.16 14.24 11.42 10.27 10.27 10.77 10.77 11.99 10.77 10.69 10.69 10.69 10.69 11.78 11.78 10.59 10.59 10.59 10.59 10.59 10.59 11.07 11.07 11.07 12.40 11.13 11.13 11.13 11.13 12.52 12.53 13.45 13.45 11.12 11.12 11.12 11.12 11.13 11.13 11.13 11.13 11.24 11.24 11.24 0.00 0.00 0.00 0.00 11.28 11.30 11.30 11.30 11.30 11.34 11.34 11.34 11.34 11.28 7.70
11.90 11.90 11.90 11.90 10.09 10.09 10.78 12.03 12.03 12.03 6.98 12.03 12.26 10.33 10.33 10.33 11.35 11.35 10.21 10.21 10.23 10.23 12.13 12.79 10.27 10.27 10.27 10.27 10.77 10.77 10.77 10.77 10.70 10.70 10.70 10.70 10.60 10.60 10.60 10.60 10.60 10.60 10.60 10.60 11.03 11.03 11.03 11.03 11.10 11.10 11.10 11.10 11.18 11.18 11.18 13.45 11.16 11.16 11.16 11.16 11.14 11.14 11.14 11.14 11.20 11.20 11.20 0.00 0.00 0.00 0.00 11.28 11.26 11.26 11.26 11.26 11.34 11.34 12.03 11.34 11.26 11.26
11.90 11.90 11.90 11.90 11.93 11.93 10.78 12.03 12.03 11.93 12.56 11.93 12.26 12.26 12.26 10.33 10.21 10.21 10.21 10.21 10.23 10.23 10.23 14.17 12.42 10.27 10.27 10.27 10.77 11.99 11.99 11.96 10.70 10.70 10.70 10.70 10.60 10.60 10.60 10.60 10.60 11.79 10.60 10.60 11.03 11.03 12.36 11.03 11.10 11.10 11.10 11.10 11.18 12.53 11.18 13.45 11.16 11.16 11.16 11.16 11.14 11.14 11.14 11.14 11.20 12.56 11.20 0.00 0.00 0.00 0.00 11.28 11.26 11.26 11.26 11.26 11.34 11.34 11.34 11.34 11.26 11.26
11.90 11.90 11.90 11.90 11.93 11.93 10.78 10.78 10.78 11.93 12.56 11.93 12.26 12.26 10.33 10.33 11.35 10.21 10.21 10.21 10.23 10.23 10.23 10.23 10.27 12.95 11.41 10.27 10.77 10.77 10.77 11.96 10.70 10.70 10.70 10.70 11.79 10.60 10.60 10.60 10.60 10.60 10.60 10.60 11.03 11.03 11.03 11.03 11.10 11.10 11.10 11.10 11.18 11.18 11.18 13.45 11.16 11.16 11.16 12.51 11.14 11.14 11.14 11.14 11.20 11.20 11.20 13.51 13.62 7.68 13.97 11.28 11.26 11.26 11.26 11.08 11.34 11.34 11.34 11.34 11.26 11.26
11.90 11.90 11.90 11.90 11.93 11.93 12.56 12.03 11.93 11.93 11.93 11.93 12.26 10.33 10.33 10.33 10.21 11.35 10.21 10.21 10.23 11.37 10.23 10.23 10.27 10.27 10.27 10.27 10.77 10.77 10.77 10.77 10.70 10.70 10.70 10.70 10.60 12.83 10.60 10.60 10.60 11.79 11.78 10.60 11.03 11.03 11.03 11.03 11.10 11.10 11.10 11.10 11.18 11.18 11.18 13.45 12.50 11.16 11.16 11.16 11.14 11.14 11.14 11.14 11.20 11.20 11.20 11.20 13.62 13.62 13.62 11.28 11.26 11.26 11.26 11.08 11.34 11.34 12.54 11.34 11.94 11.26
10.07 11.90 11.90 11.90 11.95 12.58 11.95 12.04 11.90 11.90 11.90 11.90 10.29 10.29 10.29 10.29 10.19 11.33 10.19 10.19 10.22 10.22 10.22 10.22 10.25 10.25 10.25 10.25 10.77 10.77 10.77 10.77 11.90 10.70 10.70 10.70 10.62 10.62 10.62 10.62 10.57 11.75 10.57 10.57 10.96 12.28 12.28 10.96 11.08 11.08 11.08 11.08 11.21 11.21 13.49 13.49 12.91 12.51 11.17 13.66 11.10 11.10 11.10 11.10 11.13 12.48 11.13 11.13 11.25 13.58 13.58 13.58 11.27 11.27 11.09 11.09 11.31 11.31 11.99 11.98 11.26 11.26
10.07 10.07 10.07 11.90 11.95 11.95 10.11 11.95 14.78 10.07 10.07 10.07 10.29 10.29 10.29 10.29 10.19 10.19 10.19 10.19 10.22 10.22 10.22 10.22 10.25 10.25 10.25 10.25 10.77 10.77 10.77 10.77 10.70 10.70 10.70 10.70 10.62 10.62 10.62 10.62 10.57 10.57 10.57 10.57 10.96 10.96 10.96 10.96 11.08 11.08 11.08 11.08 11.21 11.21 11.21 11.21 15.79 11.17 11.17 11.17 11.10 11.10 11.10 11.10 13.93 11.13 11.13 11.13 11.25 11.25 13.58 13.58 11.27 11.27 11.75 11.09 11.31 11.31 11.31 11.31 11.26 12.14
11.86 11.86 11.86 11.86 17.19 11.90 11.90 11.90 13.37 11.86 11.86 11.86 12.19 12.19 12.19 12.19 12.08 12.08 12.08 12.08 12.11 15.91 12.11 12.11 12.15 13.63 12.15 12.15 12.47 12.47 12.47 12.47 12.40 14.08 14.08 12.40 12.32 12.32 12.32 12.32 12.30 14.38 12.30 12.30 12.30 13.89 12.30 12.30 12.39 12.39 12.39 12.39 12.53 12.53 12.53 13.52 14.70 14.70 12.49 12.49 12.16 12.16 12.16 12.16 12.19 12.19 12.19 12.19 12.29 12.29 15.17 15.17 12.31 12.31 12.28 12.28 12.26 12.26 12.26 12.26 12.21 12.21
11.86 11.86 11.86 11.86 11.90 11.90 11.90 11.90 11.86 13.37 11.86 11.86 12.19 12.19 12.19 12.19 12.08 12.08 12.08 12.08 12.11 12.11 12.11 12.11 12.15 12.15 12.15 12.15 12.47 12.47 12.47 12.47 12.40 12.40 12.40 12.40 12.32 14.49 12.32 12.32 12.30 12.30 12.30 12.30 14.37 13.89 12.30 12.30 12.39 12.39 12.39 12.39 12.53 12.53 12.53 12.53 12.49 12.49 12.49 12.49 12.16 12.16 12.16 12.16 12.19 12.19 12.19 12.19 12.29 12.29 15.17 15.17 20.09 12.28 12.28 12.28 12.26 12.26 12.26 12.26 12.21 12.21
11.88 11.88 11.88 14.61 11.85 11.85 11.85 11.85 11.85 11.85 11.85 11.85 12.18 12.18 12.18 12.18 12.07 12.07 12.07 12.07 13.56 13.56 12.09 12.09 12.13 12.13 12.13 13.61 12.44 12.44 12.44 12.44 12.37 12.37 12.37 12.37 12.31 12.31 12.31 12.31 12.24 12.24 12.24 12.24 12.30 12.30 12.30 12.30 12.41 12.41 12.41 14.08 12.53 12.53 12.53 12.53 12.46 12.46 13.43 12.46 12.18 12.18 12.18 12.18 12.21 12.21 12.21 12.21 12.34 12.34 15.24 15.24 20.79 13.09 12.32 12.32 12.28 12.28 12.28 12.28 12.19 12.19
11.88 13.40 11.88 11.88 11.85 11.85 11.85 11.85 11.85 11.85 11.85 11.85 13.67 12.18 12.18 12.18 12.07 12.07 12.07 12.07 12.09 12.09 12.09 12.09 12.13 12.13 12.13 12.13 13.42 12.44 12.44 12.44 12.37 12.37 12.37 12.37 12.31 12.31 12.31 12.31 12.24 12.24 12.24 12.24 13.88 12.30 12.30 12.30 12.41 12.41 12.41 12.41 12.53 12.53 12.53 12.53 12.46 12.46 12.46 12.46 12.18 12.18 12.18 12.18 12.21 12.21 12.21 12.21 12.34 12.34 15.24 15.24 12.35 12.32 12.32 13.09 13.05 12.28 12.28 12.28 12.19 12.19
11.88 11.88 11.88 11.88 11.85 11.85 11.85 11.85 11.85 11.85 11.85 11.85 12.18 12.18 12.18 13.64 12.07 12.07 12.07 12.07 12.09 12.09 12.09 12.09 12.13 14.88 12.13 12.13 12.44 12.44 12.44 12.44 12.37 14.04 14.04 12.37 12.31 13.89 12.31 13.89 12.24 12.24 12.24 12.24 12.30 12.30 12.30 12.30 12.41 12.41 12.41 12.41 12.53 12.53 12.53 12.53 12.46 12.46 12.46 12.46 12.18 12.18 12.18 12.18 12.21 12.21 12.21 12.21 12.34 12.34 15.24 18.00 12.32 12.32 12.32 12.32 12.28 12.28 12.28 12.28 12.19 12.19
11.88 11.88 11.88 11.88 11.85 13.33 11.85 11.85 11.85 11.85 11.85 11.85 12.18 12.18 13.67 13.64 12.07 12.07 12.07 12.07 14.82 12.09 12.09 12.09 12.13 12.13 13.60 12.13 13.41 12.44 12.44 12.44 12.37 14.01 12.37 12.37 12.31 12.31 12.31 12.31 12.24 12.24 12.24 12.24 12.30 12.30 12.30 12.30 12.41 12.41 12.41 12.41 12.53 12.53 12.53 12.53 13.43 13.43 12.46 12.46 12.18 12.18 12.18 12.18 12.21 12.21 12.21 12.21 12.34 12.34 12.34 12.34 12.32 12.32 12.32 12.32 12.28 12.28 12.28 12.28 12.19 12.19
11.85 13.31 13.31 11.85 11.81 11.81 11.81 11.81 11.82 11.82 13.28 11.82 12.18 12.18 12.18 12.18 12.07 12.07 12.07 12.07 13.54 12.06 12.06 12.06 12.07 12.07 12.07 14.87 12.39 12.39 12.39 12.39 12.29 13.94 12.29 12.29 12.22 14.61 12.22 12.22 13.90 12.31 12.31 12.31 12.39 12.39 12.39 12.39 12.48 12.48 12.48 12.48 12.54 12.54 12.54 12.54 12.45 12.45 12.45 12.45 12.17 12.17 12.17 12.17 12.24 12.24 12.24 12.24 12.39 12.39 12.39 12.39 12.36 13.13 12.36 12.36 12.32 12.32 12.32 12.32 12.22 12.22
11.85 11.85 11.85 11.85 11.81 11.81 11.81 11.81 11.82 11.82 11.82 14.99 14.94 12.18 12.18 12.18 13.55 12.07 12.07 12.07 12.06 12.06 13.54 12.06 12.07 12.07 12.07 13.55 14.07 12.39 12.39 12.39 12.29 12.29 12.29 12.29 12.22 12.22 13.80 12.22 12.31 12.31 12.31 12.31 12.39 12.39 12.39 12.39 12.48 12.48 12.48 12.48 12.54 12.54 12.54 12.54 12.45 12.45 12.45 13.99 12.17 12.17 12.17 12.17 12.24 12.24 12.24 13.90 12.39 12.39 12.39 13.14 12.36 12.36 13.13 13.13 14.62 13.10 12.32 12.32 12.22 12.22
11.85 11.85 11.85 11.85 13.27 11.81 11.81 11.81 11.82 11.82 11.82 11.82 12.18 12.18 12.18 12.18 12.07 12.07 12.07 12.07 13.54 12.06 12.06 12.06 12.07 12.07 12.07 12.07 12.39 14.07 14.07 12.39 12.29 12.29 12.29 12.29 12.22 12.22 12.22 12.22 12.31 12.31 12.31 12.31 12.39 12.39 12.39 12.39 12.48 12.48 12.48 12.48 12.54 12.54 12.54 13.52 12.45 12.45 13.42 12.45 12.17 12.17 12.17 12.17 12.24 12.24 12.24 12.24 12.39 12.39 12.39 12.37 12.36 12.36 12.36 12.36 12.32 12.32 13.10 14.57 12.98 12.22
11.85 11.85 11.85 13.30 11.81 11.81 11.81 13.24 11.82 11.82 11.82 11.82 12.18 12.18 12.18 12.18 12.07 12.07 12.07 12.07 12.06 12.06 13.52 12.06 12.07 12.07 13.53 12.07 12.39 12.39 12.39 14.03 12.29 12.29 12.29 12.29 12.22 12.22 12.22 12.22 12.31 12.31 12.31 12.31 12.39 12.39 12.39 12.39 12.48 12.48 12.48 12.48 12.54 12.54 12.54 12.54 12.45 13.41 12.45 12.45 14.93 12.17 12.17 12.17 12.24 12.24 12.24 12.24 12.39 12.39 12.39 12.37 12.36 12.36 12.36 12.36 12.32 13.09 12.32 13.09 12.22 12.98
11.79 11.79 11.79 11.79 11.71 11.71 11.71 11.71 11.73 11.73 11.73 11.73 12.13 12.13 12.13 12.13 12.06 12.06 12.06 12.06 12.03 12.03 12.03 13.52 12.02 12.02 13.52 12.02 14.02 12.35 14.02 12.35 13.84 12.26 12.26 12.26 12.29 12.29 12.29 12.29 12.46 12.46 12.46 12.46 12.54 12.54 12.54 12.54 12.59 12.59 12.59 12.59 12.57 12.57 12.57 12.57 12.39 12.39 12.39 12.39 12.15 12.15 12.15 12.15 12.33 12.33 12.33 12.33 12.42 12.42 13.65 14.22 13.11 12.34 12.34 12.34 12.29 12.29 12.29 12.29 12.19 12.96
13.24 11.79 11.79 11.79 11.71 13.16 11.71 11.71 11.73 11.73 11.73 11.73 12.13 12.13 12.13 13.61 13.53 12.06 12.06 12.06 12.03 12.03 12.03 13.52 12.02 12.02 12.02 13.52 12.35 12.35 12.35 12.35 12.26 12.26 12.26 12.26 12.29 12.29 12.29 12.29 12.46 12.46 12.46 12.46 12.54 12.54 12.54 12.54 12.59 12.59 12.59 12.59 12.57 12.57 14.36 12.57 12.39 12.39 12.39 12.39 12.15 12.15 12.15 12.15 12.33 12.33 12.33 12.33 12.42 13.40 12.40 12.40 12.34 12.34 14.16 12.34 12.29 12.29 12.29 12.29 12.19 12.19
11.79 11.79 11.79 11.79 11.71 11.71 11.71 11.71 13.17 11.73 11.73 11.73 12.13 12.13 12.13 12.13 12.06 13.53 12.06 12.06 12.03 12.03 12.03 12.03 12.02 12.02 12.02 12.02 14.40 12.35 12.35 12.35 13.84 12.26 12.26 12.26 12.29 12.29 12.29 12.29 14.05 13.44 12.46 12.46 13.51 12.54 12.54 12.54 12.59 12.59 12.59 13.58 14.80 13.56 13.56 12.57 12.39 12.39 12.39 12.39 12.15 12.15 12.15 12.15 12.33 12.33 12.33 12.33 12.42 12.42 14.23 12.40 12.34 12.34 12.34 12.34 12.29 12.29 12.29 12.29 12.19 12.19
13.24 13.24 11.79 11.79 11.71 11.71 11.71 11.71 11.73 11.73 11.73 11.73 12.13 12.13 12.13 12.13 12.06 13.55 12.06 12.06 12.03 12.03 12.03 12.03 12.02 12.02 12.02 12.02 12.35 12.35 12.35 12.35 13.84 12.26 12.26 12.26 12.29 13.93 12.29 12.29 12.46 12.46 12.46 12.46 12.54 12.54 12.54 12.54 12.59 12.59 12.59 12.59 12.57 12.57 12.57 12.57 12.39 12.39 12.39 12.39 12.15 12.15 12.15 12.15 12.33 12.33 12.33 12.33 12.42 12.40 12.40 12.40 12.34 12.34 12.34 12.34 13.05 12.29 12.29 13.04 12.19 12.19
11.76 11.76 11.76 11.76 11.63 11.63 11.63 11.63 11.62 11.62 11.62 11.62 12.05 13.56 12.05 13.56 12.02 12.02 12.02 12.02 11.98 11.98 11.98 11.98 11.97 14.10 11.97 11.97 12.31 13.97 12.31 12.31 12.30 12.30 12.30 12.53 12.36 12.36 12.36 12.36 12.53 12.53 12.53 12.53 12.60 12.60 12.60 12.60 13.60 12.61 13.60 12.61 13.45 12.48 12.48 12.48 12.32 12.32 12.32 12.32 12.22 12.22 12.22 12.22 12.40 12.40 12.40 12.40 12.39 12.36 13.14 12.36 12.24 12.24 12.24 12.24 12.23 12.23 12.99 12.23 12.18 12.18
11.76 11.76 13.87 11.76 11.63 11.63 11.63 11.63 11.62 11.62 11.62 14.71 12.05 12.05 12.05 12.05 12.02 12.02 12.02 12.02 11.98 11.98 14.04 14.31 14.10 11.97 11.97 11.97 12.31 12.31 12.31 12.31 12.30 12.30 14.94 12.30 12.36 12.36 12.36 12.36 12.53 12.53 12.53 12.53 12.60 12.60 13.59 13.95 12.61 12.61 12.61 12.61 12.48 12.48 12.48 12.48 12.32 12.32 13.97 12.32 12.22 12.22 12.22 12.22 12.40 12.40 12.40 12.40 12.39 15.79 12.36 12.36 12.24 12.24 12.24 12.24 12.23 12.23 13.07 12.98 12.18 12.94
12.50 12.50 12.50 12.50 12.94 12.94 12.94 12.94 12.93 13.95 12.93 13.95 12.81 12.81 12.81 14.53 14.50 12.79 14.50 16.08 12.74 12.74 16.21 16.65 20.01 14.43 12.73 12.73 13.04 13.04 13.93 13.04 13.00 13.00 14.74 15.89 13.09 13.09 13.09 13.09 16.86 13.26 13.26 14.94 14.67 13.02 13.02 13.02 13.02 13.02 13.02 13.02 12.89 12.89 12.89 12.89 12.74 12.74 12.74 12.74 12.94 12.94 12.94 12.94 12.55 12.55 15.27 14.00 12.61 12.61 13.42 12.61 12.49 12.49 13.90 12.49 12.64 12.64 12.64 12.64 12.59 12.59
12.50 12.50 14.17 12.50 12.94 12.94 12.94 12.94 12.93 12.93 12.93 12.93 12.81 12.81 12.81 12.81 12.79 12.79 12.79 13.72 12.74 17.67 17.68 13.01 13.50 12.73 12.73 12.73 15.24 13.51 18.33 18.33 17.25 13.00 13.00 13.00 13.09 13.09 13.09 14.76 13.26 13.26 13.26 13.26 13.02 13.02 13.02 13.02 13.02 13.02 14.67 13.02 12.89 12.89 12.89 12.89 12.74 14.45 12.74 12.74 12.94 12.94 12.94 14.05 14.20 14.22 14.22 12.55 12.61 12.61 12.61 12.61 12.49 13.89 12.49 12.49 12.64 12.64 12.64 12.64 12.59 12.59
12.45 12.45 12.45 12.45 12.92 12.92 12.92 12.92 12.89 12.89 12.89 12.89 12.77 12.77 12.77 12.77 12.76 12.76 15.49 12.76 12.72 16.16 17.68 18.04 16.65 12.73 12.73 13.39 13.08 18.33 18.33 18.33 17.25 16.65 17.25 13.09 13.15 13.15 13.15 13.15 13.26 13.26 13.26 13.26 13.01 14.66 13.01 13.01 12.96 12.96 12.96 12.96 12.78 12.78 12.78 12.78 12.79 12.79 12.79 12.79 12.46 12.46 12.46 12.46 12.53 12.53 12.53 12.53 12.53 12.53 12.53 12.53 12.43 12.43 12.43 12.43 12.63 12.63 12.63 12.63 12.57 12.57
12.45 12.45 12.45 14.03 12.92 12.92 12.92 12.92 12.89 12.89 12.89 12.89 12.77 12.77 12.77 12.77 12.76 12.76 16.21 16.21 16.21 19.23 18.39 14.45 18.04 17.68 16.18 12.73 17.08 19.48 18.33 18.33 17.25 17.01 17.12 17.25 13.15 13.15 13.15 13.15 13.26 13.26 13.26 14.97 13.01 13.01 13.01 13.01 12.96 12.96 12.96 12.96 12.78 12.78 12.78 12.78 12.79 12.79 12.79 12.79 12.46 12.46 12.46 12.46 12.53 12.53 12.53 13.95 13.95 12.53 12.53 12.53 12.43 12.43 12.43 12.43 12.63 12.63 12.63 12.63 12.57 12.57
12.45 12.45 12.45 14.03 12.92 12.92 12.92 12.92 12.89 12.89 12.89 12.89 12.77 12.77 12.77 12.77 13.01 19.28 19.86 17.67 17.67 18.02 14.81 17.36 17.68 17.68 16.18 17.68 18.33 18.33 18.33 18.33 18.29 17.12 17.12 16.76 13.15 13.15 13.15 13.15 13.26 13.26 13.26 13.26 13.01 13.01 13.01 13.01 12.96 12.96 14.70 12.96 12.78 14.49 14.49 12.78 12.79 12.79 12.79 12.79 12.46 12.46 12.46 12.46 12.53 12.53 12.53 15.82 12.53 12.53 12.53 12.53 12.43 12.43 12.43 12.43 12.63 12.63 12.63 12.63 12.57 12.57
14.11 12.45 12.45 12.45 12.92 12.92 12.92 12.92 12.89 12.89 12.89 12.89 12.77 12.77 12.77 16.85 13.01 16.21 17.67 17.67 22.28 4.95 14.45 17.20 17.21 16.18 16.18 17.68 18.33 18.33 18.33 18.33 18.29 18.29 17.12 16.76 13.15 13.15 13.15 13.15 13.26 13.26 13.26 13.26 13.01 13.01 13.01 13.01 12.96 12.96 12.96 12.96 12.78 12.78 12.78 12.78 12.79 12.79 12.79 12.79 12.46 12.46 12.46 12.46 12.53 12.53 14.51 12.61 12.53 12.53 13.95 12.53 12.43 12.43 13.84 12.43 12.63 12.63 12.63 12.63 12.57 12.57
