New_Model_Runs/13_Future_RCP4.5_Scn3_out/post_prcessed_with_MFR/Monthly_summaries/net_infiltration_monthly_MAR.asc
NCOLS 700
NROWS 400
XLLCENTER 515000.000000
YLLCENTER 8409000.000000
CELLSIZE 50.000000
NODATA_value -999.000000
[rows 228 to 265 of 400, columns 168 to 251 of 700]
11.24 11.24 11.53 11.53 11.29 11.33 11.33 11.33 11.68 11.68 11.68 11.68 10.33 10.33 11.12 12.61 9.59 13.21 7.28 13.59 12.47 12.84 13.47 12.47 7.19 11.87 11.43 12.24 11.06 12.20 12.57 12.20 10.51 10.88 10.86 13.40 11.13 11.06 11.13 11.13 11.28 11.28 11.28 11.28 11.71 11.65 12.03 8.91 12.40 11.28 11.28 11.28 11.65 11.30 11.28 9.12 10.14 10.92 8.25 8.25 8.31 8.31 8.31 8.31 6.09 8.29 8.29 8.29 8.28 8.28 8.28 8.28 7.53 7.53 7.53 7.53 7.45 7.45 7.45 7.45 7.37 7.37 8.11 7.37
11.24 11.24 11.24 11.24 11.29 11.29 11.33 11.33 11.43 12.17 11.68 12.04 12.16 10.33 10.69 10.69 10.69 10.69 10.70 15.43 13.59 4.02 13.84 12.10 7.19 15.45 14.26 13.77 16.66 14.14 14.14 13.77 6.82 7.93 10.88 10.51 12.24 12.20 7.99 11.49 11.28 11.28 11.28 11.28 11.28 12.37 12.41 8.91 9.29 8.91 11.28 11.34 11.75 9.01 9.01 9.01 8.43 8.43 8.25 8.25 8.31 8.31 9.33 8.31 8.29 6.09 8.29 8.29 8.28 8.28 8.28 9.31 8.17 8.17 8.11 7.53 7.45 7.45 7.45 7.45 7.37 8.11 8.11 7.37
10.07 10.07 10.07 10.07 10.11 10.11 10.11 11.29 11.92 11.68 11.68 11.68 12.16 11.67 11.67 10.69 11.12 10.69 10.33 10.69 12.84 12.84 9.96 10.70 11.80 11.80 15.06 15.06 10.51 14.86 7.56 3.56 10.14 15.43 14.69 7.14 13.77 3.93 12.54 9.77 10.51 11.75 11.28 11.28 11.28 2.71 14.92 12.17 12.17 11.30 11.28 11.34 12.04 11.75 11.75 9.01 8.43 8.25 8.25 8.25 8.31 8.31 8.31 8.31 8.29 8.29 8.29 8.29 8.28 8.28 9.31 9.31 8.11 8.17 7.53 7.53 7.45 7.45 7.45 7.45 7.37 8.89 8.11 7.37
10.07 10.07 10.07 10.07 10.11 10.11 10.11 10.52 9.92 11.43 11.43 11.68 11.67 11.67 11.67 12.03 10.33 10.69 10.33 11.12 10.69 10.69 13.21 5.51 11.99 11.25 10.14 11.25 4.67 14.88 8.63 4.30 10.51 10.88 10.14 14.32 14.15 14.51 7.93 15.06 10.51 10.51 10.51 10.51 10.51 14.14 11.80 12.17 11.80 11.71 11.71 11.71 11.75 11.75 11.75 11.75 10.92 8.25 8.25 8.25 8.31 8.31 8.31 8.46 9.33 9.33 8.29 8.29 11.05 9.16 8.28 9.33 8.11 7.53 7.53 7.53 7.45 7.45 7.45 7.45 8.11 8.11 7.37 7.99
10.18 10.18 10.18 10.18 10.20 10.20 11.06 10.70 9.96 9.90 9.96 11.72 11.69 11.69 12.17 11.69 11.66 11.66 10.33 10.69 11.12 10.69 10.50 13.21 16.20 16.20 13.40 16.20 13.40 14.14 14.14 7.93 14.32 15.06 13.40 15.07 7.41 13.65 12.71 14.51 13.77 13.77 15.33 15.33 14.96 14.51 13.27 15.78 12.30 11.85 11.85 11.85 11.90 11.90 11.90 11.90 11.01 10.22 8.55 8.89 8.98 8.29 8.94 9.33 11.72 9.31 9.31 9.33 8.33 8.70 10.05 8.50 7.55 7.55 7.55 7.55 7.44 7.44 7.44 8.04 7.39 7.39 7.39 7.39
10.18 10.18 10.18 10.18 10.20 10.46 10.20 10.20 9.96 9.96 9.90 10.85 10.82 9.93 9.93 11.69 12.14 11.66 11.66 11.66 10.69 10.69 10.22 11.43 11.83 11.83 11.83 11.83 10.69 10.53 15.49 3.93 12.57 9.64 9.27 12.53 11.40 11.13 10.02 13.85 10.88 10.14 12.70 13.17 11.71 10.88 12.15 15.78 12.30 10.84 12.50 12.30 12.36 11.90 11.90 11.90 10.22 10.22 10.22 8.25 8.29 8.29 8.29 8.29 9.31 7.83 11.17 9.68 9.68 7.83 9.23 9.70 8.11 7.55 7.55 7.55 7.44 7.44 8.66 8.04 7.39 7.39 7.39 7.39
10.18 10.18 10.18 10.18 10.20 10.46 10.20 10.20 9.96 9.96 9.96 9.96 9.93 9.93 10.20 12.75 11.66 11.66 11.66 11.66 11.64 14.00 9.22 11.59 11.83 11.50 11.83 11.83 11.83 9.77 10.90 13.40 12.62 12.99 10.22 10.39 14.02 12.53 11.83 12.12 12.09 12.09 12.09 12.09 10.51 12.90 12.42 12.27 12.27 11.75 11.28 11.28 11.65 10.87 12.36 12.36 10.22 10.22 10.22 10.22 8.29 8.29 8.29 8.29 9.33 10.06 7.46 13.31 11.08 13.68 10.06 10.42 8.17 7.55 7.55 7.55 7.44 7.70 7.44 7.44 7.39 7.39 7.39 7.39
10.18 10.18 10.18 10.18 10.20 11.08 10.20 10.20 9.96 9.96 9.96 9.96 9.93 9.93 9.93 11.43 11.66 11.37 11.66 11.66 11.64 10.33 10.69 10.69 12.36 13.06 11.94 11.50 11.50 9.77 12.36 12.36 12.00 12.00 10.22 11.45 10.46 12.53 11.83 11.83 12.46 12.57 12.09 13.10 12.53 12.53 12.15 9.77 12.27 15.38 15.38 11.28 3.53 10.03 11.79 11.65 10.94 10.33 9.96 10.22 8.29 8.29 8.29 8.29 8.34 9.68 12.11 9.31 10.06 8.20 9.07 9.33 8.16 8.16 7.55 7.55 8.17 7.44 7.44 8.04 7.39 7.39 7.39 7.39
10.27 10.27 10.27 10.27 9.82 9.82 9.82 9.82 10.03 10.03 10.03 10.03 9.95 9.95 9.95 9.95 9.87 11.36 11.65 11.65 11.63 11.63 10.69 11.63 12.36 12.36 12.03 12.03 12.34 13.06 13.06 12.34 11.96 11.96 11.96 10.83 10.81 14.06 13.05 12.20 10.51 13.27 12.15 12.15 12.35 12.35 12.35 12.35 9.77 12.42 13.84 15.38 14.03 10.48 10.40 10.77 8.57 10.06 8.29 9.33 8.31 8.31 9.68 9.68 10.06 11.08 2.50 9.68 10.95 10.43 8.68 8.30 7.51 7.51 9.60 8.32 7.41 7.41 7.41 7.41 7.44 7.44 7.44 7.44
10.27 10.27 10.27 10.27 9.82 10.73 9.82 9.82 10.03 10.03 10.03 10.03 9.95 9.95 9.95 9.95 9.87 11.82 11.36 11.65 11.63 11.63 11.63 11.63 12.36 12.36 12.36 12.03 12.34 12.15 13.06 13.06 12.32 12.32 11.96 11.96 10.81 11.08 15.91 12.28 13.27 12.90 12.15 12.15 12.35 12.35 12.35 12.35 12.93 10.14 12.42 12.08 13.66 13.66 12.92 12.97 8.20 8.20 10.06 9.68 9.70 9.31 10.06 9.60 9.68 6.12 2.87 7.46 7.93 7.46 6.46 8.85 7.51 7.51 7.51 7.51 8.02 7.41 7.41 7.41 7.44 7.44 7.44 7.44
10.27 10.27 10.27 10.27 9.82 9.82 9.82 9.82 10.03 10.03 10.03 10.03 9.95 9.95 9.95 9.95 10.13 11.36 11.36 10.69 10.33 11.63 11.63 12.11 12.36 12.18 12.65 12.03 12.34 12.34 12.34 12.69 12.32 12.96 12.32 12.32 10.13 13.42 12.66 12.28 12.90 12.15 12.15 12.15 12.35 12.35 12.35 12.35 12.79 12.93 12.08 12.08 9.77 12.16 12.16 10.48 12.16 13.70 7.46 10.06 9.68 9.68 10.06 7.46 12.94 8.19 7.46 8.56 8.77 9.68 9.31 8.30 8.11 8.12 7.51 7.51 7.41 7.41 7.41 7.41 8.80 7.44 7.44 7.44
10.27 10.27 10.27 10.27 9.82 9.82 9.82 9.82 10.03 10.03 10.03 10.03 9.95 9.95 9.95 9.95 9.87 10.69 10.69 10.69 10.69 10.69 11.63 10.07 10.49 12.36 12.03 12.03 12.00 12.00 12.00 12.00 11.96 11.96 12.61 12.32 10.13 12.66 12.76 12.61 12.15 12.15 12.15 12.15 12.35 11.75 11.75 10.51 12.86 12.49 10.97 12.42 12.45 12.82 12.45 10.21 9.70 9.31 12.94 12.94 9.68 10.06 10.06 8.93 11.08 9.31 9.31 7.83 10.43 9.68 10.19 9.33 7.74 7.51 7.51 7.51 7.41 7.41 7.41 7.41 7.44 7.44 7.44 7.44
9.85 9.85 9.85 9.85 9.83 10.74 9.83 9.83 10.02 10.02 10.02 10.02 9.94 9.94 9.94 9.94 10.78 10.12 10.69 10.12 10.69 9.86 9.86 9.90 11.00 10.51 12.08 12.08 12.04 12.04 12.04 12.04 13.06 13.06 13.06 11.96 11.96 14.64 12.19 11.96 12.29 12.29 12.29 12.29 12.40 11.75 12.40 12.49 4.41 4.04 11.34 12.08 13.19 10.88 12.45 12.21 9.31 9.31 9.68 9.68 11.82 12.20 9.67 8.94 14.05 3.52 11.32 10.06 10.93 9.31 9.33 10.74 7.48 7.48 7.48 7.48 7.44 7.44 7.44 8.05 7.51 7.51 7.51 7.51
9.85 10.76 9.85 9.85 9.83 9.83 9.83 9.83 10.02 10.02 10.02 10.61 9.94 9.94 9.94 9.94 9.86 10.12 10.12 10.12 10.78 9.86 9.86 9.86 10.28 10.28 12.08 12.08 12.04 12.04 12.04 12.04 11.96 11.96 12.32 11.96 11.96 11.96 12.20 11.96 12.29 12.29 12.29 12.29 12.08 12.08 11.75 12.08 12.12 10.51 10.51 12.45 10.14 10.51 12.45 12.27 10.20 9.85 10.43 10.80 4.35 5.09 12.94 12.57 12.37 8.57 7.83 9.31 9.31 9.31 9.33 8.26 8.09 7.48 7.48 7.48 7.44 7.44 7.44 7.44 7.51 7.51 7.51 7.51
9.75 9.75 9.75 9.75 10.20 10.65 10.65 11.12 10.02 10.02 11.79 10.62 9.93 9.93 9.93 9.93 9.86 9.86 9.92 9.86 9.86 9.86 9.86 9.86 10.17 10.17 10.17 10.17 11.92 11.92 11.92 11.92 11.84 11.84 11.84 11.84 11.84 11.84 11.84 11.84 12.10 12.10 12.10 12.10 11.64 12.01 12.01 12.62 13.10 9.65 9.65 9.28 11.64 11.64 11.64 11.14 9.94 9.09 10.20 8.36 8.73 5.40 9.47 7.99 10.88 11.57 9.09 9.46 9.09 9.09 9.09 8.17 7.07 7.07 7.07 7.07 7.04 7.04 7.04 7.04 7.10 7.10 7.10 7.10
9.75 9.75 9.75 9.75 10.20 10.20 10.20 10.20 10.02 10.02 10.02 10.02 10.54 10.54 10.54 10.85 9.86 9.86 9.86 9.86 9.86 9.86 9.86 9.86 10.17 10.17 10.17 10.17 10.14 10.14 11.92 11.92 11.84 11.84 11.84 11.84 11.84 11.84 11.84 11.84 12.10 12.10 12.10 12.01 12.01 11.64 12.01 12.04 11.64 12.17 12.54 12.01 11.64 11.64 11.14 10.96 9.70 9.70 9.46 9.46 8.73 9.85 8.36 8.98 8.61 10.51 9.46 9.46 9.09 9.46 8.17 8.17 7.07 7.07 7.07 7.07 7.04 7.04 7.04 7.51 7.10 7.10 7.10 7.32
10.19 10.19 11.40 10.44 10.10 10.88 10.10 10.10 9.92 9.92 9.92 9.92 9.88 9.88 9.88 9.88 9.86 9.86 9.86 9.86 9.88 9.88 9.88 9.88 10.23 10.23 10.23 10.23 10.20 10.20 10.20 12.01 11.89 11.89 11.89 11.89 11.94 11.94 11.94 11.94 12.12 12.12 12.12 11.31 11.64 11.64 9.28 12.24 12.09 12.09 12.46 12.46 12.17 9.28 11.14 11.14 9.70 9.94 9.09 9.46 9.43 9.35 9.09 9.46 12.24 9.46 9.46 9.09 9.09 9.46 8.53 8.16 7.10 7.10 7.10 7.10 7.08 7.08 7.51 7.51 7.12 7.12 7.12 7.33
10.19 10.19 10.19 10.19 10.10 10.10 10.36 10.10 9.92 9.92 9.92 9.92 9.88 9.88 9.88 9.88 9.86 9.86 10.78 9.86 9.88 9.88 9.88 9.88 10.23 10.23 10.23 10.23 10.20 10.20 10.20 12.01 11.89 11.89 11.89 11.89 11.94 11.94 11.94 12.10 12.12 12.12 12.12 11.31 11.64 11.02 12.11 12.11 12.09 8.20 12.09 12.46 3.53 9.65 11.51 11.14 9.94 9.94 9.46 8.98 7.62 8.24 9.09 9.46 13.08 9.46 9.46 9.09 9.09 8.16 8.16 7.25 7.47 7.10 8.13 7.10 7.08 7.51 8.22 7.51 7.33 7.12 7.12 7.33
10.19 11.09 10.19 10.19 10.10 10.10 10.36 10.10 9.92 9.92 9.92 9.92 10.09 9.88 9.88 9.88 9.86 9.70 9.70 9.86 9.88 9.88 9.88 9.88 10.23 10.23 10.23 10.23 10.20 10.20 10.20 10.20 11.89 11.89 11.89 11.89 11.94 11.94 11.94 11.94 12.12 12.12 12.12 12.50 11.64 12.11 12.11 8.20 8.20 8.20 8.20 12.46 10.39 10.77 3.26 10.96 9.70 9.94 8.24 8.98 8.98 6.88 7.62 11.25 12.71 8.61 9.46 9.09 9.09 9.09 6.88 7.25 5.67 5.67 7.10 7.10 7.08 7.69 7.08 7.08 7.12 7.12 7.33 7.33
10.19 10.19 10.19 10.19 10.10 10.10 10.10 10.10 9.92 9.92 9.92 9.92 9.92 9.88 9.88 9.88 10.24 9.70 9.86 9.86 9.88 9.88 9.88 9.88 10.23 10.23 10.23 10.23 10.20 11.16 10.20 10.20 10.12 11.89 12.50 11.89 11.94 11.94 11.94 11.94 12.12 12.12 12.12 11.31 12.33 12.11 14.38 8.20 8.20 8.20 12.09 12.46 10.52 3.90 11.76 11.24 9.70 9.09 9.09 9.46 9.09 9.09 2.43 11.62 8.24 9.09 9.09 10.33 8.53 9.09 9.09 7.94 7.10 7.71 7.10 7.10 7.62 7.08 7.08 7.08 7.12 7.12 7.33 7.33
10.14 10.14 10.40 10.14 10.04 10.04 10.04 10.04 9.89 9.89 10.78 10.15 9.87 9.87 9.87 9.87 10.28 9.70 10.45 9.86 9.89 9.89 9.89 11.37 10.26 10.26 10.26 10.26 11.17 10.22 10.22 10.22 10.19 11.98 11.98 11.98 12.01 12.01 12.01 12.01 12.08 12.08 12.08 12.08 12.04 12.04 13.91 8.20 8.20 8.20 12.10 12.47 11.24 11.70 10.96 10.96 9.09 9.09 9.09 9.09 7.62 7.62 2.43 6.43 7.62 7.62 8.24 9.09 7.25 6.88 9.46 9.46 7.62 7.12 7.12 7.62 16.38 7.62 7.62 7.51 7.16 7.16 7.35 8.09
10.14 10.14 10.14 10.14 10.04 10.04 10.04 10.04 9.89 9.89 10.53 10.15 11.37 11.37 12.96 9.87 10.76 10.07 8.14 9.86 9.89 9.89 9.89 9.89 10.26 10.26 10.26 10.26 10.22 10.22 10.22 10.22 10.19 11.98 11.98 11.98 12.01 12.01 12.01 12.01 12.08 8.20 8.20 8.20 12.04 13.91 8.31 8.20 8.20 8.20 12.24 12.10 10.86 11.70 11.14 11.14 9.09 9.09 9.09 9.09 7.25 8.98 2.43 11.94 9.46 9.46 6.88 9.09 9.96 9.09 9.09 9.46 7.51 5.67 7.12 6.04 17.12 20.01 18.34 7.62 7.62 7.16 7.35 6.41
10.14 10.14 10.14 10.14 10.04 10.04 10.04 10.30 9.89 11.40 11.40 11.41 11.39 11.37 11.84 10.15 11.36 9.86 10.76 10.76 9.89 9.89 9.89 9.89 10.26 10.26 10.26 10.26 10.22 10.22 10.22 10.22 10.19 10.19 11.98 11.98 12.01 12.01 12.01 12.01 12.08 8.20 8.20 8.20 8.20 8.20 8.20 8.20 8.20 8.20 12.10 12.10 12.65 10.96 11.14 11.51 12.24 9.09 9.09 6.88 7.25 7.25 7.62 10.88 9.09 9.09 9.09 9.09 9.96 9.09 9.09 9.09 7.51 6.62 7.21 6.04 21.02 16.38 20.01 16.38 5.67 5.67 5.67 17.50
10.14 10.14 10.14 10.14 10.04 10.04 10.30 10.04 9.89 9.89 11.40 11.41 11.39 11.37 10.15 11.39 11.36 11.39 10.76 10.76 9.89 9.89 9.89 9.89 10.26 10.26 10.26 11.21 11.18 10.22 10.22 10.22 10.19 11.98 11.98 11.98 12.01 12.01 12.01 12.01 12.08 8.20 8.20 8.20 8.20 8.20 8.20 8.20 8.20 12.10 12.10 11.64 11.31 10.96 11.51 9.12 13.45 12.71 6.88 7.25 2.81 7.25 9.09 13.08 8.61 7.62 9.09 9.09 9.09 9.09 9.09 9.09 7.62 7.12 7.62 6.62 20.97 16.38 17.11 20.01 16.38 16.38 17.34 16.42
10.18 10.18 10.18 10.18 10.09 10.09 10.09 10.09 9.89 9.89 9.89 11.41 11.34 11.34 10.50 11.60 11.33 11.37 11.37 9.84 9.90 9.90 9.90 9.90 11.25 10.30 10.30 11.26 10.29 10.29 10.29 10.29 10.27 12.09 12.09 12.09 12.06 12.06 12.06 12.06 12.04 8.20 8.20 8.20 9.28 10.49 10.86 10.49 12.12 12.12 12.12 12.25 12.29 10.96 11.51 11.51 9.46 9.09 12.71 7.62 7.99 7.25 11.57 8.61 8.98 9.72 10.20 9.09 9.09 9.09 9.09 9.09 7.62 7.51 7.51 7.51 16.38 17.34 17.34 20.01 16.38 12.42 16.05 20.01
10.18 10.18 10.18 10.18 10.09 10.09 10.36 10.09 9.89 9.89 10.15 11.41 11.38 10.50 10.50 9.68 11.37 11.37 11.37 9.84 9.90 9.90 9.90 9.90 11.14 10.30 11.26 10.30 10.29 10.29 10.29 10.29 10.27 12.09 12.09 12.09 12.06 12.06 12.06 12.06 12.04 13.91 8.20 9.28 9.28 11.64 12.38 11.64 12.12 12.12 11.64 11.64 11.64 8.38 8.75 11.51 9.70 9.94 9.09 13.82 11.62 6.43 11.62 9.83 9.46 10.57 9.46 9.09 9.09 9.09 9.09 9.96 7.62 7.62 5.67 5.67 5.67 9.29 20.01 9.29 20.01 16.05 12.42 12.42
10.18 10.18 10.18 10.18 10.09 10.09 10.09 10.09 10.83 9.89 9.89 11.41 11.38 10.15 10.15 10.15 11.37 11.33 11.65 9.84 9.90 9.90 9.90 9.90 10.30 10.30 10.30 10.30 10.29 10.29 10.29 10.29 10.27 12.09 12.09 12.09 12.06 12.06 12.06 12.69 12.04 13.91 8.20 8.20 12.01 12.01 12.01 12.01 12.12 12.12 11.64 11.64 11.14 11.14 11.14 11.14 10.31 20.55 19.80 7.62 7.25 9.35 12.73 8.73 7.99 8.36 8.36 9.46 9.46 9.09 9.09 9.09 7.62 7.62 5.67 5.67 7.62 7.62 5.67 5.67 20.38 16.38 16.38 12.42
8.64 10.55 10.18 10.18 10.09 10.09 10.09 10.09 10.82 9.89 9.89 11.41 11.38 10.15 10.90 10.15 10.78 11.37 11.33 9.84 9.90 9.90 9.90 9.90 10.30 10.30 10.30 10.30 10.29 10.29 10.29 10.29 12.09 12.09 12.09 12.09 12.06 12.06 12.69 12.06 12.04 12.04 8.20 8.20 11.64 12.01 12.01 12.01 12.12 11.64 11.64 11.64 11.14 11.14 11.14 20.89 20.55 18.34 20.18 6.88 2.06 7.62 7.17 11.62 12.73 11.99 6.80 12.98 11.62 12.72 12.72 12.71 7.62 5.67 5.67 6.62 7.62 5.67 10.25 9.29 16.42 20.38 20.01 16.38
9.77 9.76 9.76 9.76 10.10 10.98 10.10 10.59 9.86 9.86 9.86 10.50 8.23 10.15 10.15 10.50 10.50 10.50 11.31 9.82 9.93 9.93 9.93 9.93 12.19 10.34 10.34 10.34 10.37 10.37 12.23 12.23 12.23 12.23 12.23 12.23 12.14 12.14 12.14 12.14 11.99 11.99 11.99 11.99 11.96 11.96 11.96 11.96 11.64 11.64 11.64 11.64 11.14 10.96 11.14 20.89 21.23 23.80 23.80 12.24 10.51 12.24 11.25 11.25 9.10 10.20 9.46 9.83 7.25 9.09 9.09 9.09 5.67 5.67 5.67 5.67 7.62 7.62 7.62 5.67 16.42 17.48 16.75 20.01
9.76 11.70 10.67 9.76 10.10 10.10 10.10 10.28 9.86 9.86 9.86 10.50 10.15 10.15 10.15 10.50 10.50 10.50 11.31 9.82 9.93 9.93 9.93 11.46 12.19 12.83 10.34 10.34 12.23 12.23 12.23 12.23 12.23 12.23 12.23 12.23 12.14 12.14 12.14 12.14 11.99 11.99 11.99 11.99 11.96 11.96 11.96 11.96 11.64 11.64 11.64 11.64 11.14 11.14 20.89 22.20 21.60 23.70 18.34 8.69 8.32 7.99 12.36 11.25 9.72 7.62 9.09 9.09 9.09 9.09 9.09 9.09 5.67 5.67 5.67 6.39 7.62 7.99 7.99 5.67 20.38 17.48 16.38 16.38
7.15 8.56 9.62 9.62 9.85 9.14 9.14 9.14 9.22 9.22 10.62 8.67 8.67 7.65 10.18 10.18 10.20 10.20 10.20 9.18 9.30 9.30 9.30 10.35 10.89 10.89 9.76 9.76 10.92 12.15 10.92 10.92 10.92 10.92 10.92 10.92 10.84 10.84 10.84 11.14 10.68 10.43 10.43 10.43 10.40 10.40 10.40 8.73 9.03 9.03 9.03 8.73 18.89 16.70 22.51 20.70 22.46 17.45 17.08 7.94 7.94 8.68 12.31 11.37 10.36 7.47 8.31 7.94 7.94 7.94 7.94 7.94 6.69 6.69 6.69 7.06 6.69 7.06 4.87 15.59 19.22 19.22 15.59 16.37
7.15 6.66 7.41 9.25 9.14 9.14 9.14 9.14 9.22 10.26 10.26 10.26 10.18 10.18 10.18 10.18 10.20 10.20 10.20 10.20 9.30 9.30 9.30 10.35 10.89 10.89 10.89 10.89 10.92 10.92 10.92 10.92 10.92 10.92 10.92 10.92 11.11 10.84 10.84 10.84 10.43 10.43 10.43 10.43 10.40 10.40 10.40 10.40 9.03 9.03 9.03 18.89 18.89 18.89 19.26 21.44 17.82 19.77 19.40 7.94 8.31 7.94 7.94 8.68 11.37 10.36 8.68 8.31 7.94 7.94 7.94 7.94 6.69 5.65 7.06 5.98 5.61 4.87 4.87 15.59 15.81 19.22 15.59 17.41
9.23 9.23 13.23 9.60 9.12 9.12 9.12 9.84 9.19 10.46 10.22 10.22 10.15 10.15 10.15 10.15 10.43 10.43 10.19 10.19 9.28 9.28 10.00 10.32 11.72 11.15 10.88 10.88 10.97 10.97 10.97 10.97 11.25 10.97 10.97 10.97 11.10 10.83 10.83 10.83 10.43 10.43 10.43 10.43 10.36 10.13 10.36 10.36 10.49 8.73 8.73 8.66 8.95 17.91 18.89 22.88 19.03 19.40 8.31 7.94 19.03 18.66 7.94 8.68 7.47 10.73 7.10 8.31 7.94 7.94 7.94 7.94 6.69 6.69 5.65 6.91 7.43 6.69 4.87 15.59 19.59 15.59 17.41 17.41
9.94 9.28 11.15 8.56 9.12 9.92 9.12 9.12 9.19 10.22 10.22 10.22 10.15 9.88 10.15 10.15 10.19 10.48 10.43 10.19 10.32 9.28 9.28 9.28 10.88 10.88 10.88 24.67 10.97 11.24 10.97 10.97 10.97 10.97 10.97 10.97 10.83 10.83 10.83 10.83 10.43 10.43 10.43 10.43 10.36 10.36 10.36 10.36 10.49 10.49 10.74 9.25 9.34 6.79 18.66 17.07 18.66 18.09 18.66 18.66 18.66 18.66 7.94 8.68 8.11 11.37 7.47 7.94 7.94 7.94 8.31 8.31 6.69 6.69 6.54 6.54 6.69 4.87 4.87 19.22 19.59 18.15 17.78 17.78
8.19 8.56 11.82 8.19 9.12 9.12 9.12 9.12 9.19 9.19 10.22 10.22 9.88 9.88 10.39 10.15 10.19 10.19 10.19 10.19 10.32 9.28 9.28 9.28 9.75 10.88 10.88 24.50 24.58 24.58 10.97 10.97 10.97 10.97 11.25 10.97 10.83 11.10 10.83 10.83 10.43 10.43 10.43 10.43 10.36 10.36 10.36 10.36 10.49 10.49 10.49 9.25 9.34 9.32 19.26 17.07 18.66 17.08 19.03 18.66 19.03 19.03 8.31 8.31 7.37 10.63 7.84 8.68 7.94 7.94 9.05 6.36 6.69 6.54 6.54 6.69 7.06 6.69 15.59 15.81 15.59 17.78 18.52 18.52
8.19 8.19 8.19 12.86 9.12 9.12 9.82 9.12 9.19 9.19 10.22 7.65 10.15 10.15 10.15 10.15 10.19 10.19 10.19 10.19 10.32 10.32 9.28 9.28 9.96 10.88 10.88 10.88 24.58 24.58 24.58 10.97 10.97 10.97 10.97 10.97 10.83 10.83 10.83 10.83 10.73 10.68 10.43 10.43 10.36 10.36 10.13 10.13 10.20 10.20 10.49 9.25 9.34 8.95 18.89 18.89 18.66 18.66 19.03 19.03 18.19 17.82 8.11 8.68 8.68 10.73 7.47 8.68 8.31 8.68 7.84 7.37 4.87 5.45 6.54 4.87 7.43 5.65 19.59 15.59 15.59 16.33 16.33 18.89
8.19 8.19 8.68 12.83 9.49 9.49 9.12 9.12 9.15 9.15 10.16 10.16 10.12 10.12 10.12 10.12 10.21 10.21 10.21 10.21 10.29 10.29 10.29 9.25 9.72 10.83 10.83 10.83 11.23 24.57 24.57 10.96 10.95 10.95 10.95 10.95 10.75 10.75 10.75 10.75 10.41 10.41 10.41 10.41 10.37 10.37 10.37 9.03 9.03 9.03 10.43 8.66 8.66 8.95 18.82 18.82 18.58 18.66 17.08 17.82 17.82 19.03 8.31 8.68 8.68 10.36 7.37 8.31 8.11 7.47 7.10 8.31 5.65 4.87 6.69 5.24 5.98 17.11 20.70 16.33 17.78 20.74 16.37 7.06
8.19 8.19 8.19 9.92 8.56 9.49 9.12 9.12 9.86 9.15 10.16 10.16 10.12 10.12 10.12 10.12 10.21 10.21 10.21 10.21 10.29 10.29 10.29 9.25 9.72 10.83 10.83 10.83 10.96 10.96 24.57 10.96 10.95 10.95 10.95 10.95 10.75 11.08 11.02 10.75 10.41 10.41 10.41 9.00 10.37 10.37 10.37 8.73 9.03 9.03 8.66 8.66 8.95 18.82 18.82 19.61 18.58 18.66 18.66 18.09 17.08 18.66 19.03 9.42 9.42 8.31 9.99 8.31 7.10 7.10 7.94 8.31 7.06 6.69 6.69 4.87 16.33 19.96 20.33 16.33 17.41 17.41 6.02 7.06
