New_Model_Runs/13_Future_RCP4.5_Scn3_out/post_prcessed_with_MFR/Monthly_summaries/net_infiltration_monthly_NOV.asc
NCOLS 700
NROWS 400
XLLCENTER 515000.000000
YLLCENTER 8409000.000000
CELLSIZE 50.000000
NODATA_value -999.000000
[rows 111 to 147 of 400, columns 498 to 580 of 700]
8.12 8.12 8.27 8.27 10.09 10.09 10.14 10.14 10.14 8.31 8.14 8.14 7.41 8.14 7.91 8.27 8.19 8.05 9.60 7.74 7.81 11.68 8.13 8.49 11.56 11.28 10.63 7.69 9.07 7.87 5.58 8.27 8.80 5.58 9.53 7.70 8.27 7.70 7.64 7.64 7.78 7.64 7.62 7.62 7.62 8.74 7.40 7.40 7.40 7.40 7.52 7.76 8.60 12.63 12.48 8.64 9.33 8.97 7.33 7.33 7.33 7.33 7.11 6.87 6.18 6.18 6.26 7.68 8.69 7.68 7.72 6.28 6.28 6.28 6.20 6.20 6.20 6.20 7.51 7.51 7.51 7.51 6.28
8.13 8.13 8.27 10.09 10.41 10.09 9.98 9.98 9.98 8.19 7.95 7.95 7.95 7.95 7.75 7.75 7.75 7.75 8.19 8.12 7.76 7.76 7.82 7.82 11.56 9.16 11.20 8.17 8.36 7.89 7.65 7.65 7.65 5.58 7.63 7.63 7.63 7.63 7.60 7.60 7.75 7.60 7.63 7.72 8.69 8.27 7.42 7.42 7.42 7.42 7.46 7.76 11.27 7.46 7.41 7.41 7.41 7.41 7.84 7.30 7.30 7.30 7.10 6.85 6.17 6.17 6.20 9.37 7.61 7.61 7.61 6.20 6.20 6.87 6.11 6.11 6.11 8.80 7.55 7.55 7.55 6.17 6.68
8.13 8.13 8.27 10.09 10.09 10.09 9.98 8.19 8.19 8.19 7.95 7.95 7.95 7.95 7.75 7.75 7.75 7.75 7.76 7.76 7.76 7.76 7.82 4.50 8.05 5.65 8.80 7.69 7.91 7.89 4.53 8.76 7.65 4.34 7.63 7.63 7.63 7.63 7.60 7.77 7.60 7.60 7.63 9.11 6.51 6.51 7.42 7.42 7.42 7.42 10.97 11.50 10.97 8.01 7.41 7.41 7.98 7.41 7.30 7.30 7.86 7.30 7.10 6.17 6.17 6.17 7.61 8.18 7.61 6.93 6.20 6.93 6.20 7.22 6.11 6.11 6.11 6.11 7.55 6.17 6.17 6.17 7.40
8.26 8.26 10.09 11.24 11.24 10.09 8.32 8.32 8.32 8.32 8.14 7.98 8.14 8.14 8.15 8.15 8.15 8.15 8.16 8.16 8.16 8.16 8.23 8.23 8.23 8.23 8.33 11.84 8.33 8.33 8.80 8.80 7.68 5.53 7.81 8.26 8.26 7.66 7.63 7.63 7.63 11.14 11.18 12.66 8.03 8.03 7.43 7.43 7.43 7.43 10.98 7.47 7.62 7.47 7.42 7.42 7.42 7.42 7.31 7.31 7.31 7.31 7.28 6.34 6.34 6.34 7.85 8.90 6.37 6.37 6.37 7.08 7.08 6.37 6.98 6.28 6.28 6.28 6.52 8.00 6.52 6.52 6.68
8.26 8.26 12.00 10.81 10.09 10.09 8.32 8.32 8.32 8.32 8.14 8.14 8.14 8.14 8.15 8.15 8.15 8.15 8.16 8.16 8.16 8.16 8.23 8.23 8.23 8.23 9.32 12.83 9.40 9.40 9.96 7.68 7.68 7.68 7.66 7.66 11.77 11.17 11.14 11.14 11.14 7.63 7.67 11.18 11.54 11.54 7.43 7.43 7.43 7.43 10.98 10.98 7.47 7.47 7.42 7.42 7.42 7.42 7.31 7.31 7.31 7.31 7.28 6.34 6.34 6.34 7.85 9.21 6.37 6.37 6.37 6.37 6.37 6.37 6.28 6.28 6.28 6.28 6.52 6.52 8.00 8.00 6.68
8.21 8.21 10.59 10.44 10.44 8.22 8.09 8.09 8.09 7.93 7.73 8.46 8.46 8.46 8.24 8.24 8.24 8.24 8.31 8.31 8.31 8.31 8.33 8.33 8.33 8.33 9.35 9.35 8.34 8.34 7.69 11.21 9.96 11.21 11.20 11.20 11.20 7.69 7.72 7.72 7.72 7.72 7.74 7.74 7.74 11.25 10.92 7.40 7.93 7.67 7.93 10.92 10.92 10.92 7.39 7.39 7.39 7.39 7.31 7.31 7.31 7.31 7.24 6.30 6.30 6.30 6.29 6.29 6.29 6.29 6.29 6.29 6.29 6.29 6.30 6.30 6.30 6.30 6.57 6.57 8.07 8.07 6.70
8.21 8.21 10.44 8.22 8.22 8.22 8.09 8.09 8.09 8.09 8.46 8.46 8.46 8.46 8.24 8.24 8.24 8.24 8.31 8.31 8.31 8.31 8.33 8.33 8.33 8.33 8.34 8.34 8.34 8.34 5.53 7.69 7.69 7.69 7.69 7.69 8.23 7.69 7.72 7.72 7.72 7.72 7.74 7.74 7.74 7.74 10.92 10.92 7.40 7.40 7.41 7.41 7.41 7.93 10.90 11.18 7.59 7.81 7.86 7.31 7.31 7.31 7.24 6.30 6.30 6.30 6.29 6.29 6.29 6.29 6.29 6.29 6.29 6.29 6.30 6.30 6.30 6.30 6.57 8.07 8.07 6.57 6.70
8.21 8.21 8.22 8.14 8.22 8.22 8.09 8.09 8.09 8.09 8.46 8.46 8.46 8.46 8.24 8.24 8.24 8.24 8.31 8.31 8.31 8.31 8.33 8.33 8.33 8.33 8.34 8.34 8.34 8.34 7.69 7.69 8.81 7.69 7.69 7.69 7.69 7.69 7.72 7.72 7.72 7.72 7.74 7.74 7.74 7.74 7.40 10.92 10.92 10.92 10.92 7.41 11.28 11.18 11.18 11.18 7.59 7.67 7.31 7.86 7.31 7.31 7.24 6.30 6.30 6.30 6.29 6.29 6.29 6.99 6.29 6.99 6.29 6.29 6.30 6.30 6.30 6.30 6.57 8.07 8.07 8.07 6.70
8.21 8.21 8.22 8.22 8.22 8.05 8.09 8.09 8.09 8.09 8.46 8.46 8.46 8.46 8.24 8.24 8.24 8.24 8.31 8.31 8.31 8.31 8.33 8.33 8.33 8.33 8.34 8.34 8.34 8.34 7.69 7.69 7.69 7.69 7.69 7.69 7.69 7.69 7.72 7.72 7.72 7.72 7.74 7.74 7.74 7.74 7.40 7.40 7.40 7.40 10.92 9.37 9.73 7.95 11.10 10.90 7.94 7.36 7.31 7.31 7.31 7.31 7.24 6.30 6.30 6.30 6.29 6.29 6.99 6.29 6.29 6.29 6.29 6.29 6.30 6.30 6.30 6.30 6.57 6.57 9.48 8.07 8.23
8.14 7.98 8.08 7.92 8.08 7.92 8.07 8.07 8.07 8.07 8.15 8.15 8.15 8.15 8.45 8.45 8.45 8.45 8.46 8.46 8.46 8.46 8.45 8.45 8.45 8.45 8.44 8.44 8.44 8.44 7.81 7.81 7.81 7.81 7.81 7.81 7.81 7.81 7.83 7.83 7.83 7.83 7.83 7.83 7.83 7.83 7.44 7.44 7.44 7.44 5.07 12.15 10.90 7.39 7.67 7.35 7.35 7.35 7.25 7.25 7.25 7.76 7.19 6.26 6.26 6.26 6.28 6.28 6.28 6.28 6.34 6.34 6.34 6.34 6.38 6.38 6.38 6.38 6.59 6.59 6.59 6.59 8.76
8.14 8.14 8.08 8.08 8.08 8.08 8.07 8.07 8.07 8.07 8.15 8.15 8.15 8.15 8.45 8.45 8.45 8.45 8.46 8.46 8.46 8.46 8.45 8.45 8.45 8.45 8.44 8.44 8.44 8.44 7.81 7.81 8.23 8.23 7.81 7.81 7.81 7.81 7.83 7.83 7.83 7.83 7.83 7.83 8.26 7.83 7.44 11.18 11.18 7.67 7.67 10.90 7.39 7.39 7.35 7.35 7.35 7.35 7.25 7.25 7.25 7.25 7.19 6.26 6.26 6.26 6.28 6.28 6.28 6.28 6.34 6.34 6.34 6.34 6.38 6.38 6.38 6.38 6.59 6.59 6.59 6.59 6.70
8.14 8.14 8.08 8.08 8.08 8.08 8.07 8.07 8.07 8.07 8.15 8.15 8.15 8.15 8.45 8.45 8.45 8.45 8.46 8.46 8.46 8.46 8.45 8.45 8.45 8.45 8.44 8.44 8.44 8.44 7.81 9.42 8.26 8.26 8.23 7.81 7.81 7.81 7.83 7.83 7.83 7.83 4.44 7.83 8.26 8.26 11.18 8.32 12.38 11.18 11.18 7.39 7.39 7.39 7.35 7.35 7.35 7.35 7.25 7.25 7.25 7.25 8.17 6.26 6.26 6.26 6.28 6.28 6.28 6.28 6.34 6.34 6.34 6.34 6.38 6.38 6.38 6.38 6.59 6.59 6.59 6.59 6.70
8.14 8.14 8.08 8.08 8.08 8.08 8.07 8.07 8.07 8.07 8.15 9.01 8.15 8.15 8.45 4.42 7.73 8.48 7.74 8.46 8.46 8.46 4.42 8.45 8.45 8.45 8.44 8.44 8.44 8.44 7.81 9.42 7.81 8.26 8.23 7.81 7.81 7.81 8.26 7.83 7.83 8.26 5.53 7.83 7.83 11.77 7.67 7.95 8.03 7.44 7.39 7.39 7.39 7.39 7.35 7.35 7.35 7.35 7.25 7.25 7.25 7.25 7.19 6.26 6.26 6.26 6.28 6.28 6.28 6.28 6.34 6.34 6.34 6.34 6.38 6.38 6.38 6.38 6.59 6.59 6.59 6.59 6.70
8.11 8.11 8.12 8.12 8.12 8.12 8.21 8.21 8.21 8.21 8.28 8.28 8.05 8.28 8.50 8.50 8.29 8.50 8.50 8.50 8.50 7.77 7.78 8.53 9.39 8.33 8.53 8.53 8.53 8.53 7.90 9.54 9.54 8.26 8.26 7.90 7.90 7.90 8.05 8.94 9.89 8.97 8.26 8.23 11.35 11.35 7.45 7.45 7.45 7.45 7.45 7.45 7.45 7.45 7.39 7.39 7.39 7.39 7.23 7.23 7.23 7.23 7.19 6.25 6.25 6.25 6.31 6.31 6.31 7.01 7.08 7.10 6.39 6.39 6.42 6.42 6.42 7.69 6.62 6.62 6.62 6.62 6.65
8.11 8.11 8.12 8.12 8.12 8.12 8.21 8.21 8.21 8.21 8.28 8.28 8.28 8.28 8.50 7.77 8.50 8.50 8.50 8.50 8.50 8.50 10.37 10.37 10.37 10.73 9.64 8.53 8.53 8.53 7.90 10.26 9.76 9.72 8.96 8.60 8.26 7.90 7.57 8.64 8.64 3.49 7.57 13.23 7.84 7.84 7.46 7.45 7.45 7.45 7.45 7.45 7.45 7.45 7.41 7.39 7.39 7.39 7.23 7.23 7.23 7.23 7.19 6.25 6.25 6.25 6.31 7.02 7.33 6.31 6.39 6.39 7.42 7.11 6.42 7.14 7.14 6.42 7.90 6.62 6.62 6.62 6.65
8.11 8.11 8.12 8.12 8.12 8.12 8.21 8.21 8.21 8.21 8.28 8.28 8.28 8.28 8.50 8.50 8.50 8.50 8.50 8.50 8.50 8.50 8.53 10.37 10.82 11.09 9.24 4.42 12.39 10.73 10.61 4.06 12.87 11.68 12.04 8.29 12.52 12.48 11.80 12.51 11.08 11.08 14.60 10.58 7.84 7.88 7.45 7.45 7.45 8.95 8.94 8.94 7.45 8.94 8.86 7.39 7.39 7.39 7.23 7.23 7.23 7.23 7.19 6.25 6.25 6.25 6.31 6.31 6.31 6.31 6.39 6.39 6.39 6.39 7.14 6.42 6.42 6.42 6.62 6.62 7.91 6.62 6.65
8.11 8.11 8.12 8.12 8.12 8.12 8.21 8.21 8.21 8.21 8.28 8.28 8.28 8.28 8.50 8.50 8.50 8.50 8.50 7.78 7.78 8.50 8.53 8.53 9.75 10.47 13.98 11.51 14.24 9.32 4.42 8.29 6.39 10.61 10.61 3.60 11.32 6.75 8.39 8.39 13.20 9.02 7.84 7.84 7.84 7.84 7.45 7.45 7.45 8.95 8.94 8.94 7.95 9.19 8.86 8.86 8.86 7.91 7.23 7.23 7.23 7.23 8.16 6.25 6.25 6.25 6.31 6.31 6.31 6.31 6.39 6.39 6.39 7.09 6.42 6.42 6.42 6.42 6.62 6.62 6.62 6.62 6.65
8.25 8.25 8.27 8.27 8.27 8.27 8.32 8.32 8.32 8.32 8.33 8.33 8.33 8.33 8.50 8.50 8.50 8.50 8.50 8.50 8.50 8.50 8.53 8.53 10.39 7.57 12.90 15.25 7.21 3.69 7.93 6.75 10.61 0.00 0.00 0.00 0.00 0.00 0.00 8.39 10.79 8.57 7.82 7.82 7.82 7.82 7.51 11.02 12.55 10.12 6.97 6.97 6.25 9.29 8.43 8.84 8.84 7.37 7.24 7.37 7.78 8.31 7.24 6.30 6.30 6.20 6.13 6.13 6.13 6.29 6.31 7.02 6.31 6.31 6.35 6.35 6.35 6.35 6.55 7.26 6.55 7.26 6.56
8.25 8.25 8.27 8.27 8.27 8.27 8.32 8.32 8.32 8.32 10.61 10.61 10.61 10.61 10.33 8.50 8.50 8.50 8.50 8.50 8.50 8.50 8.53 8.53 9.39 10.11 7.21 10.36 6.84 12.47 6.86 0.00 0.00 0.00 0.00 0.00 0.00 0.00 0.00 0.00 10.32 7.86 7.82 7.82 7.82 7.82 11.10 7.15 7.21 9.28 11.19 7.01 9.36 7.67 9.08 8.84 8.84 7.37 7.24 7.24 7.24 7.24 8.22 6.30 6.30 6.30 6.13 6.13 6.67 6.29 6.31 6.31 6.31 6.31 6.35 6.35 6.35 6.35 6.55 6.55 6.55 6.55 6.56
8.16 8.21 8.24 8.24 8.24 8.24 8.28 8.28 8.28 8.28 10.52 10.52 10.51 10.52 10.24 8.51 8.51 8.51 8.52 8.52 8.52 8.52 9.80 8.54 8.84 8.03 7.67 8.14 9.33 12.84 3.87 0.00 0.00 0.00 0.00 0.00 0.00 0.00 0.00 0.00 0.00 11.67 7.98 7.98 11.49 12.59 4.06 5.68 6.04 4.49 12.38 8.17 8.34 7.81 8.23 7.70 8.25 7.70 7.57 7.57 7.57 7.57 7.12 6.19 6.19 6.19 5.97 6.05 7.18 6.87 6.21 6.21 6.21 6.21 6.24 6.24 6.24 6.24 6.35 6.35 6.35 6.35 6.37
8.21 8.21 8.24 8.24 8.24 8.24 8.28 8.28 8.28 8.28 8.30 10.52 10.52 10.52 8.22 8.22 10.24 8.51 8.52 8.52 8.52 8.84 9.80 8.54 8.84 9.20 9.84 9.84 11.14 11.77 0.00 0.00 0.00 0.00 0.00 0.00 0.00 0.00 0.00 0.00 0.00 4.17 11.51 11.49 7.33 0.00 0.00 5.32 6.04 7.11 13.18 9.29 7.81 7.81 7.70 8.24 7.70 8.21 7.57 7.57 7.57 7.57 7.12 6.19 6.19 6.05 5.95 5.97 6.88 6.18 6.21 6.88 6.21 6.21 6.24 6.24 6.24 6.24 6.35 6.35 6.35 7.05 7.07
8.27 8.27 8.20 8.29 8.29 8.29 8.30 8.30 8.30 8.30 8.32 8.32 10.55 10.55 10.30 10.30 10.30 8.55 9.09 9.80 9.84 9.84 9.84 10.16 8.53 8.84 8.51 8.51 12.02 0.00 0.00 0.00 0.00 0.00 0.00 0.00 0.00 0.00 0.00 0.00 0.00 8.29 7.95 0.00 0.00 0.00 0.00 0.00 0.00 3.41 13.21 9.21 8.31 7.76 7.69 7.69 7.69 7.69 7.65 7.65 7.65 7.65 7.23 6.30 6.30 6.30 6.05 6.05 6.22 6.22 6.14 6.14 6.14 6.14 6.17 6.17 6.17 6.17 6.30 6.30 6.30 6.30 6.34
8.27 8.27 8.29 8.29 8.29 8.29 8.30 8.30 8.30 8.22 8.22 8.23 9.05 10.18 10.20 10.99 10.30 8.55 8.54 9.80 8.03 10.56 8.97 10.05 11.91 8.53 12.02 12.02 0.00 0.00 0.00 0.00 0.00 0.00 0.00 0.00 0.00 0.00 0.00 0.00 0.00 0.00 0.00 0.00 0.00 0.00 0.00 0.00 0.00 6.76 13.43 9.20 9.45 9.21 9.12 7.69 7.69 7.69 7.65 7.65 7.65 7.65 7.23 6.30 7.00 6.30 6.22 6.22 6.22 6.22 6.14 6.14 6.14 6.14 6.17 6.17 6.17 6.17 6.30 6.99 6.30 6.30 6.34
8.27 8.27 8.29 8.29 8.29 8.29 8.30 8.30 8.30 8.30 8.32 8.32 8.23 9.05 10.20 10.99 10.64 10.20 10.20 7.67 14.61 12.13 12.13 13.20 0.00 0.00 0.00 0.00 0.00 0.00 0.00 0.00 0.00 0.00 0.00 0.00 0.00 0.00 0.00 0.00 0.00 0.00 0.00 0.00 0.00 0.00 0.00 0.00 0.00 0.00 11.66 9.21 9.21 9.21 9.12 9.12 7.69 7.69 7.65 7.65 7.65 7.65 7.23 6.30 6.30 6.30 6.22 6.22 6.22 6.22 6.14 6.14 6.14 6.14 6.17 6.17 6.17 6.17 6.30 7.78 6.30 6.30 6.34
8.27 8.27 8.29 8.29 8.29 8.29 8.30 8.30 8.30 8.30 8.32 9.11 8.67 6.89 9.10 9.33 12.13 12.13 12.13 0.00 0.00 0.00 0.00 0.00 0.00 0.00 0.00 0.00 0.00 0.00 0.00 0.00 0.00 0.00 0.00 0.00 0.00 0.00 0.00 0.00 0.00 0.00 0.00 0.00 0.00 0.00 0.00 0.00 0.00 5.32 11.34 8.11 8.11 7.76 7.69 7.69 7.69 7.69 7.65 7.65 7.65 7.65 7.23 6.30 6.30 6.30 7.64 7.64 7.64 6.22 6.14 6.14 6.14 6.14 6.17 6.17 6.17 6.17 6.30 7.53 6.98 6.30 6.34
8.28 8.28 8.27 8.27 8.27 8.27 8.29 8.29 8.29 8.29 10.52 9.82 10.90 8.59 10.41 12.84 0.00 0.00 0.00 0.00 0.00 0.00 0.00 0.00 0.00 0.00 0.00 0.00 0.00 0.00 0.00 0.00 0.00 0.00 0.00 0.00 0.00 0.00 0.00 0.00 0.00 0.00 0.00 0.00 0.00 0.00 0.00 0.00 0.00 7.72 7.77 12.68 11.63 11.63 8.73 9.22 7.77 7.77 7.76 7.76 7.76 7.76 7.34 7.89 7.89 7.89 7.78 7.78 7.78 7.78 6.15 6.15 6.15 6.15 6.08 6.08 6.08 6.76 6.25 6.25 6.25 6.25 6.33
8.28 8.28 8.27 8.27 8.19 8.27 8.29 8.29 8.29 8.29 10.50 10.18 3.80 12.46 0.00 0.00 0.00 0.00 0.00 0.00 0.00 0.00 0.00 0.00 0.00 0.00 0.00 0.00 0.00 0.00 0.00 0.00 0.00 0.00 0.00 0.00 0.00 0.00 0.00 0.00 0.00 0.00 0.00 0.00 0.00 0.00 0.00 0.00 0.00 0.00 0.00 0.00 0.00 10.75 9.04 4.77 9.22 8.86 8.81 7.76 7.76 7.76 7.34 7.89 7.89 7.89 7.78 7.78 7.78 7.78 7.54 7.54 6.15 6.15 6.08 6.08 6.08 6.76 6.25 6.25 6.25 6.25 6.33
8.28 8.28 8.19 8.27 8.27 7.31 8.29 8.29 8.29 7.32 8.69 10.18 12.46 0.00 0.00 0.00 0.00 0.00 0.00 0.00 0.00 0.00 0.00 0.00 0.00 0.00 0.00 0.00 0.00 0.00 0.00 0.00 0.00 0.00 0.00 0.00 0.00 0.00 0.00 0.00 0.00 0.00 0.00 0.00 0.00 0.00 0.00 0.00 0.00 0.00 0.00 0.00 0.00 0.00 11.25 3.50 4.41 3.70 8.81 9.34 8.81 7.76 7.34 7.89 7.89 7.89 7.78 7.78 7.78 7.78 7.54 7.54 6.15 6.15 6.08 6.08 6.76 6.08 6.25 6.25 6.25 6.25 6.33
8.28 8.28 8.27 8.19 8.87 8.14 11.48 8.65 8.69 8.69 8.36 10.18 11.03 0.00 0.00 0.00 0.00 0.00 0.00 0.00 0.00 0.00 0.00 0.00 0.00 0.00 0.00 0.00 0.00 0.00 0.00 0.00 0.00 0.00 0.00 0.00 0.00 0.00 0.00 0.00 0.00 0.00 0.00 0.00 0.00 0.00 0.00 0.00 0.00 0.00 0.00 0.00 0.00 0.00 0.00 10.75 6.04 5.32 9.89 9.70 9.34 9.34 8.30 7.89 7.89 7.89 7.78 7.78 7.78 7.78 7.54 7.54 6.15 6.15 6.08 6.08 6.08 6.08 6.25 6.25 6.25 6.25 6.33
8.32 8.32 8.26 8.26 8.26 8.26 8.27 8.69 6.17 8.93 8.27 8.63 9.68 0.00 0.00 0.00 0.00 0.00 0.00 0.00 0.00 0.00 0.00 0.00 0.00 0.00 0.00 0.00 0.00 0.00 0.00 0.00 0.00 0.00 0.00 0.00 0.00 0.00 0.00 0.00 0.00 0.00 0.00 0.00 0.00 0.00 0.00 0.00 0.00 0.00 0.00 0.00 0.00 0.00 0.00 10.39 6.65 11.47 7.28 12.02 8.51 9.94 7.74 6.44 7.94 7.94 7.80 7.80 8.35 7.80 6.09 6.09 6.09 6.09 6.00 6.00 6.00 6.00 6.23 6.23 6.23 6.23 6.36
8.32 8.32 4.61 8.26 8.26 8.26 8.27 8.93 8.69 10.87 8.63 8.27 11.78 0.00 0.00 0.00 0.00 0.00 0.00 0.00 0.00 0.00 0.00 0.00 0.00 0.00 0.00 0.00 0.00 0.00 0.00 0.00 0.00 0.00 0.00 0.00 0.00 0.00 0.00 0.00 0.00 0.00 0.00 0.00 0.00 0.00 0.00 0.00 0.00 0.00 0.00 0.00 0.00 0.00 0.00 0.00 6.29 3.67 7.11 12.02 6.57 8.00 8.10 4.90 7.94 7.94 7.80 7.80 7.80 8.31 7.47 6.77 8.79 6.75 6.00 6.00 6.00 6.00 6.23 6.23 6.23 7.46 6.36
8.32 8.32 8.26 8.26 8.26 8.26 8.27 8.27 9.41 2.93 10.04 3.51 0.00 0.00 0.00 0.00 0.00 0.00 0.00 0.00 0.00 0.00 0.00 0.00 0.00 0.00 0.00 0.00 0.00 0.00 0.00 0.00 0.00 0.00 0.00 0.00 0.00 0.00 0.00 0.00 0.00 0.00 0.00 0.00 0.00 0.00 0.00 0.00 0.00 0.00 0.00 0.00 0.00 0.00 0.00 0.00 11.47 7.01 12.19 8.36 8.87 9.20 9.94 7.94 9.36 9.36 7.80 8.35 7.80 6.33 7.47 7.47 7.47 7.47 6.00 6.00 6.00 6.00 6.23 6.23 6.23 6.91 6.36
8.32 8.32 8.26 8.26 8.69 8.26 8.27 8.27 6.89 10.04 0.00 0.00 0.00 0.00 0.00 0.00 0.00 0.00 0.00 0.00 0.00 0.00 0.00 0.00 0.00 0.00 0.00 0.00 0.00 0.00 0.00 0.00 0.00 0.00 0.00 0.00 0.00 0.00 0.00 0.00 0.00 0.00 0.00 0.00 0.00 0.00 0.00 0.00 0.00 0.00 0.00 0.00 0.00 0.00 0.00 0.00 0.00 11.11 11.47 7.82 9.89 9.18 7.39 6.44 6.44 6.44 7.00 6.33 6.33 6.33 6.09 6.09 6.09 6.09 6.00 6.00 6.00 6.00 6.88 6.91 6.23 6.23 6.36
10.07 9.35 10.49 8.69 9.05 8.93 9.41 10.76 0.00 0.00 0.00 0.00 0.00 0.00 0.00 0.00 0.00 0.00 0.00 0.00 0.00 0.00 0.00 0.00 0.00 0.00 0.00 0.00 0.00 0.00 0.00 0.00 0.00 0.00 0.00 0.00 0.00 0.00 0.00 0.00 0.00 0.00 0.00 0.00 0.00 0.00 0.00 0.00 0.00 0.00 0.00 0.00 0.00 0.00 0.00 0.00 0.00 11.11 3.86 5.13 7.77 9.22 7.59 7.14 6.34 6.34 6.16 6.16 6.16 6.16 6.03 6.03 6.03 6.03 6.03 6.03 6.03 6.03 6.21 6.89 6.21 6.21 6.35
13.94 13.22 9.82 9.82 10.54 10.45 10.67 0.00 0.00 0.00 0.00 0.00 0.00 0.00 0.00 0.00 0.00 0.00 0.00 0.00 0.00 0.00 0.00 0.00 0.00 0.00 0.00 0.00 0.00 0.00 0.00 0.00 0.00 0.00 0.00 0.00 0.00 0.00 0.00 0.00 0.00 0.00 0.00 0.00 0.00 0.00 0.00 0.00 0.00 0.00 0.00 0.00 0.00 0.00 0.00 0.00 0.00 11.83 12.55 6.41 8.13 9.53 7.28 6.34 7.05 6.34 6.16 6.16 6.16 6.16 6.70 6.03 6.03 6.03 6.03 6.03 6.03 6.03 6.21 6.21 6.21 6.21 6.35
11.42 8.43 6.43 4.43 4.79 6.43 0.00 0.00 0.00 0.00 0.00 0.00 0.00 0.00 0.00 0.00 0.00 0.00 0.00 0.00 0.00 0.00 0.00 0.00 0.00 0.00 0.00 0.00 0.00 0.00 0.00 0.00 0.00 0.00 0.00 0.00 0.00 0.00 0.00 0.00 0.00 0.00 0.00 0.00 0.00 0.00 0.00 0.00 0.00 0.00 0.00 0.00 0.00 0.00 0.00 0.00 0.00 7.59 12.38 4.89 7.40 8.73 8.58 6.71 6.71 6.71 7.18 6.53 6.53 6.53 6.87 6.87 6.87 6.87 6.87 6.87 6.87 6.87 6.95 6.95 6.95 6.95 6.63
10.70 11.29 8.79 8.30 8.30 0.00 0.00 0.00 0.00 0.00 0.00 0.00 0.00 0.00 0.00 0.00 0.00 0.00 0.00 0.00 0.00 0.00 0.00 0.00 0.00 0.00 0.00 0.00 0.00 0.00 0.00 0.00 0.00 0.00 0.00 0.00 0.00 0.00 0.00 0.00 0.00 0.00 0.00 0.00 0.00 0.00 0.00 0.00 0.00 0.00 0.00 0.00 0.00 0.00 0.00 0.00 0.00 6.87 12.18 9.05 7.81 8.73 7.47 6.71 7.53 6.71 6.53 6.53 6.53 6.53 6.87 6.87 6.87 6.87 6.87 6.87 6.87 6.87 6.95 6.95 6.95 6.95 6.63
