New_Model_Runs/13_Future_RCP4.5_Scn3_out/post_prcessed_with_MFR/Monthly_summaries/net_infiltration_monthly_JUL.asc
NCOLS 700
NROWS 400
XLLCENTER 515000.000000
YLLCENTER 8409000.000000
CELLSIZE 50.000000
NODATA_value -999.000000
[rows 228 to 265 of 400, columns 84 to 167 of 700]
5.33 6.09 5.33 5.33 5.34 5.34 5.34 5.34 6.09 5.33 5.33 5.33 5.75 5.75 5.75 5.75 5.69 5.69 5.69 5.69 5.68 5.68 5.68 5.68 5.72 5.72 5.72 5.72 6.92 7.02 6.14 6.14 6.16 6.16 6.16 6.16 6.20 6.20 6.20 6.20 6.21 6.21 6.21 6.21 6.51 6.51 6.51 6.51 6.48 6.48 6.48 6.48 6.46 7.39 6.46 6.46 6.49 6.49 6.49 6.49 6.80 6.80 8.66 8.66 8.64 8.64 8.64 9.34 8.61 8.61 8.61 8.61 6.80 6.80 6.80 6.80 7.05 7.05 7.05 9.01 8.99 8.99 8.99 8.99
5.33 5.33 5.33 5.33 5.34 5.34 5.34 5.34 5.33 5.33 6.09 5.33 5.75 5.75 5.75 5.75 5.69 5.69 5.69 5.69 5.68 5.68 5.68 6.50 5.72 5.72 5.72 5.72 6.92 6.14 6.14 6.14 6.16 6.16 6.16 6.16 7.80 6.20 6.20 6.20 6.21 6.21 6.21 6.21 6.51 6.51 6.51 6.51 6.48 6.48 6.48 6.48 6.46 6.46 6.46 6.46 6.49 6.49 6.49 6.49 6.80 6.80 8.66 8.66 8.64 6.79 6.79 8.64 8.61 8.61 8.61 8.61 6.80 6.80 6.80 6.80 7.05 7.05 7.05 7.05 7.03 8.99 8.99 8.99
5.33 5.33 5.33 5.33 5.34 5.34 5.34 5.34 5.33 5.33 5.33 5.33 5.75 6.57 5.75 6.56 5.69 6.51 5.69 5.69 5.68 6.49 5.68 5.68 5.72 5.72 5.72 5.72 7.64 6.14 6.14 6.14 6.16 6.16 6.16 6.16 6.20 6.20 6.20 6.20 6.21 7.11 7.11 6.21 6.51 6.51 6.51 6.51 7.41 6.48 6.48 6.48 6.46 6.46 6.46 6.46 6.49 6.49 6.49 6.49 6.80 6.80 6.80 6.80 7.80 6.79 8.64 8.64 6.77 6.77 8.61 8.61 6.80 6.80 6.80 6.80 7.05 7.05 7.05 7.05 7.03 7.03 7.03 7.03
5.33 5.33 5.33 5.33 5.34 5.34 5.34 5.34 5.33 5.33 5.33 5.33 5.75 5.75 5.75 5.75 5.69 5.69 5.69 6.50 6.49 5.68 5.68 5.68 5.72 5.72 5.72 5.72 6.14 6.14 6.14 6.14 6.16 6.16 6.16 6.16 6.20 6.20 6.20 6.20 6.21 6.21 7.10 6.21 6.51 6.51 6.51 6.51 6.48 7.41 6.48 6.48 6.46 6.46 6.46 6.46 6.49 6.49 6.49 6.49 6.80 6.80 6.80 6.80 6.79 6.79 8.64 6.79 6.77 6.77 8.61 6.77 6.80 6.80 6.80 6.80 7.05 7.05 7.05 7.05 7.03 7.03 7.03 7.03
5.28 5.28 6.03 6.03 5.27 5.27 5.27 5.27 5.27 5.27 5.27 5.27 5.67 5.67 5.67 6.47 5.64 5.64 5.64 5.64 5.68 5.68 5.68 5.68 5.72 5.72 5.72 5.72 6.15 6.15 6.15 6.15 6.19 6.19 6.19 6.19 6.19 6.19 6.19 6.19 6.17 6.17 6.17 6.17 6.47 6.47 6.47 6.47 6.48 6.48 6.48 6.48 6.51 6.51 6.51 6.51 6.55 6.55 6.55 6.55 6.84 6.84 6.84 6.84 6.81 6.81 6.81 6.81 6.79 6.79 6.79 6.79 6.83 6.83 6.83 6.83 7.09 7.09 8.13 7.09 7.09 7.09 7.09 7.09
5.28 5.28 5.28 5.28 5.27 5.27 5.27 5.27 5.27 6.64 5.27 5.27 5.67 5.67 5.67 5.67 5.64 5.64 5.64 5.64 5.68 5.68 5.68 5.68 5.72 5.72 5.72 5.72 6.15 6.15 6.15 6.15 6.19 6.19 6.19 6.19 6.19 6.19 6.19 7.79 6.17 6.17 6.17 6.17 6.47 6.47 6.47 6.47 6.48 6.48 6.48 6.48 6.51 6.51 6.51 6.51 6.55 6.55 6.55 6.55 6.84 6.84 8.67 6.84 6.81 6.81 6.81 6.81 7.80 6.79 6.79 6.79 6.83 6.83 6.83 6.83 7.09 7.09 7.09 7.09 7.09 7.09 7.09 7.09
6.03 5.28 5.28 5.28 5.27 5.27 5.27 5.27 5.27 5.27 5.27 5.27 5.67 5.67 5.67 5.67 5.64 5.64 5.64 5.64 5.68 5.68 5.68 5.68 5.72 5.72 5.72 5.72 6.15 6.15 6.15 6.15 6.19 6.19 6.19 6.19 8.40 7.08 7.93 6.19 6.17 7.06 6.17 6.17 6.47 6.47 6.47 6.47 6.48 6.48 6.48 6.48 6.51 6.51 6.51 6.51 6.55 6.55 6.55 6.55 6.84 6.84 6.84 8.66 6.81 6.81 6.81 6.81 6.79 6.79 6.79 6.79 6.83 6.83 6.83 6.83 7.09 7.09 7.09 7.09 7.09 7.09 7.09 7.09
6.01 5.28 5.28 5.28 5.27 5.27 6.00 5.27 5.27 5.27 5.27 5.27 5.67 5.67 5.67 5.67 5.64 5.64 5.64 5.64 5.68 5.68 5.68 5.68 5.72 5.72 5.72 5.72 6.15 6.15 6.15 6.15 6.19 6.19 6.19 7.79 6.19 6.19 6.19 6.19 6.17 6.17 6.17 6.17 6.47 6.47 6.47 6.47 6.48 6.48 6.48 6.48 6.51 6.51 6.51 6.51 6.55 6.55 6.55 6.55 6.84 6.84 6.84 6.84 6.81 6.81 6.81 6.81 6.79 6.79 6.79 6.79 6.83 6.83 6.83 6.83 7.09 7.09 7.09 7.09 7.09 7.09 7.09 7.09
5.22 5.22 5.22 5.96 5.22 5.22 5.22 5.22 5.21 5.21 5.21 5.21 5.64 5.64 5.64 5.64 5.69 5.69 5.69 5.69 5.76 5.76 5.76 5.76 5.79 5.79 5.79 5.79 6.21 6.21 6.21 6.21 6.21 6.21 6.21 7.10 6.18 6.18 6.18 6.18 6.16 6.16 6.16 6.16 6.51 6.51 6.51 6.51 6.55 6.55 6.55 6.55 6.58 6.58 6.58 6.58 6.61 6.61 6.61 6.61 6.89 6.89 6.89 7.90 6.82 7.84 6.82 6.82 6.80 6.80 6.80 6.80 6.85 6.85 6.85 6.85 7.10 7.10 7.10 7.10 7.12 7.12 7.12 7.12
5.22 5.22 5.22 5.22 5.22 5.22 5.22 5.22 5.21 5.21 5.95 5.21 5.64 5.64 5.64 5.64 5.69 5.69 5.69 5.69 5.76 5.76 5.76 5.76 5.79 5.79 5.79 5.79 6.21 6.21 6.21 6.21 6.21 6.21 6.21 6.21 6.18 6.18 6.18 6.18 6.16 6.16 6.16 6.16 6.51 6.51 6.51 6.51 6.55 6.55 6.55 6.55 6.58 6.58 6.58 6.58 6.61 6.61 6.61 6.61 6.89 6.89 6.89 6.89 6.82 6.82 6.82 6.82 6.80 6.80 6.80 6.80 6.85 6.85 6.85 6.85 7.10 7.10 7.10 7.10 7.12 8.18 7.12 7.12
5.22 5.22 5.96 5.22 5.22 5.22 5.22 5.22 5.21 5.21 5.21 5.21 5.64 5.64 5.64 5.64 5.69 5.69 5.69 5.69 5.76 5.76 5.76 5.76 5.79 5.79 5.79 5.79 6.21 6.21 6.21 6.21 6.21 6.21 6.21 6.21 6.18 6.18 6.18 6.18 6.16 6.16 6.16 6.16 6.51 6.51 6.51 6.51 6.55 6.55 6.55 6.55 6.58 6.58 6.58 6.58 6.61 6.61 6.61 6.61 6.89 6.89 6.89 6.89 6.82 6.82 6.82 7.84 6.80 6.80 6.80 6.80 6.85 6.85 6.85 6.85 7.10 7.10 7.10 7.10 7.12 8.18 7.12 7.12
5.22 5.22 5.22 5.22 5.22 5.22 5.22 5.22 6.57 5.21 5.21 5.21 5.64 5.64 5.64 5.64 5.69 5.69 5.69 5.69 5.76 5.76 5.76 5.76 5.79 5.79 5.79 5.79 6.21 6.21 6.21 6.21 6.21 7.82 6.21 7.10 6.18 6.18 6.18 6.18 6.16 6.16 6.16 6.16 6.51 6.51 6.51 6.51 6.55 6.55 6.55 6.55 6.58 6.58 6.58 6.58 6.61 6.61 6.61 6.61 6.89 6.89 8.73 6.89 6.82 9.31 6.82 6.82 6.80 6.80 6.80 6.80 6.85 6.85 6.85 6.85 7.10 7.10 7.10 7.10 7.12 7.12 8.18 7.12
5.20 5.20 5.20 5.20 5.22 5.22 5.22 5.22 5.24 5.24 5.24 5.24 5.69 5.69 5.69 5.69 5.78 5.78 5.78 5.78 5.83 5.83 5.83 5.83 5.86 5.86 5.86 5.86 6.25 6.25 6.25 6.25 6.21 6.21 6.21 6.21 6.18 6.18 6.18 6.18 6.19 6.19 6.19 6.19 6.55 6.55 6.55 6.55 6.60 6.60 6.60 6.60 6.63 6.63 6.63 6.63 6.64 6.64 6.64 6.64 6.88 6.88 6.88 7.89 7.82 6.81 6.81 6.81 6.80 6.80 6.80 6.80 6.85 6.85 6.85 6.85 7.11 7.11 7.11 7.11 7.14 7.14 7.14 7.14
6.72 5.45 5.20 5.20 5.22 5.22 5.22 5.22 5.97 5.24 5.24 5.24 5.69 5.69 5.69 5.69 5.78 5.78 5.78 5.78 5.83 5.83 5.83 5.83 5.86 5.86 5.86 5.86 6.25 6.25 6.25 6.25 7.83 7.10 6.21 6.21 6.18 6.18 6.18 6.18 6.19 6.19 6.19 6.19 6.55 6.55 6.55 6.55 6.60 6.60 6.60 6.60 6.63 6.63 6.63 6.63 6.64 6.64 6.64 6.64 6.88 6.88 6.88 6.88 6.81 6.81 6.81 6.81 6.80 6.80 6.80 6.80 6.85 6.85 6.85 6.85 7.11 7.11 7.11 7.11 7.14 7.14 7.14 7.14
5.25 5.25 5.25 5.25 5.27 5.27 5.20 5.20 5.22 5.96 5.22 5.22 5.47 5.47 5.47 5.47 5.56 5.56 5.56 5.56 5.60 5.60 5.60 5.60 5.63 5.63 5.63 5.63 5.78 5.78 5.78 5.78 5.74 6.57 5.74 5.74 5.71 5.71 5.71 5.71 5.72 5.72 6.65 5.72 6.09 6.09 6.09 6.09 6.14 6.14 6.14 6.14 6.17 6.17 6.17 6.17 6.18 6.18 6.18 7.07 6.37 6.37 6.37 6.37 6.29 7.35 6.29 6.29 6.29 6.29 6.29 6.29 6.34 6.34 6.34 6.34 6.66 6.66 6.66 6.66 6.69 6.69 6.69 6.69
5.25 5.25 5.25 5.25 5.27 5.27 5.27 5.27 5.29 5.22 5.22 5.22 5.47 5.47 5.47 5.47 5.56 5.56 5.56 5.56 5.60 5.60 5.60 5.60 5.63 5.63 5.63 5.63 5.78 5.78 5.78 5.78 5.74 5.74 5.74 5.74 5.71 5.71 5.71 5.71 6.55 6.55 5.72 5.72 6.09 6.09 6.09 6.09 6.14 6.14 6.14 6.14 6.17 6.17 6.17 6.17 6.18 6.18 6.18 6.18 6.37 6.37 6.37 6.37 6.29 6.29 6.29 6.29 6.29 6.29 6.29 6.29 6.34 6.34 6.34 6.34 6.66 7.62 6.66 6.66 6.69 6.69 6.69 6.69
5.26 5.26 5.26 5.26 5.29 5.29 5.29 5.29 5.30 5.85 5.30 5.30 5.50 5.50 5.50 5.50 5.58 5.58 5.58 5.58 5.65 5.65 5.65 5.65 5.67 5.67 5.67 5.67 5.78 5.78 5.78 5.78 5.71 5.71 5.71 5.71 5.71 5.71 5.71 5.71 5.72 5.72 5.72 5.72 6.08 6.08 6.08 6.08 6.15 6.15 6.15 6.15 6.19 6.19 6.19 6.19 6.17 6.17 6.17 6.17 6.33 6.33 6.33 6.33 6.28 6.28 6.28 6.28 6.28 6.28 6.28 6.28 6.31 6.31 6.31 6.31 6.65 6.65 6.65 7.60 6.69 6.69 6.69 6.69
5.26 5.26 5.26 5.26 5.29 5.29 5.29 5.29 5.30 5.30 5.30 5.30 5.56 5.56 5.56 5.50 5.58 5.58 5.58 5.58 5.65 5.65 5.65 5.65 5.67 5.67 5.67 6.53 5.78 5.78 5.78 5.78 5.71 5.71 5.71 5.71 5.71 5.71 5.71 5.71 5.72 5.72 5.72 5.72 6.08 6.08 6.08 6.08 7.73 6.15 6.15 6.15 6.19 6.19 6.19 6.69 6.17 6.17 6.17 6.17 6.33 6.33 6.33 7.23 6.28 6.28 6.28 6.28 6.28 6.28 6.28 6.28 6.31 6.31 6.31 6.31 6.65 7.60 6.65 6.65 8.46 6.69 6.69 6.69
5.26 5.26 5.26 5.26 5.29 5.29 5.29 5.29 5.30 5.30 5.30 5.30 5.56 5.56 5.56 5.56 5.64 5.64 5.64 5.58 5.65 5.65 5.65 5.65 5.67 5.67 5.67 6.17 6.75 6.28 5.78 5.78 5.71 5.71 5.71 5.71 5.71 5.71 5.71 5.71 5.72 5.72 5.72 5.72 6.08 6.08 6.08 6.08 7.03 6.15 6.15 6.15 6.19 6.19 6.19 6.19 6.17 6.17 6.17 6.17 6.33 6.33 6.33 7.23 6.28 6.28 6.28 6.28 6.28 6.28 6.28 6.28 6.31 6.31 6.31 6.31 6.65 6.65 6.65 6.65 6.69 6.69 6.69 6.69
5.26 5.26 5.26 5.26 5.85 5.29 5.29 5.29 5.30 5.86 5.30 5.30 5.56 5.56 5.56 5.56 5.64 5.64 5.64 5.64 5.70 5.70 5.65 5.65 5.67 6.49 6.02 6.17 6.25 6.25 6.28 5.78 5.71 5.71 5.71 5.71 5.71 5.71 5.71 5.71 8.60 5.72 5.72 6.56 6.08 6.08 6.08 6.08 6.15 6.15 6.15 7.05 6.19 6.19 6.19 7.09 6.17 6.17 6.17 6.17 6.33 6.33 6.33 6.33 6.28 6.28 6.28 6.28 6.28 6.28 6.28 6.28 7.22 6.31 6.31 6.31 6.65 6.65 6.65 6.65 6.69 6.69 6.69 6.69
5.27 5.27 5.27 5.27 5.30 5.30 5.30 5.30 5.31 5.31 5.31 5.31 5.56 5.56 5.56 5.56 5.66 5.66 5.66 5.66 5.73 5.73 5.73 5.73 6.03 5.67 6.17 6.17 6.25 6.28 6.61 5.76 5.70 5.70 5.70 5.70 5.71 5.71 7.11 7.11 8.61 5.73 5.73 5.73 6.06 6.06 6.06 6.06 6.12 6.12 6.12 7.02 6.18 6.18 6.18 7.80 6.14 6.14 6.14 6.14 6.30 6.30 6.30 6.30 6.28 6.28 6.28 7.18 6.27 6.27 6.27 6.27 7.19 6.28 6.28 6.28 6.64 6.64 6.64 6.64 6.70 6.70 6.70 7.66
5.27 5.27 5.27 5.27 5.30 5.30 5.30 5.30 5.31 5.31 5.31 5.31 5.56 5.56 5.56 5.56 5.66 6.75 5.66 5.66 5.73 5.73 5.73 5.73 5.73 5.73 5.73 6.57 6.28 4.08 5.76 5.76 5.70 5.70 5.70 5.70 5.71 5.71 7.11 7.11 7.14 7.14 6.57 5.73 6.06 6.06 6.06 6.06 6.12 6.12 6.12 6.12 6.18 6.18 6.83 6.83 6.14 7.04 6.14 7.09 6.30 6.30 6.30 6.30 6.28 6.28 6.28 6.28 6.27 6.27 6.27 6.27 6.28 6.28 6.28 6.28 6.64 6.64 6.64 6.64 6.70 6.70 6.70 6.70
5.27 5.27 5.27 5.27 5.30 5.30 5.30 5.30 5.31 5.31 5.31 5.31 5.56 5.56 5.56 5.56 5.66 5.66 5.66 5.66 5.73 6.81 5.73 9.70 6.81 5.73 5.73 5.73 5.85 6.76 5.85 5.85 5.70 5.70 5.70 5.70 5.71 5.71 5.71 7.11 7.14 7.14 7.14 5.73 6.06 6.06 6.06 6.06 6.12 6.12 6.12 6.12 6.18 7.07 6.83 6.83 6.14 6.14 6.14 6.14 6.30 6.30 6.30 6.30 6.28 6.28 6.28 6.28 6.27 6.27 6.27 6.27 6.28 6.28 6.28 6.28 6.64 6.64 6.64 6.64 6.70 6.70 6.70 7.66
5.27 5.27 5.27 5.27 5.30 5.30 5.30 5.30 5.31 5.31 5.86 5.31 5.56 5.56 5.56 5.56 5.66 6.75 5.66 5.66 6.81 6.81 7.24 7.24 6.81 5.73 5.73 5.73 5.85 5.85 5.97 6.81 5.79 5.79 5.79 5.70 5.71 5.71 5.71 7.11 7.14 7.64 7.14 7.14 7.65 6.06 6.06 6.06 6.12 6.12 6.12 6.12 6.18 6.18 6.18 7.40 6.14 6.14 6.14 6.14 6.30 6.30 6.30 6.30 6.28 7.36 6.41 6.28 6.27 6.27 6.27 6.27 6.28 6.28 6.28 6.28 6.64 6.64 6.64 6.64 6.70 6.70 6.70 7.66
5.28 5.28 5.28 5.28 5.30 5.30 5.30 5.30 5.30 5.30 5.86 5.30 5.57 5.57 5.57 5.57 5.65 5.65 5.65 5.65 6.81 7.61 6.85 7.24 7.24 6.47 6.10 5.72 5.97 5.85 7.09 5.85 5.80 5.80 5.80 5.80 6.99 6.99 7.12 7.12 7.14 7.64 7.64 5.73 6.04 6.04 6.04 6.04 6.08 6.08 6.08 6.08 6.83 6.83 6.15 7.05 6.12 6.12 6.12 6.12 6.30 6.30 7.21 6.30 6.29 7.15 7.15 6.29 6.26 6.26 7.17 6.26 6.25 6.25 6.25 6.25 6.64 6.64 6.64 6.64 6.70 6.70 6.70 6.70
5.28 5.28 5.28 5.28 5.30 5.30 5.30 5.30 5.30 5.30 5.30 5.30 5.57 5.57 5.57 5.57 5.65 5.65 5.65 5.65 6.81 8.33 8.70 8.33 7.96 4.43 4.06 3.31 7.72 5.85 7.09 5.85 5.80 5.80 5.80 5.80 5.80 5.80 5.80 6.99 7.02 7.02 7.14 5.73 6.04 6.04 6.04 6.04 6.08 6.08 6.08 6.08 6.15 6.83 6.29 8.49 6.12 6.12 6.12 6.12 6.30 7.38 6.30 6.30 6.29 6.29 6.29 6.29 6.26 6.26 6.26 6.26 6.25 6.25 6.25 6.25 6.64 6.64 6.64 6.64 6.70 6.70 6.70 7.66
5.28 5.28 5.48 6.58 5.30 6.32 5.30 5.86 5.30 5.30 5.30 5.30 5.57 6.81 6.81 6.89 6.81 6.81 6.81 5.65 7.55 5.17 4.80 9.07 8.05 10.85 11.59 11.22 7.35 7.72 6.60 5.85 5.80 5.80 5.80 5.80 5.80 7.00 5.95 5.80 7.02 7.02 7.45 7.02 7.39 6.04 6.04 6.04 6.08 6.08 6.08 6.08 6.15 6.83 6.83 8.49 6.12 6.12 6.12 7.13 7.38 7.38 7.38 7.38 6.29 6.29 6.29 6.29 6.26 6.26 6.26 6.26 6.25 6.25 6.25 6.25 6.64 6.64 6.64 6.64 6.70 6.70 6.70 6.70
6.15 5.48 6.58 6.58 5.30 5.86 5.30 5.30 5.30 5.30 5.30 5.30 5.57 5.57 5.57 6.81 6.81 6.81 5.65 6.81 8.29 5.17 7.31 10.80 0.00 0.00 0.00 0.00 0.00 10.60 2.98 6.60 5.80 5.80 5.80 5.80 7.00 7.09 7.09 5.80 5.82 7.02 7.02 7.46 7.39 6.10 6.10 6.10 6.08 6.08 6.08 6.08 6.15 6.83 6.83 6.83 6.12 6.12 6.12 6.12 7.38 7.38 4.59 7.38 6.29 6.29 6.29 6.29 6.26 6.26 6.26 6.26 6.25 6.25 6.25 6.25 6.64 6.64 6.64 6.64 6.70 6.70 6.70 6.70
5.29 5.49 6.58 6.58 5.86 5.30 5.30 5.30 5.30 5.30 5.30 5.30 5.58 6.17 5.58 5.58 6.81 5.65 6.81 6.81 10.85 7.31 0.00 0.00 0.00 0.00 0.00 0.00 0.00 0.00 10.60 6.96 5.81 5.81 5.81 5.81 5.79 7.09 7.09 5.79 5.81 7.00 7.72 7.00 7.38 7.38 6.09 6.09 6.10 6.10 6.10 6.05 6.11 8.16 6.83 6.83 6.25 6.12 6.12 6.12 6.31 7.39 6.31 6.31 6.29 6.29 7.20 6.29 6.24 6.24 7.15 8.27 7.15 6.24 6.24 6.24 6.63 6.63 6.63 6.63 6.70 6.70 6.70 6.70
6.58 5.49 6.58 6.50 5.30 5.30 5.30 5.49 5.30 5.30 5.30 5.30 5.58 5.58 5.58 5.58 5.65 5.65 5.65 9.28 0.37 0.00 0.00 0.00 0.00 0.00 0.00 0.00 0.00 0.00 0.00 11.77 8.12 5.81 5.81 5.81 5.79 5.79 7.09 5.79 5.81 7.00 7.00 7.46 7.95 7.38 6.75 6.09 6.10 6.10 6.10 6.10 6.17 6.17 6.17 6.83 6.83 6.83 6.12 6.12 7.39 7.15 6.31 6.31 6.29 7.20 6.29 7.37 6.24 6.24 6.24 6.24 6.24 6.24 6.24 6.24 6.63 6.63 6.63 6.63 6.70 6.70 6.70 7.68
6.84 6.84 6.84 6.84 5.55 5.33 5.33 5.33 5.87 5.33 5.33 5.33 5.53 5.53 5.53 5.53 5.59 5.59 9.72 0.00 0.00 0.00 0.00 0.00 0.00 0.00 0.00 0.00 0.00 0.00 0.00 4.37 7.93 7.56 6.07 5.70 6.32 5.68 5.68 5.68 5.69 5.69 6.80 7.91 7.39 6.91 5.74 5.74 5.75 5.75 5.75 5.75 5.81 5.81 5.81 7.02 6.93 8.61 5.73 6.25 5.85 5.85 5.85 5.85 5.83 5.83 5.83 5.83 5.78 5.78 5.78 5.78 5.78 5.78 5.78 5.78 6.02 6.02 6.02 6.02 6.10 6.10 6.70 7.07
6.84 6.84 6.84 5.55 6.84 5.33 5.33 5.33 5.33 5.33 5.33 5.33 5.53 6.58 7.33 9.96 7.57 10.09 0.00 0.00 0.00 0.00 0.00 0.00 0.00 0.00 0.00 0.00 0.00 0.00 0.00 0.00 7.05 4.53 8.94 6.07 5.68 5.68 5.73 5.68 5.69 5.69 6.80 7.49 6.91 6.91 5.74 5.74 5.75 5.75 5.75 5.75 5.81 5.81 5.81 7.02 6.93 6.93 7.02 5.82 5.94 5.85 5.85 5.85 7.37 5.83 6.68 5.83 5.78 5.78 5.78 5.78 5.78 5.78 5.78 6.39 6.02 6.02 6.02 6.02 6.10 6.10 6.10 6.48
6.84 7.23 6.84 6.84 5.54 5.31 5.31 5.31 5.32 5.32 5.32 5.32 6.59 6.59 7.33 8.20 12.19 0.00 0.00 0.00 0.00 0.00 0.00 0.00 0.00 0.00 0.00 0.00 0.00 0.00 0.00 0.00 7.05 8.30 7.93 6.05 5.65 5.65 5.65 7.17 5.67 5.67 5.67 6.77 6.90 7.39 8.05 6.90 5.73 5.73 5.73 5.73 5.79 5.79 5.79 7.02 6.74 7.34 6.93 5.80 5.93 5.93 6.87 6.25 5.81 5.81 5.81 5.81 5.78 5.78 5.78 5.78 5.79 5.79 5.79 5.79 5.99 5.99 5.99 5.99 6.08 6.08 6.08 6.08
5.31 6.84 6.84 5.54 5.31 5.31 5.31 5.31 5.32 5.32 5.32 5.32 6.59 6.59 7.70 11.45 10.71 0.00 0.00 0.00 0.00 0.00 0.00 0.00 0.00 0.00 0.00 0.00 0.00 0.00 0.00 0.00 7.05 8.62 8.48 7.16 5.65 5.65 5.65 5.65 5.67 5.67 5.67 6.77 7.39 7.34 7.39 6.90 5.73 5.73 5.73 5.73 5.79 5.79 5.79 5.79 1.77 8.17 5.80 6.46 5.93 7.13 9.49 5.93 6.85 5.90 5.90 5.90 5.78 5.78 5.78 5.78 5.79 5.79 5.79 5.79 6.99 5.99 5.99 5.99 6.08 6.97 6.97 6.70
5.31 5.31 5.31 5.31 5.31 5.31 5.85 5.31 5.32 5.32 5.55 5.32 6.59 7.70 11.32 10.62 0.00 0.00 0.00 0.00 0.00 0.00 0.00 0.00 0.00 0.00 0.00 0.00 0.00 0.00 0.00 0.00 10.82 7.56 9.22 7.86 6.75 5.65 5.65 5.84 5.67 5.67 7.06 6.77 6.90 7.39 7.39 6.90 5.73 5.73 5.73 6.65 6.69 5.79 5.79 7.30 6.27 8.20 5.80 5.80 5.93 7.13 6.87 6.87 6.05 5.90 5.90 5.90 5.87 5.87 5.87 5.78 5.79 5.79 5.79 5.79 5.99 5.99 5.99 5.99 6.94 6.08 6.70 6.70
5.31 5.31 5.31 6.84 7.11 6.84 5.31 5.31 6.84 5.32 5.32 5.32 7.70 7.21 11.21 0.00 0.00 0.00 0.00 0.00 0.00 0.00 0.00 0.00 0.00 0.00 0.00 0.00 0.00 0.00 0.00 0.00 5.93 11.93 8.23 8.12 5.65 7.06 7.06 7.06 7.06 7.06 7.06 7.49 8.21 7.39 7.88 6.90 5.73 5.73 5.73 6.65 6.69 5.79 6.60 2.51 10.71 6.17 6.43 5.80 5.93 6.87 7.13 7.13 7.13 5.90 7.05 5.90 6.83 5.87 5.87 5.87 5.88 5.88 5.79 5.79 5.99 5.99 5.99 5.99 6.08 6.08 6.08 6.70
5.31 5.31 5.31 6.74 7.11 7.21 5.30 5.30 5.30 5.54 6.84 7.48 7.95 10.34 0.00 0.00 0.00 0.00 0.00 0.00 0.00 0.00 0.00 0.00 0.00 0.00 0.00 0.00 0.00 0.00 0.00 0.00 0.00 8.54 10.19 5.64 7.06 8.03 5.62 5.62 5.65 7.06 7.06 6.82 6.92 7.39 5.73 5.73 5.73 5.73 5.73 6.93 7.02 5.78 7.05 3.99 9.24 7.29 5.78 5.78 5.90 5.90 6.85 8.17 7.13 7.23 5.89 5.89 5.88 5.88 5.88 5.88 5.88 5.88 5.88 5.88 6.02 6.02 5.96 5.96 6.03 6.03 6.03 6.70
8.94 8.94 8.94 6.05 7.70 7.70 5.67 5.30 5.30 5.30 6.84 7.58 10.71 0.00 0.00 0.00 0.00 0.00 0.00 0.00 0.00 0.00 0.00 0.00 0.00 0.00 0.00 0.00 0.00 0.00 0.00 0.00 0.00 5.64 10.38 7.92 7.06 5.62 5.62 5.62 5.65 5.65 10.68 6.82 7.63 6.89 6.10 5.73 5.73 5.73 5.73 6.93 7.02 6.15 8.00 4.74 5.48 8.77 6.40 5.78 5.90 5.90 7.13 7.13 6.04 7.23 5.89 5.89 5.88 5.88 5.88 5.88 5.88 5.88 5.88 5.88 6.02 6.02 6.02 6.02 6.09 6.03 6.03 6.03
