New_Model_Runs/13_Future_RCP4.5_Scn3_out/post_prcessed_with_MFR/Monthly_summaries/net_infiltration_monthly_JAN.asc
NCOLS 700
NROWS 400
XLLCENTER 515000.000000
YLLCENTER 8409000.000000
CELLSIZE 50.000000
NODATA_value -999.000000
[rows 222 to 258 of 400, columns 249 to 331 of 700]
12.70 12.70 12.70 12.80 12.80 12.80 12.80 12.76 12.76 12.76 10.99 10.82 10.82 10.82 10.82 17.57 13.94 13.83 21.51 21.85 21.85 21.85 21.85 21.25 22.20 21.36 21.36 15.33 17.70 17.41 13.33 12.64 12.64 10.54 10.54 11.70 10.40 10.40 10.40 11.48 6.16 8.81 13.01 10.31 11.45 10.31 10.31 10.23 10.23 10.23 10.23 10.21 10.21 10.21 10.65 10.29 10.29 11.80 12.27 11.04 12.91 12.17 6.90 6.90 6.90 10.31 10.31 10.70 11.93 8.02 8.02 6.01 11.95 6.38 5.85 7.41 7.41 7.41 7.41 2.60 2.60 0.00 0.00
12.70 12.70 12.70 12.80 12.80 12.80 12.80 12.76 12.76 12.76 12.29 10.82 10.82 10.82 10.85 17.57 13.94 21.51 21.51 21.85 21.85 21.85 21.85 21.25 21.25 21.25 22.31 17.89 17.04 10.77 10.77 12.64 10.54 11.34 10.54 10.74 10.40 11.70 11.17 10.24 12.27 6.53 9.55 12.11 11.74 12.56 10.31 10.23 10.23 10.23 10.23 10.21 10.21 10.21 10.65 10.29 10.75 15.42 11.65 10.67 11.41 8.39 8.05 6.90 11.42 7.27 10.68 11.80 10.67 11.65 11.65 2.38 2.38 7.41 8.15 10.52 10.15 9.18 7.41 7.41 2.60 0.00 0.00
12.43 12.76 12.76 12.17 12.17 12.17 12.17 12.82 12.48 12.82 12.82 10.83 11.37 13.82 17.56 25.21 21.58 21.49 21.49 21.83 21.83 21.83 21.83 21.49 21.77 21.35 22.56 18.56 10.72 10.72 10.72 11.55 10.40 10.40 10.40 10.71 9.62 9.62 10.34 10.27 10.27 7.83 6.95 8.81 11.74 11.74 10.34 11.05 10.24 10.24 10.24 10.25 10.25 10.25 10.65 10.75 14.38 9.01 8.39 11.65 2.78 8.39 8.64 6.90 6.90 8.39 2.78 6.03 11.65 8.39 8.39 8.32 7.41 7.41 8.52 8.15 7.41 9.58 10.89 7.78 2.60 0.00 0.00
12.76 12.76 12.76 12.17 12.17 12.17 12.17 12.82 12.82 12.82 12.82 11.37 16.50 13.86 25.22 21.49 22.04 21.49 21.49 21.83 21.83 21.83 21.83 21.49 21.86 14.64 17.39 13.24 11.09 10.72 10.72 10.40 11.24 10.40 10.75 10.34 9.62 9.62 11.01 10.27 10.27 10.27 12.11 11.44 8.44 14.95 10.34 10.24 11.05 10.24 10.24 10.25 10.25 10.25 10.25 10.28 14.38 9.01 8.02 11.65 12.02 2.78 2.41 10.89 9.80 6.03 6.03 6.03 3.18 10.15 10.15 7.78 7.41 10.15 10.52 10.70 8.15 7.41 8.15 3.34 2.60 2.60 0.00
12.19 12.19 12.19 12.33 12.33 12.33 12.33 12.59 12.59 12.59 12.59 15.43 13.86 17.49 21.67 21.76 21.76 21.76 21.66 21.63 21.63 21.63 23.67 20.90 21.28 17.74 17.37 13.24 12.49 12.12 10.12 9.82 9.82 10.64 10.15 10.12 8.94 8.94 9.76 9.51 9.51 9.51 9.88 13.74 11.24 8.85 10.23 10.23 9.48 9.48 9.48 7.13 9.49 10.53 7.13 13.02 9.66 7.67 7.20 7.20 10.83 5.79 5.79 10.83 11.57 6.53 2.16 6.87 3.24 9.36 2.96 4.28 10.48 4.28 4.28 5.02 5.39 4.28 4.65 4.28 4.28 4.65 0.00
12.19 12.19 12.19 12.33 12.33 12.33 12.33 12.59 12.59 12.59 12.59 15.43 17.49 17.49 21.76 21.87 21.87 21.76 21.66 21.63 21.63 22.00 24.72 20.90 21.28 17.52 12.78 12.49 12.12 12.12 10.12 9.82 9.82 9.82 10.15 8.94 8.94 8.94 8.94 9.51 9.51 9.51 11.46 9.22 12.16 7.97 11.40 9.85 9.48 9.48 9.48 9.75 10.19 7.13 7.13 6.89 13.29 7.67 5.79 5.79 5.79 5.79 7.20 2.53 10.47 6.53 1.96 5.59 1.93 1.66 1.66 4.28 4.28 4.42 3.36 5.39 5.02 4.65 4.65 3.36 3.36 0.00 0.00
12.22 13.55 12.22 12.33 12.33 12.33 12.33 12.58 12.58 12.58 12.58 15.47 17.47 17.34 22.24 22.48 22.11 21.62 21.62 21.76 21.76 22.13 23.33 21.68 16.12 12.49 10.12 9.89 11.83 11.83 9.89 10.42 9.66 9.66 10.07 8.94 8.94 8.94 8.94 9.54 9.54 9.54 11.46 8.85 7.97 11.60 11.79 9.22 9.89 7.13 9.52 9.50 9.22 9.22 8.48 6.89 13.01 5.93 5.79 2.16 2.16 7.20 7.20 9.36 9.36 3.24 5.56 5.56 1.66 1.66 0.00 2.99 0.00 0.00 0.00 0.00 0.00 0.00 0.00 0.00 0.00 0.00 0.00
13.55 13.55 12.22 12.33 12.33 12.33 12.33 12.58 12.58 12.45 12.82 15.11 15.87 17.47 22.11 22.24 22.24 21.62 21.62 21.76 21.76 22.50 22.61 16.91 10.12 10.12 10.12 9.89 9.89 11.83 11.83 10.42 9.66 9.66 9.66 9.79 9.79 9.79 9.79 9.54 9.54 9.54 12.47 11.07 9.96 11.98 11.88 9.55 8.85 10.56 9.89 9.50 9.96 3.66 7.85 6.30 5.75 11.45 7.45 2.12 9.08 2.90 7.08 7.20 7.20 3.61 2.30 1.66 0.00 0.00 0.00 0.00 0.00 0.00 0.00 0.00 0.00 0.00 0.00 0.00 0.00 0.00 0.00
14.97 13.55 12.22 12.33 12.33 12.33 12.33 12.58 12.58 12.58 12.58 12.73 15.11 17.47 21.74 21.74 21.74 21.62 21.62 21.72 21.76 23.99 25.87 13.93 10.12 10.12 10.12 9.89 9.89 9.89 10.63 9.66 9.66 9.66 9.66 9.79 9.79 9.79 9.79 9.54 9.54 9.54 9.96 10.70 9.96 2.91 6.02 11.60 8.22 9.22 8.85 9.50 7.28 7.10 11.85 7.23 6.49 2.87 9.61 9.24 7.45 9.98 7.08 7.20 3.24 3.61 2.40 2.40 0.00 0.00 0.00 0.00 0.00 0.00 0.00 0.00 0.00 0.00 0.00 0.00 0.00 0.00 0.00
13.55 12.22 12.79 12.33 12.33 12.33 12.33 12.58 12.58 12.58 12.58 12.73 12.73 18.73 22.49 22.48 21.62 21.62 21.87 21.72 21.87 21.72 25.34 10.12 10.12 10.12 10.12 9.89 9.89 9.89 9.89 9.66 9.66 9.66 9.66 9.79 9.79 9.79 11.70 11.36 9.54 9.54 11.73 8.48 9.62 9.34 2.39 11.60 11.48 2.36 5.98 12.11 6.17 10.09 8.59 8.19 7.08 11.84 7.08 9.15 8.21 7.08 7.96 7.20 7.20 7.32 0.00 0.00 0.00 0.00 0.00 0.00 0.00 0.00 2.99 0.00 0.00 0.00 0.00 0.00 0.00 0.00 0.00
12.24 12.24 12.24 12.37 12.37 12.37 12.37 12.55 12.55 12.55 12.55 12.68 12.54 19.18 22.46 22.35 21.61 21.71 22.45 22.42 21.68 21.86 14.63 11.00 9.97 10.76 9.97 9.76 9.76 9.76 9.76 9.71 9.71 9.71 9.71 9.88 9.88 9.88 11.82 11.09 11.09 11.09 8.48 8.48 7.97 7.97 2.88 6.39 6.02 5.98 5.98 8.22 2.73 10.09 7.85 7.96 2.12 10.71 7.08 8.21 8.21 8.58 8.58 7.08 7.69 7.26 1.66 0.00 0.00 0.00 0.00 0.00 0.00 0.00 2.99 0.00 0.00 0.00 0.00 0.00 0.00 0.00 0.00
12.24 12.24 12.24 12.37 12.37 12.37 12.37 12.55 12.55 12.55 12.55 12.68 12.68 19.18 21.62 22.22 21.65 21.61 21.98 22.53 21.86 21.86 14.63 9.97 10.76 9.97 9.97 9.76 9.76 9.76 9.76 9.71 9.71 9.71 9.71 9.88 9.88 9.88 9.88 9.57 11.09 11.09 11.09 18.57 9.25 9.25 6.39 12.93 2.39 7.85 7.85 8.96 2.73 8.22 9.50 2.12 2.12 5.75 5.75 7.45 7.45 7.45 3.49 9.87 7.57 9.62 1.66 0.00 2.03 0.00 0.00 0.00 0.00 2.99 2.99 2.99 0.00 0.00 0.00 0.00 0.00 0.00 0.00
12.24 12.24 12.24 12.37 12.37 12.37 12.37 12.55 12.55 12.55 12.55 12.68 12.68 18.94 23.62 22.02 21.65 22.02 22.77 22.43 21.87 25.54 11.49 10.34 9.97 9.97 9.97 9.76 9.76 9.76 9.76 9.71 12.17 9.71 9.71 9.88 9.88 9.88 10.66 9.57 11.40 11.09 18.57 18.57 16.70 6.02 2.39 7.97 7.97 7.97 10.21 10.46 10.09 10.09 10.09 7.08 7.08 2.49 6.12 7.45 7.08 7.08 2.83 2.83 3.20 10.24 1.66 2.03 1.66 1.66 0.00 0.00 0.00 0.00 0.00 0.00 0.00 0.00 0.00 0.00 0.00 0.00 0.00
12.24 12.24 12.24 12.37 12.37 12.37 12.37 12.55 12.55 12.55 12.55 12.68 15.31 27.07 23.62 21.65 22.02 20.65 21.02 23.49 22.75 28.17 11.12 10.34 10.34 13.66 10.96 9.76 9.76 9.76 9.76 9.71 9.71 9.71 9.71 9.88 9.88 9.88 9.88 11.40 11.40 20.14 18.57 16.70 22.20 18.57 19.85 20.81 10.21 8.22 10.58 10.21 10.21 10.09 10.04 9.61 7.45 7.08 7.08 6.12 9.61 9.50 2.83 3.20 3.95 7.07 1.66 1.66 1.66 1.66 0.00 0.00 0.00 0.00 0.00 0.00 0.00 0.00 0.00 0.00 0.00 0.00 0.00
12.32 12.32 12.32 12.49 12.49 12.49 12.49 12.58 12.58 12.58 12.58 12.62 14.12 27.04 23.20 23.15 20.28 13.85 13.85 21.60 22.75 26.38 25.23 18.06 14.03 19.18 18.80 10.20 9.83 10.20 9.83 9.82 10.58 9.82 9.82 9.86 9.86 9.86 9.86 11.68 20.07 20.07 22.57 23.20 22.57 21.55 21.18 21.18 21.95 10.16 10.58 10.58 10.21 10.16 10.16 9.89 7.94 7.57 7.08 11.08 9.87 2.83 0.00 0.00 0.00 1.66 1.66 0.00 1.66 1.66 0.00 0.00 0.00 0.00 0.00 0.00 0.00 0.00 0.00 0.00 0.00 0.00 0.00
12.32 12.32 12.32 12.49 12.49 12.49 12.49 12.58 12.58 12.58 12.58 12.62 23.62 27.25 27.10 26.78 21.69 13.85 13.85 13.48 21.60 26.38 23.54 16.55 13.66 13.29 18.43 10.61 9.83 10.20 10.20 9.82 9.82 9.82 9.82 9.86 9.86 9.86 9.86 8.85 24.07 22.20 18.94 18.94 13.07 17.44 13.82 19.68 19.31 18.57 7.97 7.97 10.21 10.04 10.21 9.73 7.82 8.58 8.71 7.08 10.83 2.83 0.00 0.00 0.00 0.00 0.00 0.00 0.00 0.00 0.00 0.00 0.00 0.00 0.00 0.00 0.00 0.00 0.00 0.00 0.00 0.00 0.00
12.32 12.32 12.32 12.49 12.49 12.49 12.49 12.58 12.58 12.58 12.58 14.12 27.62 24.12 27.47 23.15 21.69 21.69 13.85 17.10 17.10 23.54 21.99 21.69 16.55 16.55 20.00 9.83 9.83 11.31 11.68 11.31 11.74 9.82 9.82 9.86 9.86 9.86 11.41 6.54 16.70 20.22 13.45 18.57 19.94 18.57 22.20 13.56 19.31 19.68 18.94 2.73 7.85 10.09 10.04 7.08 9.15 7.08 8.71 10.74 2.62 12.48 0.00 0.00 0.00 0.00 0.00 0.00 0.00 0.00 0.00 0.00 0.00 0.00 0.00 0.00 0.00 0.00 0.00 0.00 0.00 0.00 0.00
12.32 12.32 12.32 12.49 12.49 12.49 12.49 12.58 12.58 12.95 12.11 13.67 24.49 18.39 15.14 23.84 26.78 23.54 17.10 23.54 21.99 19.91 22.75 20.50 19.22 21.69 22.06 15.39 11.70 12.07 13.67 9.67 8.08 2.42 8.45 8.82 9.86 9.86 22.06 17.07 16.70 20.31 19.31 13.45 13.45 18.57 16.70 16.70 14.19 22.28 15.67 20.05 9.22 7.85 10.09 7.08 7.08 11.02 9.47 3.73 3.10 11.86 4.82 0.00 0.00 0.00 0.00 0.00 0.00 0.00 0.00 0.00 0.00 0.00 0.00 0.00 0.00 0.00 0.00 0.00 0.00 0.00 0.00
12.41 12.41 12.41 12.57 12.57 12.57 12.57 12.61 12.61 15.87 13.67 14.28 23.62 17.65 14.76 17.28 17.65 21.95 13.48 19.91 22.75 21.55 21.55 20.80 22.10 20.17 18.43 19.80 20.46 20.66 23.44 23.44 23.07 21.69 16.55 22.43 21.69 21.69 18.43 13.45 22.20 20.22 18.94 18.57 18.57 13.07 13.07 16.70 14.19 20.42 19.31 20.68 18.57 7.85 9.21 8.71 8.71 15.16 13.47 9.34 10.62 15.52 8.45 0.00 0.00 0.00 0.00 0.00 0.00 0.00 0.00 0.00 0.00 0.00 0.00 0.00 0.00 0.00 0.00 0.00 0.00 0.00 0.00
12.41 12.41 12.41 12.57 12.57 12.57 12.57 12.61 12.98 11.39 14.49 13.14 23.62 27.62 17.65 17.28 14.76 23.78 23.12 21.55 21.55 21.55 21.55 20.50 20.80 20.50 20.50 19.80 13.46 24.09 20.83 19.81 19.44 19.22 2.70 18.80 20.54 18.06 19.81 13.45 23.85 19.57 18.57 20.49 18.57 18.57 18.57 23.59 13.82 19.31 20.76 20.76 20.81 8.22 3.50 16.43 14.73 9.34 9.34 11.86 12.55 8.23 13.50 8.45 0.00 0.00 0.00 0.00 0.00 0.00 0.00 0.00 0.00 0.00 0.00 0.00 0.00 0.00 0.00 0.00 0.00 0.00 0.00
12.19 12.19 12.19 12.62 12.62 12.36 12.36 11.34 14.27 4.76 12.80 7.76 7.76 17.40 23.28 23.28 24.76 14.51 19.44 21.02 21.05 21.05 13.72 12.10 12.10 12.10 10.01 10.01 12.05 23.24 19.58 20.01 11.15 11.15 8.32 10.15 19.67 20.01 20.01 20.04 13.65 23.50 19.87 19.87 18.00 18.00 18.00 20.76 16.53 19.37 19.97 18.00 19.87 10.76 11.87 6.32 13.03 11.73 12.10 8.47 12.10 13.03 10.98 10.98 4.25 0.00 0.00 0.00 0.00 0.00 0.00 0.00 0.00 0.00 0.00 0.00 0.00 0.00 0.00 0.00 0.00 0.00 0.00
12.19 12.19 12.53 12.46 12.62 12.36 12.36 13.53 3.28 21.14 22.04 11.25 25.50 17.40 20.02 19.65 26.67 27.78 19.44 21.42 21.05 21.05 21.02 11.15 12.10 12.10 10.01 10.38 12.69 11.95 17.75 10.54 8.32 11.15 8.32 8.54 8.32 10.01 11.15 9.15 19.12 22.37 19.87 17.35 19.29 19.87 19.29 18.00 16.71 18.00 19.87 10.23 10.23 10.41 11.19 8.11 11.36 14.48 12.10 12.47 12.47 11.73 13.03 12.66 10.61 4.62 0.00 0.00 0.00 0.00 0.00 0.00 0.00 0.00 0.00 0.00 0.00 0.00 0.00 0.00 0.00 0.00 0.00
12.23 12.23 12.55 12.62 12.57 12.57 12.73 20.76 24.76 13.77 19.65 23.28 23.28 21.67 22.30 22.30 23.04 26.67 23.41 21.05 21.05 21.05 21.02 19.91 12.08 12.08 12.08 12.42 14.78 11.95 20.01 11.15 8.32 11.15 11.15 11.15 8.32 11.15 11.15 18.00 20.62 22.55 22.55 18.92 19.29 20.62 19.29 18.70 21.63 18.38 19.08 10.41 8.41 11.23 12.31 9.60 3.43 10.98 14.63 11.73 12.10 11.73 8.37 10.98 11.36 6.09 6.99 0.00 0.00 0.00 0.00 0.00 0.00 0.00 0.00 0.00 0.00 0.00 0.00 0.00 0.00 0.00 0.00
12.23 12.23 12.55 12.62 12.57 12.57 12.73 18.88 14.88 24.02 17.03 23.28 20.02 21.67 21.67 23.41 21.14 27.78 28.15 22.50 21.02 21.02 21.02 11.15 12.08 12.08 12.08 11.52 14.01 13.04 8.69 11.89 11.52 11.15 8.32 8.32 8.32 11.15 11.15 19.86 20.24 23.49 18.00 19.87 18.92 19.87 18.00 18.00 21.63 21.03 14.02 22.45 13.62 9.74 13.05 12.03 7.06 10.61 13.89 11.64 11.64 12.84 12.10 10.98 12.00 5.72 2.10 0.00 0.00 0.00 0.00 0.00 0.00 0.00 0.00 0.00 0.00 0.00 0.00 0.00 0.00 0.00 0.00
12.23 12.55 12.55 12.57 12.94 15.99 17.12 21.67 21.14 18.14 23.28 21.67 20.76 22.04 20.39 20.76 20.76 21.14 21.14 26.41 21.39 12.12 12.77 11.15 12.08 12.08 12.08 11.15 15.15 13.64 8.69 11.52 8.69 2.50 8.32 8.32 2.50 8.32 8.32 7.63 20.24 19.86 19.87 18.00 19.33 19.33 19.58 18.71 16.90 13.65 17.72 13.62 10.73 11.97 9.74 12.48 6.69 2.47 12.81 13.18 13.03 12.47 11.73 10.98 10.98 10.98 12.29 0.00 0.00 0.00 0.00 0.00 0.00 0.00 0.00 0.00 0.00 0.00 0.00 0.00 0.00 0.00 0.00
12.23 12.55 12.55 13.20 7.19 17.49 22.17 21.30 23.65 23.28 20.02 22.91 20.76 21.74 14.14 14.14 22.67 22.67 23.04 26.67 21.02 9.27 12.77 11.15 12.08 12.08 8.69 11.52 14.78 11.95 11.15 11.15 8.32 8.32 8.32 8.32 11.95 11.95 6.12 6.89 3.63 8.78 19.87 19.87 18.92 19.33 12.91 12.91 16.53 13.65 14.36 3.33 2.59 14.49 6.22 2.32 2.47 2.47 11.38 13.18 13.18 12.10 11.73 10.98 13.40 6.84 6.77 9.95 4.99 0.00 0.00 0.00 0.00 0.00 0.00 0.00 0.00 0.00 0.00 0.00 0.00 0.00 0.00
12.30 12.58 13.33 14.61 18.24 14.24 22.17 17.03 20.02 22.04 20.02 21.74 22.11 22.26 16.93 22.67 22.67 21.67 22.67 22.67 18.32 18.32 9.27 10.54 12.05 12.05 11.52 11.52 11.95 11.95 11.15 11.15 11.52 11.89 8.32 8.32 10.54 11.95 11.95 8.41 8.78 18.38 18.00 19.87 19.87 18.70 13.65 13.32 16.53 19.43 3.72 2.96 6.22 6.22 2.34 2.47 2.47 2.47 7.21 13.03 14.71 11.36 14.02 13.77 12.10 3.58 3.21 6.47 9.40 0.00 0.00 0.00 0.00 0.00 0.00 0.00 0.00 0.00 0.00 0.00 0.00 0.00 0.00
12.30 12.58 10.14 17.87 13.87 13.87 17.12 23.28 20.02 22.67 14.14 21.74 22.04 22.63 22.26 22.30 22.67 20.02 20.39 22.67 22.30 12.77 12.77 10.54 11.15 11.15 11.15 8.32 11.95 13.64 11.15 11.15 11.52 9.43 9.06 2.50 8.32 10.01 11.95 8.41 9.24 13.28 12.91 18.00 18.70 19.98 13.28 10.65 14.09 14.09 3.33 6.59 3.33 2.72 2.72 7.36 3.21 11.36 6.47 7.73 12.66 12.81 11.73 12.47 7.21 7.21 3.95 6.47 12.29 0.00 0.00 0.00 0.00 0.00 0.00 0.00 0.00 0.00 0.00 0.00 0.00 0.00 0.00
9.40 9.40 21.09 24.71 23.60 17.12 22.17 25.89 25.93 23.04 20.76 19.65 22.67 22.63 22.26 11.64 11.64 8.14 22.30 20.02 22.30 12.77 12.77 11.15 11.15 11.15 11.15 11.15 14.78 10.01 11.15 11.15 11.15 10.01 10.38 8.32 10.01 10.01 11.95 8.41 9.24 8.78 18.00 12.91 18.00 21.63 14.39 12.63 13.37 6.96 12.26 8.19 3.09 3.46 9.30 3.58 11.73 11.73 7.73 9.40 2.84 10.61 11.36 11.73 3.21 7.58 3.95 6.47 7.87 4.25 0.00 0.00 0.00 0.00 0.00 0.00 0.00 0.00 0.00 0.00 0.00 0.00 0.00
19.97 22.17 17.49 23.97 25.39 19.97 22.17 22.30 22.30 26.67 21.81 22.30 22.30 22.30 22.26 7.76 11.68 11.68 11.64 12.01 11.68 21.02 12.77 11.15 8.32 8.32 8.32 10.38 12.32 8.32 11.15 11.15 11.95 11.95 11.95 11.95 6.12 6.12 11.95 12.03 12.03 12.03 12.03 12.10 12.87 13.40 12.26 6.59 6.96 6.96 5.97 8.19 3.09 3.83 6.71 6.84 6.47 10.61 6.09 10.98 6.47 5.72 6.47 7.21 6.47 6.09 6.84 10.98 4.25 4.25 0.00 0.00 0.00 0.00 0.00 0.00 0.00 0.00 0.00 0.00 0.00 0.00 0.00
13.50 17.12 23.60 22.86 19.97 23.04 23.04 22.67 22.30 9.03 24.93 25.93 22.30 22.30 22.30 11.68 11.68 11.68 11.68 11.64 11.68 11.68 10.40 11.52 11.15 8.32 2.50 14.37 12.32 6.49 6.12 6.12 6.49 11.12 3.24 2.50 2.87 2.87 9.78 8.78 8.41 8.41 9.77 8.41 2.89 9.74 6.96 3.70 2.96 2.96 3.33 11.44 5.97 6.71 3.46 3.58 2.84 3.21 3.21 2.84 6.47 6.09 6.09 6.47 12.29 12.29 12.29 8.66 4.25 4.25 0.00 0.00 0.00 0.00 0.00 0.00 0.00 0.00 0.00 0.00 0.00 0.00 0.00
17.12 13.50 13.50 19.97 22.86 22.17 23.41 20.02 11.68 12.03 11.68 11.68 25.93 25.93 22.30 11.64 11.68 11.68 11.68 11.68 11.64 11.02 10.40 7.50 8.69 11.15 13.64 6.12 6.12 10.38 2.50 2.50 9.78 10.75 9.06 8.32 3.24 2.87 8.32 2.52 8.78 12.40 8.78 9.24 3.72 4.81 4.44 4.07 3.70 3.70 3.70 6.59 11.44 9.67 3.46 3.58 2.84 3.58 3.21 7.21 6.84 6.09 6.47 6.47 12.66 12.66 12.29 12.29 4.25 4.25 4.25 0.00 0.00 0.00 0.00 0.00 0.00 0.00 0.00 0.00 0.00 0.00 0.00
19.97 19.97 13.50 19.97 13.50 19.97 22.17 19.65 12.05 9.77 9.03 9.03 11.64 15.27 14.31 11.64 11.64 11.68 11.68 11.68 11.68 11.02 11.02 2.51 10.38 14.77 15.66 2.50 6.12 2.50 2.87 3.24 2.87 10.01 8.32 8.32 8.69 3.24 3.19 8.41 12.03 8.41 8.78 10.83 8.63 3.70 9.37 3.33 3.70 3.33 3.33 2.59 12.26 9.67 2.72 2.84 2.47 3.21 7.21 6.84 2.84 2.47 8.05 11.68 6.47 2.84 7.36 13.03 4.62 4.25 4.25 5.77 5.77 0.00 0.00 0.00 0.00 0.00 0.00 0.00 0.00 0.00 0.00
23.97 23.60 19.97 19.97 23.04 19.97 11.55 9.03 9.77 12.05 9.03 10.68 9.03 11.68 15.31 12.03 11.68 11.68 11.68 11.68 11.68 13.33 13.82 13.64 11.95 12.03 12.03 11.99 2.50 6.12 2.50 3.47 2.50 10.89 8.32 10.01 8.32 9.08 8.32 8.41 13.40 9.77 8.78 9.00 8.63 2.96 2.96 9.00 2.96 2.59 2.59 2.59 8.63 11.44 7.81 10.98 10.61 12.29 10.61 12.29 10.61 10.61 10.61 12.29 8.66 8.66 9.03 13.03 4.25 4.25 4.25 6.14 6.14 5.77 5.77 5.77 5.77 5.77 6.54 5.77 5.77 5.77 6.54
22.13 20.73 23.60 25.79 23.14 20.73 10.94 12.05 13.11 11.64 13.33 13.33 12.05 12.05 9.40 12.66 11.68 11.03 11.03 13.94 13.33 13.79 15.75 15.60 11.97 12.42 11.97 11.95 11.95 7.62 11.95 2.50 8.32 10.01 10.01 8.32 8.32 8.32 8.32 8.41 12.03 8.41 8.63 11.19 11.19 11.19 10.86 9.00 9.00 11.49 11.48 10.46 2.59 2.59 11.44 9.03 7.36 8.66 8.66 8.66 8.66 8.66 8.66 8.66 8.66 8.66 8.66 12.29 2.10 2.10 2.10 2.10 2.10 1.73 1.73 1.73 1.73 1.73 1.73 1.73 1.73 1.73 1.73
22.13 19.97 19.97 23.14 26.77 22.17 9.35 12.05 12.05 13.33 13.33 13.70 3.92 11.33 14.43 11.05 17.99 14.00 14.00 13.33 13.33 17.57 18.09 12.29 11.97 11.97 13.31 13.68 4.36 3.99 16.94 2.50 6.12 13.64 13.64 6.12 5.91 5.91 5.91 2.34 12.24 11.44 11.44 7.81 8.19 11.19 10.86 11.48 12.01 11.85 3.70 3.33 2.59 9.63 14.09 12.29 8.66 8.66 8.66 8.66 8.66 8.66 8.66 8.66 8.66 8.66 8.66 12.29 8.66 6.99 2.10 2.53 5.77 5.77 5.77 5.77 5.77 5.77 5.77 5.77 5.77 5.77 5.77
23.26 19.63 21.26 21.26 22.21 22.25 9.01 9.44 11.88 11.88 11.88 2.92 3.66 10.48 10.56 10.11 13.73 9.74 11.88 12.25 14.56 17.43 12.50 11.34 11.07 11.07 11.44 11.42 11.42 11.05 11.05 5.93 9.62 8.52 7.68 2.30 7.07 2.12 7.07 5.75 10.94 7.31 7.31 3.31 8.43 7.31 2.41 3.15 2.78 3.52 3.89 6.41 6.04 6.04 6.04 6.15 7.89 7.89 7.89 7.89 6.50 7.89 7.89 7.89 7.89 7.89 7.89 11.52 7.89 6.50 1.95 2.00 4.27 4.27 4.27 4.27 4.27 4.27 4.27 4.27 4.27 4.27 4.27
