New_Model_Runs/13_Future_RCP4.5_Scn3_out/post_prcessed_with_MFR/Monthly_summaries/runoff_monthly_MAR.asc
NCOLS 700
NROWS 400
XLLCENTER 515000.000000
YLLCENTER 8409000.000000
CELLSIZE 50.000000
NODATA_value -999.000000
[rows 304 to 341 of 400, columns 168 to 251 of 700]
1.14 1.14 1.31 1.14 1.14 1.14 2.27 1.14 1.20 1.37 1.37 2.36 1.37 1.37 0.27 0.42 0.42 0.27 0.30 0.42 0.30 1.11 1.11 0.42 0.42 0.42 0.42 0.42 0.31 0.42 0.42 0.42 0.28 0.28 0.28 0.28 0.42 1.26 0.31 0.42 0.41 0.41 0.41 1.24 0.30 0.30 0.30 0.41 1.24 1.24 1.24 1.24 0.41 1.09 1.24 0.30 0.28 1.18 1.18 1.18 1.18 0.39 0.25 0.39 0.39 0.39 0.39 0.39 0.39 1.18 0.28 0.28 0.24 0.24 1.06 0.24 1.06 1.26 0.38 0.56 0.56 0.56 0.56 0.56
2.27 1.14 1.31 2.27 1.14 1.14 1.14 1.14 1.20 1.37 1.37 2.36 2.36 0.42 0.42 0.42 0.27 0.30 0.42 1.25 0.42 1.11 0.27 0.42 0.42 0.42 1.26 1.26 0.42 0.42 0.42 1.13 1.13 1.13 0.28 1.13 0.28 0.42 1.26 0.42 0.41 0.41 0.41 0.59 1.33 1.24 1.24 1.24 1.24 1.24 1.24 1.24 1.24 0.41 1.24 1.24 0.28 1.18 1.18 1.18 0.28 1.18 0.39 0.39 0.39 0.39 0.39 0.39 0.39 0.28 1.18 0.39 0.34 1.06 0.34 0.34 1.06 1.26 0.56 0.56 1.26 0.56 0.56 0.56
0.88 2.49 1.71 0.88 1.62 0.88 1.62 1.62 1.73 0.93 0.93 0.93 0.93 0.34 0.22 0.34 0.34 0.34 1.06 0.24 0.34 0.79 0.34 0.34 0.34 0.34 1.19 0.34 0.34 0.34 0.36 0.79 0.79 0.79 0.79 0.79 0.79 0.79 0.34 0.22 0.30 0.30 0.49 0.97 0.97 0.22 0.97 0.97 0.97 0.97 0.97 0.97 0.22 0.97 0.97 0.97 0.93 0.93 1.37 0.93 0.93 0.93 0.18 0.28 0.26 0.28 0.26 0.20 1.03 0.93 0.93 0.28 0.27 0.27 0.27 0.88 0.88 0.45 0.45 0.45 0.45 1.06 1.06 0.45
0.88 0.75 1.62 1.62 1.62 2.72 1.62 1.62 0.93 0.93 0.93 0.93 0.93 0.34 0.34 0.24 0.34 0.34 0.34 0.34 0.34 0.34 0.34 0.34 0.34 1.06 1.06 0.34 1.06 1.06 0.79 0.79 0.79 0.79 0.79 0.79 0.79 0.79 0.79 0.79 0.84 0.22 0.30 0.30 0.30 0.30 0.30 0.97 0.97 0.30 0.97 0.97 0.97 0.97 0.97 0.97 0.93 0.93 1.03 0.28 0.93 0.93 0.20 0.20 0.93 0.28 0.93 0.28 0.20 0.20 0.28 0.28 0.27 0.19 0.88 0.88 0.88 0.27 0.30 1.06 1.06 1.06 1.06 0.45
0.88 1.62 1.62 1.62 1.62 0.88 1.51 1.62 1.73 1.73 1.38 0.80 0.93 0.34 0.34 0.34 0.34 0.34 0.34 0.34 0.34 0.34 0.34 0.34 0.34 1.06 0.34 0.34 0.34 0.79 0.79 0.79 0.34 0.34 0.22 1.06 0.79 0.79 0.24 0.24 0.22 0.22 0.22 0.30 0.30 0.30 0.30 0.30 0.97 0.33 0.97 0.97 0.97 0.97 0.97 0.97 1.15 0.28 0.28 0.28 0.20 0.28 0.28 0.28 1.09 0.28 0.28 0.28 0.28 0.28 0.28 0.48 0.19 0.27 0.27 0.88 0.88 0.19 1.06 0.30 0.30 1.06 0.45 0.45
0.88 1.62 0.75 1.62 0.88 1.62 1.62 1.62 1.73 1.73 0.93 0.93 0.93 0.34 0.34 0.30 0.33 0.34 0.34 0.34 0.24 0.34 0.34 0.24 0.34 0.34 0.34 1.06 0.34 0.79 0.79 0.79 0.22 0.34 0.34 0.34 0.22 0.79 0.79 0.24 0.30 0.30 0.30 0.30 0.30 0.30 0.30 0.30 0.30 0.30 0.30 0.22 0.97 0.75 0.97 0.30 0.28 0.28 0.28 0.28 0.28 0.28 0.28 0.48 0.48 0.48 0.34 0.28 0.28 1.43 1.43 1.11 0.30 0.27 0.27 0.40 0.32 0.30 0.30 0.45 1.06 1.06 1.06 0.30
0.88 1.62 0.88 0.75 1.62 0.88 0.88 1.62 4.67 3.84 1.73 1.73 0.34 1.06 0.34 0.34 0.34 0.79 0.79 0.34 0.34 0.34 1.06 1.06 0.34 1.06 1.06 1.06 0.34 0.34 1.24 0.79 0.34 0.34 0.34 0.34 0.22 0.24 0.24 0.79 0.75 0.75 0.30 0.30 0.30 0.19 0.24 0.30 0.97 0.30 0.30 0.30 0.30 0.75 0.75 0.75 0.77 0.71 0.28 0.28 0.28 0.28 0.48 0.48 1.11 0.32 0.59 0.48 0.48 1.43 0.83 0.48 0.45 0.78 0.45 0.27 0.56 0.45 1.37 0.45 0.56 0.45 0.45 0.45
1.62 0.88 0.88 0.75 1.62 1.62 0.88 0.75 1.73 1.73 2.89 1.73 0.34 0.34 0.34 0.22 0.34 0.34 0.79 0.34 0.41 0.75 1.06 1.06 0.34 0.34 1.06 0.34 0.34 0.34 0.79 0.79 0.79 0.34 0.79 0.79 0.79 0.22 0.79 0.79 0.75 0.75 0.75 0.75 0.75 0.30 0.19 0.30 0.30 0.30 0.30 0.30 0.30 0.75 0.75 0.75 0.28 0.71 0.71 0.48 0.48 0.48 0.48 0.48 0.48 0.48 0.48 0.48 0.48 1.43 0.48 0.48 1.36 1.36 0.45 0.45 0.45 1.37 1.37 0.45 0.45 0.45 0.45 0.45
0.71 0.88 0.88 0.88 1.62 1.62 0.75 0.75 0.76 1.73 1.73 1.73 1.06 1.19 0.34 0.34 0.34 0.34 0.34 0.41 0.34 1.06 1.06 0.34 0.34 0.34 0.34 0.34 0.34 0.34 0.34 0.79 0.22 0.79 0.79 0.79 0.78 0.78 0.78 0.78 1.35 0.45 0.74 0.74 0.74 0.19 0.30 0.30 0.19 0.30 0.30 0.82 0.74 0.74 0.74 0.74 0.48 0.48 1.40 0.48 1.05 1.05 1.11 1.11 0.48 0.48 0.83 1.42 1.41 0.48 0.48 0.48 1.35 0.45 0.56 0.45 0.45 0.78 0.45 0.45 0.38 0.30 0.45 0.45
0.88 0.88 1.62 1.62 1.62 1.62 1.62 1.62 1.73 1.73 1.73 1.73 0.24 0.34 0.34 0.34 0.34 0.34 0.41 0.34 0.34 0.24 0.34 0.34 0.30 0.34 0.34 0.34 0.34 0.34 0.34 0.22 0.22 0.79 0.79 0.79 0.78 0.78 0.78 0.44 0.23 0.24 0.32 0.82 0.30 0.19 0.19 0.19 0.30 0.30 0.30 0.30 0.30 0.25 1.02 0.74 0.48 0.48 1.40 2.52 2.52 2.52 2.52 2.52 2.52 2.52 1.42 1.42 1.41 0.48 0.48 0.48 0.45 0.45 0.45 1.35 1.36 2.12 0.45 0.45 0.30 1.06 0.45 0.45
0.75 2.72 0.75 1.62 0.88 0.88 0.88 0.88 0.93 1.73 0.93 2.52 0.34 0.79 0.34 0.34 0.34 0.41 0.24 0.34 0.34 1.06 0.34 0.34 0.34 0.34 0.22 0.22 0.34 0.22 0.22 0.22 0.22 0.79 0.79 0.22 0.22 0.22 0.22 0.34 0.74 0.74 0.30 0.30 0.30 0.19 0.30 0.30 0.30 0.30 0.30 0.30 0.30 0.35 0.30 0.74 0.48 1.40 1.40 2.52 2.52 2.52 2.52 2.52 2.52 2.52 1.42 2.52 4.10 2.41 0.48 1.41 1.35 0.45 0.45 0.45 1.36 1.36 1.36 0.45 0.45 0.45 0.45 0.45
0.75 1.62 1.62 0.88 0.88 0.88 0.88 0.88 1.73 1.73 0.93 1.96 0.34 1.06 0.34 0.34 0.34 1.16 0.24 1.06 1.06 1.06 1.06 0.34 0.24 0.34 0.22 0.34 0.34 0.34 0.22 0.22 0.22 0.34 0.40 0.34 0.34 0.22 0.22 0.22 0.30 0.82 0.19 0.30 0.30 0.19 0.19 0.30 0.30 0.30 0.30 0.30 0.30 0.30 0.30 0.74 0.48 0.48 1.40 1.40 1.41 1.41 1.41 1.41 1.42 1.42 3.06 2.52 2.52 1.41 1.41 0.36 0.45 0.45 0.45 0.45 0.30 0.45 1.40 0.45 0.45 0.45 0.45 0.21
1.62 0.88 0.88 1.62 0.88 0.88 0.88 0.75 0.80 1.73 1.73 0.24 1.06 1.06 0.34 0.41 0.34 0.34 1.06 1.06 1.06 0.34 0.41 0.24 0.30 0.38 0.34 0.34 0.34 0.22 0.22 0.22 0.34 0.34 0.34 0.34 0.34 0.22 0.22 0.34 0.31 0.19 0.30 0.19 0.30 0.30 0.19 0.19 0.30 0.97 0.22 0.30 0.30 0.73 0.73 0.73 0.28 0.48 1.40 1.40 1.44 1.44 1.44 1.44 1.44 1.44 1.44 1.44 1.42 2.52 2.52 2.52 0.33 1.34 0.45 0.45 1.23 0.45 0.45 0.45 0.45 0.45 0.45 0.45
1.62 0.88 0.75 0.75 0.88 0.88 0.88 0.75 0.80 1.73 1.73 1.06 1.43 1.06 0.34 1.06 1.06 1.06 0.24 1.06 1.06 0.34 0.34 0.34 0.24 0.34 0.34 0.34 0.22 0.22 0.25 0.22 0.34 0.78 0.78 0.78 0.77 0.22 0.77 0.77 0.74 0.74 0.30 0.19 0.19 0.23 0.19 0.19 0.97 0.30 0.97 0.30 0.73 0.73 0.73 0.73 0.48 1.40 0.35 1.40 1.44 1.44 1.44 1.44 1.44 1.44 1.44 1.44 1.42 1.42 3.06 2.52 2.42 1.06 0.45 0.45 1.06 1.06 0.45 0.21 0.45 0.45 1.06 0.45
0.88 0.88 0.75 1.62 0.88 0.88 1.62 0.75 0.76 1.73 0.80 1.06 1.06 0.24 0.24 0.24 1.06 0.34 0.34 1.43 0.34 0.34 0.34 0.34 0.34 0.34 0.34 0.88 0.87 0.22 0.25 0.25 0.22 1.24 0.78 0.78 0.77 0.77 0.77 0.89 0.30 0.30 0.30 0.30 0.30 0.19 1.82 1.82 0.30 0.30 0.34 0.30 0.73 0.30 0.19 0.51 1.40 1.40 1.40 1.40 1.44 1.44 1.44 1.44 1.44 1.44 1.44 1.44 1.42 1.42 1.42 1.42 2.42 1.34 1.34 1.34 0.45 0.45 0.45 0.45 0.45 0.45 0.45 0.45
2.27 2.18 1.62 0.88 1.62 1.62 1.62 1.62 0.76 0.93 0.93 0.34 0.34 0.24 0.24 0.24 0.24 0.34 1.06 1.06 1.06 1.06 0.22 0.22 0.34 0.48 0.34 0.79 0.79 0.22 0.22 0.22 0.22 0.78 0.78 0.78 0.77 0.86 1.11 0.34 0.30 0.30 1.82 0.74 0.74 0.74 1.82 1.82 0.19 0.19 0.97 1.99 0.91 0.30 0.24 0.37 1.40 1.40 1.40 1.40 1.44 1.44 1.54 0.23 1.44 1.44 1.44 1.44 1.42 1.42 1.42 0.36 1.34 1.34 1.34 1.34 1.35 0.45 0.45 0.45 0.21 0.45 0.45 0.45
1.62 1.62 0.88 1.62 0.75 0.75 0.88 0.88 0.93 0.93 0.34 0.34 0.24 0.79 0.24 0.24 0.41 1.06 1.43 1.06 0.34 1.06 0.22 0.22 0.34 0.34 0.79 0.79 0.34 0.22 0.34 0.22 0.34 0.77 0.77 0.22 0.22 0.76 0.22 0.22 0.19 0.19 0.19 0.73 0.25 1.82 0.97 0.97 0.97 0.97 1.99 2.46 0.72 0.25 1.44 1.44 1.41 1.41 1.41 1.41 1.44 1.44 0.23 0.73 0.73 1.45 1.45 1.45 1.43 1.43 1.43 1.43 1.34 1.34 1.34 1.34 1.34 0.45 0.45 0.45 0.21 0.45 0.45 0.45
1.62 1.62 0.75 0.88 0.88 0.88 0.71 0.88 0.93 0.76 0.24 0.34 0.34 0.79 0.24 0.24 0.24 0.34 0.34 1.06 0.79 0.34 0.34 0.34 0.34 0.34 0.34 0.22 0.22 0.22 0.34 0.37 0.34 0.34 0.22 0.22 0.22 0.22 0.22 0.34 0.30 0.19 0.19 1.99 1.99 1.99 1.99 1.99 0.97 0.97 0.74 0.74 0.72 0.72 1.44 1.44 0.36 1.41 1.41 1.41 1.44 0.36 0.18 0.73 0.73 0.73 1.45 1.45 1.43 1.43 1.43 1.43 1.34 0.45 0.45 0.45 0.45 0.45 0.45 1.34 0.45 0.45 0.45 0.45
0.28 0.94 0.94 0.36 0.94 0.28 0.94 0.94 0.95 0.37 0.25 0.25 0.25 0.85 0.85 0.18 0.85 0.25 0.18 0.66 0.66 0.16 0.16 0.16 0.16 0.25 0.30 0.25 0.25 0.16 0.16 0.25 0.59 0.25 0.16 0.16 0.16 1.61 0.25 0.25 0.24 0.24 0.24 1.61 1.61 2.77 1.61 1.47 1.47 1.47 0.78 1.47 1.61 0.55 1.16 1.16 1.14 1.14 1.14 1.14 1.17 1.17 0.56 0.56 0.56 0.56 0.56 1.17 1.16 1.16 1.16 1.16 1.12 1.12 1.12 0.38 0.38 0.38 0.38 0.38 1.11 1.11 1.11 1.11
0.28 0.94 0.36 0.36 0.94 0.94 0.26 1.63 0.37 0.37 0.25 0.30 0.25 0.85 0.85 0.18 0.18 0.25 0.25 0.66 0.66 0.16 0.16 0.20 0.25 0.25 0.30 0.25 0.25 0.25 0.65 0.65 0.59 0.16 0.16 0.16 0.21 1.61 1.61 0.51 0.15 0.24 0.24 0.15 0.15 0.15 1.47 1.47 1.47 1.47 0.78 1.61 1.61 0.74 1.16 1.16 1.14 1.14 1.14 1.14 1.17 1.17 0.14 0.23 0.56 0.56 0.56 1.17 0.30 0.18 1.16 1.16 1.75 1.75 1.12 1.12 0.38 0.38 0.38 0.38 1.11 1.11 1.11 1.11
0.28 0.94 0.36 0.36 0.36 0.36 0.31 0.26 0.37 0.28 0.25 0.25 0.25 0.18 0.18 0.85 0.18 0.85 0.18 0.18 0.85 0.16 0.16 0.16 0.25 0.25 0.25 0.25 0.25 0.59 0.59 0.59 0.58 0.58 0.16 0.16 0.25 0.25 0.16 0.16 0.15 0.15 0.15 0.15 0.24 0.15 0.15 0.15 0.15 0.15 0.49 1.61 1.61 0.56 0.56 1.16 1.13 1.13 1.13 1.13 1.16 1.16 0.56 0.56 0.56 0.14 0.14 0.23 0.18 0.18 1.17 1.17 1.12 1.12 1.12 0.38 1.22 1.22 0.38 0.38 0.38 1.12 1.12 1.12
1.76 0.94 0.94 0.36 0.36 0.36 0.36 0.34 0.28 0.18 0.25 0.25 0.25 0.18 0.85 0.85 0.18 0.18 0.25 0.18 0.18 0.25 0.16 0.16 0.16 0.25 0.25 0.25 0.25 0.25 0.59 0.59 0.58 0.16 0.16 0.21 0.16 0.16 0.16 0.16 0.15 0.87 0.55 0.15 0.56 0.56 0.15 0.15 0.15 0.15 0.15 0.78 1.61 1.61 1.61 1.16 1.13 1.13 1.13 1.13 1.16 0.56 0.56 0.56 0.56 0.14 0.14 0.23 0.38 0.18 0.18 1.17 1.76 1.12 1.12 0.46 1.22 1.12 0.38 0.38 0.38 0.38 1.12 1.12
0.00 1.76 0.94 0.28 0.28 0.94 0.28 0.94 0.95 0.85 0.25 0.35 0.85 0.85 0.94 0.25 0.85 0.16 0.85 0.85 0.25 0.18 0.18 0.16 0.28 0.16 0.16 0.16 0.59 0.59 0.59 0.59 0.58 0.58 0.70 0.21 0.16 0.16 0.16 0.16 0.55 0.55 0.55 0.55 0.56 0.56 0.56 0.18 0.18 0.24 0.24 0.24 0.24 1.61 0.56 0.56 1.13 1.13 1.13 1.13 1.16 1.16 0.56 0.56 0.56 0.14 0.26 0.14 0.38 1.17 1.83 1.17 1.12 1.12 0.38 0.38 1.12 0.38 0.38 1.12 0.38 0.46 0.25 0.38
0.00 0.00 1.76 0.94 0.28 1.76 0.94 0.28 0.95 0.85 0.85 0.94 0.85 0.85 0.85 0.25 0.85 0.18 0.18 0.25 0.16 0.25 0.16 0.16 0.25 0.25 0.25 0.28 0.16 0.59 0.59 0.59 0.58 0.58 0.58 0.58 0.25 0.25 0.43 1.18 1.15 1.15 1.15 1.15 1.17 0.56 0.56 0.15 0.15 0.24 0.24 0.17 0.29 0.24 0.56 0.56 1.13 1.13 1.13 1.13 1.16 1.16 1.16 0.56 0.56 0.56 0.00 0.56 1.17 1.17 1.17 1.17 1.12 0.25 0.18 1.22 1.12 1.12 1.12 0.18 0.88 0.38 0.44 0.38
0.00 0.00 0.00 0.00 0.00 0.00 0.00 0.00 0.95 0.18 0.29 0.18 0.25 0.25 0.25 0.25 0.25 0.25 0.18 0.18 0.66 0.25 0.25 0.25 0.30 0.25 0.35 0.25 0.25 0.57 0.57 0.57 0.56 0.56 0.56 0.16 0.57 0.57 1.18 1.18 1.16 1.16 1.16 1.16 1.16 1.16 0.56 0.56 0.56 0.24 0.24 0.17 0.29 0.29 0.56 0.56 0.54 1.13 1.13 1.13 1.15 1.15 1.15 1.81 1.17 0.00 0.00 0.00 1.16 1.16 0.00 0.00 0.00 1.13 0.38 0.38 0.38 0.38 1.12 0.18 0.38 0.38 0.38 0.38
0.00 0.00 0.00 0.00 0.00 0.00 0.00 0.00 0.00 0.00 1.78 0.18 0.85 0.85 0.25 0.25 0.25 0.25 0.25 0.18 0.16 0.25 0.30 0.25 0.25 0.30 0.25 0.59 0.57 0.57 0.57 0.57 0.56 0.56 0.56 0.56 0.57 0.57 0.57 0.57 0.15 0.15 0.56 1.16 1.16 1.16 0.56 0.56 0.75 0.56 0.30 0.24 0.24 0.56 0.56 0.56 0.54 1.13 1.13 1.13 1.15 1.15 1.15 1.15 1.17 0.00 0.00 0.00 0.00 0.00 0.00 0.00 0.00 0.00 0.00 1.13 0.38 1.12 1.12 0.38 0.38 0.38 0.38 0.38
0.00 0.00 0.00 0.00 0.00 0.00 0.00 0.00 0.00 0.00 1.78 1.78 1.78 0.25 0.66 0.25 0.25 0.25 0.25 0.16 0.21 0.21 0.25 0.25 0.25 0.16 0.25 0.59 0.57 0.57 0.57 0.57 0.56 0.56 0.56 0.56 0.57 0.57 0.57 0.57 0.74 0.62 0.15 0.56 1.16 1.16 1.16 0.56 0.56 0.20 0.56 0.56 0.24 0.56 0.56 0.56 0.54 0.54 1.13 1.13 1.15 1.15 1.15 1.15 1.17 1.83 1.17 0.00 0.00 0.00 0.00 0.00 0.00 0.00 0.00 0.00 0.00 0.38 1.12 0.38 0.38 0.38 0.46 0.38
0.00 0.00 0.00 0.00 0.00 0.00 0.00 0.00 0.00 0.00 0.00 0.00 2.36 2.36 0.66 0.66 0.25 0.25 0.25 0.21 0.66 0.66 0.25 0.25 0.16 1.61 1.61 0.59 0.57 0.57 0.57 0.57 0.56 0.56 0.56 0.56 0.57 0.57 0.57 0.57 0.56 0.56 0.19 1.16 1.16 1.82 1.16 1.16 1.16 0.20 0.20 0.56 0.24 0.59 0.56 0.81 0.54 0.54 1.13 1.13 1.15 1.15 1.15 1.15 1.17 1.17 1.17 0.00 0.00 0.00 0.00 0.00 0.00 0.00 0.00 0.00 1.12 0.25 0.38 0.38 0.38 0.38 0.23 0.38
0.00 0.00 0.00 0.00 0.00 0.00 0.00 0.00 0.00 0.00 0.00 0.00 0.00 2.36 1.32 1.32 0.25 0.25 0.66 0.66 1.78 0.66 1.78 0.25 0.16 0.16 1.61 0.57 0.56 0.56 0.75 0.56 0.57 1.19 1.19 1.19 1.22 1.22 1.22 1.22 1.20 1.20 1.20 1.20 1.19 1.19 1.19 1.19 1.17 0.31 1.17 1.17 0.40 0.24 0.58 0.55 0.72 0.54 0.54 0.54 0.55 1.15 1.15 0.00 9.54 0.00 0.00 0.00 0.00 0.00 0.00 0.00 0.00 0.00 0.00 0.00 1.13 0.38 0.38 0.38 0.38 0.38 1.11 0.38
0.00 0.00 0.00 0.00 0.00 0.00 0.00 0.00 0.00 0.00 0.00 0.00 0.00 0.00 3.82 2.36 0.43 0.43 1.33 1.78 1.78 1.78 0.25 0.25 0.57 1.61 0.57 0.57 0.56 0.56 0.56 0.56 1.19 1.19 1.19 1.19 1.22 1.22 1.22 1.22 1.20 1.20 1.20 1.20 1.19 1.19 1.19 1.19 1.17 1.17 1.17 1.17 0.40 0.40 0.40 0.55 0.54 0.54 0.54 0.54 0.55 0.55 0.00 0.00 0.00 0.00 0.00 0.00 0.00 0.00 0.00 0.00 0.00 0.00 0.00 0.00 2.06 2.06 0.88 0.38 0.25 1.11 1.11 0.38
0.00 0.00 0.00 0.00 0.00 0.00 0.00 0.00 0.00 0.00 0.00 0.00 0.00 0.00 0.00 2.36 2.36 2.36 2.07 2.87 2.36 2.36 1.32 1.32 1.20 1.20 0.57 0.82 0.56 0.56 0.56 0.56 1.19 1.19 1.19 1.19 1.22 1.22 1.22 1.22 1.20 1.20 1.20 1.20 1.19 1.19 1.19 1.19 1.17 1.17 1.17 1.17 1.16 0.40 0.40 1.16 0.54 0.54 0.54 0.54 0.55 0.00 0.00 0.00 0.00 0.00 0.00 0.00 0.00 0.00 0.00 0.00 0.00 0.00 0.00 0.00 0.00 3.48 2.06 2.06 0.25 0.38 1.11 1.11
0.00 0.00 0.00 0.00 0.00 0.00 0.00 0.00 0.00 0.00 0.00 0.00 0.00 0.00 0.00 0.00 0.00 2.36 2.36 2.36 2.36 2.36 1.32 1.32 1.20 1.20 0.57 0.57 0.56 0.56 0.56 1.16 1.19 1.19 0.00 0.00 0.00 0.00 0.00 0.00 0.00 0.00 0.00 0.00 0.00 0.00 1.19 1.19 1.17 1.17 1.17 1.17 1.16 0.40 0.40 1.16 0.54 0.54 0.54 0.72 0.55 0.00 0.00 0.00 0.00 0.00 0.00 0.00 0.00 0.00 0.00 0.00 0.00 0.00 0.00 0.00 0.00 0.00 0.00 0.00 0.00 1.11 0.25 1.11
0.00 0.00 0.00 0.00 0.00 0.00 0.00 0.00 0.00 0.00 0.00 0.00 0.00 0.00 0.00 0.00 0.00 0.00 0.00 0.00 0.00 0.00 2.36 1.23 1.19 1.19 1.19 0.57 0.57 0.57 1.18 1.18 1.20 0.00 0.00 0.00 0.00 0.00 0.00 0.00 0.00 0.00 0.00 0.00 0.00 0.00 0.00 0.00 0.00 1.86 1.19 1.19 1.14 1.14 0.40 1.14 1.10 0.52 0.52 0.52 0.54 0.00 0.00 0.00 0.00 0.00 0.00 0.00 0.00 0.00 0.00 0.00 0.00 0.00 0.00 0.00 0.00 0.00 0.00 0.00 0.00 1.10 0.25 1.10
0.00 0.00 0.00 0.00 0.00 0.00 0.00 0.00 0.00 0.00 0.00 0.00 0.00 0.00 0.00 0.00 0.00 0.00 0.00 0.00 0.00 0.00 0.00 2.36 1.19 1.19 1.19 1.19 1.18 1.18 1.18 1.18 0.00 0.00 0.00 0.00 0.00 0.00 0.00 0.00 0.00 0.00 0.00 0.00 0.00 0.00 0.00 0.00 0.00 0.00 1.19 1.19 1.14 1.14 0.40 0.40 1.26 1.10 1.10 1.10 1.14 10.68 0.00 0.00 0.00 0.00 0.00 0.00 0.00 0.00 0.00 0.00 0.00 0.00 0.00 0.00 0.00 0.00 0.00 0.00 0.00 1.72 1.10 0.18
0.00 0.00 0.00 0.00 0.00 0.00 0.00 0.00 0.00 0.00 0.00 0.00 0.00 0.00 0.00 0.00 0.00 0.00 0.00 0.00 0.00 0.00 0.00 0.00 0.00 0.00 0.00 1.00 0.99 0.99 0.99 0.00 0.00 0.00 0.00 0.00 0.00 0.00 0.00 0.00 0.00 0.00 0.00 0.00 0.00 0.00 0.00 0.00 0.00 0.00 1.54 1.03 0.99 0.99 0.34 0.34 0.97 0.97 0.97 0.97 1.00 1.04 0.00 0.00 0.00 0.00 0.00 0.00 0.00 0.00 0.00 0.00 0.00 0.00 0.00 0.00 0.00 0.00 0.00 0.00 0.00 0.00 1.88 0.98
0.00 0.00 0.00 0.00 0.00 0.00 0.00 0.00 0.00 0.00 0.00 0.00 0.00 0.00 0.00 0.00 0.00 0.00 0.00 0.00 0.00 0.00 0.00 0.00 0.00 0.00 0.00 0.00 0.99 0.99 9.14 0.00 0.00 0.00 0.00 0.00 0.00 0.00 0.00 0.00 0.00 0.00 0.00 0.00 0.00 0.00 0.00 0.00 0.00 0.00 1.03 1.03 0.99 0.99 0.99 0.34 0.33 0.97 0.33 0.97 1.00 1.00 1.00 1.00 0.00 0.00 0.00 0.00 0.00 0.00 0.00 0.00 0.00 0.00 0.00 0.00 0.00 0.00 0.00 0.00 0.00 0.00 0.00 0.98
0.00 0.00 0.00 0.00 0.00 0.00 0.00 0.00 0.00 0.00 0.00 0.00 0.00 0.00 0.00 0.00 0.00 0.00 0.00 0.00 0.00 0.00 0.00 0.00 0.00 0.00 0.00 0.00 1.01 1.01 0.00 0.00 0.00 0.00 0.00 0.00 0.00 0.00 0.00 0.00 0.00 0.00 0.00 0.00 0.00 0.00 0.00 0.00 0.00 0.00 1.03 1.03 0.98 0.98 0.98 0.98 0.33 0.33 0.33 0.96 0.99 0.99 0.99 0.99 0.00 0.00 0.00 0.00 0.00 0.00 0.00 0.00 0.00 0.00 0.00 0.00 0.00 0.00 0.00 0.00 0.00 0.00 0.00 9.04
0.00 0.00 0.00 0.00 0.00 0.00 0.00 0.00 0.00 0.00 0.00 0.00 0.00 0.00 0.00 0.00 0.00 0.00 0.00 0.00 0.00 0.00 0.00 0.00 0.00 0.00 0.00 0.00 2.56 9.14 0.00 0.00 0.00 0.00 0.00 0.00 0.00 0.00 0.00 0.00 0.00 0.00 0.00 0.00 0.00 0.00 0.00 0.00 0.00 0.00 1.03 1.03 0.98 0.98 0.98 0.98 0.96 0.33 0.96 0.96 0.99 0.99 0.99 0.33 0.00 0.00 0.00 0.00 0.00 0.00 0.00 0.00 0.00 0.00 0.00 0.00 0.00 0.00 0.00 0.00 0.00 0.00 0.00 0.00
