New_Model_Runs/13_Future_RCP4.5_Scn3_out/post_prcessed_with_MFR/Monthly_summaries/runoff_monthly_APR.asc
NCOLS 700
NROWS 400
XLLCENTER 515000.000000
YLLCENTER 8409000.000000
CELLSIZE 50.000000
NODATA_value -999.000000
[rows 304 to 341 of 400, columns 168 to 251 of 700]
2.07 2.07 2.35 2.07 2.07 2.07 3.84 2.07 2.24 2.54 2.54 4.11 2.54 2.54 2.19 2.52 2.52 2.19 2.27 2.52 2.27 2.79 2.79 2.52 2.67 2.67 2.67 2.67 2.41 2.67 2.67 2.67 2.32 2.32 2.32 2.32 2.67 3.92 2.41 2.67 2.65 2.65 2.65 3.89 2.39 2.39 2.39 2.65 3.89 3.89 3.89 3.89 2.65 2.89 3.89 2.39 2.19 3.62 3.62 3.62 3.62 2.44 2.11 2.44 2.44 2.44 2.44 2.44 2.44 3.62 2.19 2.19 1.92 1.92 3.23 1.92 3.23 3.45 2.22 2.55 2.55 2.55 2.55 2.55
3.84 2.07 2.35 3.84 2.07 2.07 2.07 2.07 2.24 2.54 2.54 4.11 4.11 2.52 2.52 2.52 2.19 2.27 2.52 3.73 2.52 2.79 2.19 2.52 2.67 2.67 3.92 3.92 2.67 2.67 2.67 2.95 2.95 2.95 2.32 2.95 2.32 2.67 3.92 2.67 2.65 2.65 2.65 5.33 5.83 3.89 3.89 3.89 3.89 3.89 3.89 3.89 3.89 2.65 3.89 3.89 2.19 3.62 3.62 3.62 2.19 3.62 2.44 2.44 2.44 2.44 2.44 2.44 2.44 2.19 3.62 2.44 2.15 3.23 2.15 2.15 3.23 3.45 2.55 2.55 3.45 2.55 2.55 2.55
2.39 5.77 4.29 2.39 3.90 2.39 3.90 3.90 4.05 2.50 2.50 2.50 2.50 2.49 2.16 2.49 2.49 2.49 3.68 2.24 2.49 2.75 2.49 2.49 2.52 2.52 5.94 2.52 2.52 2.52 4.14 2.79 2.79 2.79 2.79 2.79 2.79 2.79 2.52 2.19 2.46 2.46 5.10 3.64 3.64 2.21 3.64 3.64 3.64 3.64 3.64 3.64 2.21 3.64 3.64 3.64 3.40 3.40 6.50 3.40 3.40 3.40 1.97 2.28 3.69 2.28 3.69 2.04 5.37 3.40 3.40 2.28 2.07 2.07 2.07 3.13 3.13 2.47 2.47 2.47 2.47 3.35 3.35 2.47
2.39 2.11 3.90 3.90 3.90 6.97 3.90 3.90 2.50 2.50 2.50 2.50 2.50 2.49 2.49 2.24 2.49 2.49 2.49 2.49 2.49 2.49 2.49 2.49 2.52 3.73 3.73 2.52 3.73 3.73 2.79 2.79 2.79 2.79 2.79 2.79 2.79 2.79 2.79 2.79 4.43 2.21 2.46 2.46 2.46 2.46 2.46 3.64 3.64 2.46 3.64 3.64 3.64 3.64 3.64 3.64 3.40 3.40 5.37 2.28 3.40 3.40 2.04 2.04 3.40 2.28 3.40 2.28 2.04 2.04 2.28 2.28 2.07 1.85 3.13 3.13 3.13 2.07 2.15 3.35 3.35 3.35 3.35 2.47
2.39 3.90 3.90 3.90 3.90 2.39 4.33 3.90 4.05 4.05 3.87 2.20 2.50 2.49 2.49 2.49 2.49 2.49 2.49 2.49 2.49 2.49 2.49 2.49 2.52 3.73 2.52 2.52 2.52 2.79 2.79 2.79 2.52 2.52 2.19 3.73 2.79 2.79 2.27 2.27 2.21 2.21 2.21 2.46 2.46 2.46 2.46 2.46 3.64 4.58 3.64 3.64 3.64 3.64 3.64 3.64 7.60 2.28 2.28 2.28 2.04 2.28 2.28 2.28 5.74 2.28 2.28 2.28 2.28 2.28 2.28 2.70 1.85 2.07 2.07 3.13 3.13 1.85 3.35 2.15 2.15 3.35 2.47 2.47
2.39 3.90 2.11 3.90 2.39 3.90 3.90 3.90 4.05 4.05 2.50 2.50 2.50 2.49 2.49 3.95 3.95 2.49 2.49 2.49 2.24 2.49 2.49 2.24 2.52 2.52 2.52 3.73 2.52 2.79 2.79 2.79 2.19 2.52 2.52 2.52 2.19 2.79 2.79 2.27 2.46 2.46 2.46 2.46 2.46 2.46 2.46 2.46 2.46 2.46 2.46 2.21 3.64 2.69 3.64 2.46 2.28 2.28 2.28 2.28 2.28 2.28 2.28 2.70 2.70 2.70 3.96 2.28 2.28 3.50 3.50 3.63 2.15 2.07 2.07 5.43 3.52 2.15 2.15 2.47 3.35 3.35 3.35 2.15
2.39 3.90 2.39 2.11 3.90 2.39 2.39 3.90 12.63 10.08 4.05 4.05 2.49 3.68 2.49 2.49 2.49 2.74 2.74 2.49 2.49 2.49 3.68 3.68 2.52 3.73 3.73 3.73 2.52 2.52 4.98 2.79 2.52 2.52 2.52 2.52 2.19 2.27 2.27 2.79 2.70 2.70 2.46 2.46 2.46 2.13 3.78 2.46 3.64 2.46 2.46 2.46 2.46 2.69 2.69 2.69 2.64 2.49 2.28 2.28 2.28 2.28 2.70 2.70 3.63 2.36 4.82 2.70 2.70 3.50 5.28 2.70 2.47 4.81 2.47 2.07 4.38 2.47 3.22 2.47 4.38 2.47 2.47 2.47
3.90 2.39 2.39 2.11 3.90 3.90 2.39 2.11 4.05 4.05 7.27 4.05 2.49 2.49 2.49 2.16 2.49 2.49 2.74 2.49 4.30 8.16 3.68 3.68 2.52 2.52 3.73 2.52 2.52 2.52 2.79 2.79 2.79 2.52 2.79 2.79 2.79 2.19 2.79 2.79 2.70 2.70 2.70 2.70 2.69 2.46 2.13 2.46 2.46 2.46 2.46 2.46 2.46 2.69 2.69 2.69 2.28 2.49 2.49 2.70 2.70 2.70 2.70 2.70 2.70 2.70 2.70 2.70 2.70 3.50 2.70 2.70 3.21 3.21 2.47 2.47 2.47 3.22 3.22 2.47 2.47 2.47 2.47 2.47
2.01 2.39 2.39 2.39 3.90 3.90 2.11 2.11 2.11 4.05 4.05 4.05 3.68 5.86 2.49 2.49 2.49 2.49 2.49 4.30 2.49 3.68 3.68 2.49 2.52 2.52 2.52 2.52 2.52 2.52 2.52 2.79 2.19 2.79 2.79 2.79 2.78 2.78 2.78 2.78 7.72 3.34 2.68 2.68 2.68 2.13 2.46 2.46 2.13 2.46 2.46 2.85 2.68 2.68 2.68 2.68 2.70 2.70 3.45 2.70 6.36 6.36 3.63 3.63 2.70 2.70 5.27 3.48 3.47 2.70 2.70 2.70 3.19 2.47 4.38 2.47 2.47 4.80 2.47 2.47 3.92 2.15 2.47 2.47
2.39 2.39 3.90 3.90 3.90 3.90 3.90 3.90 4.05 4.05 4.05 4.05 2.24 2.49 2.49 2.49 2.49 2.49 4.30 2.49 2.49 2.24 2.49 2.49 4.02 2.52 2.52 2.52 2.52 2.52 2.52 2.19 2.19 2.79 2.79 2.79 2.78 2.78 2.78 7.92 4.79 3.78 3.98 2.85 2.46 2.13 2.13 2.13 2.46 2.46 2.46 2.46 2.46 1.70 4.78 2.68 2.70 2.70 3.45 5.00 5.00 5.00 5.00 5.00 5.00 5.00 3.48 3.48 3.47 2.70 2.70 2.70 2.47 2.47 2.47 3.19 3.20 5.91 2.47 2.47 2.15 3.35 2.47 2.47
2.11 6.97 2.11 3.90 2.39 2.39 2.39 2.39 2.50 4.05 2.50 5.35 2.49 2.74 2.49 2.49 2.49 4.30 2.24 2.49 2.49 3.68 2.49 2.49 2.52 2.52 2.19 2.19 2.52 2.19 2.19 2.19 2.19 2.79 2.79 2.19 2.19 2.19 2.19 2.52 2.68 2.68 2.46 2.46 2.46 2.13 2.46 2.46 2.46 2.46 2.46 2.46 2.46 3.65 2.46 2.68 2.70 3.45 3.45 5.00 5.00 5.00 5.00 5.00 5.00 5.00 3.48 5.00 9.62 6.42 2.70 3.47 3.19 2.47 2.47 2.47 3.20 3.20 3.20 2.47 2.47 2.47 2.47 2.47
2.11 3.90 3.90 2.39 2.39 2.39 2.39 2.39 4.05 4.05 2.50 4.65 2.49 3.68 2.49 2.49 2.49 5.64 2.24 3.68 3.68 3.68 3.68 2.49 2.27 2.52 2.19 2.52 2.52 2.52 2.19 2.19 2.19 2.52 4.37 2.52 2.52 2.19 2.19 2.19 2.46 2.85 2.13 2.46 2.46 2.13 2.13 2.46 2.46 2.46 2.46 2.46 2.46 2.46 2.46 2.68 2.70 2.70 3.45 3.45 3.48 3.48 3.48 3.48 3.48 3.48 5.43 5.00 5.00 3.47 3.47 1.86 2.47 2.47 2.47 2.47 2.15 2.47 3.28 2.47 2.47 2.47 2.47 1.92
3.90 2.39 2.39 3.90 2.39 2.39 2.39 2.11 2.20 4.05 4.05 2.24 3.68 3.68 2.49 4.30 2.49 2.49 3.68 3.68 3.68 2.49 4.30 2.24 4.02 4.12 2.52 2.52 2.52 2.19 2.19 2.19 2.52 2.52 2.52 2.52 2.52 2.19 2.19 2.52 3.86 2.13 2.46 2.13 2.46 2.46 2.13 2.13 2.46 3.64 2.21 2.46 2.46 2.65 2.65 2.65 2.28 2.70 3.45 3.45 3.52 3.52 3.52 3.52 3.52 3.52 3.52 3.52 3.48 5.00 5.00 5.00 1.68 3.17 2.47 2.47 5.52 2.47 2.47 2.47 2.47 2.47 2.47 2.47
3.90 2.39 2.11 2.11 2.39 2.39 2.39 2.11 2.20 4.05 4.05 3.68 6.90 3.68 2.49 3.68 3.68 3.68 2.24 3.68 3.68 2.49 2.49 2.49 2.27 2.52 2.52 2.52 2.19 2.19 3.67 2.19 2.52 2.78 2.78 2.78 2.75 2.19 2.75 2.75 2.66 2.66 2.46 2.13 2.13 3.56 2.13 2.13 3.64 2.46 3.64 2.46 2.65 2.65 2.65 2.65 2.70 3.45 1.85 3.45 3.52 3.52 3.52 3.52 3.52 3.52 3.52 3.52 3.48 3.48 5.43 5.00 4.63 3.35 2.47 2.47 3.35 3.35 2.47 1.92 2.47 2.47 3.35 2.47
2.39 2.39 2.11 3.90 2.39 2.39 3.90 2.11 2.11 4.05 2.20 3.68 3.68 2.24 2.24 2.24 3.68 2.49 2.49 6.90 2.49 2.49 2.49 2.49 2.52 2.52 2.52 2.94 4.50 2.19 3.67 3.67 2.19 4.97 2.78 2.78 2.75 2.75 2.75 4.67 2.46 2.46 2.46 2.46 2.46 2.13 4.60 4.60 2.46 2.46 4.00 2.46 2.65 2.46 2.13 2.90 3.45 3.45 3.45 3.45 3.52 3.52 3.52 3.52 3.52 3.52 3.52 3.52 3.48 3.48 3.48 3.48 4.63 3.17 3.17 3.17 2.47 2.47 2.47 2.47 2.47 2.47 2.47 2.47
5.81 5.58 3.90 2.39 3.90 3.90 3.90 3.90 2.11 2.50 2.50 2.49 2.49 2.24 2.24 2.24 2.24 2.49 3.68 3.68 3.68 3.68 2.16 2.16 2.52 4.50 2.52 2.79 2.79 2.19 2.19 2.19 2.19 2.78 2.78 2.78 2.75 4.46 3.90 2.52 2.46 2.46 4.60 2.66 2.68 2.68 4.60 4.60 2.13 2.13 3.64 4.77 4.17 2.46 2.29 2.00 3.45 3.45 3.45 3.45 3.52 3.52 3.70 2.12 3.52 3.52 3.52 3.52 3.48 3.48 3.48 1.86 3.17 3.17 3.17 3.17 3.18 2.47 2.47 2.47 1.92 2.47 2.47 2.47
3.90 3.90 2.39 3.90 2.11 2.11 2.39 2.39 2.50 2.50 2.49 2.49 2.24 2.75 2.24 2.24 4.30 3.68 6.90 3.68 2.49 3.68 2.16 2.16 2.52 2.52 2.79 2.79 2.52 2.19 2.52 2.19 2.52 2.76 2.76 2.19 2.19 2.73 2.19 2.19 2.13 2.13 2.13 2.66 1.69 4.60 3.64 3.64 3.64 3.64 4.77 7.21 2.63 1.68 3.66 3.66 3.47 3.47 3.47 3.47 3.53 3.53 2.12 2.53 2.54 3.55 3.55 3.55 3.52 3.52 3.52 3.52 3.18 3.18 3.18 3.18 3.17 2.47 2.47 2.47 1.92 2.47 2.47 2.47
3.90 3.90 2.11 2.39 2.39 2.39 2.01 2.39 2.50 2.11 2.24 2.49 2.49 2.75 2.24 2.24 2.24 2.49 2.49 3.68 2.75 2.49 2.49 2.49 2.52 2.52 2.52 2.19 2.19 2.19 2.52 4.06 2.52 2.52 2.19 2.19 2.19 2.19 2.19 2.52 2.46 2.13 2.13 4.77 4.77 4.77 4.77 4.77 3.64 3.64 2.67 2.67 2.63 2.63 3.66 3.66 1.86 3.47 3.47 3.47 3.53 1.88 1.97 2.53 2.54 2.54 3.55 3.55 3.52 3.52 3.52 3.52 3.18 2.47 2.47 2.47 2.47 2.47 2.47 3.17 2.47 2.47 2.47 2.47
2.10 3.89 3.89 2.39 3.89 2.10 3.89 3.89 3.97 2.44 2.43 2.43 2.43 3.61 3.61 2.19 3.61 2.43 2.19 2.69 2.69 2.11 2.11 2.11 2.10 2.42 4.18 2.42 2.42 2.10 2.10 2.42 2.65 2.42 2.10 2.10 2.10 4.55 2.42 2.42 2.30 2.30 2.30 4.51 4.51 8.87 4.51 4.35 4.35 4.35 3.44 4.35 4.51 2.47 3.45 3.45 3.23 3.23 3.23 3.23 3.29 3.29 2.34 2.34 2.35 2.35 2.35 3.30 3.28 3.28 3.28 3.28 3.01 3.01 3.01 2.34 2.34 2.34 2.34 2.34 3.00 3.00 3.00 3.00
2.10 3.89 2.39 2.39 3.89 3.89 2.01 5.16 2.44 2.44 2.43 4.20 2.43 3.61 3.61 2.19 2.19 2.43 2.43 2.69 2.69 2.11 2.11 3.74 2.42 2.42 4.18 2.42 2.42 2.42 2.67 2.67 2.65 2.10 2.10 2.10 1.66 4.55 4.55 5.71 1.99 2.30 2.30 1.99 1.99 1.99 4.35 4.35 4.35 4.35 3.44 4.51 4.51 4.38 3.45 3.45 3.23 3.23 3.23 3.23 3.29 3.29 1.81 2.11 2.35 2.35 2.35 3.30 1.72 1.96 3.28 3.28 5.55 5.55 3.01 3.01 2.34 2.34 2.34 2.34 3.00 3.00 3.00 3.00
2.10 3.89 2.39 2.39 2.39 2.39 3.13 2.01 2.44 2.15 2.43 2.43 2.43 2.19 2.19 3.61 2.19 3.61 2.19 2.19 3.61 2.11 2.11 2.11 2.42 2.42 2.42 2.42 2.42 2.65 2.65 2.65 2.62 2.62 2.10 2.10 2.42 2.42 2.10 2.10 1.99 1.99 1.99 1.99 2.30 1.99 1.99 1.99 1.99 1.99 7.56 4.51 4.51 2.49 2.49 3.47 3.22 3.22 3.22 3.22 3.27 3.27 2.33 2.33 2.36 1.81 1.81 2.11 1.96 1.96 3.29 3.29 3.02 3.02 3.02 2.34 3.19 3.19 2.34 2.34 2.34 3.01 3.01 3.01
5.37 3.89 3.89 2.39 2.39 2.39 2.39 3.33 2.15 2.19 2.43 2.43 2.43 2.19 3.61 3.61 2.19 2.19 2.43 2.19 2.19 2.43 2.11 2.11 2.10 2.42 2.42 2.42 2.42 2.42 2.65 2.65 2.62 2.10 2.10 1.66 2.10 2.10 2.10 2.10 1.99 4.58 2.47 1.99 2.49 2.49 1.99 1.99 1.99 1.99 1.99 3.44 4.51 4.51 4.51 3.47 3.22 3.22 3.22 3.22 3.27 2.33 2.33 2.33 2.36 1.81 1.81 2.11 2.51 1.96 1.96 3.29 5.57 3.02 3.02 4.12 3.19 3.01 2.34 2.34 2.34 2.34 3.01 3.01
0.00 5.37 3.89 2.10 2.10 3.89 2.10 3.89 3.97 3.61 2.43 6.14 3.61 3.61 5.73 2.43 3.61 2.11 3.61 3.61 2.43 2.19 2.19 2.11 3.94 2.10 2.10 2.10 2.65 2.65 2.65 2.65 2.62 2.62 2.79 1.66 2.10 2.10 2.10 2.10 2.47 2.47 2.47 2.47 2.49 2.49 2.49 3.31 3.31 2.30 2.30 2.30 2.30 4.51 2.49 2.49 3.22 3.22 3.22 3.22 3.27 3.27 2.33 2.33 2.36 1.81 3.38 1.81 2.51 3.29 6.07 3.29 3.02 3.02 2.34 2.34 3.01 2.34 2.34 3.01 2.34 4.12 2.03 2.34
0.00 0.00 5.37 3.89 2.10 5.37 3.89 2.10 3.97 3.61 3.61 5.73 3.61 3.61 3.61 2.43 3.61 2.19 2.19 2.43 2.11 2.43 2.11 2.11 2.42 2.42 2.42 3.94 2.10 2.65 2.65 2.65 2.62 2.62 2.62 2.62 2.42 2.42 2.87 3.61 3.45 3.45 3.45 3.45 3.48 2.49 2.49 1.99 1.99 2.30 2.30 2.07 3.96 2.30 2.49 2.49 3.22 3.22 3.22 3.22 3.27 3.27 3.27 2.33 2.36 2.36 0.00 2.36 3.29 3.29 3.29 3.29 3.02 1.58 1.81 3.20 3.01 3.01 3.01 1.81 3.18 2.34 3.88 2.34
0.00 0.00 0.00 0.00 0.00 0.00 0.00 0.00 3.97 2.19 4.67 2.19 2.43 2.43 2.43 2.43 2.43 2.43 2.19 2.19 2.68 2.43 2.43 2.43 4.18 2.42 4.29 2.42 2.42 2.61 2.61 2.61 2.57 2.57 2.57 2.10 2.59 2.59 3.60 3.60 3.46 3.46 3.46 3.46 3.46 3.46 2.48 2.48 2.48 2.30 2.30 2.07 3.96 3.96 2.50 2.50 2.29 3.22 3.22 3.22 3.26 3.26 3.26 6.03 3.29 0.00 0.00 0.00 3.29 3.29 0.00 0.00 0.00 3.04 2.34 2.34 2.34 2.34 3.01 1.81 2.34 2.34 2.34 2.34
0.00 0.00 0.00 0.00 0.00 0.00 0.00 0.00 0.00 0.00 4.73 2.19 3.61 3.61 2.43 2.43 2.43 2.43 2.43 2.19 2.11 2.43 4.20 2.43 2.42 4.18 2.42 2.66 2.61 2.61 2.61 2.61 2.57 2.57 2.57 2.57 2.59 2.59 2.59 2.59 1.99 1.99 2.48 3.46 3.46 3.46 2.48 2.48 4.41 2.48 3.05 2.30 2.30 2.50 2.50 2.50 2.29 3.22 3.22 3.22 3.26 3.26 3.26 3.26 3.29 0.00 0.00 0.00 0.00 0.00 0.00 0.00 0.00 0.00 0.00 3.04 2.34 3.01 3.01 2.34 2.34 2.34 2.34 2.34
0.00 0.00 0.00 0.00 0.00 0.00 0.00 0.00 0.00 0.00 4.73 4.73 4.73 2.43 2.68 2.43 2.43 2.43 2.43 2.11 1.69 1.69 2.43 2.43 2.42 2.10 2.42 2.66 2.61 2.61 2.61 2.61 2.57 2.57 2.57 2.57 2.59 2.59 2.59 2.59 4.39 4.12 1.99 2.48 3.46 3.46 3.46 2.48 2.48 1.57 2.48 2.48 2.30 2.50 2.50 2.50 2.29 2.29 3.22 3.22 3.26 3.26 3.26 3.26 3.29 6.08 3.29 0.00 0.00 0.00 0.00 0.00 0.00 0.00 0.00 0.00 0.00 2.34 3.01 2.34 2.34 2.34 4.12 2.34
0.00 0.00 0.00 0.00 0.00 0.00 0.00 0.00 0.00 0.00 0.00 0.00 5.29 5.29 2.68 2.68 2.43 2.43 2.43 1.69 2.68 2.68 2.43 2.43 2.10 4.55 4.55 2.66 2.61 2.61 2.61 2.61 2.57 2.57 2.57 2.57 2.59 2.59 2.59 2.59 2.48 2.48 2.15 3.46 3.46 6.41 3.46 3.46 3.47 1.57 1.57 2.48 2.30 2.57 2.50 4.43 2.29 2.29 3.22 3.22 3.26 3.26 3.26 3.26 3.29 3.29 3.29 0.00 0.00 0.00 0.00 0.00 0.00 0.00 0.00 0.00 3.01 2.03 2.34 2.34 2.34 2.34 3.37 2.34
0.00 0.00 0.00 0.00 0.00 0.00 0.00 0.00 0.00 0.00 0.00 0.00 0.00 5.29 3.72 3.72 2.43 2.43 2.69 2.69 4.73 2.68 4.73 2.43 2.10 2.10 4.55 2.61 2.56 2.56 4.55 2.56 2.60 3.62 3.62 3.62 3.69 3.69 3.69 3.69 3.54 3.54 3.54 3.54 3.53 3.53 3.53 3.53 3.48 1.87 3.48 3.48 2.73 2.30 2.55 2.47 4.04 2.29 2.29 2.29 2.32 3.26 3.26 0.00 11.83 0.00 0.00 0.00 0.00 0.00 0.00 0.00 0.00 0.00 0.00 0.00 3.03 2.34 2.34 2.34 2.34 2.34 2.99 2.34
0.00 0.00 0.00 0.00 0.00 0.00 0.00 0.00 0.00 0.00 0.00 0.00 0.00 0.00 10.16 5.29 2.88 2.88 3.73 4.73 4.73 4.73 2.43 2.43 2.61 4.55 2.61 2.61 2.56 2.56 2.56 2.56 3.62 3.62 3.62 3.62 3.69 3.69 3.69 3.69 3.54 3.54 3.54 3.54 3.53 3.53 3.53 3.53 3.48 3.48 3.48 3.48 2.73 2.73 2.73 2.47 2.29 2.29 2.29 2.29 2.32 2.32 0.00 0.00 0.00 0.00 0.00 0.00 0.00 0.00 0.00 0.00 0.00 0.00 0.00 0.00 4.42 4.42 3.18 2.34 2.03 2.99 2.99 2.34
0.00 0.00 0.00 0.00 0.00 0.00 0.00 0.00 0.00 0.00 0.00 0.00 0.00 0.00 0.00 5.29 5.29 5.29 6.92 5.74 5.29 5.29 3.73 3.73 3.64 3.64 2.61 4.61 2.56 2.56 2.56 2.56 3.62 3.62 3.62 3.62 3.69 3.69 3.69 3.69 3.54 3.54 3.54 3.54 3.53 3.53 3.53 3.53 3.48 3.48 3.48 3.48 3.46 2.73 2.73 3.46 2.29 2.29 2.29 2.29 2.32 0.00 0.00 0.00 0.00 0.00 0.00 0.00 0.00 0.00 0.00 0.00 0.00 0.00 0.00 0.00 0.00 8.49 4.42 4.42 2.03 2.34 2.99 2.99
0.00 0.00 0.00 0.00 0.00 0.00 0.00 0.00 0.00 0.00 0.00 0.00 0.00 0.00 0.00 0.00 0.00 5.29 5.29 5.29 5.29 5.29 3.73 3.73 3.64 3.64 2.61 2.61 2.56 2.56 2.56 3.57 3.62 3.62 0.00 0.00 0.00 0.00 0.00 0.00 0.00 0.00 0.00 0.00 0.00 0.00 3.53 3.53 3.48 3.48 3.48 3.48 3.46 2.73 2.73 3.46 2.29 2.29 2.29 4.04 2.32 0.00 0.00 0.00 0.00 0.00 0.00 0.00 0.00 0.00 0.00 0.00 0.00 0.00 0.00 0.00 0.00 0.00 0.00 0.00 0.00 2.99 1.57 2.99
0.00 0.00 0.00 0.00 0.00 0.00 0.00 0.00 0.00 0.00 0.00 0.00 0.00 0.00 0.00 0.00 0.00 0.00 0.00 0.00 0.00 0.00 5.29 3.70 3.62 3.62 3.62 2.60 2.59 2.59 3.61 3.61 3.66 0.00 0.00 0.00 0.00 0.00 0.00 0.00 0.00 0.00 0.00 0.00 0.00 0.00 0.00 0.00 0.00 6.49 3.53 3.53 3.43 3.43 2.73 3.43 3.16 2.24 2.24 2.24 2.29 0.00 0.00 0.00 0.00 0.00 0.00 0.00 0.00 0.00 0.00 0.00 0.00 0.00 0.00 0.00 0.00 0.00 0.00 0.00 0.00 2.98 1.57 2.98
0.00 0.00 0.00 0.00 0.00 0.00 0.00 0.00 0.00 0.00 0.00 0.00 0.00 0.00 0.00 0.00 0.00 0.00 0.00 0.00 0.00 0.00 0.00 5.29 3.62 3.62 3.62 3.62 3.61 3.61 3.61 3.61 0.00 0.00 0.00 0.00 0.00 0.00 0.00 0.00 0.00 0.00 0.00 0.00 0.00 0.00 0.00 0.00 0.00 0.00 3.53 3.53 3.43 3.43 2.73 2.73 4.73 3.16 3.16 3.16 3.23 15.05 0.00 0.00 0.00 0.00 0.00 0.00 0.00 0.00 0.00 0.00 0.00 0.00 0.00 0.00 0.00 0.00 0.00 0.00 0.00 5.50 2.98 1.81
0.00 0.00 0.00 0.00 0.00 0.00 0.00 0.00 0.00 0.00 0.00 0.00 0.00 0.00 0.00 0.00 0.00 0.00 0.00 0.00 0.00 0.00 0.00 0.00 0.00 0.00 0.00 3.40 3.40 3.40 3.40 0.00 0.00 0.00 0.00 0.00 0.00 0.00 0.00 0.00 0.00 0.00 0.00 0.00 0.00 0.00 0.00 0.00 0.00 0.00 6.06 3.28 3.18 3.18 1.78 1.78 2.97 2.97 2.97 2.97 3.03 3.11 0.00 0.00 0.00 0.00 0.00 0.00 0.00 0.00 0.00 0.00 0.00 0.00 0.00 0.00 0.00 0.00 0.00 0.00 0.00 0.00 3.65 2.85
0.00 0.00 0.00 0.00 0.00 0.00 0.00 0.00 0.00 0.00 0.00 0.00 0.00 0.00 0.00 0.00 0.00 0.00 0.00 0.00 0.00 0.00 0.00 0.00 0.00 0.00 0.00 0.00 3.40 3.40 12.36 0.00 0.00 0.00 0.00 0.00 0.00 0.00 0.00 0.00 0.00 0.00 0.00 0.00 0.00 0.00 0.00 0.00 0.00 0.00 3.28 3.28 3.18 3.18 3.18 1.78 1.65 2.97 1.65 2.97 3.03 3.03 3.03 3.03 0.00 0.00 0.00 0.00 0.00 0.00 0.00 0.00 0.00 0.00 0.00 0.00 0.00 0.00 0.00 0.00 0.00 0.00 0.00 2.85
0.00 0.00 0.00 0.00 0.00 0.00 0.00 0.00 0.00 0.00 0.00 0.00 0.00 0.00 0.00 0.00 0.00 0.00 0.00 0.00 0.00 0.00 0.00 0.00 0.00 0.00 0.00 0.00 3.45 3.45 0.00 0.00 0.00 0.00 0.00 0.00 0.00 0.00 0.00 0.00 0.00 0.00 0.00 0.00 0.00 0.00 0.00 0.00 0.00 0.00 3.27 3.27 3.16 3.16 3.16 3.16 1.65 1.65 1.65 2.93 3.00 3.00 3.00 3.00 0.00 0.00 0.00 0.00 0.00 0.00 0.00 0.00 0.00 0.00 0.00 0.00 0.00 0.00 0.00 0.00 0.00 0.00 0.00 11.01
0.00 0.00 0.00 0.00 0.00 0.00 0.00 0.00 0.00 0.00 0.00 0.00 0.00 0.00 0.00 0.00 0.00 0.00 0.00 0.00 0.00 0.00 0.00 0.00 0.00 0.00 0.00 0.00 7.49 12.36 0.00 0.00 0.00 0.00 0.00 0.00 0.00 0.00 0.00 0.00 0.00 0.00 0.00 0.00 0.00 0.00 0.00 0.00 0.00 0.00 3.27 3.27 3.16 3.16 3.16 3.16 2.93 1.65 2.93 2.93 3.00 3.00 3.00 1.65 0.00 0.00 0.00 0.00 0.00 0.00 0.00 0.00 0.00 0.00 0.00 0.00 0.00 0.00 0.00 0.00 0.00 0.00 0.00 0.00
