New_Model_Runs/13_Future_RCP4.5_Scn3_out/post_prcessed_with_MFR/Monthly_summaries/runoff_monthly_SEP.asc
NCOLS 700
NROWS 400
XLLCENTER 515000.000000
YLLCENTER 8409000.000000
CELLSIZE 50.000000
NODATA_value -999.000000
[rows 76 to 113 of 400, columns 336 to 419 of 700]
0.00 0.00 0.00 0.00 0.00 0.00 0.00 0.00 0.00 0.00 0.00 0.00 0.00 0.00 0.00 0.00 0.00 0.00 0.00 0.00 0.00 0.00 0.00 0.00 0.00 0.00 0.00 0.00 0.00 0.00 0.00 0.00 0.00 0.00 0.00 0.00 0.00 0.00 0.00 0.00 0.00 0.00 0.00 0.00 0.00 0.00 0.00 0.00 0.86 0.21 0.00 0.00 0.00 0.00 0.00 0.00 0.00 0.38 0.35 0.27 0.27 0.27 0.04 0.04 0.28 0.04 0.04 0.04 0.04 0.27 0.27 0.00 0.00 0.00 0.00 0.00 0.00 0.00 0.00 0.00 0.00 0.00 0.00 0.00
0.00 0.00 0.00 0.00 0.00 0.00 0.00 0.00 0.00 0.00 0.00 0.00 0.00 0.00 0.00 0.00 0.00 0.00 0.00 0.00 0.00 0.00 0.00 0.00 0.00 0.00 0.00 0.00 0.00 0.00 0.00 0.00 0.00 0.00 0.00 0.00 0.00 0.00 0.00 0.00 0.00 0.00 0.00 0.00 0.00 0.00 0.00 0.00 0.78 0.29 0.29 0.00 0.00 0.00 0.28 0.28 0.27 0.27 0.38 0.27 0.27 0.04 0.04 0.04 0.04 0.04 0.27 0.27 0.27 0.27 0.00 0.00 0.00 0.00 0.00 0.00 0.00 0.00 0.00 0.00 0.00 0.00 0.00 0.00
0.00 0.00 0.00 0.00 0.00 0.00 0.00 0.00 0.00 0.00 0.00 0.00 0.00 0.00 0.00 0.00 0.00 0.00 0.00 0.00 0.00 0.00 0.00 0.00 0.00 0.00 0.00 0.00 0.00 0.00 0.00 0.00 0.00 0.00 0.00 0.00 0.00 0.00 0.00 0.00 0.00 0.00 0.00 0.00 0.00 0.00 0.00 0.00 0.29 0.29 0.29 0.29 0.28 0.28 0.28 0.28 0.27 0.32 0.35 0.27 0.27 0.03 0.03 0.95 0.93 0.93 0.93 0.93 0.93 0.00 0.00 0.00 0.00 0.00 0.00 0.00 0.00 0.00 0.00 0.00 0.00 0.00 0.00 0.00
0.00 0.00 0.00 0.00 0.00 0.00 0.00 0.00 0.00 0.00 0.00 0.00 0.00 0.00 0.00 0.00 0.00 0.00 0.00 0.00 0.00 0.00 0.00 0.00 0.00 0.00 0.00 0.00 0.00 0.00 0.00 0.00 0.00 0.00 0.00 0.00 0.00 0.00 0.00 0.00 0.00 0.00 0.00 0.00 0.00 0.00 0.00 0.71 0.29 0.29 0.29 0.29 0.28 0.28 0.28 0.28 0.27 0.21 0.27 0.27 0.28 0.11 0.04 0.95 0.93 0.93 0.93 0.93 0.00 0.00 0.00 0.00 0.00 0.00 0.00 0.00 0.00 0.00 0.00 0.00 0.00 0.00 0.00 0.00
0.00 0.00 0.00 0.00 0.00 0.00 0.00 0.00 0.00 0.00 0.00 0.00 0.00 0.00 0.00 0.00 0.00 0.00 0.00 0.00 0.00 0.00 0.00 0.00 0.00 0.00 0.00 0.00 0.00 0.00 0.00 0.00 0.00 0.00 0.00 0.00 0.00 0.00 0.00 0.00 0.00 0.00 0.00 0.00 0.00 0.00 0.00 0.31 0.28 0.28 0.28 0.28 0.26 0.26 0.26 0.26 0.27 0.27 0.27 0.27 0.29 0.07 0.29 0.95 0.93 0.93 0.93 0.00 0.00 0.00 0.00 0.00 0.00 0.00 0.00 0.00 0.00 0.00 0.00 0.00 0.00 0.00 0.00 0.00
0.00 0.00 0.00 0.00 0.00 0.00 0.00 0.00 0.00 0.00 0.00 0.00 0.00 0.00 0.00 0.00 0.00 0.00 0.00 0.00 0.00 0.00 0.00 0.00 0.00 0.00 0.00 0.00 0.00 0.00 0.00 0.00 0.00 0.00 0.00 0.00 0.00 0.00 3.08 0.00 0.00 0.00 0.00 0.00 0.00 0.00 0.00 0.31 0.28 0.28 0.28 0.28 0.26 0.38 0.26 0.26 0.49 0.30 0.27 0.27 0.29 0.29 0.29 0.95 0.93 0.93 0.00 0.00 0.00 0.00 0.00 0.00 0.00 0.00 0.00 0.00 0.00 0.00 0.00 0.00 0.00 0.00 0.00 0.00
0.00 0.00 0.00 0.00 0.00 0.00 0.00 0.00 0.00 0.00 0.00 0.00 0.00 0.00 0.00 0.00 0.00 0.00 0.00 0.00 0.00 0.00 0.00 0.00 0.00 0.00 0.00 0.00 0.00 0.00 0.00 0.00 0.00 0.00 0.00 0.00 0.00 2.83 2.83 2.83 2.83 0.00 0.00 0.00 0.00 0.00 0.00 0.45 0.42 0.42 0.42 0.42 0.38 0.38 0.38 0.38 0.62 0.62 0.40 0.40 0.43 0.43 0.07 1.71 1.60 0.00 0.00 0.00 0.00 0.00 0.00 0.00 0.00 0.00 0.00 0.00 0.00 0.00 0.00 0.00 0.00 0.00 0.00 0.37
0.00 0.00 0.00 0.00 0.00 0.00 0.00 0.00 0.00 0.00 0.00 0.00 0.00 0.00 0.00 0.00 0.00 0.00 0.00 0.00 0.00 0.00 0.00 0.00 0.00 0.00 0.00 0.00 0.00 0.00 0.00 0.00 0.00 0.00 0.00 0.00 2.83 2.83 2.83 2.83 5.36 1.71 1.71 2.89 1.62 0.45 0.45 0.45 0.42 0.42 0.42 0.42 0.38 0.38 0.38 0.38 0.40 0.40 0.40 0.40 0.07 0.23 0.23 1.71 1.60 0.00 0.00 0.00 0.00 0.00 0.00 0.00 0.00 0.00 0.00 0.00 0.00 0.00 0.00 0.00 0.37 0.78 0.37 0.37
0.00 0.00 0.00 0.00 0.00 0.00 0.00 0.00 0.00 0.00 0.00 0.00 0.00 0.00 0.00 0.00 0.00 0.00 0.00 0.00 0.00 0.00 0.00 0.00 0.00 0.00 0.00 0.00 0.00 0.00 0.00 0.00 0.00 0.00 6.35 2.84 2.81 2.81 2.81 2.81 2.82 3.02 1.71 1.71 2.79 0.43 0.43 0.58 0.39 0.39 0.39 0.39 0.40 0.40 0.40 0.40 0.43 0.43 0.43 0.43 0.07 0.23 2.58 0.75 9.02 0.00 0.00 0.00 0.00 0.00 0.00 0.00 0.00 0.00 0.00 0.00 0.00 0.00 0.00 8.95 0.37 0.37 0.37 0.37
0.00 0.00 0.00 0.00 0.00 0.00 0.00 0.00 0.00 0.00 0.00 0.00 0.00 0.00 0.00 0.00 0.00 0.00 0.00 0.00 0.00 0.00 0.00 0.00 0.00 0.00 0.00 0.00 0.00 0.00 0.00 0.00 12.13 2.84 2.84 2.84 2.81 2.81 2.81 2.81 2.82 1.71 1.71 1.71 2.79 5.29 0.43 0.43 0.39 0.39 0.39 0.39 0.40 0.40 0.40 0.40 0.07 0.07 0.07 0.23 0.23 0.43 2.58 0.75 8.95 0.00 0.00 0.00 0.00 0.00 0.00 0.00 0.00 0.00 0.00 0.00 0.00 0.00 0.00 0.41 0.37 0.39 0.37 0.37
0.00 0.00 0.00 0.00 0.00 0.00 0.00 0.00 0.00 0.00 0.00 0.00 0.00 0.00 0.00 0.00 0.00 0.00 0.00 0.00 0.00 0.00 0.00 0.00 0.00 0.00 0.00 0.00 0.00 0.00 0.00 0.00 0.00 5.39 2.84 2.84 2.81 2.81 5.33 2.81 2.82 1.71 1.71 3.79 2.79 2.79 2.79 0.43 0.39 0.73 0.39 0.39 0.40 0.40 0.40 0.40 0.07 0.07 0.23 0.23 0.43 2.58 0.91 0.75 0.00 0.00 0.00 0.00 0.00 0.00 0.00 0.00 0.00 0.00 0.00 0.00 0.00 0.00 0.41 0.41 0.37 0.37 0.37 0.37
0.00 0.00 0.00 0.00 0.00 0.00 0.00 0.00 0.00 0.00 0.00 0.00 0.00 0.00 0.00 0.00 0.00 0.00 0.00 0.00 0.00 0.00 0.00 0.00 0.00 0.00 0.00 0.00 0.00 0.00 0.00 0.00 0.00 2.84 2.84 2.84 2.81 2.81 2.81 2.81 2.82 5.33 1.71 1.71 2.79 2.79 2.79 2.79 0.39 0.54 0.39 0.62 0.40 0.40 0.40 0.40 0.43 0.03 0.23 0.23 0.23 0.43 0.91 0.75 0.00 0.00 0.00 0.00 0.00 0.00 0.00 0.00 0.00 0.00 0.00 0.00 0.00 0.40 0.41 0.41 0.37 0.37 0.50 0.37
0.00 0.00 0.00 0.00 0.00 0.00 0.00 0.00 0.00 0.00 0.00 0.00 0.00 0.00 0.00 0.00 0.00 0.00 0.00 0.00 0.00 0.00 0.00 0.00 0.00 0.00 0.00 0.00 0.00 0.00 0.00 0.00 0.00 0.00 2.89 2.89 2.84 2.84 2.84 2.84 2.79 2.79 1.69 1.69 1.66 2.75 2.75 2.43 2.83 0.44 0.44 0.41 0.43 0.43 0.43 0.43 0.45 0.45 0.03 0.23 0.23 0.75 0.91 0.75 0.00 0.00 0.00 0.00 0.00 0.00 0.00 0.00 0.00 0.00 0.00 0.00 0.32 0.41 0.41 0.41 0.50 0.37 0.37 0.37
0.00 0.00 0.00 0.00 0.00 0.00 0.00 0.00 0.00 0.00 0.00 0.00 0.00 0.00 0.00 0.00 0.00 0.00 0.00 0.00 0.00 0.00 0.00 0.00 0.00 0.00 0.00 0.00 0.00 0.00 0.00 0.00 0.00 0.00 0.00 2.89 2.84 2.84 2.84 2.84 2.79 2.79 2.79 5.30 1.66 2.75 2.43 2.43 2.38 2.00 0.41 0.41 0.43 0.43 0.43 0.43 0.45 0.07 0.23 0.23 0.75 0.75 0.91 0.75 1.60 0.00 0.00 0.00 0.00 0.00 0.00 0.00 0.00 0.00 0.00 0.43 0.70 0.41 0.41 0.41 0.37 0.37 0.50 0.37
0.00 0.00 0.00 0.00 0.00 0.00 0.00 0.00 0.00 0.00 0.00 0.00 0.00 0.00 0.00 0.00 0.00 0.00 0.00 0.00 0.00 0.00 0.00 3.67 0.00 0.00 0.00 0.00 0.00 0.00 0.00 0.00 0.00 0.00 0.00 5.44 2.84 2.84 5.38 2.84 2.79 2.79 2.79 2.79 2.75 2.75 4.50 2.43 2.71 2.00 2.71 0.41 0.43 0.07 0.07 0.07 0.07 0.07 0.23 0.75 0.75 0.91 0.91 1.71 1.60 1.60 1.60 2.24 0.00 0.00 0.00 0.00 2.42 2.42 0.86 0.43 0.41 0.41 0.41 0.41 0.37 0.37 0.37 0.37
0.00 0.00 0.00 0.00 0.00 0.00 0.00 0.00 0.00 0.00 0.00 0.00 0.00 0.00 0.00 0.00 0.00 0.00 0.00 0.00 0.00 0.00 0.00 1.92 1.91 1.91 0.00 0.00 0.00 0.00 0.00 0.00 0.00 0.00 0.00 0.00 2.84 2.84 2.84 2.84 2.79 2.79 2.79 7.68 2.75 2.75 2.75 2.75 2.71 2.71 2.71 2.71 0.07 0.07 0.07 0.08 0.08 0.45 0.23 0.75 0.91 0.91 2.58 1.90 1.60 0.71 0.71 1.12 1.60 1.60 4.86 2.42 4.86 2.42 2.42 0.43 0.41 0.41 0.41 0.41 0.37 0.37 0.37 0.37
0.00 0.00 0.00 0.00 0.00 0.00 0.00 0.00 0.00 0.00 0.00 0.00 0.00 0.00 0.00 0.00 0.00 0.00 0.00 0.00 0.00 0.00 0.00 1.92 1.92 1.92 1.92 0.00 0.00 0.00 0.00 0.00 0.00 0.00 0.00 0.00 2.86 2.86 2.86 2.86 2.78 2.78 2.78 5.27 5.26 2.77 2.77 2.77 2.77 2.77 2.77 2.77 2.80 1.24 0.44 0.44 0.45 0.45 0.45 0.23 0.43 0.43 0.75 0.23 0.40 0.71 0.71 0.84 0.71 2.42 2.42 4.86 2.42 3.14 0.86 0.40 0.32 0.42 0.12 0.42 0.38 0.38 0.38 0.38
0.00 0.00 0.00 0.00 0.00 0.00 0.00 0.00 0.00 0.00 0.00 0.00 0.00 0.00 0.00 0.00 0.00 0.00 0.00 0.00 0.00 0.00 0.00 1.92 1.92 1.92 1.92 4.50 0.00 0.00 0.00 0.00 0.00 0.00 0.00 0.00 0.00 2.86 2.86 2.86 2.78 2.78 2.78 2.78 2.77 2.77 2.77 5.26 2.77 7.82 2.77 7.82 2.80 2.80 0.44 0.44 0.45 0.45 0.47 0.23 0.54 0.78 0.06 1.47 0.59 0.71 0.22 0.51 0.43 1.60 2.42 2.42 0.86 0.59 0.40 0.22 0.42 0.12 0.03 0.07 0.38 0.38 0.38 0.38
0.00 0.00 0.00 0.00 0.00 0.00 0.00 0.00 0.00 0.00 0.00 0.00 0.00 0.00 0.00 0.00 0.00 0.00 0.00 0.00 0.00 0.00 0.89 1.92 1.92 1.92 1.92 1.92 1.94 0.00 0.00 0.00 0.00 0.00 0.00 0.00 0.00 2.86 2.86 2.86 2.78 2.78 2.78 2.78 5.27 2.77 2.77 2.77 2.77 2.77 5.26 2.77 2.80 2.80 2.80 0.44 0.45 0.45 0.23 0.23 0.15 0.46 0.27 0.46 0.40 0.71 0.73 0.22 0.43 1.60 1.60 2.42 2.42 0.40 0.40 0.22 0.15 0.07 0.07 0.07 0.38 0.38 0.38 0.51
0.00 0.00 0.00 0.00 0.00 0.00 0.00 0.00 0.00 0.00 0.00 0.00 0.00 0.00 0.00 0.00 0.00 0.00 0.00 0.00 0.00 0.00 1.38 1.92 1.92 1.92 1.92 1.92 4.52 1.94 0.00 0.00 0.00 0.00 0.00 0.00 2.86 2.86 2.86 2.86 5.27 2.78 2.78 2.78 5.29 2.77 2.77 2.77 2.77 2.77 2.77 2.77 2.80 2.80 2.80 2.80 0.45 0.07 0.07 0.23 0.99 0.46 0.46 0.46 0.40 0.22 0.39 0.40 0.43 0.22 1.60 2.42 2.42 2.42 0.59 0.22 0.07 0.07 0.07 0.07 0.38 0.38 0.38 0.38
0.00 0.00 0.00 0.00 0.00 0.00 0.00 0.00 0.00 0.00 0.00 0.00 0.00 0.00 0.00 0.00 0.89 9.25 1.38 0.89 0.89 0.89 0.89 0.89 1.90 1.90 1.90 1.90 1.93 1.93 1.93 0.00 0.00 0.00 0.00 0.00 2.85 2.85 2.85 2.85 2.80 2.80 2.80 2.80 2.80 2.80 2.80 2.80 2.76 2.76 2.76 2.76 2.79 2.79 2.79 2.79 2.86 1.73 0.07 0.20 1.47 0.45 0.43 0.45 0.40 0.07 0.07 0.42 0.43 0.07 1.60 0.33 0.43 0.43 0.40 0.22 0.19 0.52 0.52 0.07 1.33 0.40 0.40 0.40
0.00 0.00 0.00 0.00 0.00 0.00 0.00 9.01 0.83 0.83 0.00 0.00 9.01 0.83 0.83 1.63 0.89 0.89 0.89 1.70 0.89 0.89 0.89 0.89 1.90 8.58 1.90 1.90 1.93 1.93 1.93 1.93 2.90 2.90 2.90 2.90 2.85 2.85 2.85 2.85 2.80 2.80 2.80 2.80 2.80 2.80 2.80 5.32 8.42 2.76 2.76 2.76 2.79 2.79 2.79 2.79 2.86 1.73 1.73 0.72 0.45 0.45 0.43 0.47 0.12 0.03 0.42 0.42 0.43 0.07 0.52 0.19 0.07 0.40 0.22 0.07 0.03 0.07 0.07 0.07 0.02 0.11 0.40 0.67
0.00 0.00 0.00 0.00 0.00 0.00 0.00 1.02 1.02 1.02 1.02 1.02 1.02 1.02 1.02 1.60 1.66 1.66 1.66 1.66 2.79 2.79 1.66 1.66 3.27 6.33 3.27 3.27 6.37 3.31 3.31 3.31 3.42 3.42 3.42 6.62 3.36 3.36 3.36 3.36 3.31 3.31 6.40 3.31 3.31 3.31 6.41 3.31 6.12 3.23 3.23 3.23 3.26 3.26 3.26 3.26 6.39 4.66 1.65 3.33 1.18 1.18 0.44 0.44 0.90 0.09 0.73 0.53 0.54 0.40 0.65 0.27 0.27 0.27 0.14 0.14 0.27 0.27 0.65 0.05 0.05 0.09 0.88 0.52
0.00 0.00 0.00 0.00 0.00 0.00 0.00 0.00 1.02 1.02 1.02 1.02 1.58 1.58 1.02 1.02 2.80 1.66 1.66 1.66 1.66 2.78 1.66 1.66 3.66 3.27 3.27 3.27 3.31 3.31 3.31 3.31 3.42 3.42 3.42 3.42 3.36 3.36 3.36 6.46 6.40 3.31 3.31 3.31 3.31 3.31 6.41 3.31 3.23 3.23 3.23 3.23 3.26 3.26 3.26 3.26 3.33 2.07 2.11 3.33 3.33 1.18 1.18 1.18 0.53 0.53 2.34 0.53 0.54 0.51 0.27 0.27 0.27 0.27 0.14 0.14 0.27 0.27 0.24 0.45 0.05 0.09 0.52 0.52
0.00 0.00 0.00 0.00 0.00 0.00 0.00 0.00 1.58 1.01 1.01 1.01 1.00 1.00 1.00 1.56 1.09 2.38 1.09 1.09 1.65 2.77 1.65 1.65 1.08 3.25 6.29 3.25 3.26 3.26 3.26 3.26 6.41 6.49 3.35 3.35 3.33 3.33 3.33 12.51 3.33 3.33 3.33 3.33 3.31 3.31 3.31 3.31 3.20 3.20 3.20 3.20 3.25 3.25 3.25 3.25 3.31 3.31 3.31 3.31 3.30 3.30 1.15 1.15 0.53 1.36 1.36 0.53 0.54 0.54 0.27 0.37 0.24 0.16 0.14 0.72 0.27 0.52 0.24 0.65 0.69 0.64 0.08 0.08
0.00 0.00 0.00 0.00 0.00 0.00 0.00 0.00 1.01 1.01 1.01 1.01 1.00 1.00 1.00 1.00 1.09 1.09 2.38 1.09 1.65 2.77 1.65 1.65 1.08 3.25 3.25 3.25 3.26 3.26 3.26 3.26 3.35 3.35 3.35 3.35 3.33 3.33 3.33 3.33 6.44 3.33 6.44 3.33 3.31 3.31 3.31 3.31 3.20 3.20 3.20 3.20 3.25 6.30 3.25 3.25 3.31 3.31 6.41 3.31 3.30 3.30 3.30 1.15 0.53 0.53 0.53 0.53 0.54 0.54 0.27 0.09 0.14 0.27 0.65 0.72 0.14 0.05 0.65 0.05 0.08 0.08 0.64 0.08
0.00 0.00 0.00 0.00 0.00 0.00 0.00 10.95 1.58 1.98 1.58 1.01 1.00 1.00 1.00 1.00 1.09 1.09 1.09 1.09 1.65 1.65 2.77 1.65 1.08 1.08 3.25 6.29 3.26 3.26 3.26 6.32 9.38 3.35 3.35 3.35 6.46 3.33 3.33 3.33 3.33 3.33 3.33 3.33 3.31 3.31 3.31 3.31 3.20 3.20 3.20 3.20 3.25 3.25 3.25 3.25 3.31 3.31 12.41 3.31 3.30 3.30 3.30 3.30 0.53 0.53 0.53 0.53 0.54 0.54 0.55 0.09 0.14 0.14 0.37 0.92 0.72 0.14 0.05 0.14 0.08 0.52 0.52 0.52
0.00 0.00 0.00 0.00 0.00 0.00 9.91 1.04 1.01 1.01 1.58 1.57 1.00 1.00 1.00 1.00 1.09 1.09 1.09 3.65 1.65 1.65 1.65 1.65 1.08 1.08 3.25 3.25 3.26 3.26 3.26 3.26 6.40 12.28 3.35 3.35 3.33 3.33 3.33 9.52 3.33 3.33 3.33 3.33 3.31 3.31 3.31 3.31 6.08 3.20 3.20 3.20 3.25 3.25 3.25 3.25 3.31 6.38 6.38 3.31 3.30 3.30 3.30 3.30 3.12 0.53 0.53 0.53 0.54 0.54 0.54 0.09 0.14 0.27 0.27 0.06 0.72 0.72 0.05 0.65 0.08 0.52 0.52 0.52
0.00 0.00 0.00 0.00 0.00 9.91 1.04 1.04 1.00 1.00 1.00 1.00 1.55 0.99 0.99 0.99 1.07 1.07 1.07 1.68 1.08 1.08 1.08 1.08 1.08 1.08 3.25 3.25 3.25 3.25 3.25 3.25 6.38 3.33 9.39 6.44 3.32 3.32 3.32 3.32 3.32 3.32 3.32 3.32 3.30 3.30 6.38 6.30 6.07 3.20 3.20 3.20 3.25 3.25 3.25 3.25 3.28 3.28 3.28 3.28 3.26 3.26 3.26 3.26 3.09 3.09 2.84 0.52 0.53 0.53 1.37 0.53 0.54 0.54 0.05 0.05 0.05 0.53 1.38 0.53 0.08 0.50 0.50 0.50
0.00 0.00 0.00 0.00 0.00 2.42 1.04 1.04 1.00 1.00 1.00 1.00 0.99 0.99 0.99 0.99 1.64 1.07 1.07 1.68 2.37 1.08 1.08 3.31 2.37 1.08 1.08 3.25 3.25 3.25 3.25 3.25 3.33 3.33 3.33 3.33 3.32 3.32 3.32 3.32 3.32 3.32 3.32 3.32 3.30 3.30 3.30 3.30 3.20 3.20 3.20 3.20 3.25 3.25 3.25 3.25 6.32 3.28 6.34 3.28 3.26 3.26 2.41 3.26 3.09 3.09 3.09 0.52 0.53 0.53 0.53 1.37 0.54 0.54 1.72 0.36 0.54 0.53 0.53 0.53 0.50 0.84 0.50 0.50
0.00 0.00 0.00 0.00 0.00 2.42 1.63 1.04 1.00 1.57 1.00 1.00 0.99 0.99 0.99 0.99 1.07 1.07 1.07 1.07 1.08 2.37 1.08 1.08 1.08 1.08 1.08 3.25 9.33 3.25 3.25 9.29 6.45 3.33 3.33 3.33 3.32 3.32 3.32 3.32 3.32 3.32 3.32 3.32 3.30 6.38 3.30 3.30 3.20 3.20 3.20 3.20 6.13 3.25 3.25 3.25 3.28 3.28 3.28 3.28 3.26 3.26 9.33 12.06 3.09 3.09 5.87 3.09 0.53 0.53 0.53 0.53 0.54 0.54 0.54 0.09 0.09 0.53 0.53 0.53 0.50 0.50 0.50 0.50
0.00 0.00 0.00 0.00 0.00 1.04 1.63 1.04 1.00 1.00 1.00 1.00 0.99 1.54 0.99 0.99 1.07 1.07 1.07 1.07 1.08 1.08 1.08 1.08 1.08 1.08 1.08 1.08 6.16 3.25 3.25 3.25 3.33 6.43 3.33 3.33 3.32 3.32 3.32 3.32 3.32 3.32 6.42 3.32 3.30 3.30 3.30 3.30 3.20 3.20 3.20 3.20 6.11 3.25 3.25 3.25 3.28 6.34 3.28 3.28 6.27 3.26 3.26 6.27 3.09 3.09 3.09 3.09 3.13 0.53 0.53 0.53 1.38 0.54 1.71 0.54 0.09 0.53 0.53 0.53 0.50 0.50 0.50 0.50
0.00 0.00 0.00 0.00 0.00 1.03 1.03 1.03 0.99 0.99 0.99 0.99 0.98 0.98 1.54 0.98 1.06 1.06 1.06 1.06 1.08 1.08 2.36 1.08 1.08 2.37 1.08 1.08 3.24 9.36 3.24 3.24 3.32 3.32 6.42 3.32 3.30 3.30 3.30 3.30 3.31 3.31 6.40 3.31 3.27 3.27 6.33 3.27 3.18 3.18 3.18 3.18 3.22 3.22 3.22 3.22 3.22 3.22 3.22 3.22 3.22 3.22 3.22 3.22 3.05 3.05 5.79 5.81 3.07 3.07 0.51 0.51 0.52 0.52 0.52 0.52 0.51 0.51 0.51 0.53 0.48 0.48 0.48 0.48
0.00 0.00 0.00 2.42 9.91 1.31 1.62 1.03 0.99 0.99 0.99 0.99 0.98 0.98 0.98 0.98 1.06 1.06 1.06 1.06 1.08 1.08 1.08 1.08 1.08 2.37 1.08 1.08 3.24 3.58 6.16 3.24 3.32 3.32 12.46 3.32 6.40 3.30 3.30 3.30 6.40 3.31 6.40 3.31 3.27 3.27 3.27 3.27 3.18 3.18 3.18 9.09 3.22 6.11 3.22 6.11 3.22 3.22 3.22 3.22 3.22 3.22 3.22 3.22 3.05 3.05 5.79 3.05 3.07 3.07 3.07 0.51 0.52 0.52 0.53 0.21 0.21 0.21 0.21 0.21 0.19 0.19 0.23 0.19
0.00 0.00 0.00 0.00 1.03 1.03 1.03 1.03 0.99 0.99 0.99 0.99 0.98 0.98 0.98 0.98 4.38 1.06 1.06 1.06 1.08 1.08 3.15 1.08 1.08 1.08 2.37 1.08 1.08 3.24 3.24 3.24 3.32 6.42 3.32 6.42 6.40 3.30 3.30 3.30 6.40 3.31 3.31 3.31 3.27 3.27 3.27 6.25 3.18 3.18 3.18 3.18 3.22 3.22 3.22 3.22 3.22 3.22 3.22 3.22 3.22 3.22 3.22 3.22 5.93 3.05 3.05 5.79 3.07 3.07 3.07 3.07 0.21 0.21 0.21 0.21 0.21 0.21 0.21 0.21 0.19 0.23 0.19 0.19
0.00 0.00 2.42 2.42 2.25 1.03 1.62 1.03 0.99 0.99 0.99 0.99 1.54 1.54 0.98 0.98 1.67 1.67 1.06 1.06 1.08 1.08 2.36 1.08 2.37 1.08 1.08 2.36 1.08 3.24 3.24 3.24 3.32 3.32 3.32 3.32 6.40 3.30 3.30 3.30 6.38 3.31 3.31 3.31 3.27 3.27 3.27 3.27 3.18 3.18 3.18 3.18 3.22 3.22 6.05 3.22 3.22 3.22 9.15 3.22 3.22 3.22 6.06 3.22 3.05 3.05 3.05 3.05 3.07 3.07 3.07 0.21 0.21 0.21 0.25 0.21 0.21 0.29 0.21 0.21 0.19 0.19 0.19 0.19
0.00 0.00 0.00 1.63 1.01 1.01 1.01 1.01 1.54 0.98 0.98 0.98 0.98 1.53 0.98 0.98 1.05 2.77 1.05 1.05 1.07 1.07 1.07 1.07 1.07 1.07 1.07 1.69 1.06 3.22 3.22 3.22 3.29 3.29 3.29 3.29 3.28 3.28 3.28 3.28 3.26 3.26 3.26 3.26 3.21 3.21 3.21 3.21 3.12 3.12 3.12 3.12 3.15 3.15 3.15 5.98 3.16 3.16 3.16 3.16 3.16 3.16 6.01 3.16 2.99 2.99 2.99 2.99 2.99 2.99 2.99 0.20 0.20 0.20 0.20 0.24 0.23 0.20 0.20 0.20 0.18 0.18 0.18 0.18
0.00 0.00 2.42 1.90 1.01 1.01 1.01 1.01 0.98 1.53 0.98 0.98 0.98 0.98 1.58 0.98 1.05 3.61 1.66 1.05 1.07 1.07 2.22 1.93 1.07 1.07 1.07 1.07 1.92 1.06 3.22 3.22 3.29 3.29 6.37 3.29 3.28 6.34 3.28 3.28 3.26 6.31 9.16 6.27 3.21 3.21 3.21 3.21 3.12 3.12 3.12 5.93 3.15 3.15 3.15 3.15 3.16 3.16 3.16 3.16 3.16 3.16 3.16 3.16 2.99 2.99 2.99 2.99 2.99 5.62 2.99 0.20 0.20 0.20 0.20 0.20 0.20 0.20 0.20 0.20 0.18 0.18 0.18 0.18
