New_Model_Runs/13_Future_RCP4.5_Scn3_out/post_prcessed_with_MFR/Monthly_summaries/runoff_monthly_FEB.asc
NCOLS 700
NROWS 400
XLLCENTER 515000.000000
YLLCENTER 8409000.000000
CELLSIZE 50.000000
NODATA_value -999.000000
[rows 228 to 265 of 400, columns 168 to 251 of 700]
1.86 1.86 3.05 3.05 1.87 1.94 1.94 1.94 1.87 1.87 1.87 1.87 1.34 1.34 2.26 3.11 3.14 3.14 3.14 3.14 3.14 3.14 1.22 3.14 3.02 1.28 1.17 1.28 1.17 1.41 1.41 1.41 3.02 3.02 5.35 0.99 0.56 0.49 0.56 0.56 0.41 0.41 0.41 0.41 0.59 0.41 0.41 1.35 0.41 0.41 0.41 0.41 0.41 0.36 0.41 1.03 0.31 0.41 1.85 1.85 1.88 1.88 1.88 1.88 2.74 1.90 1.90 1.90 1.89 1.89 1.89 1.89 1.64 1.64 1.64 1.64 1.61 1.61 1.61 1.61 1.58 1.58 0.74 1.58
1.86 1.86 1.86 1.86 1.87 1.87 1.94 1.94 1.80 3.07 1.87 2.73 3.06 1.34 1.47 1.47 1.47 1.47 1.34 1.47 3.14 3.14 1.22 3.14 3.02 1.72 3.95 3.02 2.56 3.02 3.02 3.02 3.02 3.02 3.02 3.02 1.28 1.41 1.61 0.58 0.41 0.41 0.41 0.41 0.41 0.52 0.36 1.35 1.35 1.35 0.41 0.46 0.59 1.54 1.54 1.54 1.14 1.14 1.85 1.85 1.88 1.88 0.86 1.88 1.90 2.74 1.90 1.90 1.89 1.89 1.89 1.06 0.92 0.92 0.74 1.64 1.61 1.61 1.61 1.61 1.58 0.74 0.74 1.58
3.57 3.57 3.57 3.57 3.59 3.59 3.59 1.87 2.99 1.87 1.87 1.87 3.06 1.87 1.87 1.47 2.26 1.47 1.34 1.47 3.14 3.14 3.14 3.14 1.17 1.17 1.17 1.17 3.02 5.35 3.02 3.02 3.02 1.17 1.17 5.35 3.02 3.02 1.17 3.02 2.64 1.09 0.41 0.41 0.41 1.35 0.36 1.35 1.35 0.36 0.41 0.46 0.63 0.59 0.59 1.54 1.14 1.85 1.85 1.85 1.88 1.88 1.88 1.88 1.90 1.90 1.90 1.90 1.89 1.89 1.06 1.06 0.74 0.92 1.64 1.64 1.61 1.61 1.61 1.61 1.58 1.05 0.74 1.58
3.57 3.57 3.57 3.57 3.59 3.59 3.59 8.27 3.48 1.80 1.80 1.87 1.87 1.87 1.87 2.73 1.34 1.47 1.34 2.26 1.47 1.47 3.14 3.14 3.02 3.02 3.02 3.02 3.02 3.02 5.35 3.02 3.02 3.02 3.02 1.17 2.50 3.02 3.02 1.17 2.64 2.64 2.64 2.64 2.64 2.64 1.35 1.35 1.35 0.59 0.59 0.59 0.59 0.59 0.59 0.59 0.41 1.85 1.85 1.85 1.88 1.88 1.88 1.94 0.86 0.86 1.90 1.90 1.71 3.36 1.89 0.86 0.74 1.64 1.64 1.64 1.61 1.61 1.61 1.61 0.74 0.74 1.58 2.73
3.63 3.63 3.63 3.63 3.64 3.64 9.75 6.55 3.51 1.90 3.51 1.88 1.87 1.87 3.07 1.87 1.86 1.86 1.34 1.47 2.26 1.47 5.56 3.14 1.41 1.41 3.02 1.41 3.02 3.02 3.02 3.02 1.60 1.17 3.02 2.16 8.24 2.35 2.06 3.02 2.64 2.64 0.98 0.98 0.98 2.64 1.44 1.44 1.47 0.60 0.60 0.60 0.61 0.61 0.61 0.61 0.42 0.80 2.48 3.24 3.29 1.90 3.28 0.86 2.20 1.06 1.06 0.86 1.91 1.91 1.50 1.96 1.65 1.65 1.65 1.65 1.61 1.61 1.61 2.74 1.59 1.59 1.59 1.59
3.63 3.63 3.63 3.63 3.64 6.65 3.64 3.64 3.51 3.51 1.90 2.29 2.28 3.48 3.48 1.87 3.05 1.86 1.86 1.86 1.47 1.47 4.31 1.47 1.41 1.41 1.41 1.41 1.17 4.97 1.28 3.02 1.41 3.39 3.39 3.39 4.44 2.14 1.89 1.98 2.64 2.64 2.28 1.11 0.98 2.64 1.44 1.44 1.47 2.17 1.07 1.47 1.48 0.61 0.61 0.61 0.80 0.80 0.80 1.88 1.90 1.90 1.90 1.90 1.06 1.92 2.10 1.06 1.06 1.92 0.91 0.86 0.74 1.65 1.65 1.65 1.61 1.61 4.97 2.74 1.59 1.59 1.59 1.59
3.63 3.63 3.63 3.63 3.64 6.65 3.64 3.64 3.51 3.51 3.51 3.51 3.48 3.48 5.08 5.32 1.86 1.86 1.86 1.86 1.86 5.58 3.14 2.23 1.41 1.28 1.41 1.41 1.41 3.02 2.50 3.02 2.75 2.75 3.29 1.89 1.89 3.39 1.41 1.72 1.43 1.43 1.43 1.43 2.64 1.44 1.06 2.97 2.97 1.09 1.56 1.56 1.56 2.95 1.48 1.48 0.80 0.80 0.80 0.80 1.90 1.90 1.90 1.90 0.86 1.06 1.92 1.06 1.92 1.06 1.06 1.50 0.92 1.65 1.65 1.65 1.61 1.69 1.61 1.61 1.59 1.59 1.59 1.59
3.63 3.63 3.63 3.63 3.64 9.83 3.64 3.64 3.51 3.51 3.51 3.51 3.48 3.48 3.48 1.80 1.86 1.79 1.86 1.86 1.86 1.34 1.47 1.47 1.78 1.85 1.93 1.28 1.28 3.02 1.78 1.78 1.69 1.69 3.29 6.25 3.42 3.39 1.41 1.41 1.43 1.76 1.43 1.76 1.44 1.44 1.44 2.64 2.97 1.09 1.09 1.56 2.97 2.97 1.85 1.56 0.61 0.54 0.54 0.80 1.90 1.90 1.90 1.90 1.92 1.06 0.91 1.06 1.06 1.92 1.91 0.86 2.82 2.82 1.65 1.65 0.92 1.61 1.61 2.74 1.59 1.59 1.59 1.59
3.68 3.68 3.68 3.68 3.69 3.69 3.69 3.69 3.55 3.55 3.55 3.55 3.50 3.50 3.50 3.50 3.45 1.78 1.86 1.86 1.85 1.85 1.47 1.85 1.78 1.78 1.70 1.70 1.77 1.85 1.85 1.77 1.68 1.68 1.68 3.42 3.40 3.40 1.85 1.41 2.64 0.55 1.44 1.44 1.48 1.48 1.48 1.48 2.64 1.50 2.50 1.09 2.97 7.81 2.97 2.97 1.92 1.06 1.90 0.86 1.91 1.91 1.06 1.06 1.06 1.92 1.92 1.06 1.60 1.06 1.91 1.91 1.63 1.63 1.43 2.85 1.60 1.60 1.60 1.60 1.61 1.61 1.61 1.61
3.68 3.68 3.68 3.68 3.69 6.75 3.69 3.69 3.55 3.55 3.55 3.55 3.50 3.50 3.50 3.50 3.45 2.92 1.78 1.86 1.85 1.85 1.85 1.85 1.78 1.78 1.78 1.70 1.77 1.72 1.85 1.85 1.77 1.77 1.68 1.68 3.40 3.56 1.76 1.76 0.55 0.55 1.44 1.44 1.48 1.48 1.48 1.48 1.08 2.64 1.50 1.20 2.97 2.97 2.97 2.55 1.92 1.92 1.06 1.06 0.86 1.06 1.06 0.91 1.06 1.92 1.92 1.92 3.48 1.92 2.74 3.11 1.63 1.63 1.63 1.63 2.73 1.60 1.60 1.60 1.61 1.61 1.61 1.61
3.68 3.68 3.68 3.68 3.69 3.69 3.69 3.69 3.55 3.55 3.55 3.55 3.50 3.50 3.50 3.50 4.98 1.78 1.78 1.47 1.34 1.85 1.85 3.04 1.78 1.73 2.76 1.70 1.77 1.77 1.77 2.84 1.77 2.88 1.77 1.77 3.24 1.85 1.76 1.76 0.55 1.44 1.44 1.44 1.48 1.48 1.48 1.48 1.50 1.08 1.20 1.20 2.64 1.85 1.85 1.44 3.59 0.86 1.92 1.06 1.06 1.06 1.06 1.92 1.06 1.06 1.92 1.06 3.26 1.06 1.06 1.91 0.74 2.80 1.63 1.63 1.60 1.60 1.60 1.60 5.33 1.61 1.61 1.61
3.68 3.68 3.68 3.68 3.69 3.69 3.69 3.69 3.55 3.55 3.55 3.55 3.50 3.50 3.50 3.50 3.45 1.47 1.47 1.47 1.47 1.47 1.85 3.56 3.44 1.78 1.70 1.70 1.69 1.69 1.69 1.69 1.68 1.68 2.78 1.77 3.24 1.76 2.18 0.65 1.44 1.44 1.44 1.44 1.48 1.09 1.09 2.64 1.09 1.09 0.98 1.50 1.20 1.20 1.20 1.24 0.86 1.06 1.06 1.06 1.06 1.06 1.06 1.06 1.92 1.06 1.06 1.92 1.06 1.06 1.25 0.86 1.70 1.63 1.63 1.63 1.60 1.60 1.60 1.60 1.61 1.61 1.61 1.61
3.71 3.71 3.71 3.71 3.70 6.76 3.70 3.70 3.54 3.54 3.54 3.54 3.49 3.49 3.49 3.49 2.26 2.22 1.47 2.22 1.47 3.44 3.44 1.90 1.82 3.45 1.71 1.71 1.70 1.70 1.70 1.70 1.85 1.85 1.85 1.68 1.68 5.01 2.13 1.68 1.47 1.47 1.47 1.47 1.49 1.09 1.49 1.09 2.64 2.64 0.98 1.20 1.20 2.64 1.20 0.85 1.06 1.06 1.06 1.06 1.92 1.92 1.06 1.92 1.06 3.26 1.60 1.06 2.02 1.06 0.86 1.58 1.62 1.62 1.62 1.62 1.61 1.61 1.61 2.76 1.63 1.63 1.63 1.63
3.71 6.78 3.71 3.71 3.70 3.70 3.70 3.70 3.54 3.54 3.54 6.42 3.49 3.49 3.49 3.49 3.44 2.22 2.22 2.22 2.26 3.44 3.44 3.44 3.32 3.32 1.71 1.71 1.70 1.70 1.70 1.70 1.68 1.68 1.77 1.68 1.68 1.68 1.25 1.68 1.47 1.47 1.47 1.47 1.20 1.20 1.09 1.20 1.09 2.64 2.64 1.20 2.64 2.64 1.20 0.90 0.61 1.36 1.06 1.06 1.92 1.92 1.92 1.92 3.20 1.92 1.92 1.06 1.06 1.06 0.86 1.89 2.78 1.62 1.62 1.62 1.61 1.61 1.61 1.61 1.63 1.63 1.63 1.63
3.25 3.25 3.25 3.25 3.24 6.26 6.26 8.96 3.24 3.24 11.38 5.86 3.19 3.19 3.19 3.19 3.15 3.15 2.02 3.15 3.15 3.15 3.15 3.15 3.08 3.08 3.08 3.08 1.55 1.55 1.55 1.55 1.53 1.53 1.53 1.53 1.53 1.53 1.53 1.53 1.18 1.18 1.18 1.18 1.11 1.11 1.11 2.33 2.14 2.49 2.49 2.49 1.11 1.11 1.11 0.78 0.58 1.01 1.01 1.84 1.84 1.84 1.84 1.84 1.84 1.01 1.01 1.01 1.01 1.01 0.81 1.80 1.19 1.19 1.19 1.19 1.18 1.18 1.18 1.18 1.19 1.19 1.19 1.19
3.25 3.25 3.25 3.25 3.24 3.24 3.24 3.24 3.24 3.24 3.24 3.24 5.81 5.81 5.81 5.77 3.15 3.15 3.15 3.15 3.15 3.15 3.15 3.15 3.08 3.08 3.08 3.08 3.06 3.06 1.55 1.55 1.53 1.53 1.53 1.53 1.53 1.53 1.53 1.53 1.18 1.18 1.18 1.11 1.11 1.11 1.11 1.61 1.11 1.38 1.38 1.11 1.11 1.11 0.78 0.70 0.51 0.51 1.01 1.01 1.84 1.84 1.84 0.86 0.86 1.84 1.01 1.01 1.01 1.01 1.80 1.80 1.19 1.19 1.19 1.19 1.18 1.18 1.18 0.67 1.19 1.19 1.19 1.57
3.24 3.24 8.72 5.86 3.19 8.15 3.19 3.19 3.19 3.19 3.19 3.19 3.17 3.17 3.17 3.17 3.15 3.15 3.15 3.15 3.17 3.17 3.17 3.17 3.11 3.11 3.11 3.11 3.10 3.10 3.10 1.57 1.54 1.54 1.54 1.54 1.55 1.55 1.55 1.55 1.19 1.19 1.19 1.01 1.11 1.11 2.49 0.99 1.18 1.18 1.18 1.18 1.38 2.49 0.78 0.78 0.51 0.58 0.81 0.81 1.01 0.86 1.01 1.01 0.86 1.01 1.01 1.01 1.01 1.01 1.79 1.79 1.20 1.20 1.20 1.20 1.19 1.19 0.67 0.67 1.20 1.20 1.20 1.57
3.24 3.24 3.24 3.24 3.19 3.19 5.80 3.19 3.19 3.19 3.19 3.19 3.17 3.17 3.17 3.17 3.15 3.15 5.73 3.15 3.17 3.17 3.17 3.17 3.11 3.11 3.11 3.11 3.10 3.10 3.10 1.57 1.54 1.54 1.54 1.54 1.55 1.55 1.55 1.14 1.19 1.19 1.19 1.01 1.11 1.40 1.18 1.18 1.18 2.80 1.18 1.18 2.49 2.49 0.78 0.78 0.58 0.58 1.01 0.86 1.84 0.86 1.01 1.01 1.01 1.01 1.01 1.01 1.01 1.79 1.79 1.84 1.20 1.20 3.22 1.20 1.19 0.67 0.95 0.67 1.57 1.20 1.20 1.57
3.24 8.70 3.24 3.24 3.19 3.19 5.80 3.19 3.19 3.19 3.19 2.02 3.28 3.17 3.17 3.17 3.15 1.71 1.71 3.15 3.17 3.17 3.17 3.17 3.11 3.11 3.11 3.11 3.10 3.10 3.10 3.10 1.54 1.54 1.54 1.54 1.55 1.55 1.55 1.55 1.19 1.19 1.19 1.74 1.11 1.18 1.18 2.80 2.80 2.80 2.80 1.18 2.49 2.49 2.07 0.70 0.51 0.58 0.86 0.86 0.86 1.84 1.84 1.84 1.01 0.86 1.01 1.01 0.81 1.01 1.84 1.84 1.56 1.56 1.20 1.20 1.19 2.32 1.19 1.19 1.20 1.20 1.57 1.57
3.24 3.24 3.24 3.24 3.19 3.19 3.19 3.19 3.19 3.19 3.19 2.02 2.02 3.17 3.17 3.17 4.60 1.71 3.15 3.15 3.17 3.17 3.17 3.17 3.11 3.11 3.11 3.11 3.10 5.62 3.10 3.10 3.05 1.54 2.49 1.54 1.55 1.55 1.55 1.55 1.19 1.19 1.19 1.01 1.73 1.18 2.30 2.80 2.80 2.80 1.18 1.18 1.28 2.49 0.63 0.98 0.51 0.81 1.01 1.01 1.01 1.01 1.84 1.84 0.86 1.01 1.01 1.51 1.79 1.01 1.01 1.01 1.20 2.33 1.20 1.20 0.84 1.19 1.19 1.19 1.20 1.20 1.57 1.57
3.21 3.21 5.84 3.21 3.16 3.16 3.16 3.16 3.17 3.17 2.06 1.20 3.16 3.16 3.16 3.16 2.75 1.71 3.27 3.15 3.17 3.17 3.17 8.46 3.12 3.12 3.12 3.12 5.63 3.11 3.11 3.11 3.09 1.57 1.57 1.57 1.57 1.57 1.57 1.57 1.18 1.18 1.18 1.18 1.17 1.17 2.95 2.80 2.80 2.80 1.18 1.18 0.91 0.70 0.70 0.70 0.81 1.01 1.01 1.01 1.84 1.84 1.84 1.84 1.84 1.84 0.86 1.01 1.84 1.84 1.01 1.01 0.84 1.20 1.20 0.84 1.56 0.84 0.84 0.67 1.53 1.53 1.58 1.58
3.21 3.21 3.21 3.21 3.16 3.16 3.16 3.16 3.17 3.17 1.80 1.20 1.61 1.61 3.48 3.16 2.05 1.71 3.22 3.15 3.17 3.17 3.17 3.17 3.12 3.12 3.12 3.12 3.11 3.11 3.11 3.11 3.09 1.57 1.57 1.57 1.57 1.57 1.57 1.57 1.18 2.80 2.80 2.80 1.17 2.95 4.99 2.80 2.80 2.80 0.99 1.18 0.91 0.70 0.78 0.78 1.01 1.01 1.01 1.01 1.84 0.86 1.84 1.01 1.01 1.01 1.84 1.01 1.51 1.01 1.01 1.01 0.67 1.56 1.20 1.56 2.13 1.56 0.84 0.84 0.84 1.53 1.58 1.56
3.21 3.21 3.21 3.21 3.16 3.16 3.16 5.75 3.17 1.61 1.61 1.19 1.18 1.61 2.60 1.20 1.61 3.15 2.05 2.05 3.17 3.17 3.17 3.17 3.12 3.12 3.12 3.12 3.11 3.11 3.11 3.11 3.09 3.09 1.57 1.57 1.57 1.57 1.57 1.57 1.18 2.80 2.80 2.80 2.80 2.80 2.80 2.80 2.80 2.80 1.18 1.18 1.00 0.70 0.78 0.78 0.86 1.01 1.01 1.84 1.84 1.84 1.84 1.84 1.01 1.01 0.81 1.01 1.51 1.01 1.01 1.01 0.67 0.71 1.54 1.56 2.61 1.56 1.56 1.56 1.56 1.56 1.56 1.56
3.21 3.21 3.21 3.21 3.16 3.16 5.75 3.16 3.17 3.17 1.61 1.19 1.18 1.61 1.20 1.18 1.61 1.18 2.05 2.05 3.17 3.17 3.17 3.17 3.12 3.12 3.12 5.66 5.64 3.11 3.11 3.11 3.09 1.57 1.57 1.57 1.57 1.57 1.57 1.57 1.18 2.80 2.80 2.80 2.80 2.80 2.80 2.80 2.80 1.18 1.18 1.11 1.01 0.70 0.78 2.07 1.01 1.01 1.84 1.84 1.84 1.84 1.01 1.01 0.86 1.84 0.81 0.81 0.81 0.81 1.01 1.01 0.84 1.20 0.84 0.71 0.71 1.56 0.84 1.56 1.56 1.56 0.71 1.56
3.23 3.23 3.23 3.23 3.19 3.19 3.19 3.19 3.17 3.17 3.17 1.62 1.60 1.60 1.32 2.34 1.60 1.18 1.18 3.14 3.18 3.18 3.18 3.18 5.70 3.15 3.15 5.71 3.14 3.14 3.14 3.14 3.13 1.59 1.59 1.59 1.58 1.58 1.58 1.58 1.17 2.80 2.80 2.80 2.49 0.91 0.91 0.91 1.19 1.19 1.19 0.99 1.00 0.70 0.78 0.78 1.01 1.01 1.01 1.84 1.84 1.84 1.01 0.86 0.86 0.86 0.81 1.01 1.01 0.81 1.01 1.01 0.84 0.67 0.67 0.67 1.56 0.71 0.71 1.56 1.56 1.56 1.56 1.56
3.23 3.23 3.23 3.23 3.19 3.19 5.80 3.19 3.17 3.17 4.55 1.62 1.18 1.32 1.32 3.32 1.18 1.18 1.18 3.14 3.18 3.18 3.18 3.18 5.74 3.15 5.71 3.15 3.14 3.14 3.14 3.14 3.13 1.59 1.59 1.59 1.58 1.58 1.58 1.58 1.17 2.95 2.80 2.49 2.49 1.11 1.17 1.11 1.19 1.19 1.11 1.11 1.11 2.07 2.07 0.78 0.51 0.58 1.01 1.01 1.84 1.84 1.84 1.01 1.01 1.01 1.01 1.01 1.01 0.81 1.01 1.51 0.84 0.84 1.56 1.56 1.56 1.56 1.56 1.56 1.56 1.56 1.56 1.56
3.23 3.23 3.23 3.23 3.19 3.19 3.19 3.19 5.77 3.17 3.17 1.62 1.18 1.20 1.20 1.20 1.18 1.60 1.67 3.14 3.18 3.18 3.18 3.18 3.15 3.15 3.15 3.15 3.14 3.14 3.14 3.14 3.13 1.59 1.59 1.59 1.58 1.58 1.58 2.56 1.17 2.95 2.80 2.80 1.17 1.17 1.17 1.17 1.19 1.19 1.11 1.11 0.78 0.78 0.78 0.78 0.58 1.01 1.01 1.84 1.84 0.86 1.84 1.84 1.84 1.84 1.84 1.01 1.01 0.81 1.01 1.01 0.84 0.84 1.56 1.56 0.84 0.84 1.56 1.56 1.56 1.56 1.56 1.56
1.76 3.23 3.23 3.23 3.19 3.19 3.19 3.19 5.75 3.17 3.17 1.62 1.18 1.20 2.47 1.20 1.94 1.18 1.60 3.14 3.18 3.18 3.18 3.18 3.15 3.15 3.15 3.15 3.14 3.14 3.14 3.14 1.59 1.59 1.59 1.59 1.58 1.58 2.56 1.58 1.17 1.17 2.80 2.80 1.11 1.17 1.17 1.17 1.19 1.11 1.11 1.11 0.78 0.78 0.78 1.34 1.01 1.84 1.01 1.84 1.84 1.84 1.84 1.84 1.84 1.84 1.84 0.86 1.84 0.81 0.81 1.01 0.84 1.56 1.56 0.71 0.84 1.56 0.71 1.56 1.56 1.56 1.56 1.56
3.69 3.25 3.25 3.25 3.19 8.56 3.19 5.78 3.16 3.16 3.16 1.32 2.87 1.20 1.20 1.32 1.32 1.32 1.59 3.13 3.19 3.19 3.19 3.19 1.61 3.17 3.17 3.17 3.18 3.18 1.62 1.62 1.62 1.62 1.62 1.62 1.60 1.60 1.60 1.60 1.16 1.16 1.16 1.16 1.16 1.16 1.16 1.16 1.11 1.11 1.11 1.11 0.78 0.70 0.78 1.34 1.84 1.01 1.01 0.86 1.84 0.86 1.84 1.84 1.84 1.01 1.01 1.01 1.84 0.81 0.81 1.01 1.56 1.56 1.56 1.56 0.84 0.84 0.84 1.56 1.56 0.84 2.13 1.56
3.25 11.64 5.92 3.25 3.19 3.19 3.19 5.10 3.16 3.16 3.16 1.32 1.20 1.20 1.20 1.32 1.32 1.32 1.59 3.13 3.19 3.19 3.19 1.63 1.61 2.61 3.17 3.17 1.62 1.62 1.62 1.62 1.62 1.62 1.62 1.62 1.60 1.60 1.60 1.60 1.16 1.16 1.16 1.16 1.16 1.16 1.16 1.16 1.11 1.11 1.11 1.11 0.78 0.78 1.34 2.39 1.84 0.86 1.84 1.01 1.01 1.84 1.84 1.84 0.86 1.84 1.01 1.01 1.01 1.01 1.01 1.01 1.56 1.56 1.56 0.84 0.84 0.84 0.84 1.56 1.56 0.84 1.56 1.56
1.38 1.57 2.34 2.34 4.07 2.29 2.29 2.29 2.31 2.31 1.67 1.04 1.04 1.93 1.10 1.10 1.10 1.10 1.10 2.30 2.34 2.34 2.34 1.13 1.15 1.15 2.38 2.38 1.15 3.04 1.15 1.15 1.15 1.15 1.15 1.15 1.14 1.14 1.14 2.16 1.59 1.00 1.00 1.00 1.00 1.00 1.00 0.86 0.95 0.95 0.95 0.86 1.06 1.91 1.06 1.91 0.76 1.64 1.64 0.89 0.89 0.89 0.89 0.76 1.64 1.64 0.89 0.89 0.89 0.89 0.89 0.89 0.72 0.72 0.72 0.72 0.72 0.72 1.37 1.37 1.37 1.37 1.37 0.61
1.38 2.58 2.58 2.34 2.29 2.29 2.29 2.29 2.31 1.11 1.11 1.11 1.10 1.10 1.10 1.10 1.10 1.10 1.10 1.10 2.34 2.34 2.34 1.13 1.15 1.15 1.15 1.15 1.15 1.15 1.15 1.15 1.15 1.15 1.15 1.15 1.83 1.14 1.14 1.14 1.00 1.00 1.00 1.00 1.00 1.00 1.00 1.00 0.95 0.95 0.95 1.06 1.06 1.06 1.06 1.91 1.64 0.89 0.89 0.89 0.89 0.89 0.89 0.89 0.76 1.64 0.89 0.89 0.89 0.89 0.89 0.89 0.72 0.61 0.72 1.37 1.37 1.37 1.37 1.37 1.37 1.37 1.37 0.72
2.33 2.33 2.33 2.33 2.28 2.28 2.28 4.06 2.30 1.76 1.10 1.10 1.09 1.09 1.09 1.09 1.76 1.76 1.10 1.10 2.33 2.33 4.15 1.12 2.68 1.84 1.14 1.14 1.16 1.16 1.16 1.16 1.87 1.16 1.16 1.16 1.82 1.14 1.14 1.14 1.00 1.00 1.00 1.00 0.99 0.71 0.99 0.99 1.01 0.86 0.86 0.54 0.61 0.91 1.06 1.06 0.89 0.89 0.89 0.89 0.89 0.89 0.89 0.89 1.64 1.64 1.64 0.89 0.89 0.89 0.89 0.89 0.72 0.72 0.61 0.57 0.72 0.72 1.37 1.37 1.37 1.37 0.72 0.72
4.11 5.64 1.38 1.57 2.28 5.92 2.28 2.28 2.30 1.10 1.10 1.10 1.09 0.92 1.09 1.09 1.10 2.22 1.76 1.10 1.12 2.33 2.33 2.33 1.14 1.14 1.14 3.33 1.16 1.87 1.16 1.16 1.16 1.16 1.16 1.16 1.14 1.14 1.14 1.14 1.00 1.00 1.00 1.00 0.99 0.99 0.99 0.99 1.01 1.01 1.61 0.78 0.80 1.65 0.91 1.91 0.89 0.76 0.89 0.89 0.89 0.89 0.89 0.89 0.76 0.76 1.64 0.89 0.89 0.89 0.89 0.89 0.72 0.72 0.57 0.57 0.72 1.37 1.37 1.37 1.37 0.72 0.72 0.72
1.57 1.57 1.57 1.57 2.28 2.28 2.28 2.28 2.30 2.30 1.10 1.10 0.92 0.92 1.74 1.09 1.10 1.10 1.10 1.10 1.12 2.33 2.33 2.33 2.38 1.14 1.14 2.38 2.41 2.41 1.16 1.16 1.16 1.16 1.87 1.16 1.14 1.82 1.14 1.14 1.00 1.00 1.00 1.00 0.99 0.99 0.99 0.99 1.01 1.01 1.01 0.78 0.80 0.61 1.06 1.91 0.89 1.64 0.89 0.89 0.89 0.89 0.89 0.89 0.76 0.76 1.64 0.89 0.89 0.89 0.89 1.64 0.72 0.57 0.57 0.72 0.72 0.72 1.37 1.37 1.37 0.72 0.72 0.72
1.57 1.57 1.57 2.33 2.28 2.28 4.05 2.28 2.30 2.30 1.10 1.93 1.09 1.09 1.09 1.09 1.10 1.10 1.10 1.10 1.12 1.12 2.33 2.33 4.56 1.14 1.14 1.14 2.41 2.41 2.41 1.16 1.16 1.16 1.16 1.16 1.14 1.14 1.14 1.14 2.00 1.59 1.00 1.00 0.99 0.99 0.71 0.71 0.72 0.72 1.01 0.78 0.80 0.61 1.06 1.06 0.89 0.89 0.89 0.89 1.64 1.64 0.76 0.89 0.89 1.64 1.64 0.89 0.89 0.89 1.64 0.76 1.37 0.72 0.57 1.37 0.72 0.61 1.37 1.37 1.37 1.37 1.37 0.72
1.57 1.57 2.55 2.31 2.28 2.28 2.28 2.28 2.28 2.28 1.09 1.09 1.08 1.08 1.08 1.08 1.10 1.10 1.10 1.10 1.11 1.11 1.11 2.32 2.36 1.14 1.14 1.14 1.85 2.40 2.40 1.16 1.16 1.16 1.16 1.16 1.12 1.12 1.12 1.12 1.00 1.00 1.00 1.00 0.99 0.99 0.99 0.95 0.95 0.95 1.00 0.54 0.54 0.61 0.86 0.86 0.71 0.89 1.64 1.64 1.64 0.89 0.89 0.89 0.89 1.64 0.76 0.89 0.76 1.64 1.64 0.89 0.61 1.37 0.72 1.37 1.37 0.61 1.37 1.37 0.72 0.61 0.61 0.72
1.57 1.57 1.57 2.58 1.57 2.28 2.28 2.28 4.05 2.28 1.09 1.09 1.08 1.08 1.08 1.08 1.10 1.10 1.10 1.10 1.11 1.11 1.11 2.32 2.36 1.14 1.14 1.14 1.16 1.16 2.40 1.16 1.16 1.16 1.16 1.16 1.12 2.28 1.80 1.12 1.00 1.00 1.00 1.33 0.99 0.99 0.99 0.86 0.95 0.95 0.54 0.54 0.61 0.86 0.86 1.25 0.71 0.89 0.89 0.76 1.64 0.89 0.89 0.89 0.89 0.89 1.64 0.89 1.64 1.64 0.89 0.89 0.72 0.72 0.72 1.37 1.37 1.37 1.37 1.37 0.72 0.72 0.61 0.72
