New_Model_Runs/13_Future_RCP4.5_Scn3_out/post_prcessed_with_MFR/Monthly_summaries/runoff_monthly_JUL.asc
NCOLS 700
NROWS 400
XLLCENTER 515000.000000
YLLCENTER 8409000.000000
CELLSIZE 50.000000
NODATA_value -999.000000
[rows 304 to 341 of 400, columns 168 to 251 of 700]
3.08 3.08 3.49 3.08 3.08 3.08 5.58 3.08 3.04 3.45 3.45 5.53 3.45 3.45 6.29 6.79 6.79 6.29 6.42 6.79 6.42 7.88 7.88 6.79 6.55 6.55 6.55 6.55 6.19 6.55 6.55 6.55 6.07 6.07 6.07 6.07 6.55 8.05 6.19 6.55 6.31 6.31 6.31 7.76 5.96 5.96 5.96 6.31 7.76 7.76 7.76 7.76 6.31 5.87 7.76 5.96 5.80 7.58 7.58 7.58 7.58 6.15 5.69 6.15 6.15 6.15 6.15 6.15 6.15 7.58 5.80 5.80 5.53 5.53 7.26 5.53 7.26 7.51 5.98 6.44 6.44 6.44 6.44 6.44
5.58 3.08 3.49 5.58 3.08 3.08 3.08 3.08 3.04 3.45 3.45 5.53 5.53 6.79 6.79 6.79 6.29 6.42 6.79 8.32 6.79 7.88 6.29 6.79 6.55 6.55 8.05 8.05 6.55 6.55 6.55 7.64 7.64 7.64 6.07 7.64 6.07 6.55 8.05 6.55 6.31 6.31 6.31 12.89 13.17 7.76 7.76 7.76 7.76 7.76 7.76 7.76 7.76 6.31 7.76 7.76 5.80 7.58 7.58 7.58 5.80 7.58 6.15 6.15 6.15 6.15 6.15 6.15 6.15 5.80 7.58 6.15 5.87 7.26 5.87 5.87 7.26 7.51 6.44 6.44 7.51 6.44 6.44 6.44
3.36 8.20 6.21 3.36 5.40 3.36 5.40 5.40 5.29 3.28 3.28 3.28 3.28 6.53 6.05 6.53 6.53 6.53 8.03 6.17 6.53 7.60 6.53 6.53 6.19 6.19 13.61 6.19 6.19 6.19 10.84 5.81 5.81 5.81 5.81 5.81 5.81 5.81 6.19 5.72 5.91 5.91 12.46 7.31 7.31 5.57 7.31 7.31 7.31 7.31 7.31 7.31 5.57 7.31 7.31 7.31 7.09 7.09 14.31 7.09 7.09 7.09 5.27 5.72 10.86 5.72 10.86 5.38 12.61 7.09 7.09 5.72 5.51 5.51 5.51 6.86 6.86 6.06 6.06 6.06 6.06 7.09 7.09 6.06
3.36 2.96 5.40 5.40 5.40 9.70 5.40 5.40 3.28 3.28 3.28 3.28 3.28 6.53 6.53 6.17 6.53 6.53 6.53 6.53 6.53 6.53 6.53 6.53 6.19 7.62 7.62 6.19 7.62 7.62 5.81 5.81 5.81 5.81 5.81 5.81 5.81 5.81 5.81 5.81 10.59 5.57 5.91 5.91 5.91 5.91 5.91 7.31 7.31 5.91 7.31 7.31 7.31 7.31 7.31 7.31 7.09 7.09 12.61 5.72 7.09 7.09 5.38 5.38 7.09 5.72 7.09 5.72 5.38 5.38 5.72 5.72 5.51 5.19 6.86 6.86 6.86 5.51 5.62 7.09 7.09 7.09 7.09 6.06
3.36 5.40 5.40 5.40 5.40 3.36 6.09 5.40 5.29 5.29 5.07 2.88 3.28 6.53 6.53 6.53 6.53 6.53 6.53 6.53 6.53 6.53 6.53 6.53 6.19 7.62 6.19 6.19 6.19 5.80 5.80 5.80 6.19 6.19 5.72 7.62 5.80 5.80 5.84 5.84 5.57 5.57 5.57 5.91 5.91 5.91 5.91 5.91 7.31 11.83 7.31 7.31 7.31 7.31 7.31 7.31 18.37 5.72 5.72 5.72 5.38 5.72 5.72 5.72 13.12 5.72 5.72 5.72 5.72 5.72 5.72 6.28 5.19 5.51 5.51 6.86 6.86 5.19 7.09 5.62 5.62 7.09 6.06 6.06
3.36 5.40 2.96 5.40 3.36 5.40 5.40 5.40 5.29 5.29 3.28 3.28 3.28 6.53 6.53 12.03 12.70 6.53 6.53 6.53 6.17 6.53 6.53 6.17 6.19 6.19 6.19 7.62 6.19 5.80 5.80 5.80 5.72 6.19 6.19 6.19 5.72 5.80 5.80 5.84 5.91 5.91 5.91 5.91 5.91 5.91 5.91 5.91 5.91 5.91 5.91 5.57 7.31 5.49 7.31 5.91 5.72 5.72 5.72 5.72 5.72 5.72 5.72 6.28 6.28 6.28 11.00 5.72 5.72 6.60 6.60 7.33 5.62 5.51 5.51 16.16 10.50 5.62 5.62 6.06 7.09 7.09 7.09 5.62
3.36 5.40 3.36 2.96 5.40 3.36 3.36 5.40 16.46 13.14 5.29 5.29 6.53 8.03 6.53 6.53 6.53 7.59 7.59 6.53 6.53 6.53 8.03 8.03 6.19 7.62 7.62 7.62 6.19 6.19 12.78 5.80 6.19 6.19 6.19 6.19 5.72 5.84 5.84 5.80 5.51 5.51 5.91 5.91 5.91 5.46 10.69 5.91 7.31 5.91 5.91 5.91 5.91 5.49 5.49 5.49 5.57 5.29 5.72 5.72 5.72 5.72 6.28 6.28 7.33 5.83 12.12 6.28 6.28 6.60 12.17 6.28 6.06 11.74 6.06 5.51 11.69 6.06 6.38 6.06 11.69 6.06 6.06 6.06
5.40 3.36 3.36 2.96 5.40 5.40 3.36 2.96 5.29 5.29 9.48 5.29 6.53 6.53 6.53 6.05 6.53 6.53 7.59 6.53 12.50 21.22 8.03 8.03 6.19 6.19 7.62 6.19 6.19 6.19 5.80 5.80 5.80 6.19 5.80 5.80 5.80 5.72 5.80 5.80 5.51 5.51 5.51 5.51 5.49 5.91 5.46 5.91 5.91 5.91 5.91 5.91 5.91 5.49 5.49 5.49 5.72 5.29 5.29 6.28 6.28 6.28 6.28 6.28 6.28 6.28 6.28 6.28 6.28 6.60 6.28 6.28 6.38 6.38 6.06 6.06 6.06 6.38 6.38 6.06 6.06 6.06 6.06 6.06
2.83 3.36 3.36 3.36 5.40 5.40 2.96 2.96 2.76 5.29 5.29 5.29 8.03 14.32 6.53 6.53 6.53 6.53 6.53 12.50 6.53 8.03 8.03 6.53 6.19 6.19 6.19 6.19 6.19 6.19 6.19 5.80 5.72 5.80 5.80 5.80 5.78 5.78 5.78 5.78 18.09 8.12 5.47 5.47 5.47 5.46 5.91 5.91 5.46 5.91 5.91 5.77 5.48 5.48 5.48 5.48 6.28 6.28 6.52 6.28 13.89 13.89 7.33 7.33 6.28 6.28 12.14 6.57 6.55 6.28 6.28 6.28 6.34 6.06 11.69 6.06 6.06 11.72 6.06 6.06 11.12 5.62 6.06 6.06
3.36 3.36 5.40 5.40 5.40 5.40 5.40 5.40 5.29 5.29 5.29 5.29 6.17 6.53 6.53 6.53 6.53 6.53 12.50 6.53 6.53 6.17 6.53 6.53 11.38 6.19 6.19 6.19 6.19 6.19 6.19 5.72 5.72 5.80 5.80 5.80 5.78 5.78 5.78 22.13 15.21 10.69 10.36 5.76 5.91 5.46 5.46 5.46 5.91 5.91 5.91 5.91 5.91 3.93 10.37 5.48 6.28 6.28 6.52 8.54 8.54 8.54 8.54 8.54 8.54 8.54 6.57 6.57 6.55 6.28 6.28 6.28 6.06 6.06 6.06 6.34 6.35 12.35 6.06 6.06 5.62 7.09 6.06 6.06
2.96 9.70 2.96 5.40 3.36 3.36 3.36 3.36 3.28 5.29 3.28 6.90 6.53 7.59 6.53 6.53 6.53 12.50 6.17 6.53 6.53 8.03 6.53 6.53 6.19 6.19 5.72 5.72 6.19 5.72 5.72 5.72 5.72 5.80 5.80 5.72 5.72 5.72 5.72 6.19 5.47 5.47 5.91 5.91 5.91 5.46 5.91 5.91 5.91 5.91 5.91 5.91 5.91 9.41 5.91 5.48 6.28 6.52 6.52 8.54 8.54 8.54 8.54 8.54 8.54 8.54 6.57 8.54 16.83 12.74 6.28 6.55 6.34 6.06 6.06 6.06 6.35 6.35 6.35 6.06 6.06 6.06 6.06 6.06
2.96 5.40 5.40 3.36 3.36 3.36 3.36 3.36 5.29 5.29 3.28 8.98 6.53 8.03 6.53 6.53 6.53 13.98 6.17 8.03 8.03 8.03 8.03 6.53 5.84 6.19 5.72 6.19 6.19 6.19 5.72 5.72 5.72 6.19 11.84 6.19 6.19 5.72 5.72 5.72 5.91 5.76 5.46 5.91 5.91 5.46 5.46 5.91 5.91 5.91 5.91 5.91 5.91 5.91 5.91 5.48 6.28 6.28 6.52 6.52 6.57 6.57 6.57 6.57 6.57 6.57 8.86 8.54 8.54 6.55 6.55 4.32 6.06 6.06 6.06 6.06 5.62 6.06 6.49 6.06 6.06 6.06 6.06 5.29
5.40 3.36 3.36 5.40 3.36 3.36 3.36 2.96 2.88 5.29 5.29 6.17 8.03 8.03 6.53 12.50 6.53 6.53 8.03 8.03 8.03 6.53 12.50 6.17 11.38 11.43 6.19 6.19 6.19 5.72 5.72 5.72 6.19 6.19 6.19 6.19 6.19 5.72 5.72 6.19 10.09 5.46 5.91 5.46 5.91 5.91 5.46 5.46 5.91 7.31 5.57 5.91 5.91 5.41 5.41 5.41 5.72 6.28 6.52 6.52 6.63 6.63 6.63 6.63 6.63 6.63 6.63 6.63 6.57 8.54 8.54 8.54 4.13 6.30 6.06 6.06 12.96 6.06 6.06 6.06 6.06 6.06 6.06 6.06
5.40 3.36 2.96 2.96 3.36 3.36 3.36 2.96 2.88 5.29 5.29 8.03 15.65 8.03 6.53 8.03 8.03 8.03 6.17 8.03 8.03 6.53 6.53 6.53 5.84 6.19 6.19 6.19 5.72 5.72 10.83 5.72 6.19 5.79 5.79 5.79 5.74 5.72 5.74 5.74 5.44 5.44 5.91 5.46 5.46 10.30 5.46 5.46 7.31 5.91 7.31 5.91 5.41 5.41 5.41 5.41 6.28 6.52 4.31 6.52 6.63 6.63 6.63 6.63 6.63 6.63 6.63 6.63 6.57 6.57 8.86 8.54 8.27 7.09 6.06 6.06 7.09 7.09 6.06 5.29 6.06 6.06 7.09 6.06
3.36 3.36 2.96 5.40 3.36 3.36 5.40 2.96 2.76 5.29 2.88 8.03 8.03 6.17 6.17 6.17 8.03 6.53 6.53 15.65 6.53 6.53 6.53 6.53 6.19 6.19 6.19 6.08 11.03 5.72 10.83 10.83 5.72 12.75 5.79 5.79 5.74 5.74 5.74 11.14 5.91 5.91 5.91 5.91 5.91 5.46 8.20 8.20 5.91 5.91 10.89 5.91 5.41 5.91 5.46 6.48 6.52 6.52 6.52 6.52 6.63 6.63 6.63 6.63 6.63 6.63 6.63 6.63 6.57 6.57 6.57 6.57 8.27 6.30 6.30 6.30 6.06 6.06 6.06 6.06 6.06 6.06 6.06 6.06
8.10 7.77 5.40 3.36 5.40 5.40 5.40 5.40 2.76 3.28 3.28 6.53 6.53 6.17 6.17 6.17 6.17 6.53 8.03 8.03 8.03 8.03 6.05 6.05 6.19 11.30 6.19 5.80 5.80 5.72 5.72 5.72 5.72 5.79 5.79 5.79 5.74 10.97 7.81 6.19 5.91 5.91 8.20 5.44 5.46 5.46 8.20 8.20 5.46 5.46 7.31 8.34 9.23 5.91 5.68 4.46 6.52 6.52 6.52 6.52 6.63 6.63 6.91 5.49 6.63 6.63 6.63 6.63 6.57 6.57 6.57 4.33 6.30 6.30 6.30 6.30 6.33 6.06 6.06 6.06 5.29 6.06 6.06 6.06
5.40 5.40 3.36 5.40 2.96 2.96 3.36 3.36 3.28 3.28 6.53 6.53 6.17 7.61 6.17 6.17 12.50 8.03 15.65 8.03 6.53 8.03 6.05 6.05 6.19 6.19 5.80 5.80 6.19 5.72 6.19 5.72 6.19 5.75 5.75 5.72 5.72 5.70 5.72 5.72 5.46 5.46 5.46 5.43 3.93 8.20 7.31 7.31 7.31 7.31 8.34 13.61 5.39 3.90 6.67 6.67 6.54 6.54 6.54 6.54 6.65 6.65 5.49 5.37 5.39 6.68 6.68 6.68 6.63 6.63 6.63 6.63 6.32 6.32 6.32 6.32 6.31 6.06 6.06 6.06 5.29 6.06 6.06 6.06
5.40 5.40 2.96 3.36 3.36 3.36 2.83 3.36 3.28 2.76 6.17 6.53 6.53 7.61 6.17 6.17 6.17 6.53 6.53 8.03 7.60 6.53 6.53 6.53 6.19 6.19 6.19 5.72 5.72 5.72 6.19 11.18 6.19 6.19 5.72 5.72 5.72 5.72 5.72 6.19 5.91 5.46 5.46 8.34 8.34 8.34 8.34 8.34 7.31 7.31 5.45 5.45 5.39 5.39 6.67 6.67 4.32 6.54 6.54 6.54 6.65 4.36 5.27 5.37 5.39 5.39 6.68 6.68 6.63 6.63 6.63 6.63 6.32 6.06 6.06 6.06 6.06 6.06 6.06 6.31 6.06 6.06 6.06 6.06
2.85 5.23 5.23 3.24 5.23 2.85 5.23 5.23 5.05 3.11 6.27 6.27 6.27 7.71 7.71 5.92 7.71 6.27 5.92 5.89 5.88 5.80 5.80 5.80 5.45 5.90 11.28 5.90 5.90 5.45 5.45 5.90 5.47 5.90 5.45 5.45 5.45 8.19 5.90 5.90 5.63 5.63 5.63 7.99 7.99 16.07 7.99 7.86 7.86 7.86 6.99 7.86 7.99 5.12 6.38 6.38 6.21 6.21 6.21 6.21 6.31 6.31 5.07 5.07 5.09 5.09 5.09 6.33 6.29 6.29 6.29 6.29 5.96 5.96 5.96 3.92 3.92 3.92 3.92 3.92 5.94 5.94 5.94 5.94
2.85 5.23 3.24 3.24 5.23 5.23 2.72 6.83 3.11 3.11 6.27 12.00 6.27 7.71 7.71 5.92 5.92 6.27 6.27 5.89 5.88 5.80 5.80 11.06 5.90 5.90 11.28 5.90 5.90 5.90 5.52 5.52 5.47 5.45 5.45 5.45 3.91 8.19 8.19 13.13 5.19 5.63 5.63 5.19 5.19 5.19 7.86 7.86 7.86 7.86 6.99 7.99 7.99 9.65 6.38 6.38 6.21 6.21 6.21 6.21 6.31 6.31 4.98 5.41 5.09 5.09 5.09 6.33 4.08 5.19 6.29 6.29 11.56 11.56 5.96 5.96 3.92 3.92 3.92 3.92 5.94 5.94 5.94 5.94
2.85 5.23 3.24 3.24 3.24 3.24 4.24 2.72 3.11 2.73 6.27 6.27 6.27 5.92 5.92 7.71 5.92 7.71 5.92 5.92 7.71 5.80 5.80 5.80 5.90 5.90 5.90 5.90 5.90 5.48 5.48 5.48 5.41 5.41 5.45 5.45 5.90 5.90 5.45 5.45 5.19 5.19 5.19 5.19 5.63 5.19 5.19 5.19 5.19 5.19 18.43 7.99 7.99 5.15 5.15 6.41 6.20 6.20 6.20 6.20 6.28 6.28 5.04 5.04 5.09 4.98 4.98 5.41 5.19 5.19 6.30 6.30 5.97 5.97 5.97 3.92 6.26 6.26 3.92 3.92 3.92 5.94 5.94 5.94
7.09 5.23 5.23 3.24 3.24 3.24 3.24 4.41 2.73 5.92 6.27 6.27 6.27 5.92 7.71 7.71 5.92 5.92 6.27 5.92 5.92 6.27 5.80 5.80 5.45 5.90 5.90 5.90 5.90 5.90 5.48 5.48 5.41 5.45 5.45 3.91 5.45 5.45 5.45 5.45 5.19 10.00 5.12 5.19 5.16 5.16 5.19 5.19 5.19 5.19 5.19 6.99 7.99 7.99 7.99 6.41 6.20 6.20 6.20 6.20 6.28 5.04 5.04 5.04 5.09 4.98 4.98 5.41 5.95 5.19 5.19 6.30 11.59 5.97 5.97 6.95 6.26 5.95 3.92 3.92 3.92 3.92 5.94 5.94
0.00 7.09 5.23 2.85 2.85 5.23 2.85 5.23 5.05 7.71 6.27 17.93 7.71 7.71 13.78 6.27 7.71 5.80 7.71 7.71 6.27 5.92 5.92 5.80 10.88 5.45 5.45 5.45 5.48 5.48 5.48 5.48 5.41 5.41 5.73 3.91 5.45 5.45 5.45 5.45 5.12 5.12 5.12 5.12 5.16 5.16 5.16 9.78 9.78 5.63 5.63 5.63 5.63 7.99 5.15 5.15 6.20 6.20 6.20 6.20 6.28 6.28 5.04 5.04 5.09 4.98 9.92 4.98 5.95 6.30 12.25 6.30 5.97 5.97 3.92 3.92 5.95 3.92 3.92 5.95 3.92 6.95 3.41 3.92
0.00 0.00 7.09 5.23 2.85 7.09 5.23 2.85 5.05 7.71 7.71 13.78 7.71 7.71 7.71 6.27 7.71 5.92 5.92 6.27 5.80 6.27 5.80 5.80 5.90 5.90 5.90 10.88 5.45 5.48 5.48 5.48 5.41 5.41 5.41 5.41 5.90 5.90 6.47 6.65 6.37 6.37 6.37 6.37 6.42 5.16 5.16 5.19 5.19 5.63 5.63 5.30 10.74 5.63 5.15 5.15 6.20 6.20 6.20 6.20 6.28 6.28 6.28 5.04 5.09 5.09 0.00 5.09 6.30 6.30 6.30 6.30 5.97 3.86 3.06 6.27 5.95 5.95 5.95 3.06 5.26 3.92 6.55 3.92
0.00 0.00 0.00 0.00 0.00 0.00 0.00 0.00 5.05 5.92 12.73 5.92 6.27 6.27 6.27 6.27 6.27 6.27 5.92 5.92 5.88 6.27 6.27 6.27 11.28 5.90 10.72 5.90 5.90 5.40 5.40 5.40 5.33 5.33 5.33 5.45 5.36 5.36 6.64 6.64 6.39 6.39 6.39 6.39 6.39 6.39 5.14 5.14 5.15 5.63 5.63 5.30 10.74 10.74 5.17 5.17 4.96 6.19 6.19 6.19 6.26 6.26 6.26 12.18 6.31 0.00 0.00 0.00 6.30 6.30 0.00 0.00 0.00 6.01 3.92 3.92 3.92 3.92 5.95 3.06 3.92 3.92 3.92 3.92
0.00 0.00 0.00 0.00 0.00 0.00 0.00 0.00 0.00 0.00 8.78 5.92 7.71 7.71 6.27 6.27 6.27 6.27 6.27 5.92 5.80 6.27 12.00 6.27 5.90 11.28 5.90 5.49 5.40 5.40 5.40 5.40 5.33 5.33 5.33 5.33 5.36 5.36 5.36 5.36 5.19 5.19 5.13 6.39 6.39 6.39 5.14 5.14 9.69 5.15 7.55 5.63 5.63 5.17 5.17 5.17 4.96 6.19 6.19 6.19 6.26 6.26 6.26 6.26 6.31 0.00 0.00 0.00 0.00 0.00 0.00 0.00 0.00 0.00 0.00 6.01 3.92 5.95 5.95 3.92 3.92 3.92 3.92 3.92
0.00 0.00 0.00 0.00 0.00 0.00 0.00 0.00 0.00 0.00 8.78 8.78 8.78 6.27 5.87 6.27 6.27 6.27 6.27 5.80 6.23 6.23 6.27 6.27 5.90 5.45 5.90 5.49 5.40 5.40 5.40 5.40 5.33 5.33 5.33 5.33 5.36 5.36 5.36 5.36 9.67 10.03 5.19 5.13 6.39 6.39 6.39 5.14 5.15 3.69 5.15 5.15 5.63 5.17 5.17 5.17 4.96 4.96 6.19 6.19 6.26 6.26 6.26 6.26 6.31 12.26 6.31 0.00 0.00 0.00 0.00 0.00 0.00 0.00 0.00 0.00 0.00 3.92 5.95 3.92 3.92 3.92 6.95 3.92
0.00 0.00 0.00 0.00 0.00 0.00 0.00 0.00 0.00 0.00 0.00 0.00 9.23 9.23 5.87 5.87 6.27 6.27 6.27 6.23 5.88 5.88 6.27 6.27 5.45 8.19 8.19 5.49 5.40 5.40 5.40 5.40 5.33 5.33 5.33 5.33 5.36 5.36 5.36 5.36 5.13 5.13 5.41 6.39 6.39 12.42 6.39 6.39 6.40 3.69 3.69 5.15 5.63 5.30 5.17 9.74 4.96 4.96 6.19 6.19 6.26 6.26 6.26 6.26 6.31 6.31 6.31 0.00 0.00 0.00 0.00 0.00 0.00 0.00 0.00 0.00 5.95 3.41 3.92 3.92 3.92 3.92 5.71 3.92
0.00 0.00 0.00 0.00 0.00 0.00 0.00 0.00 0.00 0.00 0.00 0.00 0.00 9.23 7.20 7.20 6.27 6.27 5.88 5.88 8.78 5.87 8.78 6.27 5.45 5.45 8.19 5.41 5.31 5.31 10.04 5.31 5.39 6.67 6.67 6.67 6.78 6.78 6.78 6.78 6.51 6.51 6.51 6.51 6.49 6.49 6.49 6.49 6.41 4.23 6.41 6.41 6.19 5.63 5.27 5.13 9.33 4.96 4.96 4.96 5.02 6.26 6.26 0.00 12.99 0.00 0.00 0.00 0.00 0.00 0.00 0.00 0.00 0.00 0.00 0.00 5.99 3.92 3.92 3.92 3.92 3.92 5.92 3.92
0.00 0.00 0.00 0.00 0.00 0.00 0.00 0.00 0.00 0.00 0.00 0.00 0.00 0.00 18.21 9.23 6.86 6.86 7.23 8.78 8.78 8.78 6.27 6.27 5.41 8.19 5.41 5.41 5.31 5.31 5.31 5.31 6.67 6.67 6.67 6.67 6.78 6.78 6.78 6.78 6.51 6.51 6.51 6.51 6.49 6.49 6.49 6.49 6.41 6.41 6.41 6.41 6.19 6.19 6.19 5.13 4.96 4.96 4.96 4.96 5.02 5.02 0.00 0.00 0.00 0.00 0.00 0.00 0.00 0.00 0.00 0.00 0.00 0.00 0.00 0.00 6.94 6.94 5.26 3.92 3.41 5.92 5.92 3.92
0.00 0.00 0.00 0.00 0.00 0.00 0.00 0.00 0.00 0.00 0.00 0.00 0.00 0.00 0.00 9.23 9.23 9.23 15.23 9.58 9.23 9.23 7.22 7.22 6.69 6.69 5.41 10.14 5.31 5.31 5.31 5.31 6.67 6.67 6.67 6.67 6.78 6.78 6.78 6.78 6.51 6.51 6.51 6.51 6.49 6.49 6.49 6.49 6.41 6.41 6.41 6.41 6.38 6.19 6.19 6.38 4.96 4.96 4.96 4.96 5.02 0.00 0.00 0.00 0.00 0.00 0.00 0.00 0.00 0.00 0.00 0.00 0.00 0.00 0.00 0.00 0.00 14.60 6.94 6.94 3.41 3.92 5.92 5.92
0.00 0.00 0.00 0.00 0.00 0.00 0.00 0.00 0.00 0.00 0.00 0.00 0.00 0.00 0.00 0.00 0.00 9.23 9.23 9.23 9.23 9.23 7.22 7.22 6.69 6.69 5.41 5.41 5.31 5.31 5.31 6.59 6.67 6.67 0.00 0.00 0.00 0.00 0.00 0.00 0.00 0.00 0.00 0.00 0.00 0.00 6.49 6.49 6.41 6.41 6.41 6.41 6.38 6.19 6.19 6.38 4.96 4.96 4.96 9.33 5.02 0.00 0.00 0.00 0.00 0.00 0.00 0.00 0.00 0.00 0.00 0.00 0.00 0.00 0.00 0.00 0.00 0.00 0.00 0.00 0.00 5.92 3.84 5.92
0.00 0.00 0.00 0.00 0.00 0.00 0.00 0.00 0.00 0.00 0.00 0.00 0.00 0.00 0.00 0.00 0.00 0.00 0.00 0.00 0.00 0.00 9.23 7.17 6.66 6.66 6.66 5.38 5.37 5.37 6.65 6.65 6.73 0.00 0.00 0.00 0.00 0.00 0.00 0.00 0.00 0.00 0.00 0.00 0.00 0.00 0.00 0.00 0.00 12.55 6.50 6.50 6.33 6.33 6.19 6.33 6.10 4.88 4.88 4.88 4.97 0.00 0.00 0.00 0.00 0.00 0.00 0.00 0.00 0.00 0.00 0.00 0.00 0.00 0.00 0.00 0.00 0.00 0.00 0.00 0.00 5.91 3.84 5.91
0.00 0.00 0.00 0.00 0.00 0.00 0.00 0.00 0.00 0.00 0.00 0.00 0.00 0.00 0.00 0.00 0.00 0.00 0.00 0.00 0.00 0.00 0.00 9.23 6.66 6.66 6.66 6.66 6.65 6.65 6.65 6.65 0.00 0.00 0.00 0.00 0.00 0.00 0.00 0.00 0.00 0.00 0.00 0.00 0.00 0.00 0.00 0.00 0.00 0.00 6.50 6.50 6.33 6.33 6.19 6.19 11.69 6.10 6.10 6.10 6.20 19.19 0.00 0.00 0.00 0.00 0.00 0.00 0.00 0.00 0.00 0.00 0.00 0.00 0.00 0.00 0.00 0.00 0.00 0.00 0.00 11.46 5.91 3.06
0.00 0.00 0.00 0.00 0.00 0.00 0.00 0.00 0.00 0.00 0.00 0.00 0.00 0.00 0.00 0.00 0.00 0.00 0.00 0.00 0.00 0.00 0.00 0.00 0.00 0.00 0.00 6.34 6.33 6.33 6.33 0.00 0.00 0.00 0.00 0.00 0.00 0.00 0.00 0.00 0.00 0.00 0.00 0.00 0.00 0.00 0.00 0.00 0.00 0.00 11.93 6.15 5.98 5.98 5.85 5.85 5.81 5.81 5.81 5.81 5.91 6.04 0.00 0.00 0.00 0.00 0.00 0.00 0.00 0.00 0.00 0.00 0.00 0.00 0.00 0.00 0.00 0.00 0.00 0.00 0.00 0.00 6.66 5.66
0.00 0.00 0.00 0.00 0.00 0.00 0.00 0.00 0.00 0.00 0.00 0.00 0.00 0.00 0.00 0.00 0.00 0.00 0.00 0.00 0.00 0.00 0.00 0.00 0.00 0.00 0.00 0.00 6.33 6.33 13.33 0.00 0.00 0.00 0.00 0.00 0.00 0.00 0.00 0.00 0.00 0.00 0.00 0.00 0.00 0.00 0.00 0.00 0.00 0.00 6.15 6.15 5.98 5.98 5.98 5.85 3.88 5.81 3.88 5.81 5.91 5.91 5.91 5.91 0.00 0.00 0.00 0.00 0.00 0.00 0.00 0.00 0.00 0.00 0.00 0.00 0.00 0.00 0.00 0.00 0.00 0.00 0.00 5.66
0.00 0.00 0.00 0.00 0.00 0.00 0.00 0.00 0.00 0.00 0.00 0.00 0.00 0.00 0.00 0.00 0.00 0.00 0.00 0.00 0.00 0.00 0.00 0.00 0.00 0.00 0.00 0.00 6.41 6.41 0.00 0.00 0.00 0.00 0.00 0.00 0.00 0.00 0.00 0.00 0.00 0.00 0.00 0.00 0.00 0.00 0.00 0.00 0.00 0.00 6.13 6.13 5.95 5.95 5.95 5.95 3.88 3.88 3.88 5.75 5.87 5.87 5.87 5.87 0.00 0.00 0.00 0.00 0.00 0.00 0.00 0.00 0.00 0.00 0.00 0.00 0.00 0.00 0.00 0.00 0.00 0.00 0.00 12.21
0.00 0.00 0.00 0.00 0.00 0.00 0.00 0.00 0.00 0.00 0.00 0.00 0.00 0.00 0.00 0.00 0.00 0.00 0.00 0.00 0.00 0.00 0.00 0.00 0.00 0.00 0.00 0.00 14.66 13.33 0.00 0.00 0.00 0.00 0.00 0.00 0.00 0.00 0.00 0.00 0.00 0.00 0.00 0.00 0.00 0.00 0.00 0.00 0.00 0.00 6.13 6.13 5.95 5.95 5.95 5.95 5.75 3.88 5.75 5.75 5.87 5.87 5.87 3.88 0.00 0.00 0.00 0.00 0.00 0.00 0.00 0.00 0.00 0.00 0.00 0.00 0.00 0.00 0.00 0.00 0.00 0.00 0.00 0.00
