New_Model_Runs/13_Future_RCP4.5_Scn3_out/post_prcessed_with_MFR/Monthly_summaries/runoff_monthly_JUN.asc
NCOLS 700
NROWS 400
XLLCENTER 515000.000000
YLLCENTER 8409000.000000
CELLSIZE 50.000000
NODATA_value -999.000000
[rows 259 to 295 of 400, columns 168 to 251 of 700]
3.77 6.28 6.28 6.47 6.36 6.36 6.36 6.36 6.56 3.70 3.70 3.70 3.66 3.66 3.66 3.66 3.67 3.67 3.67 3.67 6.64 6.64 6.64 3.75 4.04 4.04 4.04 4.04 4.06 4.06 4.06 4.06 4.06 4.06 4.06 4.06 6.88 4.01 4.01 4.01 3.85 3.85 3.85 3.85 3.83 3.83 3.83 3.83 3.26 3.26 3.26 2.31 2.31 2.31 2.31 4.22 3.99 2.16 2.16 2.16 2.16 2.16 2.16 2.16 1.85 3.99 2.16 2.16 2.16 2.16 2.16 2.16 1.56 1.30 1.56 3.11 3.11 3.11 3.11 3.11 3.11 3.11 3.11 1.56
6.44 6.44 6.44 6.44 6.34 6.34 6.34 11.92 6.53 6.27 3.68 3.68 3.64 3.64 3.64 3.64 6.24 6.24 3.66 3.66 6.61 6.61 12.29 3.73 8.54 6.92 4.04 4.04 4.09 4.09 4.09 4.09 7.02 4.09 4.09 4.09 6.87 4.01 4.01 4.01 3.84 3.84 3.84 3.84 3.81 2.97 3.81 3.81 3.88 3.01 3.01 1.20 1.35 1.98 2.31 2.31 2.16 2.16 2.16 2.16 2.16 2.16 2.16 2.16 3.99 3.99 3.99 2.16 2.16 2.16 2.16 2.16 1.56 1.56 1.30 1.23 1.56 1.56 3.11 3.11 3.11 3.11 1.56 1.56
11.92 17.43 3.77 4.20 6.34 17.42 6.34 6.34 6.53 3.68 3.68 3.68 3.64 2.82 3.64 3.64 3.66 8.31 6.24 3.66 3.73 6.61 6.61 6.61 4.04 4.04 4.04 10.68 4.09 7.02 4.09 4.09 4.09 4.09 4.09 4.09 4.01 4.01 4.01 4.01 3.84 3.84 3.84 3.84 3.81 3.81 3.81 3.81 3.88 3.88 6.64 1.42 1.45 3.64 1.98 4.22 2.16 1.85 2.16 2.16 2.16 2.16 2.16 2.16 1.85 1.85 3.99 2.16 2.16 2.16 2.16 2.16 1.56 1.56 1.23 1.23 1.56 3.11 3.11 3.11 3.11 1.56 1.56 1.56
4.20 4.20 4.20 4.20 6.34 6.34 6.34 6.34 6.53 6.53 3.68 3.68 2.82 2.82 6.20 3.64 3.66 3.66 3.66 3.66 3.73 6.61 6.61 6.61 7.06 4.04 4.04 7.06 7.14 7.14 4.09 4.09 4.09 4.09 7.02 4.09 4.01 6.87 4.01 4.01 3.84 3.84 3.84 3.84 3.81 3.81 3.81 3.81 3.88 3.88 3.88 1.42 1.45 1.35 2.31 4.22 2.16 3.99 2.16 2.16 2.16 2.16 2.16 2.16 1.85 1.85 3.99 2.16 2.16 2.16 2.16 3.99 1.56 1.23 1.23 1.56 1.56 1.56 3.11 3.11 3.11 1.56 1.56 1.56
4.20 4.20 4.20 6.44 6.34 6.34 11.76 6.34 6.53 6.53 3.68 5.12 3.64 3.64 3.64 3.64 3.66 3.66 3.66 3.66 3.73 3.73 6.61 6.61 12.76 4.04 4.04 4.04 7.14 7.14 7.14 4.09 4.09 4.09 4.09 4.09 4.01 4.01 4.01 4.01 8.78 6.57 3.84 3.84 3.81 3.81 2.97 2.97 3.00 3.00 3.88 1.42 1.45 1.35 2.31 2.31 2.16 2.16 2.16 2.16 3.99 3.99 1.85 2.16 2.16 3.99 3.99 2.16 2.16 2.16 3.99 1.85 3.11 1.56 1.23 3.11 1.56 1.30 3.11 3.11 3.11 3.11 3.11 1.56
4.20 4.20 7.26 6.42 6.34 6.34 6.34 6.34 6.49 6.49 3.65 3.65 3.62 3.62 3.62 3.62 3.68 3.68 3.68 3.68 3.72 3.72 3.72 6.59 7.02 4.01 4.01 4.01 6.96 7.13 7.13 4.08 4.08 4.08 4.08 4.08 3.96 3.96 3.96 3.96 3.83 3.83 3.83 3.83 3.81 3.81 3.81 3.26 3.26 3.26 3.84 1.20 1.20 1.35 1.87 1.87 1.75 2.16 3.99 3.99 3.99 2.16 2.16 2.16 2.16 3.99 1.85 2.16 1.85 3.99 3.99 2.16 1.30 3.11 1.56 3.11 3.11 1.30 3.11 3.11 1.56 1.30 1.30 1.56
4.20 4.20 4.20 6.28 4.20 6.34 6.34 6.34 12.05 6.49 3.65 3.65 3.62 3.62 3.62 3.62 3.68 3.68 3.68 3.68 3.72 3.72 3.72 6.59 7.02 4.01 4.01 4.01 4.08 4.08 7.13 4.08 4.08 4.08 4.08 4.08 3.96 9.10 6.79 3.96 3.83 3.83 3.83 5.30 3.81 3.81 3.81 3.01 3.26 3.26 1.20 1.20 1.35 1.87 1.87 2.79 1.75 2.16 2.16 1.85 3.99 2.16 2.16 2.16 2.16 2.16 3.99 2.16 3.99 3.99 2.16 2.16 1.56 1.56 1.56 3.11 3.11 3.11 3.11 3.11 1.56 1.56 1.30 1.56
4.20 4.20 4.20 7.26 4.20 6.34 6.34 6.34 6.49 9.73 3.65 3.65 3.62 3.62 3.62 3.62 3.68 3.68 3.68 3.68 3.72 3.72 3.72 6.59 7.02 7.02 4.01 4.01 4.08 4.08 3.28 10.79 7.00 7.00 4.08 6.92 3.96 3.96 3.96 3.96 3.83 3.83 3.83 3.01 3.81 3.81 3.81 3.81 3.26 3.01 1.20 1.20 1.71 1.71 2.31 2.31 2.16 1.75 2.16 2.16 2.16 2.16 2.16 2.16 2.16 3.99 3.99 2.16 2.16 2.16 2.16 2.16 1.30 3.11 1.30 3.11 3.11 3.11 3.48 2.08 2.08 2.08 1.56 2.08
2.47 2.47 2.47 6.28 4.20 4.20 6.34 6.34 6.49 6.49 3.65 3.65 3.62 3.62 3.62 3.62 3.68 3.68 3.68 3.68 3.72 3.72 3.72 6.59 7.02 7.02 4.01 4.01 4.08 4.08 3.28 18.66 6.96 4.08 4.08 4.08 3.96 3.96 6.79 3.96 3.83 3.83 3.83 3.83 3.01 3.81 3.81 3.81 3.84 3.01 1.35 1.35 1.35 1.35 1.35 2.31 2.16 2.16 3.99 2.16 1.75 2.16 2.16 3.32 2.16 2.16 1.85 3.99 2.16 2.16 2.16 2.16 1.56 3.11 1.30 3.11 3.11 1.65 1.75 1.65 1.65 2.08 2.08 2.08
2.47 2.47 2.47 4.65 3.37 1.96 4.88 6.28 6.41 6.41 3.59 3.59 3.62 3.62 8.94 3.62 3.71 3.71 3.71 3.71 3.74 3.74 3.74 6.62 7.02 4.00 4.00 4.00 4.07 4.07 3.28 7.20 4.10 3.03 4.06 4.06 3.94 3.94 3.94 3.94 3.83 3.83 3.83 3.83 3.26 3.26 3.82 3.26 3.26 3.01 1.35 1.35 1.35 1.20 1.49 1.35 2.16 2.16 2.16 2.16 2.16 2.16 2.16 3.99 1.85 3.99 3.99 3.99 1.85 2.16 2.16 2.16 3.11 3.11 3.11 3.11 1.56 2.08 3.48 2.08 2.08 3.48 1.65 2.08
2.08 2.08 4.65 4.65 2.47 2.47 8.21 4.88 8.43 5.00 3.72 3.59 3.62 3.62 3.62 6.16 3.71 3.71 3.71 3.71 3.74 3.74 12.31 6.62 7.02 4.00 4.00 4.00 4.07 7.11 7.11 7.79 4.10 4.06 4.06 4.06 3.94 3.94 3.94 3.94 3.83 3.26 3.26 3.83 3.01 3.26 3.26 3.26 3.26 3.01 1.20 1.35 1.41 1.41 1.41 1.35 2.16 2.16 2.16 2.16 2.16 2.16 2.16 2.16 2.16 2.16 3.99 1.85 3.99 2.16 1.85 2.16 1.56 1.30 1.30 3.11 1.56 2.08 2.08 2.08 2.08 2.08 1.65 4.76
2.47 2.47 4.65 2.47 2.47 2.47 4.88 4.88 5.00 5.93 2.14 1.47 1.47 3.09 3.62 3.62 3.71 3.71 3.71 3.71 8.19 6.62 6.62 6.62 7.02 4.00 4.00 4.00 7.11 7.11 4.10 4.72 4.10 4.06 4.06 4.06 3.94 3.94 3.94 3.94 4.01 3.26 3.26 3.26 3.01 3.01 3.26 2.77 6.29 1.35 1.39 1.39 1.41 1.41 1.35 1.35 2.16 2.16 2.16 2.80 2.80 2.80 2.16 2.16 1.85 2.16 2.16 1.85 1.75 1.75 1.85 1.75 3.11 3.11 1.30 1.56 2.08 2.08 2.08 2.08 2.08 2.08 2.08 0.08
2.47 4.65 4.65 2.47 2.47 2.47 4.88 4.88 5.00 5.00 1.30 1.47 1.47 1.47 2.02 2.02 3.71 6.58 6.58 8.33 4.61 6.62 6.62 6.62 7.02 4.00 4.00 4.00 4.10 4.10 4.10 6.98 4.10 4.10 4.06 4.06 3.94 3.94 3.94 3.94 3.01 3.26 3.01 3.26 3.26 3.01 3.26 2.77 3.83 1.39 1.39 2.04 1.41 1.41 1.35 1.35 2.16 2.16 4.42 4.47 2.80 2.80 2.80 1.85 3.99 3.99 1.85 2.16 3.99 1.75 1.85 3.99 1.23 1.30 1.56 1.56 2.08 2.08 2.08 3.48 2.08 2.08 0.20 0.08
2.47 2.08 4.65 2.47 4.72 4.72 4.72 4.72 4.91 1.95 1.47 1.47 2.07 2.01 2.01 2.01 1.47 2.13 2.13 2.13 3.88 8.33 4.61 6.63 8.30 5.03 3.92 5.23 5.23 5.23 5.23 5.23 5.23 5.23 6.75 3.94 4.97 4.97 4.97 4.97 4.79 4.79 4.20 3.89 4.20 3.89 4.20 3.59 3.59 4.78 1.37 1.37 1.38 1.38 1.35 1.35 2.16 2.80 4.42 4.42 2.80 2.80 2.80 1.85 3.99 3.99 3.99 3.99 2.16 1.85 1.85 3.99 1.30 1.30 3.11 1.56 1.65 2.08 2.08 1.65 1.65 2.08 0.20 0.08
3.59 4.65 2.47 4.88 4.72 7.60 4.72 6.34 5.82 1.95 1.47 1.47 2.64 2.87 2.84 2.01 2.08 3.38 2.66 2.13 4.95 9.87 5.89 5.73 8.30 8.74 5.23 5.23 5.23 5.23 8.98 5.23 5.23 5.23 5.23 3.92 3.92 4.23 4.97 4.97 4.79 4.79 4.20 4.20 6.86 4.20 4.20 6.86 4.78 4.78 4.78 2.00 1.38 1.20 1.35 1.38 3.37 2.28 4.42 4.42 4.42 2.28 2.80 2.28 4.42 3.99 3.99 2.16 3.65 3.48 2.16 3.99 3.11 1.30 3.11 1.65 1.65 2.08 2.08 1.65 3.48 3.48 1.86 0.20
8.95 4.19 4.19 4.41 4.26 4.26 4.26 2.18 2.36 1.28 1.28 1.11 1.77 1.77 1.77 1.77 1.83 4.67 3.63 1.87 4.49 7.28 13.86 7.28 7.99 7.99 7.99 11.56 4.70 4.70 5.38 5.38 4.70 4.70 5.38 10.47 3.77 4.46 4.46 3.47 3.38 3.45 3.45 3.74 3.74 3.74 5.63 3.18 3.18 6.72 4.28 3.74 1.19 1.19 0.92 0.92 1.13 1.13 2.10 2.10 1.67 1.67 1.67 1.40 2.10 3.51 3.51 3.51 3.13 3.13 3.13 3.13 2.76 2.76 1.83 1.83 1.45 3.11 1.83 1.83 1.45 3.11 1.83 1.21
8.95 4.19 4.19 4.41 4.26 2.18 1.72 2.18 1.28 1.28 1.11 1.28 1.28 1.77 1.77 1.77 1.83 4.67 1.87 1.87 4.49 7.28 7.70 7.70 7.99 7.99 7.99 7.99 4.70 11.60 4.70 5.38 4.70 7.98 7.77 11.72 4.46 3.48 4.46 4.46 4.29 4.29 3.74 3.74 3.74 3.74 3.74 3.74 3.74 3.74 3.74 3.74 3.74 0.92 0.92 1.19 1.13 1.13 2.10 2.10 3.51 1.67 1.40 2.10 2.10 1.67 3.51 3.51 3.51 3.51 3.51 3.51 3.11 1.83 1.83 1.83 1.83 1.83 1.83 1.21 1.21 1.76 1.76 1.45
8.95 4.19 4.19 7.11 4.19 4.45 4.45 2.18 1.28 1.28 1.28 1.28 1.76 1.76 1.76 1.76 1.82 1.82 1.87 4.49 11.30 18.01 14.50 7.70 7.99 7.99 7.99 7.99 11.56 5.38 4.70 4.70 4.70 5.38 4.70 4.86 3.77 4.44 4.61 4.44 3.45 6.88 3.74 3.74 3.74 3.74 4.23 3.74 3.18 10.26 3.74 3.74 3.74 3.74 3.74 0.92 1.12 0.85 3.51 2.10 2.10 2.10 1.40 3.51 3.51 1.67 3.51 1.67 1.67 3.51 3.51 3.51 3.11 1.45 1.83 1.83 1.83 4.34 1.83 1.21 1.21 1.83 1.83 1.45
10.07 2.18 2.18 4.33 4.19 4.19 5.00 1.17 1.28 1.28 1.28 2.36 4.52 1.76 1.76 1.76 1.82 1.82 4.63 9.15 7.70 7.70 7.70 7.70 7.99 7.99 7.99 7.99 5.38 5.38 4.70 4.70 4.70 5.38 7.77 10.85 3.48 4.44 3.77 3.48 4.26 3.74 6.03 3.74 4.23 4.23 4.23 4.23 3.74 3.74 3.74 3.74 3.74 3.74 3.74 3.74 0.85 0.85 3.51 3.51 3.51 2.10 1.40 3.51 3.51 3.51 1.67 6.32 3.51 2.10 2.10 1.67 3.99 5.58 1.83 1.83 1.83 1.83 3.11 1.45 1.45 1.83 1.83 1.21
8.95 2.18 2.18 4.33 6.96 1.72 1.72 1.01 1.28 1.28 4.43 4.43 4.52 4.52 4.52 1.76 1.82 7.76 4.63 7.17 7.70 7.70 7.70 7.70 7.99 7.99 7.99 7.99 5.38 5.38 7.60 15.91 7.61 7.61 7.77 7.77 3.48 4.44 4.44 3.77 3.74 6.38 4.26 4.26 4.23 4.23 4.23 4.23 4.26 3.18 3.74 3.45 3.74 3.74 3.74 3.74 3.52 2.64 2.10 3.51 3.51 1.40 1.40 3.51 3.51 3.51 3.51 3.51 1.77 2.10 1.67 1.40 3.11 3.11 3.11 3.32 2.61 1.83 1.83 1.83 1.21 1.83 1.83 1.83
1.83 1.83 2.18 2.18 4.19 2.18 2.56 2.18 1.11 1.87 4.43 4.43 4.52 4.52 4.52 4.52 4.63 4.63 4.63 7.17 7.70 7.70 7.70 7.70 7.99 7.99 7.99 7.99 7.99 5.38 7.60 9.47 7.61 7.61 5.38 3.77 4.44 3.46 3.77 3.48 3.74 3.74 4.26 4.26 4.23 4.23 4.23 4.23 4.26 3.74 3.74 3.45 3.74 3.74 3.74 3.74 3.25 5.94 2.10 2.10 2.10 3.51 3.51 3.51 3.51 3.51 3.51 3.51 3.66 4.08 2.10 1.40 1.45 1.45 1.54 1.45 1.83 1.83 1.83 1.83 1.83 1.83 1.83 3.11
1.83 4.19 2.18 2.18 4.16 4.16 4.16 1.72 4.46 4.46 4.46 4.46 1.87 2.52 4.55 4.55 4.60 4.60 2.36 5.15 7.48 7.70 7.70 7.70 7.99 7.99 7.99 7.99 7.99 15.89 7.77 7.77 7.53 4.86 7.77 3.77 3.43 3.77 3.77 3.77 3.74 4.24 4.24 4.24 4.22 4.22 4.22 4.22 4.25 3.74 3.74 3.45 6.03 3.74 3.74 3.74 9.22 10.72 10.72 2.10 2.10 2.10 3.51 3.51 3.51 3.51 3.51 3.51 2.10 2.10 2.10 2.10 1.21 1.21 1.21 1.83 1.83 1.83 1.83 1.83 1.83 1.83 1.83 1.83
4.19 4.19 4.19 4.19 4.16 4.16 4.16 4.16 6.45 4.46 4.46 4.46 1.87 4.48 4.48 4.55 2.36 4.60 7.13 4.49 5.15 7.70 7.70 7.70 7.99 15.08 7.99 7.99 11.56 5.38 5.38 7.77 4.70 4.86 5.38 3.77 3.77 3.77 3.77 3.77 3.74 4.24 3.74 4.24 4.22 4.22 3.74 3.74 4.25 3.74 3.74 3.74 3.74 7.06 3.74 6.26 5.94 5.94 5.94 5.94 1.57 3.13 3.13 3.51 3.51 1.67 2.10 1.67 2.10 2.10 2.10 1.40 1.21 1.21 1.83 1.83 1.83 1.83 1.21 1.21 1.21 1.83 1.83 4.19
1.83 1.83 4.19 4.19 4.43 4.16 4.16 4.16 6.45 4.46 4.46 5.01 1.87 1.87 1.99 1.99 4.48 2.36 4.65 7.48 5.15 5.15 5.15 7.70 19.13 11.56 5.38 5.38 4.70 5.38 7.77 7.77 5.38 7.77 4.22 3.77 6.08 3.77 3.77 3.77 4.24 3.74 3.74 3.74 4.22 3.74 3.45 3.74 3.74 3.74 3.74 3.74 3.74 3.18 3.18 8.17 5.94 5.94 4.72 5.94 5.05 3.13 3.13 3.13 2.10 4.34 2.10 2.10 3.66 2.10 2.10 1.40 1.21 1.83 1.83 1.83 1.83 1.83 1.45 1.83 1.21 1.83 1.83 1.83
2.18 2.18 4.19 4.19 4.19 4.16 4.16 4.16 4.46 4.46 4.46 4.46 4.55 4.55 2.36 4.48 9.01 2.36 7.48 7.48 4.65 7.48 17.86 7.48 7.77 7.77 5.38 5.38 7.77 5.38 7.77 7.77 7.77 7.77 3.48 3.77 3.77 3.77 3.77 3.77 4.24 4.24 4.24 4.24 3.74 3.74 3.74 3.74 3.74 3.74 7.06 10.26 9.38 7.06 4.28 4.28 7.80 7.80 4.72 5.94 5.05 7.36 3.13 3.13 2.10 2.10 2.10 2.10 2.10 2.10 2.10 1.40 1.21 1.21 1.83 1.83 1.83 1.83 1.45 1.83 1.83 1.83 1.83 1.83
3.00 4.19 1.83 4.19 4.07 4.17 6.94 4.19 4.49 4.49 4.49 4.49 4.55 4.55 4.48 4.48 4.48 2.81 14.02 7.48 7.48 7.48 11.58 7.48 7.77 12.52 17.94 7.77 7.77 7.77 7.77 7.77 14.59 7.77 3.45 3.45 3.77 3.77 4.37 4.37 4.26 3.45 4.26 3.74 3.74 3.74 3.74 3.18 3.74 3.45 3.45 3.18 4.25 4.25 4.25 3.74 3.52 7.80 5.94 5.05 5.05 7.36 5.05 1.57 3.51 2.10 2.10 1.67 2.10 2.10 2.10 2.67 1.83 1.83 1.83 1.83 1.83 1.21 1.21 1.83 1.83 1.83 1.83 1.83
4.19 1.83 2.18 2.18 2.18 4.44 5.37 1.83 1.99 1.99 2.36 4.49 4.48 4.48 4.48 4.48 1.99 1.99 7.48 7.48 7.48 4.65 4.65 4.65 5.38 11.20 7.77 12.07 4.86 7.77 7.77 7.77 7.77 7.77 3.77 3.77 3.43 4.37 4.37 4.37 4.26 3.45 3.74 3.74 3.45 3.74 3.74 3.18 3.74 3.74 3.74 10.92 3.74 4.50 3.18 3.74 3.52 2.99 7.80 5.94 5.05 7.36 7.36 4.40 1.40 3.51 1.77 3.51 3.51 2.10 2.10 1.40 1.83 1.83 1.83 1.21 1.21 1.21 1.21 1.83 1.83 1.83 1.83 1.83
4.19 1.83 2.18 2.18 2.18 2.18 4.19 1.83 2.50 2.36 6.01 2.36 4.48 4.48 4.48 2.36 4.48 7.48 10.53 5.15 5.15 5.15 4.65 7.48 7.77 4.86 7.77 4.86 4.86 7.77 7.77 7.77 7.77 7.77 7.77 7.77 4.70 4.70 4.70 6.07 4.26 3.45 3.45 3.45 3.74 3.74 5.68 3.74 3.74 3.74 3.74 3.74 4.25 4.25 3.74 3.74 3.52 3.52 3.52 7.80 7.80 7.36 13.78 5.05 4.40 1.67 3.51 3.51 2.10 3.51 2.10 1.40 1.83 1.83 1.83 1.21 1.21 1.21 1.83 1.36 1.13 1.07 1.36 1.36
4.19 4.19 2.18 4.19 2.18 4.94 4.19 1.83 1.99 4.48 4.48 4.48 4.48 4.48 4.48 2.36 1.99 4.65 7.10 7.10 5.15 12.15 4.65 5.15 7.77 7.98 7.77 4.86 4.86 7.77 7.77 12.07 7.77 4.86 7.77 5.38 5.38 5.38 4.70 4.70 7.24 4.26 3.45 3.45 4.22 3.74 10.26 3.18 7.06 3.74 4.23 7.18 4.25 4.25 4.25 4.25 8.19 3.52 3.52 3.52 3.95 7.36 7.36 5.05 11.37 5.22 2.10 2.10 2.10 2.10 2.10 2.10 3.11 3.11 1.83 1.83 1.83 1.21 1.36 1.36 1.36 1.13 1.13 1.36
4.19 4.19 6.81 4.19 3.97 1.83 4.19 1.83 5.78 5.57 2.36 1.87 2.36 2.36 3.22 1.87 1.99 4.65 7.07 7.66 5.15 4.65 8.99 5.15 4.70 5.38 7.77 7.77 5.38 7.77 4.86 4.86 5.38 5.38 7.77 12.07 4.86 4.70 12.12 5.38 4.66 7.61 4.32 3.74 4.21 4.21 7.71 7.71 3.74 3.74 4.17 4.17 3.74 3.74 4.24 7.25 3.52 2.99 6.72 6.72 6.72 7.36 13.78 4.56 4.56 5.05 5.94 2.10 1.67 2.10 2.10 2.10 1.83 1.83 1.21 1.36 1.13 1.13 1.36 1.90 1.13 1.13 1.13 1.13
1.83 5.48 1.83 4.19 4.19 4.19 4.19 6.77 4.48 1.99 2.36 1.87 4.48 4.48 2.36 2.36 6.45 7.07 11.24 4.65 7.48 7.48 5.15 5.15 4.70 4.70 5.38 5.38 8.99 4.86 4.86 5.38 5.38 5.38 7.77 7.77 5.38 5.38 5.38 5.38 5.34 5.34 7.32 4.32 4.21 9.45 7.71 7.71 3.74 4.17 4.17 4.17 4.24 4.24 4.24 4.24 4.05 6.72 3.52 3.52 10.45 7.36 5.05 5.05 4.56 4.56 4.56 5.05 2.10 2.10 2.10 1.40 1.36 1.07 1.07 1.36 1.13 1.65 1.13 1.13 1.13 1.13 1.13 1.45
2.02 2.02 2.02 3.65 3.92 2.02 6.33 3.92 4.13 4.13 5.28 1.80 1.80 4.13 2.15 2.15 1.69 4.11 6.62 6.62 6.64 4.11 4.72 4.72 4.16 4.16 4.77 4.77 4.77 4.77 4.77 6.92 6.92 4.77 4.77 8.32 6.92 4.77 4.77 4.16 4.08 4.68 3.26 3.82 3.71 3.71 3.71 3.71 3.68 3.68 2.91 3.68 3.74 3.74 5.33 5.33 3.61 3.61 5.98 5.98 6.55 4.48 4.48 6.55 6.55 4.04 4.04 4.04 6.31 1.21 1.21 1.21 1.22 1.66 1.22 1.22 1.22 1.01 1.22 1.01 1.01 1.01 1.30 1.30
1.69 2.02 1.69 3.92 3.92 1.69 6.33 3.92 4.13 4.13 2.15 2.15 2.15 4.13 2.15 2.15 4.11 4.11 4.72 4.72 6.64 6.64 4.72 4.11 4.77 4.16 4.77 4.77 4.77 4.77 4.77 4.77 6.92 4.31 4.77 4.77 4.77 6.92 4.77 4.16 4.68 4.08 3.26 3.82 2.92 5.33 3.71 3.71 3.68 3.68 3.68 3.68 3.74 3.74 3.74 5.33 2.81 3.61 2.63 5.98 6.55 6.55 4.48 4.48 7.76 4.48 4.48 4.48 6.31 4.18 1.21 1.21 0.95 1.22 1.22 1.01 2.37 2.37 1.22 1.01 1.01 1.30 1.30 1.30
1.69 3.92 3.92 2.02 2.02 2.02 2.02 1.69 2.15 4.13 2.15 2.15 1.80 4.13 1.80 4.13 4.72 4.11 4.72 9.67 6.61 6.61 6.61 4.72 4.77 4.77 4.77 4.77 4.77 4.77 4.77 4.77 4.77 4.31 4.77 4.77 4.77 4.77 4.77 4.77 4.68 4.68 4.68 3.80 3.70 3.26 3.70 3.70 3.68 3.68 3.68 3.68 3.76 3.76 3.76 3.76 3.59 3.10 5.98 5.98 6.55 4.48 4.48 4.48 4.48 4.48 4.48 4.48 6.29 6.29 4.18 1.21 1.22 1.22 1.22 2.37 2.37 1.22 2.52 1.30 1.30 1.30 1.30 1.30
3.92 1.69 3.92 3.92 3.92 1.69 2.02 3.92 2.15 4.13 2.15 2.15 2.15 1.69 1.80 1.80 6.85 4.72 4.72 4.72 4.72 4.72 7.36 4.72 4.77 4.77 4.77 4.77 4.77 4.77 4.77 4.77 4.31 6.92 4.77 4.77 4.77 8.32 8.32 4.77 4.68 4.68 4.68 4.73 3.70 3.70 3.70 3.70 3.68 3.68 3.68 3.68 3.76 3.76 3.98 3.76 3.59 2.80 2.63 5.98 6.55 4.48 4.48 6.55 4.48 4.48 4.48 9.90 6.29 6.29 6.29 4.48 1.22 1.22 2.37 2.37 1.22 2.52 2.84 2.84 1.30 1.30 1.30 1.30
6.33 3.92 1.69 3.92 3.92 1.69 2.02 2.02 2.15 1.80 2.15 2.15 2.15 2.15 4.13 1.69 6.85 6.85 6.85 4.72 4.26 4.26 4.11 4.72 4.77 6.92 4.31 4.77 4.77 4.77 4.77 6.92 6.92 4.77 4.77 4.16 4.77 4.77 7.96 4.77 4.68 4.68 4.68 8.59 8.59 3.70 3.70 3.70 3.68 3.68 3.68 3.68 3.76 3.76 3.76 3.76 3.59 3.59 5.98 2.63 6.55 4.48 4.48 6.55 6.55 4.04 4.04 4.04 6.29 3.90 3.90 4.48 4.12 5.84 2.37 2.37 1.22 1.30 2.84 2.84 1.30 2.84 2.84 1.30
3.92 3.92 3.92 1.69 2.02 2.02 2.02 2.02 2.15 1.80 4.13 4.13 2.15 4.13 1.69 1.69 4.72 6.85 6.85 6.85 4.26 6.85 12.88 6.85 4.77 4.31 4.77 4.77 4.77 10.72 4.31 6.92 6.92 4.77 4.77 4.77 4.77 6.92 4.31 8.24 4.68 4.68 4.68 8.59 8.59 8.59 8.59 6.80 6.80 3.68 3.68 3.68 3.26 3.26 3.76 3.76 3.59 3.59 3.59 3.59 6.55 3.90 4.48 6.55 6.55 6.55 4.04 4.48 4.04 6.55 4.48 4.48 3.57 3.57 5.84 1.01 1.01 1.01 2.52 2.84 1.38 2.84 2.84 1.30
