New_Model_Runs/13_Future_RCP4.5_Scn3_out/post_prcessed_with_MFR/Monthly_summaries/runoff_monthly_DEC.asc
NCOLS 700
NROWS 400
XLLCENTER 515000.000000
YLLCENTER 8409000.000000
CELLSIZE 50.000000
NODATA_value -999.000000
[rows 222 to 258 of 400, columns 252 to 335 of 700]
6.44 6.44 6.44 6.44 6.74 6.74 6.74 8.12 8.36 8.36 8.36 8.36 4.48 4.48 4.43 8.39 8.35 8.35 8.35 8.35 7.59 22.73 7.77 7.77 6.66 3.93 3.97 3.93 3.77 3.77 7.25 7.25 4.72 7.11 7.11 7.11 2.54 6.07 6.07 3.48 6.85 4.45 6.85 6.85 6.77 6.77 6.77 6.77 6.76 6.76 6.76 3.62 4.69 4.69 2.53 5.60 3.91 2.53 2.53 8.36 8.36 8.36 4.70 4.70 4.73 2.30 6.31 6.31 3.95 3.95 3.95 7.75 7.75 7.75 7.75 7.75 12.58 12.58 0.00 0.00 0.00 0.00 0.00 12.58
6.44 6.44 6.44 6.44 6.74 6.74 6.74 6.93 8.36 8.36 8.36 8.40 4.48 4.48 8.39 8.39 8.35 8.35 8.35 8.35 7.59 7.59 7.59 7.87 4.10 4.02 7.52 7.52 3.77 7.25 14.90 7.25 7.43 7.11 4.72 12.02 6.78 3.48 6.07 6.07 2.78 2.78 2.59 6.85 6.77 6.77 6.77 6.77 6.76 6.76 6.76 3.62 4.69 3.30 2.53 6.31 3.91 3.91 6.31 6.31 8.36 4.11 8.36 4.70 2.53 3.91 6.31 6.31 3.95 3.95 7.75 7.75 5.15 5.15 5.15 7.75 7.75 12.58 0.00 0.00 0.00 0.00 0.00 0.00
6.54 6.54 6.54 6.54 6.80 12.95 6.80 6.80 8.38 8.54 4.42 4.47 8.45 8.45 8.37 8.37 8.32 8.32 8.32 8.32 7.57 19.61 7.76 11.27 11.52 7.44 7.44 7.44 22.03 7.11 7.11 7.11 7.40 5.84 5.84 7.04 6.81 6.81 6.82 13.43 6.07 2.78 2.78 6.88 14.09 6.78 6.78 6.78 6.79 6.79 6.79 3.62 3.30 3.30 5.60 6.31 6.31 6.31 6.31 5.60 8.36 8.36 6.31 6.31 6.31 6.31 6.31 6.31 3.95 7.75 7.75 7.75 7.75 7.75 4.62 5.15 7.75 12.58 0.00 0.00 0.00 0.00 0.00 0.00
6.54 6.54 6.54 6.54 6.80 6.80 6.80 6.80 8.54 12.94 4.44 8.46 8.37 8.54 8.37 8.37 8.32 8.32 8.32 8.32 7.57 7.57 4.10 3.96 3.89 7.44 7.44 7.44 7.11 14.74 7.11 7.43 7.04 5.84 5.84 11.64 6.81 6.81 6.81 11.72 6.82 6.07 13.42 6.88 6.78 14.09 6.78 6.78 6.79 6.79 6.79 6.79 4.18 3.30 5.60 6.31 6.31 6.31 6.31 6.31 2.09 3.45 6.31 6.31 6.31 11.41 3.45 3.45 7.75 7.75 5.15 5.15 4.45 7.75 7.75 7.75 12.58 12.58 12.58 0.00 0.00 0.00 0.00 0.00
6.68 6.68 6.68 6.68 6.59 6.59 6.59 6.59 2.94 4.32 4.32 8.14 8.21 8.21 8.21 8.13 8.08 8.08 8.08 31.20 7.11 7.11 3.69 3.69 3.61 3.61 3.61 7.00 6.68 6.68 14.16 6.99 6.95 5.44 5.44 6.62 4.08 4.08 4.08 4.08 2.07 11.51 5.52 3.86 3.86 4.06 4.06 4.06 8.20 4.07 2.45 8.20 3.62 1.57 3.32 3.92 3.92 3.92 3.92 3.92 3.92 3.92 3.92 3.92 9.01 9.01 2.00 12.50 11.68 4.66 11.68 11.68 11.68 11.68 11.68 11.68 11.68 11.68 11.68 0.00 0.00 0.00 0.00 0.00
6.68 6.68 6.68 6.68 6.59 6.59 6.59 6.59 2.94 4.32 4.32 8.21 8.30 8.30 8.21 8.13 8.08 8.08 8.08 46.30 7.11 7.11 3.75 3.75 3.61 3.61 3.61 7.00 6.68 6.68 6.68 6.99 5.44 5.44 5.44 5.44 4.08 4.08 4.08 2.51 5.52 10.72 6.20 1.43 4.06 4.06 4.06 4.06 4.75 3.27 8.20 8.20 5.84 1.57 3.32 3.92 3.92 3.92 3.92 3.92 3.92 2.00 3.92 4.39 4.39 10.34 13.53 13.53 11.68 11.68 16.20 12.66 11.68 11.68 11.68 11.68 12.66 12.66 0.00 0.00 0.00 0.00 0.00 0.00
6.68 6.68 6.68 6.68 6.58 6.58 6.58 6.58 2.94 4.31 4.25 8.30 8.18 8.18 8.07 8.07 8.03 8.03 8.03 16.89 7.31 3.61 3.61 7.00 6.76 3.47 3.47 6.76 11.91 6.52 6.52 6.90 5.44 5.44 5.44 5.44 4.11 4.11 4.11 2.51 5.52 6.20 6.20 1.43 5.52 4.09 8.20 4.09 4.08 5.52 5.52 5.52 5.84 2.00 3.32 3.92 3.92 3.92 3.92 3.92 2.00 2.00 9.01 10.34 10.34 13.53 13.53 0.00 12.66 0.00 0.00 0.00 0.00 0.00 0.00 0.00 0.00 0.00 0.00 0.00 0.00 0.00 0.00 0.00
6.68 6.68 6.68 6.68 6.58 6.58 12.55 6.74 2.97 4.50 4.31 8.19 8.29 8.29 8.07 8.07 8.03 8.03 8.03 8.29 3.80 7.00 7.00 7.00 6.76 6.76 3.47 3.47 11.91 6.52 6.52 6.52 6.65 6.65 6.65 6.65 4.11 4.11 4.11 1.42 5.52 5.52 13.12 7.33 9.81 5.52 3.27 4.09 4.08 5.52 5.52 6.20 3.32 3.92 3.92 3.92 3.92 1.67 3.92 3.92 3.92 3.92 9.01 10.34 13.53 0.00 0.00 0.00 0.00 0.00 0.00 0.00 0.00 0.00 0.00 0.00 0.00 0.00 0.00 0.00 0.00 0.00 0.00 0.00
6.68 6.68 6.68 6.68 6.58 6.58 6.58 6.58 6.72 2.97 4.31 8.19 8.18 8.18 8.07 8.07 8.16 8.03 24.24 8.29 7.15 7.00 7.00 7.00 6.76 6.76 6.76 12.17 6.52 6.52 6.52 6.52 6.65 6.65 6.65 6.65 4.11 4.11 4.11 5.52 5.52 5.52 14.16 6.20 6.20 6.20 5.52 5.52 4.08 5.52 6.20 6.20 3.92 3.92 3.92 2.00 2.00 3.92 2.00 3.92 3.92 9.01 9.01 13.53 13.53 0.00 0.00 0.00 0.00 0.00 0.00 0.00 0.00 0.00 0.00 0.00 0.00 0.00 0.00 0.00 0.00 0.00 0.00 0.00
6.68 6.68 6.68 6.68 6.58 6.58 6.58 6.58 6.72 6.72 2.97 8.19 8.18 8.07 8.07 8.29 8.16 8.29 8.16 8.16 7.00 7.00 7.00 7.00 6.76 6.76 6.76 6.76 6.52 6.52 6.52 6.52 6.65 6.65 6.65 3.40 1.42 4.11 4.11 1.42 5.52 3.41 3.86 6.20 6.20 6.20 6.20 6.20 5.52 5.52 3.86 6.20 3.92 3.92 1.67 3.92 1.57 1.67 3.92 2.00 3.92 3.92 7.69 0.00 0.00 0.00 0.00 0.00 0.00 0.00 0.00 12.66 0.00 0.00 0.00 0.00 0.00 0.00 0.00 0.00 0.00 0.00 0.00 0.00
6.73 6.73 6.73 6.73 6.55 6.55 6.55 6.55 6.67 12.74 2.96 8.17 8.15 8.15 8.15 8.15 8.11 8.11 8.28 8.11 14.47 6.84 14.22 6.84 6.62 6.62 6.62 6.62 6.57 6.57 6.57 6.57 6.75 6.75 6.75 3.46 2.51 2.51 2.51 5.52 5.52 6.20 6.20 13.12 6.20 6.20 6.20 6.20 6.20 6.20 3.86 6.20 2.00 3.92 3.92 3.92 1.67 1.67 1.67 1.67 3.92 7.69 12.06 13.53 0.00 0.00 0.00 0.00 0.00 0.00 0.00 12.66 0.00 0.00 0.00 0.00 0.00 0.00 0.00 0.00 0.00 0.00 0.00 0.00
6.73 6.73 6.73 6.73 6.55 6.55 6.55 6.55 6.67 6.67 2.96 8.17 16.58 8.02 8.15 8.15 7.94 8.28 8.28 8.11 6.84 14.22 6.84 6.84 6.62 6.62 6.62 6.62 6.57 6.57 6.57 6.57 6.75 6.75 6.75 6.75 4.13 2.51 2.51 2.51 6.20 3.41 3.41 6.20 18.64 6.20 6.20 6.20 6.20 6.20 6.20 3.41 3.92 3.92 3.92 3.92 3.92 3.92 3.92 9.01 5.11 7.69 5.11 13.53 0.00 13.53 0.00 0.00 0.00 0.00 12.66 12.66 12.66 0.00 0.00 0.00 0.00 0.00 0.00 0.00 0.00 0.00 0.00 0.00
6.73 6.73 6.73 6.73 6.55 6.55 6.55 6.55 6.67 6.67 2.90 6.67 8.02 8.02 8.02 8.02 7.94 8.01 8.28 7.94 6.84 6.84 6.84 6.84 6.62 6.62 6.62 6.62 6.57 11.31 6.57 6.57 6.75 6.75 6.75 12.34 4.13 1.43 2.51 6.20 6.20 6.20 6.20 6.20 6.20 6.20 6.20 3.86 3.86 3.86 3.86 3.86 3.92 3.92 3.92 3.92 3.92 3.92 3.92 12.50 12.50 12.50 5.11 13.53 13.53 13.53 13.53 0.00 0.00 0.00 0.00 18.28 0.00 0.00 0.00 0.00 0.00 0.00 0.00 0.00 0.00 0.00 0.00 0.00
6.73 6.73 6.73 6.73 6.55 6.55 6.55 6.55 6.67 2.90 6.78 6.67 8.02 8.02 7.81 7.81 4.94 4.94 13.09 7.94 6.84 6.84 6.86 7.07 6.62 6.62 6.62 6.62 6.57 6.57 6.57 6.57 6.75 6.75 6.75 6.75 1.43 1.43 4.13 6.20 6.20 6.20 6.20 3.41 3.86 3.86 9.38 3.86 3.86 3.86 3.86 3.27 2.00 3.92 3.92 3.92 3.92 2.00 5.11 12.50 12.50 12.50 9.51 13.53 13.53 13.53 13.53 0.00 0.00 0.00 0.00 0.00 0.00 0.00 0.00 0.00 0.00 0.00 0.00 0.00 0.00 0.00 0.00 0.00
6.85 6.85 6.85 6.85 6.57 6.57 6.57 6.57 6.62 2.75 6.76 6.62 6.57 7.81 7.81 7.81 7.83 4.94 4.94 7.83 6.86 6.86 6.86 6.86 6.70 6.70 6.70 6.70 6.69 12.13 6.69 6.69 6.73 6.73 6.73 6.73 1.40 4.07 4.07 6.20 3.86 6.20 3.86 3.86 3.86 10.42 3.27 3.86 3.86 3.86 3.27 3.27 1.57 3.92 3.92 3.92 3.92 5.11 12.50 0.00 0.00 0.00 13.53 13.53 0.00 13.53 13.53 0.00 0.00 0.00 0.00 0.00 0.00 0.00 0.00 0.00 0.00 0.00 0.00 0.00 0.00 0.00 0.00 0.00
6.85 6.85 6.85 6.85 6.57 6.57 6.57 6.57 6.62 3.75 3.75 4.55 6.57 7.93 7.81 7.81 7.81 7.83 4.94 7.81 6.86 6.86 6.86 6.86 12.25 6.70 6.70 6.70 6.69 6.69 6.69 6.69 6.73 6.73 6.73 6.73 5.52 4.07 6.20 6.20 6.20 6.20 6.20 6.20 6.20 6.20 6.20 6.20 6.20 3.86 3.27 3.86 2.00 3.92 1.67 3.48 3.92 7.69 12.50 0.00 0.00 0.00 0.00 0.00 0.00 0.00 0.00 0.00 0.00 0.00 0.00 0.00 0.00 0.00 0.00 0.00 0.00 0.00 0.00 0.00 0.00 0.00 0.00 0.00
6.85 6.85 6.85 6.85 6.57 6.57 6.57 6.57 2.75 3.75 7.77 4.55 6.57 7.93 7.93 7.81 7.81 7.81 7.81 4.38 6.86 6.86 6.86 25.53 6.70 6.70 2.81 2.81 2.81 3.42 6.69 6.69 6.73 6.73 6.73 2.56 5.52 6.20 3.41 6.20 6.20 3.86 6.20 6.20 13.12 6.20 6.20 6.20 6.20 6.20 3.86 3.27 3.92 1.57 3.92 2.37 0.93 5.68 4.58 0.00 0.00 0.00 0.00 0.00 0.00 0.00 0.00 0.00 0.00 0.00 0.00 0.00 0.00 0.00 0.00 0.00 0.00 0.00 0.00 0.00 0.00 0.00 0.00 0.00
6.85 6.85 6.85 6.85 6.57 6.57 6.57 5.47 2.18 7.77 7.77 7.77 4.55 6.57 7.81 7.81 7.81 4.38 7.81 4.94 6.79 14.30 6.86 6.86 3.43 6.11 6.11 3.21 3.21 6.11 6.11 6.11 6.11 6.73 6.73 6.86 6.20 6.20 3.86 6.20 6.20 6.20 6.20 6.20 6.20 6.20 6.20 6.20 6.20 3.86 6.20 3.86 3.92 3.92 0.55 5.68 5.68 6.96 6.96 10.43 0.00 0.00 0.00 0.00 0.00 0.00 0.00 0.00 0.00 0.00 0.00 0.00 0.00 0.00 0.00 0.00 0.00 0.00 0.00 0.00 0.00 0.00 0.00 0.00
6.94 6.94 6.94 6.94 6.60 6.60 2.94 2.18 2.46 3.75 7.77 7.77 7.77 7.77 4.94 7.81 7.81 4.94 7.77 7.77 4.29 11.41 3.80 6.86 3.80 6.75 9.04 4.29 4.29 4.29 6.86 6.86 6.86 6.86 6.86 6.86 6.20 6.20 3.41 6.20 6.20 6.20 6.20 6.20 6.20 6.20 6.20 6.20 3.86 6.20 6.20 4.36 2.37 2.37 1.92 5.68 6.96 2.96 6.63 10.43 0.00 0.00 0.00 0.00 0.00 0.00 0.00 0.00 0.00 0.00 0.00 0.00 0.00 0.00 0.00 0.00 0.00 0.00 0.00 0.00 0.00 0.00 0.00 0.00
6.94 6.94 6.94 6.94 6.60 6.60 6.83 2.75 6.73 3.75 3.75 7.77 7.77 7.77 4.55 4.94 7.77 7.77 7.77 7.77 6.79 4.29 6.79 6.79 3.80 0.55 6.75 6.75 4.29 4.29 14.30 4.84 6.86 3.80 6.86 4.29 6.20 3.41 3.86 6.20 5.54 6.20 6.20 6.20 3.99 6.20 6.20 3.27 3.27 3.86 6.20 4.36 1.16 0.93 6.96 6.96 6.96 12.18 6.96 2.96 10.43 0.00 0.00 0.00 0.00 0.00 0.00 0.00 0.00 0.00 0.00 0.00 0.00 0.00 0.00 0.00 0.00 0.00 0.00 0.00 0.00 0.00 0.00 0.00
6.33 6.33 5.95 5.95 5.53 2.30 5.14 3.28 8.34 8.34 5.94 5.94 5.94 5.94 5.94 6.77 4.23 3.59 3.59 0.55 0.32 0.32 0.32 0.50 0.50 0.32 4.16 3.96 3.82 0.86 0.86 4.31 1.57 3.37 3.82 3.82 3.08 5.67 3.49 3.49 3.49 5.67 5.67 5.67 1.87 5.67 3.55 1.76 5.67 3.49 0.76 0.76 5.26 2.71 6.48 6.48 6.48 6.48 2.71 6.48 6.48 9.79 0.00 0.00 0.00 0.00 0.00 0.00 0.00 0.00 0.00 0.00 0.00 0.00 0.00 0.00 0.00 0.00 0.00 0.00 0.00 0.00 0.00 0.00
10.70 6.33 5.95 5.95 2.30 5.14 5.94 2.80 5.50 5.50 5.94 5.94 5.94 3.28 3.28 6.77 3.59 3.59 3.59 4.23 0.86 0.32 0.32 0.50 0.50 0.38 4.31 6.14 1.15 4.31 0.86 4.31 5.40 4.31 0.50 0.86 3.95 5.67 5.67 3.49 7.55 3.08 3.49 3.08 5.67 10.04 5.67 3.49 1.02 1.02 1.10 1.46 5.26 6.48 5.47 6.48 6.48 6.48 6.48 2.71 2.71 6.48 9.79 0.00 0.00 0.00 0.00 0.00 0.00 0.00 0.00 0.00 0.00 0.00 0.00 0.00 0.00 0.00 0.00 0.00 0.00 0.00 0.00 0.00
6.33 2.93 2.93 5.95 5.94 5.94 5.94 5.94 5.94 5.94 2.80 3.28 3.28 3.28 3.28 3.28 3.59 3.59 3.59 4.23 3.23 0.32 0.32 0.32 0.32 0.86 4.31 3.82 0.86 4.31 0.86 0.86 0.86 4.31 0.86 0.86 5.67 3.49 3.08 3.08 3.08 3.08 3.49 3.08 3.49 5.67 5.67 10.16 1.10 3.95 1.96 1.46 5.26 5.26 6.48 6.05 6.48 6.48 6.48 11.65 6.48 6.48 6.48 6.48 0.00 0.00 0.00 0.00 0.00 0.00 0.00 0.00 0.00 0.00 0.00 0.00 0.00 0.00 0.00 0.00 0.00 0.00 0.00 0.00
6.33 2.93 2.93 5.95 5.94 5.94 5.94 5.94 5.94 5.94 2.80 2.80 3.28 5.94 3.28 3.28 4.23 4.23 4.23 4.23 0.86 0.32 0.32 0.32 0.86 0.50 1.57 4.31 0.86 0.86 0.86 4.31 4.31 4.31 0.86 0.86 5.67 5.67 5.67 5.67 3.49 3.08 3.49 5.67 5.67 5.67 7.04 5.67 9.84 4.91 5.77 1.46 1.29 5.26 6.48 2.87 8.95 8.95 6.48 6.48 6.48 11.65 6.48 6.48 0.00 0.00 0.00 0.00 0.00 0.00 0.00 0.00 0.00 0.00 0.00 0.00 0.00 0.00 0.00 0.00 0.00 0.00 0.00 12.11
2.93 2.93 5.95 6.44 2.80 5.94 5.94 5.94 2.80 5.94 2.80 5.94 5.94 5.94 5.94 5.94 2.80 4.23 1.31 0.99 0.86 0.32 0.32 0.32 0.86 0.86 0.50 4.31 0.86 4.31 4.31 4.31 4.31 4.31 4.31 4.31 3.95 5.67 5.67 3.49 5.67 3.52 3.52 7.74 10.16 5.67 5.67 7.55 7.80 1.85 1.96 5.77 5.26 5.26 6.48 2.96 2.96 2.71 6.48 6.48 6.48 6.48 6.48 2.71 0.00 0.00 0.00 0.00 0.00 0.00 0.00 0.00 0.00 0.00 0.00 0.00 0.00 0.00 0.00 0.00 0.00 0.00 0.00 12.11
3.60 6.44 6.44 3.09 2.80 5.94 5.94 5.94 6.21 5.94 3.28 5.94 5.94 3.28 3.28 3.28 3.28 4.23 4.77 0.99 0.86 0.32 0.32 4.31 0.86 0.86 4.31 0.86 0.86 4.31 4.31 4.31 4.31 4.31 4.31 4.31 3.95 3.95 3.95 3.49 3.49 3.08 3.52 5.67 5.67 5.67 5.67 7.80 5.77 5.77 1.96 5.77 5.26 6.48 6.48 6.05 2.96 2.96 6.48 6.48 6.48 2.71 6.48 11.65 4.19 9.79 0.00 0.00 0.00 0.00 0.00 0.00 0.00 0.00 0.00 0.00 0.00 0.00 0.00 0.00 0.00 0.00 0.00 12.11
6.44 6.44 6.44 3.09 5.94 5.94 2.80 5.94 3.28 3.28 2.66 8.77 3.28 3.28 2.80 3.28 3.28 6.77 6.77 4.77 1.15 0.32 0.32 0.86 0.86 4.31 4.31 0.86 0.86 0.86 0.86 4.31 4.31 1.15 4.31 4.31 3.95 3.95 5.67 5.67 3.49 3.49 8.51 5.67 5.86 5.67 4.66 6.54 5.77 5.77 5.77 7.06 6.48 6.48 6.48 6.48 2.71 6.46 6.48 4.32 2.71 6.48 6.48 6.48 6.48 2.71 0.00 0.00 0.00 0.00 0.00 0.00 0.00 0.00 0.00 0.00 0.00 0.00 0.00 0.00 0.00 0.00 0.00 0.00
6.44 6.44 6.44 6.44 5.94 5.94 3.28 5.94 3.28 2.80 2.66 2.66 3.28 3.28 5.94 5.94 3.28 3.28 0.99 0.99 1.15 0.86 0.86 0.86 4.31 4.31 0.50 0.86 0.86 0.86 4.31 4.31 4.31 4.31 0.50 4.31 3.95 1.40 5.67 5.67 5.67 3.49 5.15 5.67 7.00 0.96 0.96 5.77 5.77 5.77 7.06 7.06 6.48 6.48 6.48 6.48 6.48 2.71 2.96 6.48 6.48 6.48 6.48 6.48 6.48 2.71 0.00 0.00 0.00 0.00 0.00 0.00 0.00 0.00 0.00 0.00 0.00 0.00 0.00 0.00 0.00 0.00 0.00 0.00
6.44 6.44 6.44 3.09 2.66 3.28 3.28 5.94 5.94 3.28 2.66 2.66 2.66 2.66 8.34 3.28 5.94 3.28 0.99 0.99 0.86 0.86 0.86 0.86 0.86 0.86 0.50 0.86 0.86 0.86 0.50 0.50 4.31 0.50 0.50 4.31 3.95 1.40 3.95 5.67 5.67 5.67 5.67 0.76 5.77 5.77 5.77 5.77 7.06 7.06 7.06 7.06 6.48 6.48 6.48 6.48 2.71 6.48 6.48 6.48 6.48 6.48 6.48 6.48 6.48 9.79 9.79 0.00 0.00 0.00 0.00 0.00 0.00 0.00 0.00 0.00 0.00 0.00 0.00 0.00 0.00 0.00 0.00 0.00
6.44 3.60 6.44 3.09 3.28 3.28 3.28 5.45 3.28 3.28 3.28 2.66 8.34 3.28 3.28 2.66 2.66 3.28 4.23 0.99 0.86 4.31 4.31 4.31 0.50 4.31 4.31 0.86 0.86 4.31 4.31 4.31 4.31 4.31 4.31 4.31 3.95 3.95 3.95 3.95 4.24 1.40 0.43 5.77 5.77 5.77 5.77 7.06 7.06 7.06 7.06 7.06 6.48 6.48 6.48 6.48 6.48 6.48 6.48 6.48 6.48 6.48 6.48 6.48 6.48 9.79 9.79 0.00 0.00 0.00 0.00 0.00 0.00 0.00 0.00 0.00 0.00 0.00 0.00 0.00 0.00 0.00 0.00 0.00
5.89 6.44 3.60 3.60 3.28 3.28 5.94 2.80 3.28 3.28 3.28 3.28 3.28 3.28 3.28 3.28 2.66 3.28 3.28 4.23 0.86 0.86 4.31 4.31 1.23 4.31 4.31 4.31 4.31 4.31 0.50 4.31 4.31 4.31 4.31 1.57 3.95 3.95 3.95 0.43 3.95 3.95 5.77 5.77 5.77 5.77 5.77 5.77 7.06 7.06 7.06 7.06 6.48 6.48 6.48 6.48 6.48 6.48 6.48 6.48 6.48 2.71 2.71 2.71 2.71 9.79 9.79 0.00 0.00 0.00 0.00 0.00 0.00 0.00 0.00 0.00 0.00 0.00 0.00 0.00 0.00 0.00 0.00 0.00
6.44 5.89 3.09 3.60 5.94 3.28 5.65 3.28 3.28 3.28 3.28 3.28 2.66 3.28 3.28 3.28 3.28 2.66 5.29 4.23 6.14 4.31 0.86 0.50 4.31 4.31 0.50 4.31 4.31 1.57 0.50 4.31 4.31 4.31 4.31 4.31 3.95 3.95 3.95 3.95 1.40 6.54 5.77 5.77 5.77 5.77 5.77 5.77 5.77 7.06 3.02 7.06 6.48 6.48 6.48 6.48 6.48 6.48 6.48 6.48 6.48 2.71 2.71 2.71 2.71 9.79 9.79 9.79 0.00 0.00 0.00 0.00 0.00 0.00 0.00 0.00 0.00 0.00 0.00 0.00 0.00 0.00 0.00 0.00
6.44 6.44 6.44 3.09 5.94 3.28 5.94 5.94 5.94 2.66 2.66 2.80 2.66 2.66 3.28 3.28 3.28 3.28 5.29 5.29 6.14 0.50 0.86 0.32 4.31 4.31 4.31 4.31 4.31 4.31 0.50 4.31 4.31 4.31 4.31 12.24 3.95 3.95 3.95 3.95 0.96 5.77 5.77 5.77 5.77 5.77 5.77 5.77 5.77 5.77 3.02 7.06 6.48 6.48 6.48 6.48 6.48 6.48 6.48 5.45 5.45 6.48 6.48 6.48 2.71 9.79 9.79 9.79 9.22 9.22 0.00 0.00 0.00 0.00 0.00 0.00 0.00 0.00 0.00 0.00 0.00 0.00 0.00 0.00
6.44 3.60 6.44 3.09 5.94 5.94 3.28 5.94 2.80 5.94 3.28 3.28 5.65 3.28 3.28 3.28 3.28 3.28 0.52 0.32 0.50 4.31 0.32 0.32 0.31 4.31 4.31 4.31 7.31 4.31 3.19 4.31 0.50 4.31 7.31 4.31 3.95 0.43 0.43 3.95 5.77 5.77 5.77 5.77 5.77 5.77 5.77 5.77 5.77 5.77 7.06 7.06 6.48 6.48 2.71 6.48 2.71 6.48 6.48 6.48 2.71 2.71 2.71 2.71 2.71 9.79 9.79 9.79 9.22 9.22 9.22 9.22 9.22 9.22 9.22 17.41 9.22 9.22 9.22 17.41 9.22 17.41 9.22 17.41
3.09 2.93 10.00 12.02 3.28 7.01 2.66 0.52 0.52 3.28 3.28 5.94 5.94 3.28 5.30 5.30 0.23 0.52 0.28 0.28 0.31 0.31 0.34 0.31 0.31 0.31 0.52 4.31 4.31 4.31 0.50 0.50 4.31 4.31 4.31 4.31 3.95 3.95 3.95 5.77 1.46 1.46 1.46 1.96 5.77 5.77 0.82 0.97 0.96 5.77 5.77 7.06 2.71 6.48 2.71 2.71 2.71 2.71 2.71 2.71 2.71 2.71 2.71 2.71 2.71 6.48 6.48 6.48 9.22 9.22 9.22 9.22 9.22 9.22 9.22 9.22 9.22 9.22 9.22 9.22 9.22 9.22 9.22 9.22
2.93 2.93 3.09 6.44 3.28 3.28 0.52 0.52 0.52 3.82 3.82 0.26 2.80 0.23 0.23 0.23 0.52 0.52 0.23 0.25 0.18 0.31 0.31 0.52 0.52 0.52 0.52 0.52 4.31 4.31 0.50 0.50 4.31 5.46 5.46 5.46 5.03 2.58 7.06 7.06 7.06 7.06 1.46 1.96 0.97 1.10 0.97 5.77 5.77 5.77 10.11 0.96 2.71 2.71 2.71 2.71 2.71 2.71 2.71 2.71 2.71 2.71 2.71 2.71 2.71 2.71 6.48 6.48 6.05 9.22 9.22 9.22 9.22 9.22 9.22 9.22 9.22 9.22 9.22 9.22 9.22 9.22 9.22 9.22
2.44 2.31 2.87 5.26 2.51 0.40 0.40 0.40 2.94 2.94 2.94 0.21 2.94 2.94 2.94 0.40 0.40 0.21 0.21 0.17 0.14 0.26 0.26 0.26 0.26 0.26 0.26 0.26 2.39 0.53 0.64 2.39 2.39 3.34 3.34 3.34 3.09 6.58 6.58 6.58 6.58 6.58 6.58 5.35 5.35 5.35 5.35 5.35 5.35 5.35 5.35 5.35 4.99 2.55 2.55 2.55 2.55 6.16 2.55 2.55 2.55 2.55 2.55 2.55 2.55 2.55 6.16 6.16 5.79 8.88 8.88 8.88 8.88 8.88 8.88 8.88 8.88 8.88 8.88 8.88 8.88 8.88 8.88 8.88
