New_Model_Runs/13_Future_RCP4.5_Scn3_out/post_prcessed_with_MFR/Monthly_summaries/runoff_monthly_SEP.asc
NCOLS 700
NROWS 400
XLLCENTER 515000.000000
YLLCENTER 8409000.000000
CELLSIZE 50.000000
NODATA_value -999.000000
[rows 185 to 221 of 400, columns 83 to 165 of 700]
0.00 0.00 0.00 0.00 0.00 0.00 0.00 0.00 0.00 0.00 0.00 0.00 0.00 0.00 0.00 0.00 0.00 0.00 0.00 0.00 0.00 0.00 0.00 0.00 0.00 0.00 0.00 0.00 0.00 0.00 2.59 2.59 2.59 4.15 2.57 2.57 2.57 2.56 2.56 2.56 2.56 2.59 2.59 2.59 2.59 3.31 3.31 5.76 3.31 3.30 3.30 3.30 3.30 3.28 3.28 3.28 5.70 3.27 3.27 3.27 3.27 3.51 3.51 3.51 3.51 3.47 3.47 3.47 3.47 3.49 6.10 3.49 3.49 3.49 3.49 3.49 3.49 3.58 3.58 3.58 3.58 3.68 3.68
0.00 0.00 0.00 0.00 0.00 0.00 0.00 0.00 0.00 0.00 0.00 0.00 0.00 0.00 0.00 0.00 0.00 0.00 0.00 0.00 0.00 0.00 0.00 0.00 0.00 0.00 0.00 0.00 0.00 0.00 2.59 2.59 2.59 2.57 2.57 2.57 4.15 2.56 2.56 2.56 2.56 4.68 2.59 2.59 2.59 3.31 3.31 3.31 3.31 3.30 3.30 3.30 3.30 7.59 5.70 3.28 3.28 3.27 3.27 3.27 3.27 3.51 3.51 3.51 3.51 3.47 3.47 3.47 3.47 3.49 3.49 6.10 3.49 8.77 3.49 3.49 3.49 3.58 3.58 3.58 3.58 3.68 3.68
0.00 0.00 0.00 0.00 0.00 0.00 0.00 0.00 0.00 0.00 0.00 0.00 0.00 0.00 0.00 0.00 0.00 0.00 0.00 0.00 0.00 0.00 0.00 0.00 4.25 0.00 0.00 0.00 0.00 0.00 16.71 2.59 2.59 2.57 2.57 2.57 2.57 2.56 2.56 2.56 2.56 2.59 2.59 2.59 2.59 3.31 3.31 3.31 5.76 3.30 3.30 3.30 3.30 3.28 5.71 3.28 3.28 5.69 3.27 3.27 3.27 3.51 3.51 3.51 3.51 6.09 3.47 3.47 3.47 6.09 3.49 3.49 3.49 6.10 3.49 3.49 3.49 6.26 3.58 3.58 3.58 3.68 1.47
0.00 0.00 0.00 0.00 0.00 0.00 0.00 0.00 0.00 0.00 0.00 0.00 0.00 0.00 0.00 0.00 0.00 0.00 0.00 0.00 0.00 0.00 0.00 0.00 2.35 2.39 0.00 0.00 0.00 2.61 2.61 2.61 2.61 2.57 2.57 2.57 2.57 4.11 2.54 2.54 2.54 2.56 2.56 2.56 2.56 3.30 3.30 3.30 3.30 3.31 3.31 3.31 3.31 3.29 3.29 3.29 3.29 3.26 5.67 3.26 3.26 3.46 3.46 3.46 3.46 6.01 5.98 3.43 3.43 3.48 3.48 3.48 3.48 6.04 3.45 3.45 3.45 3.64 3.64 3.64 3.64 1.54 1.54
0.00 0.00 0.00 0.00 0.00 0.00 0.00 0.00 0.00 0.00 0.00 0.00 0.00 0.00 0.00 0.00 0.00 0.00 0.00 0.00 0.00 0.00 0.00 0.00 0.00 2.39 2.39 2.39 3.83 2.61 2.61 2.61 2.61 2.57 2.57 2.57 2.57 2.54 5.22 2.54 2.54 2.56 2.56 2.56 2.56 3.30 3.30 3.30 3.30 3.31 3.31 3.31 3.31 3.29 3.29 3.29 3.29 3.26 3.26 3.26 3.26 3.46 3.46 3.46 3.46 3.43 3.43 3.43 3.43 3.48 3.48 3.48 3.48 3.45 3.45 3.45 3.45 3.64 3.64 3.64 3.64 1.54 1.54
0.00 0.00 0.00 0.00 0.00 0.00 0.00 0.00 0.00 0.00 0.00 0.00 0.00 0.00 0.00 0.00 0.00 0.00 0.00 0.00 0.00 0.00 0.00 0.00 0.00 0.00 2.39 2.39 2.39 2.61 2.61 2.61 2.61 2.57 2.57 2.57 2.57 2.54 4.11 4.11 2.54 2.56 2.56 2.56 2.56 3.30 3.30 3.30 3.30 3.31 7.66 5.75 3.31 3.29 3.29 3.29 3.29 3.26 3.26 3.26 3.26 3.46 3.46 3.46 3.46 3.43 3.43 3.43 3.43 3.48 3.48 3.48 3.48 3.45 3.45 3.45 6.16 3.64 3.64 3.64 3.64 1.54 1.54
0.00 0.00 0.00 0.00 0.00 0.00 0.00 0.00 0.00 0.00 0.00 0.00 0.00 0.00 0.00 0.00 0.00 0.00 0.00 0.00 0.00 0.00 0.00 0.00 0.00 0.00 2.39 2.39 1.16 2.72 2.61 2.61 2.61 2.57 2.57 2.57 4.14 2.54 2.54 2.54 2.54 2.56 2.56 2.56 2.56 3.30 3.30 3.30 3.30 3.31 3.31 5.75 3.31 3.29 5.71 3.29 3.29 3.26 5.65 3.26 3.26 3.46 6.03 3.46 3.46 3.43 3.43 3.43 3.43 3.48 3.48 3.48 3.48 3.45 3.45 3.45 3.45 3.64 3.64 3.64 3.64 1.54 1.54
0.00 0.00 0.00 0.00 0.00 0.00 0.00 0.00 0.00 0.00 0.00 0.00 0.00 0.00 0.00 0.00 0.00 0.00 0.00 0.00 0.00 0.00 0.00 0.00 0.00 0.00 0.00 2.55 2.95 3.83 1.62 4.75 2.64 2.59 2.59 2.59 2.59 4.10 2.54 2.54 2.54 2.53 2.53 2.53 4.08 3.28 3.28 3.28 3.28 8.91 3.30 3.30 3.30 3.27 3.27 3.27 3.27 3.24 3.24 5.62 3.24 3.44 3.44 3.44 3.44 3.43 3.43 3.43 3.43 3.47 3.47 3.47 8.70 3.47 3.47 3.47 3.47 3.79 3.79 3.79 3.79 3.90 1.59
0.00 0.00 0.00 0.00 0.00 0.00 0.00 0.00 0.00 0.00 0.00 0.00 0.00 0.00 0.00 0.00 0.00 0.00 0.00 0.00 0.00 0.00 0.00 0.00 0.00 0.00 0.00 2.30 2.42 1.62 1.62 4.77 2.64 2.59 2.59 2.59 2.59 2.54 2.54 2.54 2.54 2.53 2.53 2.53 2.53 3.28 3.28 3.28 3.28 3.30 7.29 3.30 3.30 3.27 3.27 3.27 3.27 3.24 3.24 3.24 3.24 3.44 3.44 3.44 3.44 3.43 3.43 3.43 3.43 3.47 3.47 3.47 3.47 3.47 7.65 3.47 3.47 3.79 3.79 3.79 3.79 3.90 3.90
0.00 0.00 0.00 0.00 0.00 0.00 0.00 0.00 0.00 0.00 0.00 0.00 0.00 0.00 0.00 0.00 0.00 0.00 0.00 0.00 0.00 0.00 0.00 0.00 0.00 0.00 0.00 4.07 2.80 4.95 4.95 4.95 9.17 9.02 4.88 4.88 4.88 3.96 3.96 3.96 8.07 3.95 3.95 3.95 3.95 5.33 5.33 5.33 5.33 5.37 5.37 5.37 5.37 5.32 5.32 5.32 5.32 5.28 5.28 5.28 9.78 5.54 5.54 5.54 20.32 5.53 5.53 5.53 5.53 10.51 15.00 5.58 5.58 5.58 5.58 5.58 5.58 6.43 6.43 6.43 6.43 6.61 6.61
0.00 0.00 0.00 0.00 0.00 0.00 0.00 0.00 0.00 0.00 0.00 0.00 0.00 0.00 0.00 0.00 0.00 0.00 0.00 0.00 0.00 0.00 0.00 3.66 0.00 0.00 5.17 4.07 2.80 4.95 4.95 4.95 4.95 4.88 4.88 4.88 4.88 3.96 3.96 3.96 3.96 3.95 8.05 3.95 3.95 5.33 5.33 5.33 5.33 5.37 5.37 5.37 5.37 5.32 5.32 5.32 5.32 5.28 5.28 9.74 5.28 5.54 5.54 5.54 5.54 5.53 5.53 5.53 5.53 5.58 5.58 5.58 5.58 5.58 5.58 5.58 5.58 6.43 6.43 6.43 6.43 6.61 6.61
0.00 0.00 0.00 0.00 0.00 0.00 0.00 0.00 0.00 0.00 0.00 0.00 0.00 0.00 0.00 0.00 0.00 0.00 0.00 0.00 0.00 0.00 3.66 6.42 1.46 1.49 4.07 6.86 3.72 4.97 4.97 4.97 4.97 4.90 4.90 11.95 8.20 3.98 3.98 3.98 3.98 3.95 3.95 3.95 3.95 5.29 5.29 5.29 5.29 5.31 5.31 5.31 5.31 5.25 5.25 5.25 5.25 9.70 5.22 5.22 9.93 5.54 5.54 5.54 5.54 5.56 5.56 5.56 5.56 5.60 5.60 5.60 5.60 5.93 5.93 5.93 5.93 6.62 6.62 6.62 6.62 6.63 6.63
0.00 0.00 0.00 0.00 0.00 0.00 0.00 0.00 0.00 0.00 0.00 0.00 0.00 0.00 0.00 0.00 0.00 0.00 0.00 0.00 0.00 3.66 6.42 3.66 1.46 1.62 2.28 1.79 2.80 4.97 4.97 4.97 4.97 4.90 4.90 4.90 8.20 3.98 11.42 3.98 3.98 3.95 3.95 3.95 3.95 5.29 9.81 5.29 5.29 5.31 5.31 5.31 5.31 5.25 5.25 5.25 5.25 5.22 5.22 5.22 5.22 5.54 5.54 5.54 5.54 5.56 5.56 5.56 5.56 5.60 5.60 5.60 5.60 5.93 5.93 5.93 5.93 6.62 6.62 6.62 6.62 6.63 12.19
0.00 0.00 0.00 0.00 0.00 0.00 0.00 0.00 0.00 0.00 0.00 0.00 0.00 0.00 0.00 0.00 0.00 0.00 0.00 0.00 3.66 3.66 3.66 3.66 0.95 0.96 2.52 1.79 1.79 2.00 4.97 4.97 4.97 4.90 4.90 4.90 4.90 3.98 3.98 3.98 3.98 3.95 3.95 3.95 3.95 5.29 5.29 5.29 5.29 9.86 5.31 5.31 5.31 5.25 5.25 5.25 5.25 9.70 5.22 5.22 5.22 5.54 5.54 5.54 5.54 15.36 5.56 5.56 5.56 5.60 5.60 5.60 5.60 5.93 5.93 5.93 5.93 6.62 6.62 6.62 6.62 6.63 6.63
0.00 0.00 0.00 5.31 0.00 0.00 0.00 0.00 0.00 0.00 0.00 0.00 0.00 0.00 0.00 5.90 15.70 0.00 6.42 3.66 3.66 3.66 3.66 3.66 1.46 1.49 1.49 1.49 3.18 2.00 2.51 2.51 2.51 2.47 4.90 4.90 4.90 3.98 3.98 3.98 3.98 3.95 3.95 3.95 3.95 5.29 5.29 5.29 9.78 5.31 5.31 5.31 5.31 5.25 5.25 5.25 5.25 9.68 5.22 5.22 5.22 5.54 5.54 5.54 10.47 5.56 5.56 5.56 10.50 10.58 5.60 5.60 5.60 5.93 5.93 5.93 5.93 6.62 6.62 6.62 6.62 6.63 6.63
0.00 0.00 3.02 3.02 3.02 3.07 0.00 0.00 0.00 0.00 0.00 0.00 0.00 0.00 0.00 5.90 3.64 3.60 6.68 6.68 6.35 3.62 3.62 3.62 1.44 2.93 1.47 1.47 2.55 2.49 4.16 2.49 4.14 2.47 13.26 9.06 4.90 4.87 4.87 4.87 4.87 4.85 4.85 4.85 4.85 5.25 5.25 5.25 5.25 14.19 5.21 5.21 14.37 5.20 5.20 5.20 14.12 5.23 5.23 5.23 5.23 5.59 5.59 5.59 15.46 5.59 5.59 5.59 20.14 10.85 5.87 5.87 5.87 6.09 6.09 6.09 6.09 6.65 6.65 17.94 6.65 6.57 12.07
0.00 0.00 14.66 3.02 3.02 3.07 0.00 0.00 0.00 0.00 0.00 0.00 0.00 0.00 0.00 3.64 3.64 3.60 3.60 3.60 3.60 6.65 3.58 3.58 1.44 1.67 1.47 1.47 1.68 2.49 2.49 4.94 4.94 9.06 4.90 4.90 4.90 4.87 4.87 12.69 8.99 4.85 4.85 4.85 4.85 5.25 5.25 5.25 5.25 5.21 5.21 5.21 7.68 2.65 7.67 5.20 5.20 5.23 5.23 5.23 5.23 10.57 10.57 5.59 5.59 5.59 10.57 10.57 10.73 5.87 5.87 5.87 5.87 6.09 6.09 6.09 6.09 6.65 12.21 6.65 6.65 6.57 6.57
0.00 0.00 5.62 3.02 3.02 3.07 3.07 0.00 0.00 0.00 0.00 0.00 0.00 0.00 3.64 3.64 3.64 3.60 3.60 3.60 6.66 3.58 3.58 3.58 1.49 1.52 3.53 1.52 1.47 2.49 2.49 4.94 4.94 4.90 4.90 4.90 4.90 4.87 4.87 4.87 4.87 4.85 8.97 4.85 4.85 5.25 5.25 5.25 2.68 2.66 2.66 2.66 4.45 2.65 2.65 5.20 5.20 5.23 5.23 5.23 5.23 10.28 5.59 5.59 5.59 10.57 5.59 5.59 5.59 5.87 5.87 5.87 5.87 6.09 6.09 6.09 6.09 6.65 6.65 6.65 6.65 6.57 6.57
5.61 3.02 5.60 5.62 3.02 3.07 5.71 0.00 0.00 0.00 0.00 0.00 0.00 0.00 0.00 3.64 6.73 3.60 3.60 3.60 6.69 9.53 3.58 3.58 3.58 1.52 3.63 3.63 3.63 1.73 1.73 4.94 4.94 4.90 4.90 4.90 4.90 4.87 4.87 4.87 9.00 4.85 4.85 4.85 4.85 5.25 5.25 5.25 5.25 2.66 2.66 2.66 2.66 2.65 2.65 5.20 5.20 5.23 5.23 5.23 5.23 5.59 5.59 5.59 5.59 5.59 5.59 5.59 5.59 5.87 5.87 5.87 5.87 6.09 6.09 6.09 6.09 6.65 6.65 6.65 6.65 6.57 6.57
7.21 2.99 2.99 2.99 2.99 3.05 3.05 3.05 0.00 0.00 0.00 0.00 0.00 0.00 0.00 3.67 3.67 6.70 3.61 3.61 3.61 3.56 6.62 3.56 3.56 6.62 3.56 3.56 3.56 3.94 3.94 3.94 3.94 3.95 3.95 3.99 3.99 4.86 4.86 4.86 4.86 4.85 4.85 8.96 4.85 5.23 5.23 5.23 5.23 5.18 2.63 2.63 4.41 2.65 2.65 7.68 5.21 14.31 5.26 5.26 5.26 5.61 5.61 5.61 5.61 20.66 10.64 5.63 5.63 5.96 5.96 5.96 5.96 6.14 6.14 6.14 11.42 6.65 6.65 6.65 6.65 6.51 6.51
3.04 2.99 2.99 2.99 2.99 3.05 3.05 3.05 3.05 0.00 0.00 0.00 0.00 0.00 0.00 1.54 3.67 3.61 3.61 3.61 3.61 3.56 3.56 3.56 3.56 3.56 3.56 3.56 3.56 3.94 3.94 3.94 3.94 3.95 3.95 3.95 3.95 3.97 4.86 4.86 4.86 4.85 4.85 4.85 4.85 9.69 5.23 5.23 5.23 5.18 2.63 2.63 2.63 2.65 2.65 2.65 5.21 5.26 5.26 5.26 5.26 5.61 5.61 5.61 5.61 5.63 5.63 5.63 5.63 5.96 5.96 5.96 5.96 6.14 6.14 11.42 6.14 6.65 12.22 6.65 16.94 11.96 6.51
3.04 2.99 2.99 2.99 2.99 3.05 3.05 3.05 3.05 2.74 0.00 0.00 0.00 0.00 6.19 1.54 1.54 6.71 3.61 3.61 6.68 3.56 3.56 3.56 3.56 3.56 3.56 3.56 6.62 3.94 3.94 7.35 3.94 3.95 3.95 3.95 3.95 3.97 3.97 3.97 3.97 3.96 4.85 4.85 4.85 5.23 5.23 5.23 5.23 2.63 2.63 2.63 2.63 2.65 2.65 2.65 2.65 5.26 5.26 5.26 14.31 5.61 5.61 3.78 15.54 5.63 5.63 5.63 5.63 5.96 5.96 5.96 5.96 11.42 6.14 6.14 6.14 12.22 6.65 6.65 6.65 6.51 6.51
3.04 2.99 2.99 2.99 2.99 3.05 3.05 3.05 3.05 1.77 1.20 1.20 5.58 5.99 3.56 1.40 1.54 1.51 8.61 3.61 3.61 3.56 3.56 3.56 3.56 3.56 3.56 3.56 3.56 3.94 3.94 3.94 3.94 3.95 3.95 3.95 3.95 3.97 7.38 3.97 3.97 3.96 3.96 3.96 3.96 5.23 5.23 5.23 2.66 2.63 2.63 2.63 2.63 2.65 2.65 2.65 2.65 5.26 5.26 5.26 5.26 5.61 5.61 15.15 5.61 5.63 5.63 5.63 5.63 5.96 5.96 5.96 16.32 6.14 6.14 6.14 6.14 17.14 6.65 12.22 12.11 11.96 11.96
3.03 2.98 2.98 2.98 2.98 3.03 3.03 3.03 3.03 3.14 3.14 1.20 1.20 3.56 3.56 1.70 1.40 1.40 3.65 3.65 3.65 3.60 3.60 3.60 3.60 3.57 3.57 3.57 3.57 3.93 3.93 3.93 3.93 3.94 3.94 3.94 3.94 3.94 3.94 7.35 3.94 3.91 3.91 3.91 3.91 4.74 2.18 2.18 2.18 2.67 2.67 2.67 2.67 2.70 2.70 2.70 2.70 2.70 2.70 5.29 5.29 5.62 10.64 10.73 5.62 5.86 5.86 5.86 5.86 6.01 6.01 11.16 6.01 6.15 6.15 6.15 6.15 12.22 6.65 6.65 6.65 6.48 6.48
6.21 2.98 2.98 2.98 2.98 3.03 3.03 6.25 3.03 3.14 8.39 3.14 1.20 1.40 3.56 1.24 1.54 1.40 1.40 3.65 3.65 3.60 3.60 3.60 3.60 3.57 3.57 3.57 3.57 3.93 3.93 3.93 3.93 3.94 3.94 3.94 3.94 8.51 3.94 3.94 3.94 3.91 3.91 3.91 8.44 7.07 3.68 2.18 2.18 4.78 4.78 4.78 5.25 2.70 2.70 2.70 2.70 2.70 5.04 5.04 5.29 5.62 2.90 5.56 5.62 5.86 5.86 5.86 5.86 6.01 6.01 12.67 6.01 6.15 6.15 6.15 6.15 6.65 6.65 6.65 6.65 6.48 6.48
3.95 3.89 3.89 6.60 6.64 3.95 3.95 3.95 3.95 4.09 6.28 7.64 4.09 5.11 5.11 1.67 2.39 2.37 2.37 2.37 7.85 5.01 5.01 5.01 5.01 4.97 4.97 4.97 4.97 5.39 5.39 5.39 5.39 5.41 5.41 5.41 5.41 5.41 5.41 5.41 5.41 9.59 5.37 5.37 5.37 5.87 2.83 2.83 5.87 5.91 5.91 5.91 5.91 5.96 5.96 5.96 3.61 3.62 3.62 3.62 6.91 11.05 4.00 4.00 7.61 7.69 7.69 7.69 7.69 21.02 7.88 7.88 7.88 8.06 8.06 8.06 8.06 8.57 5.63 8.57 8.57 8.36 8.36
2.67 3.89 3.89 3.89 3.89 3.95 3.95 3.95 3.95 4.09 4.09 4.09 4.09 5.11 5.11 5.11 2.39 1.86 2.67 2.37 1.65 2.33 2.33 5.01 5.01 4.97 4.97 4.97 4.97 5.39 5.39 5.39 5.39 5.41 5.41 5.41 5.41 5.41 5.41 5.41 5.41 5.37 5.37 5.37 5.37 5.87 5.87 5.87 5.87 5.91 5.91 5.91 5.91 5.96 15.80 5.96 5.20 2.88 2.88 2.88 3.62 4.00 4.00 4.00 7.61 7.69 7.69 7.69 7.69 7.88 14.34 7.88 7.88 8.06 8.06 8.06 8.06 8.57 8.57 8.57 8.57 8.36 8.36
4.00 3.95 3.95 3.95 3.95 3.92 3.92 3.92 3.92 3.99 3.99 6.28 3.99 5.06 9.01 5.06 5.06 1.86 1.86 2.39 2.39 2.38 2.38 2.38 2.38 5.06 5.06 5.06 5.06 5.51 5.51 5.51 5.51 5.52 5.52 5.52 5.52 5.46 5.46 5.46 5.46 5.41 5.41 5.41 5.41 6.02 6.02 6.02 6.02 6.08 6.08 10.92 6.08 10.93 6.09 6.09 2.94 2.90 2.90 2.90 2.90 3.19 3.19 7.63 7.63 7.70 7.70 7.70 7.70 14.30 7.85 7.85 7.85 8.00 8.00 8.00 8.00 8.49 8.49 8.49 8.49 8.30 8.30
4.00 3.95 3.95 3.95 3.95 3.92 3.92 3.92 3.92 7.39 3.99 3.99 3.99 5.06 5.06 6.14 3.02 3.02 1.86 1.67 3.72 2.38 2.38 2.38 2.38 5.06 5.06 5.06 5.06 5.51 5.51 5.51 5.51 5.52 5.52 5.52 5.52 5.46 5.46 5.46 5.46 5.41 5.41 5.41 5.41 6.02 6.02 6.02 6.02 6.08 6.08 6.08 6.08 6.09 6.09 6.09 2.94 6.03 6.03 6.03 6.03 3.19 3.19 6.51 6.51 6.58 6.58 11.03 7.70 7.85 7.85 7.85 7.85 8.00 8.00 8.00 14.60 8.49 8.49 15.52 15.52 8.30 8.30
4.00 3.95 3.95 3.95 10.54 3.92 3.92 3.92 3.92 7.39 3.99 3.99 3.99 5.06 5.06 5.06 5.06 5.92 5.11 5.11 5.11 5.12 1.67 2.38 5.04 5.06 5.06 5.06 5.06 5.51 5.51 5.51 5.51 5.52 5.52 5.52 5.52 5.46 5.46 5.46 5.46 5.41 5.41 5.41 5.41 6.02 6.02 6.02 6.02 6.08 6.08 6.08 6.08 10.93 6.09 6.09 6.09 6.03 6.03 6.03 6.03 3.19 3.19 3.19 6.51 6.58 11.86 6.58 6.58 6.71 7.85 7.85 7.85 8.00 8.00 8.00 8.00 8.49 8.49 8.49 8.49 8.30 8.30
4.00 3.95 3.95 3.95 3.95 10.18 7.31 3.92 3.92 3.99 3.99 3.99 3.99 5.06 5.06 5.06 5.06 5.11 5.11 5.11 5.11 2.50 2.50 5.09 5.09 5.06 9.02 5.06 5.06 5.51 5.51 5.51 5.51 5.52 5.52 5.52 5.52 5.46 5.46 5.46 5.46 5.41 5.41 5.41 5.41 6.02 6.02 6.02 6.02 6.08 6.08 6.08 6.08 10.93 10.93 10.93 6.09 6.03 6.03 10.82 8.65 3.19 3.19 3.19 6.51 6.58 6.58 6.58 11.82 6.71 6.71 6.71 6.71 6.85 8.00 8.00 8.00 8.49 8.49 8.49 8.49 15.12 8.30
4.05 4.03 4.03 4.03 4.03 3.97 7.40 3.97 3.97 3.93 3.93 3.93 3.93 4.99 4.99 4.99 8.88 5.09 5.09 5.09 5.09 5.07 5.07 5.07 5.07 5.06 5.06 5.06 5.06 5.57 5.57 5.57 5.57 5.59 5.59 5.59 5.59 5.54 5.54 5.54 5.54 5.50 5.50 5.50 5.50 6.13 6.13 6.13 6.13 6.17 6.17 6.17 6.17 6.14 6.14 6.14 6.14 6.05 6.05 6.05 6.05 3.18 3.18 3.18 5.03 9.17 6.53 6.53 6.53 11.86 6.61 6.61 6.61 6.67 6.67 6.67 12.03 8.25 8.25 8.25 8.25 8.19 8.19
4.05 4.03 4.03 4.03 4.03 3.97 3.97 3.97 3.97 3.93 3.93 7.33 3.93 4.99 4.99 8.88 4.99 5.09 5.09 5.09 5.09 5.07 5.07 5.07 5.07 5.06 9.00 5.06 5.06 5.57 5.57 5.57 5.57 5.59 5.59 5.59 5.59 5.54 5.54 5.54 5.54 5.50 5.50 5.50 5.50 6.13 6.13 6.13 6.13 6.17 6.17 6.17 6.17 6.14 6.14 6.14 6.14 6.05 6.05 6.05 6.05 3.18 3.18 3.18 3.18 3.20 6.53 6.53 6.53 11.86 6.61 11.92 6.61 11.99 6.67 6.67 6.67 7.07 7.07 7.07 7.07 8.19 8.19
4.05 10.81 4.03 4.03 4.03 3.97 3.97 3.97 3.97 3.93 3.93 3.93 3.93 8.02 4.99 4.99 8.88 5.09 5.09 5.09 5.09 5.07 9.04 5.07 5.07 5.06 5.06 5.06 5.06 5.57 5.57 5.57 5.57 10.02 18.73 14.75 10.02 5.54 9.91 5.54 5.54 9.84 5.50 5.50 5.50 6.13 6.13 6.13 6.13 6.17 6.17 6.17 6.17 6.14 6.14 6.14 11.04 6.05 6.05 6.05 4.73 3.18 3.18 3.18 3.18 3.20 3.20 3.20 6.53 6.61 6.61 6.61 6.61 6.67 6.67 6.67 6.67 7.07 7.07 7.07 7.07 7.02 7.02
4.05 4.03 4.03 7.53 4.03 3.97 3.97 3.97 3.97 3.93 3.93 3.93 3.93 4.99 4.99 4.99 4.99 5.09 5.09 5.09 8.99 5.07 5.07 12.34 5.07 5.06 5.06 8.96 5.06 5.57 5.57 5.57 5.57 5.59 9.99 5.59 5.59 5.54 5.54 5.54 5.54 5.50 5.50 5.50 5.50 6.13 6.13 6.13 6.13 16.34 6.17 11.09 11.02 6.14 22.00 10.99 6.14 6.05 6.05 6.05 2.91 3.18 3.18 3.18 3.18 5.06 3.20 3.20 3.20 3.24 6.61 6.61 6.61 6.67 6.67 6.67 6.67 7.07 7.07 7.07 7.07 7.02 7.02
2.67 2.67 4.05 6.58 10.85 4.03 4.03 4.03 4.03 3.98 3.98 3.98 3.98 4.92 4.92 4.92 16.28 4.99 4.99 4.99 4.99 4.98 4.98 4.98 8.87 5.00 5.00 5.00 5.00 9.49 5.54 9.92 5.54 5.56 9.95 5.56 5.56 5.57 9.97 5.57 5.57 5.56 5.56 5.56 5.56 6.16 6.16 16.26 6.16 6.15 6.15 6.15 6.15 6.08 10.92 6.08 6.08 6.00 6.00 2.89 2.89 3.18 3.18 3.18 3.18 3.20 3.20 3.20 3.20 3.20 3.20 3.20 3.20 3.19 5.04 3.19 5.04 3.45 3.45 9.84 6.95 12.97 6.98
4.17 2.67 2.67 2.67 4.05 4.03 4.03 4.03 7.49 3.98 7.42 3.98 8.18 4.92 4.92 4.92 8.74 4.99 4.99 4.99 4.99 4.98 4.98 4.98 4.98 5.00 5.00 5.00 5.00 5.54 5.54 5.54 5.54 5.56 5.56 5.56 5.56 5.57 5.57 9.97 5.57 5.56 5.56 5.56 5.56 6.16 11.08 6.16 6.16 6.15 6.15 6.15 6.15 6.08 6.08 6.08 6.08 6.00 6.00 2.89 2.89 3.18 3.18 3.18 3.18 3.20 3.20 3.20 3.20 3.20 3.20 3.20 3.20 3.19 3.19 3.19 3.19 5.34 3.45 3.45 12.91 6.98 6.98
