New_Model_Runs/13_Future_RCP4.5_Scn3_out/post_prcessed_with_MFR/Monthly_summaries/runoff_monthly_AUG.asc
NCOLS 700
NROWS 400
XLLCENTER 515000.000000
YLLCENTER 8409000.000000
CELLSIZE 50.000000
NODATA_value -999.000000
[rows 111 to 147 of 400, columns 336 to 419 of 700]
0.00 0.00 2.86 2.86 3.33 1.53 2.23 1.53 1.46 1.46 1.46 1.46 2.10 2.10 1.45 1.45 2.41 2.42 1.67 1.67 1.69 1.69 2.45 1.69 2.47 1.70 1.70 2.46 1.69 4.00 4.00 4.00 4.22 4.22 4.22 4.22 7.60 4.20 4.20 4.20 7.57 4.21 4.21 4.21 4.16 4.16 4.16 4.16 4.17 4.17 4.17 4.17 4.23 4.23 7.57 4.23 4.23 4.23 11.15 4.23 4.23 4.23 7.58 4.23 4.13 4.13 4.13 4.13 4.15 4.15 4.15 2.28 2.30 2.30 3.37 2.30 2.27 4.55 2.27 2.27 2.22 2.22 2.22 2.22
0.00 0.00 0.00 2.24 1.49 1.49 1.49 1.49 2.10 1.44 1.44 1.44 1.44 2.09 1.44 1.44 1.65 4.06 1.65 1.65 1.68 1.68 1.68 1.68 1.68 1.68 1.68 2.45 1.67 3.97 3.97 3.97 4.18 4.18 4.18 4.18 4.16 4.16 4.16 4.16 4.13 4.13 4.13 4.13 4.07 4.07 4.07 4.07 4.09 4.09 4.09 4.09 4.13 4.13 4.13 7.45 4.14 4.14 4.14 4.14 4.15 4.15 7.50 4.15 4.03 4.03 4.03 4.03 4.04 4.04 4.04 2.21 2.22 2.22 2.22 3.28 3.24 2.19 2.19 2.19 2.15 2.15 2.15 2.15
0.00 0.00 2.86 2.31 1.49 1.49 1.49 1.49 1.44 2.09 1.44 1.44 1.44 1.44 2.16 1.44 1.65 4.08 2.40 1.65 1.68 1.68 3.19 2.45 1.68 1.68 1.68 1.68 2.43 1.67 3.97 3.97 4.18 4.18 7.45 4.18 4.16 7.53 4.16 4.16 4.13 7.37 10.22 7.32 4.07 4.07 4.07 4.07 4.09 4.09 4.09 7.39 4.13 4.13 4.13 4.13 4.14 4.14 4.14 4.14 4.15 4.15 4.15 4.15 4.03 4.03 4.03 4.03 4.04 7.07 4.04 2.21 2.22 2.22 2.22 2.22 2.19 2.19 2.19 2.19 2.15 2.15 2.15 2.15
0.00 0.00 1.82 1.82 1.66 1.66 2.41 1.66 1.58 3.48 2.32 1.58 1.58 1.58 1.58 1.58 1.66 2.42 2.42 1.66 1.69 1.69 6.39 1.69 1.70 1.70 1.70 1.70 1.68 2.45 3.99 7.25 4.05 4.05 4.05 7.31 4.03 4.03 7.28 4.03 4.01 4.01 4.01 7.18 3.94 3.94 7.11 3.94 3.86 3.86 6.95 3.86 3.89 3.89 3.89 3.89 3.90 3.90 3.90 3.90 3.91 3.91 3.91 3.91 3.74 6.74 3.74 3.74 3.75 3.75 3.75 2.00 2.02 2.02 2.95 2.02 1.99 1.99 1.99 1.99 0.85 1.98 1.98 1.98
1.82 1.82 1.82 1.82 1.66 1.66 3.56 1.66 1.58 1.58 1.58 2.32 1.58 2.32 1.58 1.58 1.66 1.66 2.40 1.66 1.69 2.44 1.69 1.69 1.70 1.70 2.47 1.70 1.68 1.68 3.99 3.99 4.05 4.05 4.05 7.22 4.03 4.03 7.28 4.03 4.01 4.01 7.14 4.01 3.94 5.31 3.94 3.94 3.86 3.86 3.86 3.86 3.89 3.89 3.89 3.89 3.90 3.90 3.90 3.90 3.91 3.91 3.91 3.91 3.74 3.74 3.74 3.74 3.75 6.76 2.93 2.00 2.02 2.02 2.02 2.02 1.99 1.99 1.99 2.88 1.98 1.98 1.98 1.98
1.59 1.59 0.68 1.59 1.54 1.54 1.54 1.54 1.54 1.54 1.54 1.54 1.55 2.27 3.84 1.55 1.61 1.61 1.61 1.61 1.65 1.65 1.65 2.40 1.64 1.64 1.64 1.64 1.61 2.37 3.52 3.91 3.97 3.97 7.16 10.02 3.94 3.94 3.94 3.94 3.89 3.89 7.02 8.51 3.96 1.55 1.55 1.55 3.97 3.97 3.97 3.97 4.01 4.01 4.01 4.01 4.00 4.00 4.00 4.00 3.99 3.99 3.99 3.99 3.78 3.78 3.78 3.78 3.75 3.75 2.00 2.00 1.97 1.97 1.97 1.97 0.82 2.81 1.93 1.93 2.00 2.00 2.00 2.00
1.59 1.59 0.68 1.59 1.54 1.54 1.54 1.54 1.54 1.54 1.54 1.54 1.55 1.55 1.55 2.30 1.61 1.61 1.61 1.61 1.65 1.65 1.65 2.40 3.59 1.64 1.64 1.64 1.61 1.61 1.61 3.91 3.97 3.97 3.97 3.97 3.94 3.94 3.94 3.94 3.89 3.89 3.89 7.02 1.55 1.55 1.55 3.96 3.97 3.97 3.97 3.97 4.01 4.01 4.01 4.01 4.00 4.00 4.00 4.00 3.99 3.99 3.99 3.99 3.78 3.78 3.78 3.78 3.75 3.75 2.92 2.00 1.97 1.97 1.97 1.97 1.93 1.93 1.93 1.93 2.00 2.00 2.00 2.00
1.59 0.68 1.59 1.59 1.54 1.54 1.54 1.54 1.54 1.54 1.54 1.54 1.55 1.55 2.27 1.55 1.61 1.61 1.61 1.61 1.65 1.65 1.65 2.40 1.64 1.64 1.64 2.38 1.61 1.61 1.61 1.61 3.97 3.97 3.97 3.97 3.94 3.94 3.94 2.45 1.52 3.55 1.52 3.89 3.96 3.96 3.96 3.96 3.97 3.97 3.97 3.97 4.01 4.01 4.01 4.01 4.00 4.00 4.00 4.00 3.99 3.99 3.99 3.99 3.78 3.78 3.78 3.78 3.75 3.75 2.00 2.00 1.97 1.97 1.97 1.97 1.93 1.93 1.93 1.93 2.00 2.00 2.00 2.00
0.68 1.59 2.29 1.59 1.54 1.54 1.54 1.54 1.54 1.54 1.54 1.54 1.55 1.55 1.55 1.55 1.61 1.61 1.61 2.38 1.65 1.65 1.65 1.65 1.64 1.64 1.64 2.38 1.61 1.61 1.95 1.61 3.97 3.97 3.97 3.97 13.14 8.45 1.54 1.54 1.52 3.89 3.89 3.89 3.96 3.96 3.96 3.96 3.97 3.97 3.97 3.97 4.01 4.01 4.01 4.01 4.00 4.00 4.00 4.00 3.99 3.99 3.99 3.99 3.78 3.78 3.78 3.78 3.75 3.75 2.00 2.00 0.22 1.97 0.22 0.22 1.93 1.93 1.93 1.93 2.00 2.00 2.00 2.00
1.49 1.49 1.49 1.49 1.53 1.53 1.53 2.23 1.55 1.55 1.55 1.55 1.57 1.57 2.30 1.57 1.65 1.65 1.65 2.40 2.39 1.64 1.64 2.39 1.61 1.61 1.61 1.61 2.36 1.61 0.61 0.70 1.55 1.55 3.97 5.34 5.38 5.38 2.67 1.56 4.08 4.08 4.08 4.08 4.22 4.22 4.22 4.22 4.19 4.19 4.19 4.19 4.20 4.20 4.20 4.20 4.17 4.17 4.17 4.17 4.16 4.16 4.16 4.16 3.92 3.92 3.92 3.92 3.86 2.07 2.07 2.07 2.01 2.01 0.23 2.01 2.01 2.01 2.01 2.01 2.16 2.16 2.16 2.16
1.49 1.49 3.26 1.49 1.53 1.53 1.53 1.53 2.27 1.55 2.27 2.28 1.57 1.57 1.57 1.57 1.65 1.65 1.65 1.65 1.64 1.64 1.64 1.64 1.61 1.61 1.61 1.61 1.61 1.61 1.61 1.61 0.19 1.55 1.55 1.55 1.56 1.56 1.56 3.99 4.08 4.08 4.08 4.08 4.22 4.22 4.22 4.22 4.19 4.19 4.19 4.19 4.20 4.20 4.20 4.20 4.17 4.17 4.17 2.19 4.16 4.16 4.16 4.16 3.92 3.92 3.92 3.92 3.86 2.07 2.07 2.07 2.01 2.01 2.01 2.01 2.01 2.01 2.01 2.01 2.16 2.16 2.16 2.16
1.49 1.49 1.49 1.49 1.53 1.53 1.53 1.53 1.55 1.55 1.55 1.55 1.57 1.57 1.57 1.57 1.65 1.65 1.65 1.65 1.64 1.64 1.64 1.64 1.61 1.61 1.61 1.61 1.61 1.61 1.61 1.61 1.67 3.97 3.97 1.55 1.56 1.56 3.99 3.99 4.08 4.08 4.08 4.08 4.22 4.22 4.22 4.22 4.19 4.19 4.19 4.19 4.20 4.26 2.24 2.21 2.19 2.19 2.19 2.19 2.18 2.18 2.18 2.18 2.04 3.92 3.92 3.92 3.86 2.07 2.07 2.07 2.01 2.01 2.01 2.01 2.01 2.01 2.01 2.01 2.16 2.16 2.16 2.16
1.49 1.49 1.49 1.49 1.53 1.53 1.53 1.53 1.55 1.55 1.55 1.55 1.57 1.57 1.57 1.57 1.65 1.65 1.65 1.65 1.64 1.64 1.64 1.64 1.61 1.61 1.61 1.61 1.61 1.61 1.61 1.61 1.67 3.97 3.97 3.97 3.99 3.99 3.99 3.99 4.08 4.08 4.08 4.08 4.22 4.22 4.22 4.22 4.19 4.19 4.19 2.20 2.21 1.59 1.59 1.73 1.59 2.19 2.19 2.19 2.18 2.18 2.18 2.18 2.04 2.04 3.92 3.92 3.86 2.07 2.07 2.07 2.01 2.01 2.01 2.01 2.01 2.01 2.01 2.01 2.16 2.16 2.16 2.16
1.61 1.61 1.61 1.61 1.66 1.66 1.66 1.66 1.66 1.66 1.66 1.66 1.68 1.68 1.68 1.68 1.82 1.82 1.82 1.82 1.72 1.72 1.72 1.72 1.70 1.70 1.70 1.70 1.70 1.70 1.70 1.70 1.85 1.85 4.12 4.12 4.15 4.15 4.15 4.15 4.23 4.23 4.23 4.23 4.30 4.30 4.30 4.30 4.23 4.27 4.23 2.22 2.22 1.73 1.59 1.59 1.73 2.21 2.21 2.21 2.21 2.21 2.21 2.21 2.07 2.07 2.07 3.98 2.11 2.11 2.11 2.11 2.07 2.07 2.07 2.07 2.10 2.10 2.10 2.10 2.21 2.21 2.21 2.21
1.61 1.61 1.61 1.61 1.66 1.66 1.66 1.66 1.66 1.66 1.66 1.66 1.68 1.68 1.68 1.68 1.82 1.82 1.82 1.82 1.72 1.72 1.72 1.72 1.70 1.70 1.70 1.70 1.70 1.70 1.70 1.70 1.85 1.85 4.12 4.12 4.15 4.15 4.15 4.15 4.23 4.23 4.23 4.23 4.30 4.30 4.30 4.30 4.23 4.23 1.59 2.23 1.73 1.59 3.61 1.73 3.61 3.61 3.61 3.61 1.73 1.73 2.21 1.73 2.07 2.07 2.07 3.98 2.11 2.11 2.11 2.11 2.07 2.07 2.07 2.07 2.10 2.10 2.10 2.10 2.21 2.21 2.21 2.21
1.61 1.61 1.61 1.61 1.66 1.66 1.66 1.66 1.66 1.66 1.66 1.66 1.68 1.68 1.68 1.68 1.82 1.82 1.82 1.82 1.72 1.72 1.72 1.72 1.70 1.70 1.70 1.70 1.70 1.70 1.70 1.70 1.85 1.85 4.12 4.12 4.15 4.15 4.15 4.15 4.23 4.23 4.23 4.23 4.30 4.30 4.13 2.30 4.23 2.22 1.73 1.73 1.73 3.61 3.61 3.61 3.61 3.61 3.61 3.61 3.61 3.61 3.61 1.73 2.07 2.07 2.07 2.07 0.53 2.11 2.11 2.11 2.07 2.07 2.07 2.07 2.10 2.10 2.10 2.10 2.21 2.21 0.53 0.53
1.61 1.61 1.61 1.61 1.66 1.66 1.66 1.66 1.66 1.66 1.66 1.66 1.68 1.68 1.68 0.40 0.43 0.43 1.82 1.82 1.72 1.72 1.72 1.72 1.70 1.70 1.70 1.70 1.70 1.70 1.70 1.70 1.85 1.85 1.85 4.12 4.15 4.15 4.15 4.15 4.23 4.23 4.23 4.23 4.30 4.36 1.50 1.78 1.73 1.73 3.61 3.61 3.61 3.61 3.61 0.00 3.61 0.00 0.00 0.00 3.61 3.61 3.61 3.61 3.44 3.44 2.07 2.07 0.53 0.53 2.11 2.11 2.07 2.07 2.07 2.07 2.10 2.10 2.10 2.10 0.57 0.57 0.53 0.76
1.72 0.41 0.34 0.34 1.72 1.72 1.72 0.41 1.72 1.72 1.72 0.81 1.72 1.72 0.59 0.42 0.45 0.45 0.45 1.86 1.85 1.85 1.85 1.85 1.84 1.84 1.84 1.84 1.84 1.84 1.84 1.84 1.90 1.90 1.90 4.20 4.22 4.22 4.22 2.75 4.25 4.25 2.76 2.26 4.35 1.63 2.25 3.69 3.61 3.61 3.61 0.00 0.00 0.00 0.00 0.00 0.00 0.00 0.00 0.00 0.00 0.00 0.00 0.00 3.44 3.44 3.44 1.63 0.54 0.54 2.13 2.13 2.12 2.12 2.12 2.12 2.14 0.51 0.74 0.51 0.57 0.21 0.57 0.21
0.41 0.41 0.41 0.34 0.41 0.41 0.34 0.41 0.41 0.19 0.34 0.34 0.81 0.81 0.34 0.34 0.45 0.45 0.45 1.86 1.85 1.85 1.85 1.85 1.84 1.84 1.84 1.84 1.84 1.84 1.84 1.84 1.90 1.90 1.90 1.90 4.22 4.22 2.64 2.64 4.13 3.69 2.26 1.63 1.63 1.78 1.78 3.69 3.61 0.00 0.00 0.00 0.00 0.00 0.00 0.00 0.00 0.00 0.00 0.00 0.00 0.00 0.00 0.00 0.00 0.00 3.44 1.52 1.52 0.21 0.21 2.13 2.19 0.74 2.12 2.12 2.14 0.74 0.74 0.74 0.57 1.56 1.56 1.56
0.45 0.36 0.36 0.36 0.45 0.36 0.36 0.36 0.36 0.36 0.36 1.63 0.36 0.36 0.36 0.36 0.33 0.40 0.40 0.40 1.67 1.67 1.67 0.40 0.39 0.39 0.39 1.66 0.80 1.66 1.66 0.40 0.37 0.37 0.37 0.15 2.04 1.60 1.60 1.60 3.37 1.81 1.81 3.37 3.37 3.37 3.37 0.00 0.00 0.00 0.00 0.00 0.00 0.00 0.00 0.00 0.00 0.00 0.00 0.00 0.00 0.00 0.00 0.00 0.00 0.00 0.00 0.00 0.00 1.38 1.38 1.38 0.47 1.93 1.96 0.66 0.66 0.78 1.95 1.95 0.51 1.43 1.43 1.43
0.36 0.36 1.63 1.63 0.45 0.45 0.36 0.47 1.63 1.63 1.63 1.63 1.63 0.36 1.63 0.36 0.33 0.40 0.40 0.33 0.43 0.40 0.40 0.27 0.33 0.39 0.33 0.33 0.33 1.55 0.33 0.33 0.37 0.37 0.37 0.37 3.37 1.81 3.37 1.81 3.37 3.37 3.37 3.37 3.37 0.00 0.00 0.00 0.00 0.00 0.00 0.00 0.00 0.00 0.00 0.00 0.00 0.00 0.00 0.00 0.00 0.00 0.00 0.00 0.00 0.00 0.00 0.00 0.00 0.00 0.00 0.00 0.00 1.38 1.38 0.23 1.38 1.38 1.38 1.38 1.43 0.00 1.43 1.43
1.63 1.63 1.63 1.63 0.36 0.36 0.36 0.24 1.63 1.63 1.63 1.63 1.63 0.24 1.63 0.47 1.55 1.55 1.55 1.55 1.55 0.44 0.33 0.33 0.27 0.33 0.33 0.33 1.55 1.55 0.33 0.33 0.20 1.23 0.38 1.23 1.23 3.37 3.37 3.37 3.37 3.37 3.37 3.37 0.00 0.00 0.00 0.00 0.00 0.00 0.00 0.00 0.00 0.00 0.00 0.00 0.00 0.00 0.00 0.00 0.00 0.00 0.00 0.00 0.00 0.00 0.00 0.00 0.00 0.00 0.00 0.00 0.00 0.00 0.00 0.00 12.31 1.38 1.38 3.42 0.00 0.00 0.00 3.52
1.63 1.63 1.63 1.63 0.36 1.63 1.63 1.63 1.63 1.63 1.63 3.77 3.77 3.77 1.63 1.63 1.55 1.55 1.55 1.55 3.62 3.62 1.55 1.55 1.55 1.55 1.55 1.55 1.55 1.55 1.55 1.55 1.23 1.23 1.23 1.23 1.23 3.37 3.37 3.37 3.37 3.37 3.37 0.00 0.00 0.00 0.00 0.00 0.00 0.00 0.00 0.00 0.00 0.00 0.00 0.00 0.00 0.00 0.00 0.00 0.00 0.00 0.00 0.00 0.00 0.00 0.00 0.00 0.00 0.00 0.00 0.00 0.00 0.00 0.00 0.00 0.00 0.00 0.00 0.00 0.00 0.00 0.00 0.00
1.63 0.47 1.63 1.63 1.63 1.63 1.63 1.63 3.77 3.77 3.77 3.77 3.77 0.00 0.00 0.00 0.00 13.00 3.62 0.00 0.00 0.00 0.00 13.00 3.62 1.55 1.55 1.55 3.62 1.55 1.55 1.55 1.23 1.23 1.23 1.23 1.23 3.37 3.37 5.41 5.41 3.37 0.00 0.00 0.00 0.00 0.00 0.00 0.00 0.00 0.00 0.00 0.00 0.00 0.00 0.00 0.00 0.00 0.00 0.00 0.00 0.00 0.00 0.00 0.00 0.00 0.00 0.00 0.00 0.00 0.00 0.00 0.00 0.00 0.00 0.00 0.00 0.00 0.00 0.00 0.00 0.00 0.00 0.00
1.63 1.63 1.63 1.63 3.77 3.77 0.24 3.77 3.77 3.77 3.77 3.77 0.00 0.00 0.00 0.00 0.00 0.00 0.00 0.00 0.00 0.00 0.00 0.00 0.00 0.00 0.00 3.62 3.62 3.62 3.62 3.62 3.16 3.16 3.16 3.16 3.16 3.16 12.71 5.41 5.41 5.41 0.00 0.00 0.00 0.00 0.00 0.00 0.00 0.00 0.00 0.00 0.00 0.00 0.00 0.00 0.00 0.00 0.00 0.00 0.00 0.00 0.00 0.00 0.00 0.00 0.00 0.00 0.00 0.00 0.00 0.00 0.00 0.00 0.00 0.00 0.00 0.00 0.00 0.00 0.00 0.00 0.00 0.00
1.63 1.63 1.63 3.77 3.77 3.77 3.77 3.77 3.77 3.77 3.77 1.63 0.00 0.00 0.00 0.00 0.00 0.00 0.00 0.00 0.00 0.00 0.00 0.00 0.00 0.00 0.00 0.00 0.00 0.00 3.62 3.62 0.00 0.00 0.00 0.00 0.00 0.00 0.00 0.00 0.00 0.00 0.00 0.00 0.00 0.00 0.00 0.00 0.00 0.00 0.00 0.00 0.00 0.00 0.00 0.00 0.00 0.00 0.00 0.00 0.00 0.00 0.00 0.00 0.00 0.00 0.00 0.00 0.00 0.00 0.00 0.00 0.00 0.00 0.00 0.00 0.00 0.00 0.00 0.00 0.00 0.00 0.00 0.00
0.47 0.24 3.77 3.77 3.77 3.77 3.77 3.77 3.77 0.00 0.00 0.00 0.00 0.00 0.00 0.00 0.00 0.00 0.00 0.00 0.00 0.00 0.00 0.00 0.00 0.00 0.00 0.00 0.00 0.00 0.00 0.00 0.00 0.00 0.00 0.00 0.00 0.00 0.00 0.00 0.00 0.00 0.00 0.00 0.00 0.00 0.00 0.00 0.00 0.00 0.00 0.00 0.00 0.00 0.00 0.00 0.00 0.00 0.00 0.00 0.00 0.00 0.00 0.00 0.00 0.00 0.00 0.00 0.00 0.00 0.00 0.00 0.00 0.00 0.00 0.00 0.00 0.00 0.00 0.00 0.00 0.00 0.00 0.00
1.63 0.24 1.63 3.77 3.77 3.77 3.77 3.77 6.53 6.53 3.77 3.77 0.00 0.00 0.00 0.00 0.00 0.00 0.00 0.00 0.00 0.00 0.00 0.00 0.00 0.00 0.00 0.00 0.00 0.00 0.00 0.00 0.00 0.00 0.00 0.00 0.00 0.00 0.00 0.00 0.00 0.00 0.00 0.00 0.00 0.00 0.00 0.00 0.00 0.00 0.00 0.00 0.00 0.00 0.00 0.00 0.00 0.00 0.00 0.00 0.00 0.00 0.00 0.00 0.00 0.00 0.00 0.00 0.00 0.00 0.00 0.00 0.00 0.00 0.00 0.00 0.00 0.00 0.00 0.00 0.00 0.00 0.00 0.00
2.33 0.47 1.63 1.63 3.77 3.77 3.77 3.77 3.77 3.77 3.77 3.77 0.00 0.00 0.00 0.00 0.00 0.00 0.00 0.00 0.00 0.00 0.00 0.00 0.00 0.00 0.00 0.00 0.00 0.00 0.00 0.00 0.00 0.00 0.00 0.00 0.00 0.00 0.00 0.00 0.00 0.00 0.00 0.00 0.00 0.00 0.00 0.00 0.00 0.00 0.00 0.00 0.00 0.00 0.00 0.00 0.00 0.00 0.00 0.00 0.00 0.00 0.00 0.00 0.00 0.00 0.00 0.00 0.00 0.00 0.00 0.00 0.00 0.00 0.00 0.00 0.00 0.00 0.00 0.00 0.00 0.00 0.00 0.00
0.00 1.63 1.63 1.63 1.63 1.63 1.63 3.77 3.77 4.93 3.77 3.77 0.00 0.00 0.00 0.00 0.00 0.00 0.00 0.00 0.00 0.00 0.00 0.00 0.00 0.00 0.00 0.00 0.00 0.00 0.00 0.00 0.00 0.00 0.00 0.00 0.00 0.00 0.00 0.00 0.00 0.00 0.00 0.00 0.00 0.00 0.00 0.00 0.00 0.00 0.00 0.00 0.00 0.00 0.00 0.00 0.00 0.00 0.00 0.00 0.00 0.00 0.00 0.00 0.00 0.00 0.00 0.00 0.00 0.00 0.00 0.00 0.00 0.00 0.00 0.00 0.00 0.00 0.00 0.00 0.00 0.00 0.00 0.00
0.00 0.00 1.63 1.63 1.63 0.46 0.61 0.61 1.63 1.63 1.63 3.77 3.77 3.77 3.77 1.63 1.55 1.55 2.19 3.62 0.00 0.00 0.00 0.00 0.00 0.00 0.00 0.00 0.00 0.00 0.00 0.00 0.00 0.00 0.00 0.00 0.00 0.00 0.00 0.00 0.00 0.00 0.00 0.00 0.00 0.00 0.00 0.00 0.00 0.00 0.00 0.00 0.00 0.00 0.00 0.00 0.00 0.00 0.00 0.00 0.00 0.00 0.00 0.00 0.00 0.00 0.00 0.00 0.00 0.00 0.00 0.00 0.00 0.00 0.00 0.00 0.00 0.00 0.00 0.00 0.00 0.00 0.00 0.00
0.00 0.00 0.00 1.63 0.84 1.95 3.10 1.90 1.88 1.93 0.61 2.01 1.63 1.63 1.63 1.63 1.55 1.55 1.55 1.80 1.55 3.62 0.00 0.00 0.00 0.00 0.00 0.00 0.00 0.00 0.00 0.00 0.00 0.00 0.00 0.00 0.00 0.00 0.00 0.00 0.00 0.00 0.00 0.00 0.00 0.00 0.00 0.00 0.00 0.00 0.00 0.00 0.00 0.00 0.00 0.00 0.00 0.00 0.00 0.00 0.00 0.00 0.00 0.00 0.00 0.00 0.00 0.00 0.00 0.00 0.00 0.00 0.00 0.00 0.00 0.00 0.00 0.00 0.00 0.00 0.00 0.00 0.00 0.00
0.00 0.00 0.00 2.01 0.61 0.61 1.90 1.90 1.88 1.88 0.84 0.84 0.84 0.47 1.63 0.36 0.80 1.91 0.57 0.57 0.33 1.55 1.55 1.55 0.00 0.00 0.00 0.00 0.00 0.00 0.00 0.00 0.00 0.00 0.00 0.00 0.00 0.00 0.00 0.00 0.00 0.00 0.00 0.00 0.00 0.00 0.00 0.00 0.00 0.00 0.00 0.00 0.00 0.00 0.00 0.00 0.00 0.00 0.00 0.00 0.00 0.00 0.00 0.00 0.00 0.00 0.00 0.00 0.00 0.00 0.00 0.00 0.00 0.00 0.00 0.00 0.00 0.00 0.00 0.00 0.00 0.00 0.00 0.00
0.00 0.00 0.00 0.00 0.61 0.61 1.88 1.88 1.86 1.86 1.86 1.86 3.05 1.63 1.63 1.60 1.91 0.80 0.57 0.91 0.57 0.57 1.55 1.55 1.55 3.62 3.62 0.00 0.00 0.00 0.00 0.00 0.00 0.00 0.00 0.00 0.00 0.00 0.00 0.00 0.00 0.00 0.00 0.00 0.00 0.00 0.00 0.00 0.00 0.00 0.00 0.00 0.00 0.00 0.00 0.00 0.00 0.00 0.00 0.00 0.00 0.00 0.00 0.00 0.00 0.00 0.00 0.00 0.00 0.00 0.00 0.00 0.00 0.00 0.00 0.00 0.00 0.00 0.00 0.00 0.00 0.00 0.00 0.00
0.00 0.00 0.00 0.00 0.00 1.88 3.06 1.88 1.86 1.86 1.86 1.86 0.61 0.24 0.61 2.01 1.91 2.20 0.57 1.66 1.61 0.57 0.57 1.55 0.44 1.55 1.55 3.62 0.00 0.00 0.00 0.00 0.00 0.00 0.00 0.00 0.00 0.00 0.00 0.00 0.00 0.00 0.00 0.00 0.00 0.00 0.00 0.00 0.00 0.00 0.00 0.00 0.00 0.00 0.00 0.00 0.00 0.00 0.00 0.00 0.00 0.00 0.00 0.00 0.00 0.00 0.00 0.00 0.00 0.00 0.00 0.00 0.00 0.00 0.00 0.00 0.00 0.00 0.00 0.00 0.00 0.00 0.00 0.00
0.00 0.00 0.00 0.00 0.00 0.00 0.77 2.56 2.54 2.54 2.54 1.15 0.77 1.96 1.33 2.40 2.15 0.84 0.80 1.98 1.95 1.95 0.67 2.15 1.75 1.75 1.75 4.00 4.00 0.00 0.00 0.00 0.00 0.00 0.00 0.00 0.00 0.00 0.00 12.77 12.77 0.00 0.00 0.00 0.00 0.00 0.00 5.44 7.89 7.89 9.39 5.08 0.00 0.00 0.00 0.00 0.00 0.00 0.00 0.00 0.00 0.00 0.00 0.00 0.00 0.00 0.00 0.00 0.00 0.00 0.00 0.00 0.00 0.00 0.00 0.00 0.00 0.00 0.00 0.00 0.00 0.00 0.00 0.00
0.00 0.00 0.00 0.00 0.00 0.00 2.56 2.56 2.54 2.54 2.54 1.15 0.77 0.77 1.46 0.77 0.67 0.67 1.98 1.98 1.95 1.95 1.95 0.67 0.67 0.67 0.33 1.75 1.75 4.00 4.00 4.00 0.00 0.00 0.00 0.00 0.00 0.00 3.19 1.25 3.19 3.19 5.44 5.44 5.44 5.44 5.44 5.44 3.14 3.14 5.08 3.14 3.14 0.00 0.00 0.00 0.00 0.00 0.00 0.00 0.00 0.00 0.00 0.00 0.00 0.00 0.00 0.00 0.00 0.00 0.00 0.00 0.00 0.00 0.00 0.00 0.00 0.00 0.00 0.00 0.00 0.00 0.00 0.00
