New_Model_Runs/13_Future_RCP4.5_Scn3_out/post_prcessed_with_MFR/Monthly_summaries/runoff_monthly_MAY.asc
NCOLS 700
NROWS 400
XLLCENTER 515000.000000
YLLCENTER 8409000.000000
CELLSIZE 50.000000
NODATA_value -999.000000
[rows 74 to 110 of 400, columns 336 to 419 of 700]
0.00 0.00 0.00 0.00 0.00 0.00 0.00 0.00 0.00 0.00 0.00 0.00 0.00 0.00 0.00 0.00 0.00 0.00 0.00 0.00 0.00 0.00 0.00 0.00 0.00 0.00 0.00 0.00 0.00 0.00 0.00 0.00 0.00 0.00 0.00 0.00 0.00 0.00 0.00 0.00 0.00 0.00 0.00 0.00 0.00 0.00 0.00 0.00 0.00 0.00 0.00 0.00 0.00 0.00 0.00 0.00 0.00 0.00 0.00 3.72 6.80 6.80 3.65 3.65 3.58 3.58 3.58 3.58 3.68 2.18 2.05 2.05 0.00 0.00 0.00 0.00 0.00 0.00 0.00 0.00 0.00 0.00 0.00 0.00
0.00 0.00 0.00 0.00 0.00 0.00 0.00 0.00 0.00 0.00 0.00 0.00 0.00 0.00 0.00 0.00 0.00 0.00 0.00 0.00 0.00 0.00 0.00 0.00 0.00 0.00 0.00 0.00 0.00 0.00 0.00 0.00 0.00 0.00 0.00 0.00 0.00 0.00 0.00 0.00 0.00 0.00 0.00 0.00 0.00 0.00 0.00 0.00 0.00 0.00 0.00 0.00 0.00 0.00 0.00 0.00 0.00 0.00 3.72 6.86 5.30 3.65 3.65 3.65 3.58 3.58 3.58 3.58 3.68 2.18 3.76 13.85 0.00 0.00 0.00 0.00 0.00 0.00 0.00 0.00 0.00 0.00 0.00 0.00
0.00 0.00 0.00 0.00 0.00 0.00 0.00 0.00 0.00 0.00 0.00 0.00 0.00 0.00 0.00 0.00 0.00 0.00 0.00 0.00 0.00 0.00 0.00 0.00 0.00 0.00 0.00 0.00 0.00 0.00 0.00 0.00 0.00 0.00 0.00 0.00 0.00 0.00 0.00 0.00 0.00 0.00 0.00 0.00 0.00 0.00 0.00 0.00 5.43 3.45 0.00 0.00 0.00 0.00 0.00 0.00 0.00 9.69 6.74 3.61 3.62 3.62 2.14 2.14 3.73 2.21 2.21 2.21 2.25 3.76 3.76 0.00 0.00 0.00 0.00 0.00 0.00 0.00 0.00 0.00 0.00 0.00 0.00 0.00
0.00 0.00 0.00 0.00 0.00 0.00 0.00 0.00 0.00 0.00 0.00 0.00 0.00 0.00 0.00 0.00 0.00 0.00 0.00 0.00 0.00 0.00 0.00 0.00 0.00 0.00 0.00 0.00 0.00 0.00 0.00 0.00 0.00 0.00 0.00 0.00 0.00 0.00 0.00 0.00 0.00 0.00 0.00 0.00 0.00 0.00 0.00 0.00 5.24 3.78 3.78 0.00 0.00 0.00 3.71 3.71 3.61 3.61 9.69 3.61 3.62 2.14 2.14 2.14 2.21 2.21 3.76 3.76 3.76 3.76 0.00 0.00 0.00 0.00 0.00 0.00 0.00 0.00 0.00 0.00 0.00 0.00 0.00 0.00
0.00 0.00 0.00 0.00 0.00 0.00 0.00 0.00 0.00 0.00 0.00 0.00 0.00 0.00 0.00 0.00 0.00 0.00 0.00 0.00 0.00 0.00 0.00 0.00 0.00 0.00 0.00 0.00 0.00 0.00 0.00 0.00 0.00 0.00 0.00 0.00 0.00 0.00 0.00 0.00 0.00 0.00 0.00 0.00 0.00 0.00 0.00 0.00 3.78 3.78 3.78 3.78 3.71 3.71 3.71 3.71 3.61 6.58 6.74 3.61 3.62 2.06 2.06 5.64 5.60 5.60 5.60 5.60 5.60 0.00 0.00 0.00 0.00 0.00 0.00 0.00 0.00 0.00 0.00 0.00 0.00 0.00 0.00 0.00
0.00 0.00 0.00 0.00 0.00 0.00 0.00 0.00 0.00 0.00 0.00 0.00 0.00 0.00 0.00 0.00 0.00 0.00 0.00 0.00 0.00 0.00 0.00 0.00 0.00 0.00 0.00 0.00 0.00 0.00 0.00 0.00 0.00 0.00 0.00 0.00 0.00 0.00 0.00 0.00 0.00 0.00 0.00 0.00 0.00 0.00 0.00 5.42 3.78 3.78 3.78 3.78 3.71 3.71 3.71 3.71 3.61 3.45 3.61 3.61 3.72 2.87 2.14 5.64 5.60 5.60 5.60 5.60 0.00 0.00 0.00 0.00 0.00 0.00 0.00 0.00 0.00 0.00 0.00 0.00 0.00 0.00 0.00 0.00
0.00 0.00 0.00 0.00 0.00 0.00 0.00 0.00 0.00 0.00 0.00 0.00 0.00 0.00 0.00 0.00 0.00 0.00 0.00 0.00 0.00 0.00 0.00 0.00 0.00 0.00 0.00 0.00 0.00 0.00 0.00 0.00 0.00 0.00 0.00 0.00 0.00 0.00 0.00 0.00 0.00 0.00 0.00 0.00 0.00 0.00 0.00 3.85 3.75 3.75 3.75 3.75 3.61 3.61 3.61 3.61 3.66 3.66 3.66 3.66 3.81 2.53 3.81 5.64 5.60 5.60 5.60 0.00 0.00 0.00 0.00 0.00 0.00 0.00 0.00 0.00 0.00 0.00 0.00 0.00 0.00 0.00 0.00 0.00
0.00 0.00 0.00 0.00 0.00 0.00 0.00 0.00 0.00 0.00 0.00 0.00 0.00 0.00 0.00 0.00 0.00 0.00 0.00 0.00 0.00 0.00 0.00 0.00 0.00 0.00 0.00 0.00 0.00 0.00 0.00 0.00 0.00 0.00 0.00 0.00 0.00 0.00 6.25 0.00 0.00 0.00 0.00 0.00 0.00 0.00 0.00 3.85 3.75 3.75 3.75 3.75 3.61 7.24 3.61 3.61 7.06 3.86 3.66 3.66 3.81 3.81 3.81 5.64 5.60 5.60 0.00 0.00 0.00 0.00 0.00 0.00 0.00 0.00 0.00 0.00 0.00 0.00 0.00 0.00 0.00 0.00 0.00 0.00
0.00 0.00 0.00 0.00 0.00 0.00 0.00 0.00 0.00 0.00 0.00 0.00 0.00 0.00 0.00 0.00 0.00 0.00 0.00 0.00 0.00 0.00 0.00 0.00 0.00 0.00 0.00 0.00 0.00 0.00 0.00 0.00 0.00 0.00 0.00 0.00 0.00 5.19 5.19 5.19 5.20 0.00 0.00 0.00 0.00 0.00 0.00 4.67 4.55 4.55 4.55 4.55 4.38 4.38 4.38 4.38 4.05 4.05 4.45 4.45 4.63 4.63 2.88 6.60 6.25 0.00 0.00 0.00 0.00 0.00 0.00 0.00 0.00 0.00 0.00 0.00 0.00 0.00 0.00 0.00 0.00 0.00 0.00 4.47
0.00 0.00 0.00 0.00 0.00 0.00 0.00 0.00 0.00 0.00 0.00 0.00 0.00 0.00 0.00 0.00 0.00 0.00 0.00 0.00 0.00 0.00 0.00 0.00 0.00 0.00 0.00 0.00 0.00 0.00 0.00 0.00 0.00 0.00 0.00 0.00 5.19 5.19 5.19 5.19 10.41 2.91 2.91 5.40 6.33 4.67 4.67 4.67 4.55 4.55 4.55 4.55 4.38 4.38 4.38 4.38 4.45 4.45 4.45 4.45 2.78 2.42 2.42 6.60 6.25 0.00 0.00 0.00 0.00 0.00 0.00 0.00 0.00 0.00 0.00 0.00 0.00 0.00 0.00 0.00 4.47 12.44 4.47 4.47
0.00 0.00 0.00 0.00 0.00 0.00 0.00 0.00 0.00 0.00 0.00 0.00 0.00 0.00 0.00 0.00 0.00 0.00 0.00 0.00 0.00 0.00 0.00 0.00 0.00 0.00 0.00 0.00 0.00 0.00 0.00 0.00 0.00 0.00 12.52 5.22 5.16 5.16 5.16 5.16 5.18 4.94 2.90 2.90 5.12 4.55 4.55 8.50 4.41 4.41 4.41 4.41 4.45 4.45 4.45 4.45 4.67 4.67 4.67 4.67 2.86 2.42 8.09 4.44 29.56 0.00 0.00 0.00 0.00 0.00 0.00 0.00 0.00 0.00 0.00 0.00 0.00 0.00 0.00 14.98 4.49 4.49 4.49 4.49
0.00 0.00 0.00 0.00 0.00 0.00 0.00 0.00 0.00 0.00 0.00 0.00 0.00 0.00 0.00 0.00 0.00 0.00 0.00 0.00 0.00 0.00 0.00 0.00 0.00 0.00 0.00 0.00 0.00 0.00 0.00 0.00 20.37 5.22 5.22 5.22 5.16 5.16 5.16 5.16 5.18 2.90 2.90 2.90 5.12 10.26 4.55 4.55 4.41 4.41 4.41 4.41 4.45 4.45 4.45 4.45 2.81 2.81 2.81 2.42 2.42 3.36 8.09 4.44 14.98 0.00 0.00 0.00 0.00 0.00 0.00 0.00 0.00 0.00 0.00 0.00 0.00 0.00 0.00 4.60 4.49 3.22 4.49 4.49
0.00 0.00 0.00 0.00 0.00 0.00 0.00 0.00 0.00 0.00 0.00 0.00 0.00 0.00 0.00 0.00 0.00 0.00 0.00 0.00 0.00 0.00 0.00 0.00 0.00 0.00 0.00 0.00 0.00 0.00 0.00 0.00 0.00 10.47 5.22 5.22 5.16 5.16 10.34 5.16 5.18 2.90 2.90 6.85 5.12 5.12 5.12 4.55 4.41 12.13 4.41 4.41 4.45 4.45 4.45 4.45 2.81 2.81 2.42 2.42 3.36 8.09 4.87 4.44 0.00 0.00 0.00 0.00 0.00 0.00 0.00 0.00 0.00 0.00 0.00 0.00 0.00 0.00 4.60 4.60 4.49 4.49 4.49 4.49
0.00 0.00 0.00 0.00 0.00 0.00 0.00 0.00 0.00 0.00 0.00 0.00 0.00 0.00 0.00 0.00 0.00 0.00 0.00 0.00 0.00 0.00 0.00 0.00 0.00 0.00 0.00 0.00 0.00 0.00 0.00 0.00 0.00 5.22 5.22 5.22 5.16 5.16 5.16 5.16 5.18 10.34 2.90 2.90 5.12 5.12 5.12 5.12 4.41 8.50 4.41 4.05 4.45 4.45 4.45 4.45 4.67 2.25 2.42 2.42 2.42 3.36 4.87 4.44 0.00 0.00 0.00 0.00 0.00 0.00 0.00 0.00 0.00 0.00 0.00 0.00 0.00 3.23 4.60 4.60 4.49 4.49 8.40 4.49
0.00 0.00 0.00 0.00 0.00 0.00 0.00 0.00 0.00 0.00 0.00 0.00 0.00 0.00 0.00 0.00 0.00 0.00 0.00 0.00 0.00 0.00 0.00 0.00 0.00 0.00 0.00 0.00 0.00 0.00 0.00 0.00 0.00 0.00 5.32 5.32 5.21 5.21 5.21 5.21 5.13 5.13 2.87 2.87 2.81 5.05 5.05 4.42 5.32 4.73 4.73 4.51 4.65 4.65 4.65 4.65 4.77 4.77 2.28 2.42 2.42 4.44 4.87 4.44 0.00 0.00 0.00 0.00 0.00 0.00 0.00 0.00 0.00 0.00 0.00 0.00 2.86 4.63 4.63 4.63 8.41 4.50 4.50 4.50
0.00 0.00 0.00 0.00 0.00 0.00 0.00 0.00 0.00 0.00 0.00 0.00 0.00 0.00 0.00 0.00 0.00 0.00 0.00 0.00 0.00 0.00 0.00 0.00 0.00 0.00 0.00 0.00 0.00 0.00 0.00 0.00 0.00 0.00 0.00 5.32 5.21 5.21 5.21 5.21 5.13 5.13 5.13 10.28 2.81 5.05 4.42 4.42 4.44 3.57 4.51 4.51 4.65 4.65 4.65 4.65 4.77 2.88 2.42 2.42 4.44 4.44 4.87 4.44 6.25 0.00 0.00 0.00 0.00 0.00 0.00 0.00 0.00 0.00 0.00 4.69 8.65 4.63 4.63 4.63 4.50 4.50 8.41 4.50
0.00 0.00 0.00 0.00 0.00 0.00 0.00 0.00 0.00 0.00 0.00 0.00 0.00 0.00 0.00 0.00 0.00 0.00 0.00 0.00 0.00 0.00 0.00 6.92 0.00 0.00 0.00 0.00 0.00 0.00 0.00 0.00 0.00 0.00 0.00 10.57 5.21 5.21 10.45 5.21 5.13 5.13 5.13 5.13 5.05 5.05 8.46 4.42 5.08 3.57 5.08 4.51 4.65 2.80 2.80 2.80 2.88 2.88 2.42 4.44 4.44 4.87 4.87 6.60 6.25 6.25 6.25 10.52 0.00 0.00 0.00 0.00 7.67 7.67 4.64 4.69 4.63 4.63 4.63 4.63 4.50 4.50 4.50 4.50
0.00 0.00 0.00 0.00 0.00 0.00 0.00 0.00 0.00 0.00 0.00 0.00 0.00 0.00 0.00 0.00 0.00 0.00 0.00 0.00 0.00 0.00 0.00 5.12 5.11 5.11 0.00 0.00 0.00 0.00 0.00 0.00 0.00 0.00 0.00 0.00 5.21 5.21 5.21 5.21 5.13 5.13 5.13 14.97 5.05 5.05 5.05 5.05 5.08 5.08 5.08 5.08 2.80 2.80 2.80 4.98 5.07 4.77 2.42 4.44 4.87 4.87 8.09 9.02 6.25 4.24 4.24 7.96 6.25 6.25 16.09 7.67 16.09 7.67 7.67 4.69 4.63 4.63 4.63 4.63 4.50 4.50 4.50 4.50
0.00 0.00 0.00 0.00 0.00 0.00 0.00 0.00 0.00 0.00 0.00 0.00 0.00 0.00 0.00 0.00 0.00 0.00 0.00 0.00 0.00 0.00 0.00 5.13 5.12 5.12 5.12 0.00 0.00 0.00 0.00 0.00 0.00 0.00 0.00 0.00 5.25 5.25 5.25 5.25 5.10 5.10 5.10 10.23 10.20 5.09 5.09 5.09 5.20 5.20 5.20 5.20 5.26 8.38 4.67 4.67 4.77 4.77 4.77 2.42 3.36 3.36 4.44 2.42 3.23 4.24 4.24 6.36 4.24 7.67 7.67 16.09 7.67 20.73 9.90 3.23 2.86 4.68 3.34 4.68 4.56 4.56 4.56 4.56
0.00 0.00 0.00 0.00 0.00 0.00 0.00 0.00 0.00 0.00 0.00 0.00 0.00 0.00 0.00 0.00 0.00 0.00 0.00 0.00 0.00 0.00 0.00 5.13 5.12 5.12 5.12 10.26 0.00 0.00 0.00 0.00 0.00 0.00 0.00 0.00 0.00 5.25 5.25 5.25 5.10 5.10 5.10 5.10 5.09 5.09 5.09 10.20 5.20 15.22 5.20 15.22 5.26 5.26 4.67 4.67 4.77 4.77 4.86 2.42 3.81 6.60 7.59 6.13 5.87 4.24 2.35 5.16 4.70 6.25 7.67 7.67 4.64 5.87 3.23 2.35 4.68 3.34 2.22 2.82 4.56 4.56 4.56 4.56
0.00 0.00 0.00 0.00 0.00 0.00 0.00 0.00 0.00 0.00 0.00 0.00 0.00 0.00 0.00 0.00 0.00 0.00 0.00 0.00 0.00 0.00 3.51 5.13 5.12 5.12 5.12 5.12 5.17 0.00 0.00 0.00 0.00 0.00 0.00 0.00 0.00 5.25 5.25 5.25 5.10 5.10 5.10 5.10 10.21 5.09 5.09 5.09 5.20 5.20 10.43 5.20 5.26 5.26 5.26 4.67 4.77 4.77 2.42 2.42 4.80 4.81 7.13 4.81 3.23 4.24 7.75 2.35 4.70 6.25 6.25 7.67 7.67 3.23 3.23 2.35 6.20 2.82 2.82 2.82 4.56 4.56 4.56 8.36
0.00 0.00 0.00 0.00 0.00 0.00 0.00 0.00 0.00 0.00 0.00 0.00 0.00 0.00 0.00 0.00 0.00 0.00 0.00 0.00 0.00 0.00 5.87 5.13 5.12 5.12 5.12 5.12 10.29 5.17 0.00 0.00 0.00 0.00 0.00 0.00 5.25 5.25 5.25 5.25 10.23 5.10 5.10 5.10 10.25 5.09 5.09 5.09 5.20 5.20 5.20 5.20 5.26 5.26 5.26 5.26 4.77 2.87 2.87 2.42 10.98 4.81 4.81 4.81 3.23 2.35 7.35 3.23 4.74 2.35 6.25 7.67 7.67 7.67 5.87 2.35 2.82 2.82 2.82 2.82 4.56 4.56 4.56 4.56
0.00 0.00 0.00 0.00 0.00 0.00 0.00 0.00 0.00 0.00 0.00 0.00 0.00 0.00 0.00 0.00 3.50 14.88 5.87 3.50 3.48 3.48 3.48 3.48 5.08 5.08 5.08 5.08 5.15 5.15 5.15 0.00 0.00 0.00 0.00 0.00 5.23 5.23 5.23 5.23 5.15 5.15 5.15 5.15 5.15 5.15 5.15 5.15 5.18 5.18 5.18 5.18 5.24 5.24 5.24 5.24 5.37 3.02 2.87 2.26 6.13 4.76 3.36 4.76 3.23 2.80 2.80 4.67 4.72 2.84 6.25 6.95 4.74 4.74 3.23 2.35 2.19 3.65 3.65 2.85 5.80 4.65 4.65 4.65
0.00 0.00 0.00 0.00 0.00 0.00 0.00 14.38 3.25 3.25 0.00 0.00 14.38 3.26 3.26 5.94 3.50 3.50 3.50 6.21 3.48 3.48 3.48 3.48 5.08 16.05 5.08 5.08 5.15 5.15 5.15 5.15 5.33 5.33 5.33 5.33 5.23 5.23 5.23 5.23 5.15 5.15 5.15 5.15 5.15 5.15 5.15 10.32 16.26 5.18 5.18 5.18 5.24 5.24 5.24 5.24 5.37 3.02 3.02 7.60 4.76 4.76 3.36 4.86 3.33 2.22 4.67 4.67 4.72 5.50 3.65 5.60 2.86 3.23 2.35 2.86 2.24 2.85 2.85 2.85 2.21 3.32 4.65 8.49
0.00 0.00 0.00 0.00 0.00 0.00 0.00 3.69 3.67 3.67 3.67 3.67 3.68 3.68 3.68 6.20 4.00 4.00 4.00 4.00 6.77 6.75 3.99 3.99 5.82 11.50 5.82 5.82 11.59 5.90 5.90 5.90 6.14 6.14 6.14 12.14 6.03 6.03 6.03 6.03 5.93 5.93 11.72 5.93 5.93 5.93 11.73 5.93 11.59 5.87 5.87 5.87 5.93 5.93 5.93 5.93 11.88 8.15 2.93 6.07 5.26 5.26 3.43 3.43 8.11 3.07 10.93 5.07 5.12 6.03 4.08 2.60 2.60 2.60 3.13 3.13 2.60 2.60 4.08 2.47 2.46 3.09 9.56 5.08
0.00 0.00 0.00 0.00 0.00 0.00 0.00 0.00 3.67 3.67 3.67 3.67 6.16 6.16 3.68 3.68 6.78 4.00 4.00 4.00 3.99 6.74 3.99 3.99 7.03 5.82 5.82 5.82 5.90 5.90 5.90 5.90 6.14 6.14 6.14 6.14 6.03 6.03 6.03 11.83 11.72 5.93 5.93 5.93 5.93 5.93 11.74 5.93 5.87 5.87 5.87 5.87 5.93 5.93 5.93 5.93 6.07 3.45 3.53 6.07 6.07 5.26 5.26 5.26 5.07 5.07 18.73 5.07 5.12 3.61 2.60 2.60 2.60 2.60 3.13 3.13 2.60 2.60 2.43 7.37 2.46 3.09 5.08 5.08
0.00 0.00 0.00 0.00 0.00 0.00 0.00 0.00 6.15 3.65 3.65 3.65 3.62 3.62 3.62 6.09 3.96 6.70 3.96 3.96 3.97 6.72 3.97 3.97 3.95 5.79 11.44 5.79 5.81 5.81 5.81 5.81 11.72 11.90 6.02 6.02 5.98 5.98 5.98 22.90 5.97 5.97 5.97 5.97 5.94 5.94 5.94 5.94 5.83 5.83 5.83 5.83 5.92 5.92 5.92 5.92 6.03 6.03 6.03 6.03 6.00 6.00 5.20 5.20 5.04 9.48 9.48 5.04 5.12 5.12 2.60 4.47 2.43 5.63 3.14 5.16 2.60 7.92 2.43 4.08 6.73 4.10 3.07 3.07
0.00 0.00 0.00 0.00 0.00 0.00 0.00 0.00 3.65 3.65 3.65 3.65 3.62 3.62 3.62 3.62 3.96 3.96 6.70 3.96 3.97 6.72 3.97 3.97 3.95 5.79 5.79 5.79 5.81 5.81 5.81 5.81 6.02 6.02 6.02 6.02 5.98 5.98 5.98 5.98 11.80 5.97 11.80 5.97 5.94 5.94 5.94 5.94 5.83 5.83 5.83 5.83 5.92 11.70 5.92 5.92 6.03 6.03 11.93 6.03 6.00 6.00 6.00 5.20 5.04 5.04 5.04 5.04 5.12 5.12 2.60 3.11 3.14 2.60 4.08 5.16 3.13 2.47 4.08 2.47 3.07 3.07 4.10 3.07
0.00 0.00 0.00 0.00 0.00 0.00 0.00 19.13 6.15 8.11 6.15 3.65 3.62 3.62 3.62 3.62 3.96 3.96 3.96 3.96 3.97 3.97 6.72 3.97 3.95 3.95 5.79 11.44 5.81 5.81 5.81 11.48 17.24 6.02 6.02 6.02 11.83 5.98 5.98 5.98 5.97 5.97 5.97 5.97 5.94 5.94 5.94 5.94 5.83 5.83 5.83 5.83 5.92 5.92 5.92 5.92 6.03 6.03 23.08 6.03 6.00 6.00 6.00 6.00 5.04 5.04 5.04 5.04 5.12 5.12 6.84 3.11 3.14 3.14 4.47 8.32 5.15 3.13 2.47 3.13 3.07 5.06 5.06 5.06
0.00 0.00 0.00 0.00 0.00 0.00 15.38 3.75 3.65 3.65 6.14 6.13 3.62 3.62 3.62 3.62 3.96 3.96 3.96 11.87 3.97 3.97 3.97 3.97 3.95 3.95 5.79 5.79 5.81 5.81 5.81 5.81 11.69 22.56 6.02 6.02 5.98 5.98 5.98 17.33 5.97 5.97 5.97 5.97 5.94 5.94 5.94 5.94 11.50 5.83 5.83 5.83 5.92 5.92 5.92 5.92 6.03 11.87 11.87 6.03 6.00 6.00 6.00 6.00 5.81 5.04 5.04 5.04 5.12 5.12 5.12 3.11 3.14 2.60 2.60 4.23 5.15 5.15 2.47 4.08 3.07 5.06 5.06 5.06
0.00 0.00 0.00 0.00 0.00 15.38 3.75 3.75 3.63 3.63 3.63 3.63 6.04 3.59 3.59 3.59 3.92 3.92 3.92 6.62 3.94 3.94 3.94 3.94 3.94 3.94 5.78 5.78 5.78 5.78 5.78 5.78 11.64 5.97 17.29 11.79 5.95 5.95 5.95 5.95 5.96 5.96 5.96 5.96 5.91 5.91 11.69 11.60 11.48 5.81 5.81 5.81 5.92 5.92 5.92 5.92 5.96 5.96 5.96 5.96 5.93 5.93 5.93 5.93 5.76 5.76 9.20 4.99 5.06 5.06 9.52 5.06 5.10 5.10 2.46 2.46 2.45 5.07 9.53 5.07 3.00 4.96 4.96 4.96
0.00 0.00 0.00 0.00 0.00 5.45 3.75 3.75 3.63 3.63 3.63 3.63 3.59 3.59 3.59 3.59 6.40 3.92 3.92 6.62 6.66 3.94 3.94 8.83 6.66 3.94 3.94 5.78 5.78 5.78 5.78 5.78 5.97 5.97 5.97 5.97 5.95 5.95 5.95 5.95 5.96 5.96 5.96 5.96 5.91 5.91 5.91 5.91 5.81 5.81 5.81 5.81 5.92 5.92 5.92 5.92 11.75 5.96 11.79 5.96 5.93 5.93 4.14 5.93 5.76 5.76 5.76 4.99 5.06 5.06 5.06 9.52 5.10 5.10 6.60 5.76 6.76 5.07 5.07 5.07 4.96 9.32 4.96 4.96
0.00 0.00 0.00 0.00 0.00 5.45 6.33 3.75 3.63 6.11 3.63 3.63 3.59 3.59 3.59 3.59 3.92 3.92 3.92 3.92 3.94 6.66 3.94 3.94 3.94 3.94 3.94 5.78 18.51 5.78 5.78 16.78 11.81 5.97 5.97 5.97 5.95 5.95 5.95 5.95 5.96 5.96 5.96 5.96 5.91 11.69 5.91 5.91 5.81 5.81 5.81 5.81 11.61 5.92 5.92 5.92 5.96 5.96 5.96 5.96 5.93 5.93 17.23 22.51 5.76 5.76 11.37 5.76 5.06 5.06 5.06 5.06 5.10 5.10 5.10 3.10 3.08 5.07 5.07 5.07 4.96 4.96 4.96 4.96
0.00 0.00 0.00 0.00 0.00 3.75 6.33 3.75 3.63 3.63 3.63 3.63 3.59 6.03 3.59 3.59 3.92 3.92 3.92 3.92 3.94 3.94 3.94 3.94 3.94 3.94 3.94 3.94 11.41 5.78 5.78 5.78 5.97 11.79 5.97 5.97 5.95 5.95 5.95 5.95 5.96 5.96 11.76 5.96 5.91 5.91 5.91 5.91 5.81 5.81 5.81 5.81 11.57 5.92 5.92 5.92 5.96 11.79 5.96 5.96 11.65 5.93 5.93 11.65 5.76 5.76 5.76 5.76 5.83 5.06 5.06 5.06 9.49 5.10 14.34 5.10 3.08 5.07 5.07 5.07 4.96 4.96 4.96 4.96
0.00 0.00 0.00 0.00 0.00 3.73 3.73 3.73 3.60 3.60 3.60 3.60 3.57 3.57 6.01 3.57 3.89 3.89 3.89 3.89 3.93 3.93 6.65 3.93 3.95 6.69 3.95 3.95 5.77 18.11 5.77 5.77 5.95 5.95 11.76 5.95 5.93 5.93 5.93 5.93 5.93 5.93 11.73 5.93 5.87 5.87 11.59 5.87 5.77 5.77 5.77 5.77 5.86 5.86 5.86 5.86 5.85 5.85 5.85 5.85 5.85 5.85 5.85 5.85 5.66 5.66 11.20 11.23 5.69 5.69 4.95 4.95 4.97 4.97 4.97 4.97 4.94 4.94 4.94 6.31 4.85 4.85 4.85 4.85
0.00 0.00 0.00 5.45 15.38 3.91 6.29 3.73 3.60 3.60 3.60 3.60 3.57 3.57 3.57 3.57 3.89 3.89 3.89 3.89 3.93 3.93 3.93 3.93 3.95 6.69 3.95 3.95 5.77 8.06 11.40 5.77 5.95 5.95 22.80 5.95 11.71 5.93 5.93 5.93 11.72 5.93 11.73 5.93 5.87 5.87 5.87 5.87 5.77 5.77 5.77 16.75 5.86 11.57 5.86 11.57 5.85 5.85 5.85 5.85 5.85 5.85 5.85 5.85 5.66 5.66 11.20 5.66 5.69 5.69 5.69 4.95 4.97 4.97 6.39 3.16 3.13 3.13 3.13 3.13 3.06 3.06 4.79 3.06
0.00 0.00 0.00 0.00 3.73 3.73 3.73 3.73 3.60 3.60 3.60 3.60 3.57 3.57 3.57 3.57 14.60 3.89 3.89 3.89 3.93 3.93 9.60 3.93 3.95 3.95 6.69 3.95 3.93 5.77 5.77 5.77 5.95 11.76 5.95 11.76 11.71 5.93 5.93 5.93 11.72 5.93 5.93 5.93 5.87 5.87 5.87 11.51 5.77 5.77 5.77 5.77 5.86 5.86 5.86 5.86 5.85 5.85 5.85 5.85 5.85 5.85 5.85 5.85 11.36 5.66 5.66 11.20 5.69 5.69 5.69 5.69 3.16 3.16 3.16 3.16 3.13 3.13 3.13 3.13 3.06 4.79 3.06 3.06
