Sensitivity testing/Dynamic_input/Gridded_rain/prism_ppt_tutuila_30yr_normal_02.asc
ncols         700
nrows         400
xllcorner     515000
yllcorner     8409000
cellsize      50
NODATA_value  -9999
[rows 279 to 309 of 400, columns 138 to 206 of 700]
11.02087 11.07166 11.11615 11.16221 11.22048 11.28662 11.3693 11.45709 11.54922 11.64292 11.73741 11.83347 11.93032 12.02953 12.12953 12.22914 12.32914 12.42993 12.5319 12.63386 12.73583 12.83741 12.93898 13.04016 13.14095 13.24016 13.3378 13.43544 13.53268 13.62993 13.72678 13.82245 13.91812 14.01418 14.11024 14.2067 14.30001 14.39213 14.48032 14.56851 14.65552 14.74292 14.83111 14.91654 15.00001 15.0819 15.163 15.24174 15.3193 15.3941 15.46694 15.53741 15.60434 15.66891 15.72993 15.78938 15.84528 15.89961 15.94922 15.99646 16.04056 16.08032 16.11733 16.15276 16.1878 16.21733 16.24607 16.27087 16.29332
10.96182 11.02127 11.07087 11.11693 11.16615 11.22717 11.31103 11.39961 11.49213 11.58465 11.67717 11.77205 11.86772 11.96457 12.06182 12.16024 12.25827 12.35631 12.4567 12.55827 12.65749 12.7567 12.8567 12.95631 13.05513 13.15276 13.24961 13.34528 13.44016 13.53662 13.63268 13.72875 13.82481 13.92087 14.01694 14.11261 14.20552 14.29725 14.38702 14.47639 14.56418 14.65237 14.74174 14.82757 14.91142 14.99371 15.0756 15.15709 15.23702 15.31261 15.38623 15.45709 15.52363 15.58702 15.64686 15.70591 15.75985 15.81339 15.86458 15.913 15.95749 15.99646 16.03269 16.06969 16.1067 16.13741 16.16733 16.19332 16.21733
-9999 -9999 11.07481 11.09961 11.15355 11.21142 11.27717 11.35591 11.44528 11.53623 11.62757 11.72127 11.81536 11.91064 12.00631 12.10158 12.19725 12.29371 12.39135 12.48938 12.58898 12.6878 12.78386 12.87993 12.97638 13.07205 13.16772 13.26261 13.35749 13.45198 13.54646 13.64056 13.73544 13.8315 13.92717 14.02284 14.11576 14.20788 14.29686 14.38583 14.47442 14.56339 14.65237 14.73977 14.8256 14.90946 14.99213 15.07402 15.15473 15.23032 15.30276 15.37166 15.43662 15.49922 15.55828 15.61615 15.66969 15.72284 15.77284 15.82048 15.86379 15.90473 15.94371 15.9815 16.01851 16.05119 16.08229 16.10946 16.13544
-9999 -9999 11.07993 11.08859 11.14686 11.19804 11.25276 11.32245 11.40473 11.49253 11.5815 11.67363 11.76615 11.85946 11.95276 12.04568 12.13977 12.23426 12.32914 12.42402 12.52245 12.62008 12.71339 12.80709 12.9004 12.99449 13.08859 13.18308 13.27717 13.37009 13.46261 13.55513 13.64843 13.74331 13.83859 13.93387 14.02678 14.1193 14.20788 14.29686 14.38583 14.47442 14.56339 14.65158 14.73938 14.82442 14.90906 14.99056 15.07127 15.14646 15.21851 15.28505 15.34883 15.41024 15.46812 15.52481 15.57835 15.63111 15.67993 15.72678 15.76969 15.81182 15.85355 15.89213 15.92993 15.96379 15.99646 16.02521 16.05316
-9999 -9999 -9999 -9999 11.15631 11.18938 11.25001 11.313 11.37914 11.45906 11.54449 11.63505 11.7256 11.81457 11.90512 11.99804 12.09016 12.18229 12.27442 12.36694 12.46103 12.55512 12.64922 12.74213 12.83229 12.92402 13.01654 13.10946 13.20237 13.2941 13.38505 13.4756 13.56694 13.65985 13.75394 13.84883 13.94135 14.03308 14.12205 14.21103 14.29922 14.38741 14.47481 14.563 14.65198 14.73898 14.8256 14.90591 14.98505 15.05985 15.13032 15.19528 15.25749 15.31772 15.37442 15.42993 15.48347 15.53583 15.58387 15.62993 15.67324 15.71654 15.75906 15.80001 15.84017 15.87402 15.90749 15.93898 15.96812
-9999 -9999 -9999 -9999 11.16378 11.18938 11.25119 11.3063 11.36733 11.43938 11.51575 11.60158 11.6882 11.77442 11.8626 11.95316 12.04371 12.13347 12.22323 12.31339 12.40394 12.49528 12.5882 12.67953 12.76772 12.85709 12.94725 13.03859 13.12993 13.22009 13.30985 13.39883 13.48859 13.57953 13.67205 13.76536 13.8567 13.94765 14.03662 14.1252 14.213 14.30079 14.3878 14.47599 14.56497 14.65237 14.73938 14.8189 14.89725 14.97048 15.04056 15.10473 15.16576 15.22402 15.27993 15.33505 15.3882 15.44056 15.4882 15.53465 15.57875 15.62245 15.66615 15.70828 15.74922 15.78465 15.8193 15.85198 15.88269
-9999 -9999 -9999 -9999 -9999 -9999 11.25827 11.30276 11.37205 11.43583 11.49725 11.5752 11.65473 11.74056 11.82599 11.91221 12.00001 12.08898 12.17638 12.26339 12.35276 12.44253 12.53071 12.6189 12.70709 12.79449 12.8815 12.97048 13.06024 13.14883 13.23741 13.32599 13.41497 13.50394 13.59371 13.68387 13.77363 13.86261 13.95119 14.03977 14.12757 14.21497 14.30237 14.39017 14.47914 14.56457 14.64922 14.72914 14.80709 14.87875 14.94765 15.01261 15.07284 15.12993 15.18505 15.23977 15.29253 15.3441 15.39371 15.44135 15.48702 15.5315 15.5756 15.61694 15.65749 15.69528 15.7315 15.76458 15.79568
-9999 -9999 -9999 -9999 -9999 -9999 11.26182 11.30119 11.37402 11.44567 11.49331 11.56142 11.63308 11.7126 11.79371 11.87678 11.96182 12.04804 12.13386 12.2193 12.30552 12.39174 12.47717 12.5626 12.64883 12.73426 12.8193 12.90591 12.99331 13.08032 13.16733 13.25434 13.34135 13.42835 13.51615 13.60473 13.69292 13.78111 13.86851 13.95591 14.04331 14.13072 14.21772 14.30473 14.39174 14.47599 14.55946 14.6382 14.71536 14.78583 14.85394 14.91772 14.97717 15.03426 15.08977 15.14489 15.19765 15.24961 15.30001 15.34922 15.39607 15.44135 15.48584 15.52717 15.56772 15.60709 15.64489 15.67796 15.71024
-9999 -9999 -9999 -9999 -9999 -9999 -9999 -9999 -9999 -9999 11.49804 11.55591 11.61851 11.68898 11.76339 11.84489 11.92678 12.00906 12.09371 12.17914 12.26103 12.34292 12.4256 12.50867 12.59253 12.67599 12.75906 12.84371 12.92875 13.01379 13.09883 13.18386 13.26851 13.35316 13.43938 13.52678 13.61418 13.70158 13.78701 13.87324 13.96024 14.04725 14.13465 14.21969 14.30316 14.38662 14.47009 14.54686 14.62245 14.69253 14.75906 14.82009 14.87954 14.93741 14.9941 15.05001 15.10316 15.15591 15.20709 15.25709 15.30591 15.35198 15.39686 15.4382 15.47914 15.51969 15.55867 15.59213 15.62521
-9999 -9999 -9999 -9999 -9999 -9999 -9999 -9999 -9999 -9999 11.49528 11.54528 11.6004 11.66654 11.73701 11.81654 11.89646 11.97717 12.05827 12.13977 12.22009 12.30001 12.37914 12.45946 12.54056 12.62127 12.70158 12.78347 12.86615 12.94961 13.03268 13.11418 13.19646 13.27914 13.36379 13.44922 13.53505 13.62048 13.70591 13.79174 13.87835 13.96497 14.05158 14.13583 14.21851 14.30001 14.38111 14.45591 14.52954 14.59765 14.66261 14.72363 14.78308 14.84135 14.89804 14.95473 15.00946 15.06379 15.11536 15.16615 15.21576 15.263 15.30906 15.35237 15.39489 15.43544 15.47442 15.50946 15.54371
-9999 -9999 -9999 -9999 -9999 -9999 -9999 -9999 -9999 -9999 11.49056 11.53347 11.58111 11.6441 11.71182 11.78938 11.86772 11.94686 12.02402 12.1004 12.18032 12.25906 12.33465 12.41103 12.49016 12.56772 12.6441 12.72363 12.80434 12.88623 12.96733 13.04528 13.12442 13.20591 13.28859 13.37205 13.45552 13.53938 13.62481 13.71064 13.79686 13.88268 13.9689 14.05276 14.13544 14.21418 14.29213 14.36536 14.43662 14.50198 14.56576 14.62757 14.68702 14.74489 14.80237 14.85946 14.91615 14.97166 15.02442 15.0756 15.12599 15.17442 15.22206 15.26733 15.31221 15.35198 15.39095 15.42796 15.46379
-9999 -9999 -9999 -9999 -9999 -9999 -9999 -9999 -9999 -9999 11.4689 11.51536 11.56615 11.62717 11.69253 11.76694 11.84174 11.91693 11.99253 12.06812 12.1441 12.21969 12.29371 12.36772 12.44213 12.51733 12.59331 12.66969 12.74686 12.82481 12.90316 12.98032 13.05749 13.13583 13.21575 13.29646 13.37875 13.46142 13.54646 13.6315 13.71654 13.80198 13.88702 13.97009 14.05237 14.13032 14.20749 14.27796 14.34686 14.41064 14.47324 14.53347 14.59253 14.65079 14.70867 14.76654 14.82402 14.88072 14.93583 14.98898 15.03977 15.08938 15.13859 15.18387 15.22875 15.27048 15.31103 15.34883 15.38505
-9999 -9999 -9999 -9999 -9999 -9999 -9999 -9999 -9999 -9999 11.44646 11.49725 11.55119 11.61064 11.67402 11.74489 11.81615 11.8878 11.96182 12.03623 12.10827 12.18032 12.25276 12.32442 12.3945 12.46733 12.54292 12.61654 12.68977 12.76457 12.83938 12.91575 12.99135 13.06615 13.14331 13.22205 13.30276 13.38426 13.46812 13.55237 13.63702 13.72166 13.80552 13.8878 13.9693 14.04725 14.12363 14.19095 14.25749 14.32048 14.3819 14.44016 14.49883 14.55709 14.61536 14.67402 14.7319 14.79016 14.84765 14.90276 14.95434 15.00513 15.05552 15.10079 15.14528 15.18938 15.2319 15.27009 15.30631
-9999 -9999 -9999 -9999 -9999 -9999 -9999 -9999 11.35591 11.39725 11.42993 11.47875 11.53111 11.59331 11.65749 11.7252 11.7941 11.86418 11.93386 12.00355 12.07402 12.14449 12.2126 12.2819 12.35237 12.42284 12.49371 12.56497 12.63662 12.70867 12.78071 12.85473 12.92796 13.00119 13.07599 13.15158 13.23072 13.31103 13.39371 13.47678 13.56064 13.6445 13.72835 13.81024 13.89016 13.96536 14.03938 14.1067 14.17324 14.23505 14.29528 14.35394 14.41261 14.47166 14.53032 14.58859 14.64725 14.70552 14.76379 14.82048 14.87442 14.92599 14.97639 15.02284 15.06851 15.11103 15.15237 15.19174 15.22993
-9999 -9999 -9999 -9999 -9999 -9999 -9999 -9999 11.35434 11.38071 11.41536 11.463 11.51379 11.57757 11.64174 11.70631 11.77284 11.84056 11.90631 11.97166 12.04016 12.10827 12.17363 12.24056 12.31024 12.37835 12.44528 12.51418 12.58387 12.65355 12.72324 12.79449 12.86576 12.9378 13.01024 13.08308 13.16064 13.23938 13.32087 13.40276 13.48583 13.5689 13.65198 13.73268 13.81142 13.88465 13.95631 14.02324 14.08898 14.15001 14.20985 14.2689 14.32796 14.38702 14.44607 14.50473 14.56379 14.62245 14.68072 14.7382 14.7945 14.84686 14.89725 14.94528 14.99213 15.03308 15.07402 15.11457 15.15434
-9999 -9999 -9999 -9999 -9999 -9999 -9999 -9999 11.34804 11.37323 11.4067 11.45512 11.50591 11.56694 11.62835 11.69056 11.75355 11.81733 11.88032 11.94331 12.00788 12.07284 12.13898 12.20434 12.26851 12.33386 12.39961 12.46615 12.53308 12.60119 12.6689 12.7378 12.80749 12.87796 12.94961 13.02205 13.09764 13.17402 13.25355 13.33347 13.41536 13.49686 13.57796 13.65709 13.73465 13.80631 13.87717 13.94253 14.00709 14.06812 14.12835 14.18702 14.24725 14.30788 14.36694 14.42599 14.48505 14.54371 14.60119 14.65828 14.71536 14.76891 14.82048 14.86891 14.91654 14.95788 14.99922 15.04174 15.08229
-9999 -9999 -9999 -9999 -9999 -9999 -9999 -9999 11.34174 11.36654 11.39961 11.44804 11.49883 11.5567 11.61536 11.67481 11.73465 11.79489 11.85552 11.91575 11.97756 12.03977 12.10434 12.16733 12.22835 12.29095 12.35473 12.4193 12.48347 12.55001 12.61615 12.68347 12.75119 12.82009 12.89056 12.96221 13.03583 13.11064 13.1882 13.26654 13.34646 13.42638 13.50513 13.58268 13.65906 13.72953 13.79922 13.863 13.92638 13.98741 14.04764 14.10709 14.16772 14.22914 14.28938 14.34883 14.40749 14.46615 14.52324 14.57993 14.63662 14.69135 14.7445 14.79331 14.84095 14.88387 14.92678 14.96969 15.01024
-9999 -9999 -9999 -9999 -9999 -9999 -9999 -9999 11.33583 11.36182 11.39607 11.44292 11.49174 11.54764 11.60355 11.65906 11.71615 11.77442 11.83229 11.88977 11.9504 12.01103 12.06969 12.12953 12.19016 12.25079 12.31103 12.37323 12.43623 12.50079 12.56575 12.63268 12.69883 12.76536 12.83387 12.90434 12.97678 13.05001 13.12678 13.20355 13.2815 13.35867 13.43544 13.51064 13.58505 13.65512 13.72363 13.78662 13.84922 13.90906 13.9693 14.02993 14.09135 14.15276 14.21379 14.27481 14.33268 14.39056 14.44765 14.50434 14.55985 14.61497 14.66969 14.71812 14.76497 14.81182 14.85709 14.89804 14.93898
-9999 -9999 -9999 -9999 -9999 -9999 -9999 -9999 11.33386 11.35867 11.39174 11.43701 11.48426 11.5378 11.59095 11.64371 11.69804 11.75394 11.80985 11.86575 11.92363 11.98111 12.03701 12.0941 12.15355 12.21221 12.26969 12.32953 12.39056 12.45355 12.51694 12.5819 12.64686 12.71103 12.77796 12.84686 12.91851 12.99016 13.06536 13.14016 13.21654 13.29213 13.36733 13.44095 13.51339 13.58229 13.65001 13.71182 13.77324 13.83347 13.8941 13.95591 14.01733 14.07914 14.14056 14.20158 14.25946 14.31733 14.37481 14.4319 14.4878 14.54213 14.59568 14.6445 14.69253 14.74095 14.78741 14.82875 14.86969
-9999 -9999 -9999 -9999 -9999 -9999 -9999 -9999 11.33465 11.35709 11.38701 11.43071 11.47599 11.52678 11.57757 11.62875 11.68071 11.73386 11.78859 11.8441 11.89764 11.95119 12.00591 12.06182 12.11851 12.17481 12.23071 12.2882 12.34607 12.40788 12.46969 12.5319 12.59449 12.65749 12.72284 12.79016 12.86024 12.93111 13.00355 13.07678 13.15198 13.22678 13.30079 13.37284 13.44371 13.51103 13.57717 13.6382 13.69922 13.76064 13.82205 13.88426 13.94607 14.00828 14.06851 14.12875 14.1882 14.24686 14.30473 14.36221 14.41969 14.47245 14.52245 14.57324 14.62324 14.67087 14.71694 14.76103 14.80276
-9999 -9999 -9999 -9999 -9999 -9999 -9999 -9999 11.33583 11.35749 11.38583 11.4252 11.46694 11.51575 11.56457 11.61418 11.66457 11.71575 11.76851 11.82166 11.87284 11.92402 11.97756 12.0315 12.08544 12.13898 12.19292 12.24883 12.30552 12.36418 12.42323 12.48386 12.54489 12.60709 12.67048 12.73505 12.80276 12.87166 12.94331 13.01575 13.08977 13.16339 13.23701 13.30827 13.37796 13.4441 13.50946 13.57009 13.63111 13.69213 13.75394 13.81615 13.87796 13.94016 14.00119 14.06221 14.12127 14.17993 14.2382 14.29489 14.3504 14.40355 14.45513 14.50591 14.55631 14.60434 14.65119 14.69528 14.73741
-9999 -9999 -9999 -9999 -9999 -9999 -9999 -9999 11.33741 11.35788 11.38544 11.42008 11.45709 11.50434 11.55197 11.59961 11.64843 11.69804 11.74843 11.79922 11.84843 11.89843 11.9504 12.00198 12.05316 12.10434 12.15552 12.21064 12.26654 12.32166 12.37717 12.43623 12.49646 12.55788 12.6193 12.68072 12.74607 12.81221 12.88387 12.95552 13.02875 13.10158 13.17402 13.24489 13.31418 13.37993 13.4441 13.50513 13.56615 13.62638 13.68741 13.74961 13.81182 13.87402 13.93623 13.99843 14.0567 14.11497 14.17324 14.22875 14.28072 14.33505 14.39017 14.44095 14.49056 14.53977 14.58702 14.63032 14.67284
-9999 -9999 -9999 -9999 -9999 -9999 -9999 -9999 11.33741 11.36536 11.38505 11.41851 11.45434 11.49764 11.54213 11.58819 11.63505 11.6819 11.72953 11.77757 11.82678 11.87599 11.92481 11.97402 12.02363 12.07323 12.12245 12.17481 12.22796 12.2819 12.33623 12.39292 12.45079 12.51024 12.56969 12.62953 12.69253 12.75631 12.82678 12.89764 12.9693 13.04135 13.113 13.18347 13.25276 13.31812 13.38308 13.4441 13.50552 13.56575 13.62638 13.6878 13.75001 13.81261 13.87442 13.93583 13.99528 14.05394 14.11024 14.16497 14.21772 14.27205 14.32717 14.37835 14.42875 14.4756 14.52166 14.56772 14.61182
-9999 -9999 -9999 -9999 -9999 -9999 -9999 -9999 -9999 -9999 11.38465 11.41772 11.45316 11.49174 11.53268 11.57757 11.62166 11.66536 11.71064 11.75631 11.80552 11.85434 11.89961 11.94607 11.9941 12.04213 12.09016 12.13938 12.18898 12.24253 12.29607 12.3504 12.40552 12.4626 12.52048 12.57875 12.63938 12.70079 12.77009 12.83977 12.91064 12.9815 13.05237 13.12245 13.19135 13.25709 13.32245 13.38426 13.44568 13.50631 13.56654 13.62717 13.68938 13.75237 13.813 13.87363 13.93426 13.99371 14.04804 14.10198 14.15631 14.21024 14.26457 14.31654 14.36812 14.41142 14.45631 14.50552 14.55119
-9999 -9999 -9999 -9999 -9999 -9999 -9999 -9999 -9999 -9999 11.39213 11.41851 11.44725 11.48347 11.52245 11.56615 11.60906 11.65237 11.69607 11.74056 11.78583 11.83111 11.8752 11.91969 11.96575 12.013 12.06142 12.10827 12.15434 12.20552 12.25709 12.30985 12.363 12.41772 12.47363 12.53032 12.59095 12.65197 12.71812 12.78426 12.85316 12.92245 12.99253 13.06221 13.13072 13.19686 13.26221 13.32481 13.38701 13.44804 13.50867 13.56969 13.63111 13.69292 13.75394 13.81497 13.87481 13.93347 13.98898 14.04371 14.09686 14.15001 14.20316 14.25434 14.30513 14.35158 14.39843 14.4445 14.4882
-9999 -9999 -9999 -9999 -9999 -9999 -9999 -9999 -9999 -9999 11.39804 11.4189 11.44292 11.47638 11.513 11.55473 11.59725 11.63977 11.68229 11.72481 11.76654 11.80867 11.85119 11.8941 11.9378 11.98426 12.03229 12.07678 12.12048 12.1689 12.21851 12.26969 12.32166 12.37363 12.42757 12.48308 12.54292 12.60355 12.66615 12.72953 12.79607 12.86379 12.93308 13.00198 13.07048 13.13701 13.20276 13.26575 13.32835 13.38938 13.45079 13.51182 13.57284 13.63426 13.69528 13.75631 13.81536 13.87402 13.93072 13.98544 14.0378 14.09017 14.14213 14.19253 14.24292 14.29253 14.34056 14.38387 14.42599
-9999 -9999 -9999 -9999 -9999 -9999 -9999 -9999 -9999 -9999 11.39764 11.42008 11.4441 11.47284 11.5063 11.54686 11.5878 11.62914 11.6693 11.70867 11.74922 11.79016 11.83032 11.87166 11.91418 11.95749 12.00198 12.04607 12.09016 12.13583 12.18229 12.23386 12.28426 12.33426 12.38662 12.44095 12.49764 12.55473 12.61654 12.67835 12.74253 12.80788 12.8752 12.94292 13.01142 13.07796 13.14371 13.20631 13.26851 13.33032 13.39213 13.45316 13.51457 13.57638 13.6378 13.69922 13.75828 13.81654 13.87245 13.92717 13.9815 14.03268 14.08268 14.13387 14.18505 14.23505 14.28347 14.32678 14.36851
-9999 -9999 -9999 -9999 -9999 -9999 -9999 -9999 -9999 -9999 11.39764 11.42363 11.44646 11.47245 11.50276 11.54016 11.57875 11.61851 11.65631 11.69371 11.73268 11.77166 11.81064 11.8504 11.89095 11.9319 11.97245 12.01615 12.06064 12.10355 12.14804 12.19804 12.24764 12.29607 12.34686 12.39922 12.45355 12.50827 12.56772 12.62796 12.69056 12.75394 12.8193 12.88623 12.95394 13.01969 13.08544 13.14764 13.20985 13.27166 13.33387 13.39528 13.45709 13.5189 13.58032 13.64135 13.70119 13.75946 13.81497 13.87009 13.92481 13.9756 14.02442 14.07599 14.12796 14.17835 14.22678 14.27009 14.31182
-9999 -9999 -9999 -9999 -9999 -9999 -9999 -9999 -9999 -9999 -9999 11.43583 11.44961 11.47678 11.50512 11.53583 11.57048 11.60788 11.64449 11.68071 11.71694 11.75355 11.79253 11.83072 11.86851 11.90709 11.94568 11.9882 12.0315 12.07442 12.11812 12.16379 12.21142 12.26103 12.31024 12.35946 12.41221 12.46575 12.52245 12.57993 12.64253 12.70512 12.76812 12.83308 12.89922 12.96418 13.02875 13.09095 13.15316 13.21457 13.27638 13.33859 13.4004 13.46261 13.52324 13.58347 13.64331 13.70237 13.75946 13.81497 13.86851 13.91969 13.97009 14.02087 14.07205 14.12245 14.17127 14.21457 14.25631
-9999 -9999 -9999 -9999 -9999 -9999 -9999 -9999 -9999 -9999 -9999 11.44646 11.45237 11.48111 11.50473 11.5315 11.563 11.59764 11.63268 11.66772 11.70197 11.73662 11.77363 11.81064 11.84686 11.88386 11.92087 11.96182 12.00394 12.04607 12.08819 12.1315 12.17678 12.2256 12.27363 12.32166 12.37284 12.42481 12.48032 12.53662 12.59725 12.65788 12.71969 12.78268 12.84686 12.91103 12.97481 13.03701 13.09883 13.16024 13.22166 13.28347 13.34528 13.40709 13.46733 13.52717 13.58741 13.64686 13.70394 13.75946 13.81261 13.86497 13.91615 13.96694 14.01772 14.06772 14.11615 14.15985 14.20119
-9999 -9999 -9999 -9999 -9999 -9999 -9999 -9999 -9999 -9999 -9999 -9999 -9999 11.48701 11.50119 11.52796 11.55709 11.58741 11.62087 11.65512 11.6882 11.72166 11.75512 11.78938 11.82599 11.86221 11.89843 11.9378 11.97756 12.01772 12.05827 12.1004 12.14449 12.19016 12.23741 12.28544 12.33505 12.38544 12.44213 12.49883 12.55512 12.613 12.67363 12.73544 12.79764 12.86103 12.92481 12.98583 13.04686 13.10827 13.16969 13.23111 13.29174 13.35237 13.41261 13.47284 13.53347 13.59292 13.64922 13.70394 13.75749 13.81064 13.86339 13.91457 13.96536 14.01457 14.06221 14.10591 14.14686
