Sensitivity testing/Dynamic_input/Gridded_rain/prism_ppt_tutuila_30yr_normal_08.asc
ncols         700
nrows         400
xllcorner     515000
yllcorner     8409000
cellsize      50
NODATA_value  -9999
[rows 217 to 247 of 400, columns 0 to 68 of 700]
-9999 -9999 -9999 -9999 -9999 -9999 -9999 -9999 -9999 -9999 -9999 -9999 -9999 -9999 -9999 -9999 -9999 -9999 -9999 -9999 -9999 -9999 -9999 -9999 -9999 -9999 -9999 -9999 -9999 -9999 -9999 -9999 -9999 -9999 -9999 -9999 -9999 -9999 -9999 -9999 -9999 -9999 -9999 -9999 -9999 -9999 -9999 -9999 -9999 -9999 -9999 -9999 7.888193 7.894099 7.932681 7.966539 7.995673 8.039768 8.095674 8.154729 8.214965 8.277957 8.341737 8.409453 8.47717 8.545673 8.615752 8.687013 8.759847
-9999 -9999 -9999 -9999 -9999 -9999 -9999 -9999 -9999 -9999 -9999 -9999 -9999 -9999 -9999 -9999 -9999 -9999 -9999 -9999 -9999 -9999 -9999 -9999 -9999 -9999 -9999 -9999 -9999 -9999 -9999 -9999 -9999 -9999 -9999 -9999 -9999 -9999 -9999 -9999 -9999 -9999 -9999 -9999 -9999 -9999 -9999 -9999 -9999 -9999 -9999 -9999 7.885044 7.907485 7.941736 7.979138 8.022839 8.074413 8.131894 8.192918 8.254728 8.319296 8.384256 8.452761 8.522052 8.592131 8.662996 8.734651 8.808272
-9999 -9999 -9999 -9999 -9999 -9999 -9999 -9999 -9999 -9999 -9999 -9999 -9999 -9999 -9999 -9999 -9999 -9999 -9999 -9999 -9999 -9999 -9999 -9999 -9999 -9999 -9999 -9999 -9999 -9999 -9999 -9999 -9999 -9999 -9999 -9999 -9999 -9999 -9999 -9999 -9999 -9999 -9999 -9999 -9999 -9999 -9999 -9999 -9999 -9999 -9999 7.846854 7.884256 7.922051 7.951972 7.992524 8.051972 8.110634 8.168509 8.230713 8.294099 8.360241 8.42717 8.496067 8.56654 8.638193 8.71024 8.781895 8.856304
-9999 -9999 -9999 -9999 -9999 -9999 -9999 -9999 -9999 -9999 -9999 -9999 -9999 -9999 -9999 -9999 -9999 -9999 -9999 -9999 -9999 -9999 -9999 -9999 -9999 -9999 -9999 -9999 -9999 -9999 -9999 -9999 -9999 -9999 -9999 -9999 -9999 -9999 -9999 -9999 -9999 -9999 -9999 -9999 -9999 -9999 -9999 -9999 -9999 7.807878 7.838587 7.862209 7.894492 7.929925 7.975595 8.025989 8.08465 8.144098 8.204335 8.267721 8.331894 8.400004 8.468115 8.537406 8.607879 8.680713 8.753942 8.827563 8.903548
-9999 -9999 -9999 -9999 -9999 -9999 -9999 -9999 -9999 -9999 -9999 -9999 -9999 -9999 -9999 -9999 -9999 -9999 -9999 -9999 -9999 -9999 -9999 -9999 -9999 -9999 -9999 -9999 -9999 -9999 -9999 -9999 -9999 -9999 -9999 -9999 -9999 -9999 -9999 -9999 -9999 -9999 -9999 -9999 -9999 -9999 -9999 -9999 -9999 7.809846 7.837799 7.874413 7.906697 7.94213 8.000398 8.058271 8.116933 8.177564 8.239768 8.304335 8.369689 8.438587 8.508272 8.577957 8.648824 8.722445 8.796855 8.872445 8.949611
-9999 -9999 -9999 -9999 -9999 -9999 -9999 -9999 -9999 -9999 -9999 -9999 -9999 -9999 -9999 -9999 -9999 -9999 -9999 -9999 -9999 -9999 -9999 -9999 -9999 -9999 -9999 -9999 -9999 -9999 -9999 -9999 -9999 -9999 -9999 -9999 -9999 -9999 -9999 -9999 -9999 -9999 -9999 -9999 -9999 -9999 -9999 7.775988 7.794492 7.818114 7.846067 7.877563 7.92402 7.972445 8.029925 8.088193 8.149217 8.211028 8.273232 8.338981 8.406303 8.474808 8.543705 8.616146 8.688193 8.761028 8.836225 8.91339 8.99213
-9999 -9999 -9999 -9999 -9999 -9999 -9999 -9999 -9999 -9999 -9999 -9999 -9999 -9999 -9999 -9999 -9999 -9999 -9999 -9999 -9999 -9999 -9999 -9999 -9999 -9999 -9999 -9999 -9999 -9999 -9999 -9999 -9999 -9999 -9999 -9999 -9999 -9999 -9999 -9999 -9999 -9999 -9999 -9999 -9999 -9999 -9999 7.7815 7.797248 7.825594 7.85709 7.88898 7.944492 8.001579 8.059059 8.117721 8.179926 8.242918 8.30591 8.372839 8.440949 8.509847 8.579138 8.652761 8.725988 8.798823 8.874807 8.952761 9.032289
-9999 -9999 -9999 -9999 -9999 -9999 -9999 -9999 -9999 -9999 -9999 -9999 -9999 -9999 -9999 -9999 -9999 -9999 -9999 -9999 -9999 -9999 -9999 -9999 -9999 -9999 -9999 -9999 -9999 -9999 -9999 -9999 -9999 -9999 -9999 -9999 -9999 -9999 -9999 -9999 -9999 -9999 -9999 -9999 -9999 -9999 -9999 7.796854 7.809846 7.833862 7.872445 7.916146 7.971264 8.027957 8.087012 8.146854 8.208272 8.272052 8.337406 8.405123 8.473232 8.543311 8.614178 8.687406 8.760634 8.835438 8.911422 8.988981 9.069296
-9999 -9999 -9999 -9999 -9999 -9999 -9999 -9999 -9999 -9999 -9999 -9999 -9999 -9999 -9999 -9999 -9999 -9999 -9999 -9999 -9999 -9999 -9999 -9999 -9999 -9999 -9999 -9999 -9999 -9999 -9999 -9999 -9999 -9999 -9999 -9999 -9999 -9999 -9999 -9999 -9999 -9999 -9999 -9999 -9999 -9999 -9999 7.809453 7.822839 7.848035 7.890949 7.939374 7.996067 8.053154 8.112996 8.173626 8.235437 8.300004 8.36654 8.43465 8.503942 8.574414 8.645674 8.719296 8.793312 8.868902 8.945674 9.02402 9.104729
-9999 -9999 -9999 -9999 -9999 -9999 -9999 -9999 -9999 -9999 -9999 -9999 -9999 -9999 -9999 -9999 -9999 -9999 -9999 -9999 -9999 -9999 -9999 -9999 -9999 -9999 -9999 -9999 -9999 -9999 -9999 -9999 -9999 -9999 -9999 -9999 -9999 -9999 -9999 -9999 -9999 -9999 -9999 -9999 -9999 -9999 -9999 7.819689 7.836618 7.868114 7.911815 7.959846 8.018508 8.077563 8.137405 8.198429 8.262209 8.327169 8.392524 8.462209 8.533075 8.603154 8.67402 8.749217 8.824414 8.900004 8.977958 9.057878 9.139375
-9999 -9999 -9999 -9999 -9999 -9999 -9999 -9999 -9999 -9999 -9999 -9999 -9999 -9999 -9999 -9999 -9999 -9999 -9999 -9999 -9999 -9999 -9999 -9999 -9999 -9999 -9999 -9999 -9999 -9999 -9999 -9999 -9999 -9999 -9999 -9999 -9999 -9999 -9999 -9999 -9999 -9999 -9999 -9999 -9999 -9999 -9999 7.829925 7.850004 7.887012 7.9315 7.978744 8.038193 8.09843 8.15906 8.221658 8.286224 8.351579 8.417721 8.487012 8.557485 8.629532 8.701973 8.77717 8.85276 8.929138 9.007878 9.088588 9.170083
-9999 -9999 -9999 -9999 -9999 -9999 -9999 -9999 -9999 -9999 -9999 -9999 -9999 -9999 -9999 -9999 -9999 -9999 -9999 -9999 -9999 -9999 -9999 -9999 -9999 -9999 -9999 -9999 -9999 -9999 -9999 -9999 -9999 -9999 -9999 -9999 -9999 -9999 -9999 -9999 -9999 -9999 -9999 -9999 -9999 -9999 -9999 7.840555 7.86339 7.905516 7.950791 7.997248 8.056697 8.117327 8.179926 8.243311 8.309059 8.375201 8.44213 8.510634 8.579532 8.654729 8.729926 8.804336 8.879926 8.957091 9.036619 9.117328 9.199218
-9999 -9999 -9999 -9999 -9999 -9999 -9999 -9999 -9999 -9999 -9999 -9999 -9999 -9999 -9999 -9999 -9999 -9999 -9999 -9999 -9999 -9999 -9999 -9999 -9999 -9999 -9999 -9999 -9999 -9999 -9999 -9999 -9999 -9999 -9999 -9999 -9999 -9999 -9999 -9999 -9999 -9999 -9999 -9999 -9999 -9999 -9999 7.835043 7.867721 7.912996 7.962996 8.014177 8.074019 8.13465 8.198035 8.262603 8.328351 8.394886 8.461816 8.531501 8.60158 8.675989 8.750792 8.826383 8.903154 8.980713 9.060241 9.140949 9.223627
-9999 -9999 -9999 -9999 -9999 -9999 -9999 -9999 -9999 -9999 -9999 -9999 -9999 -9999 -9999 -9999 -9999 -9999 -9999 -9999 -9999 -9999 -9999 -9999 -9999 -9999 -9999 -9999 -9999 -9999 -9999 7.194098 7.194098 -9999 -9999 -9999 -9999 -9999 -9999 -9999 -9999 -9999 -9999 7.71339 7.718902 7.757091 7.794098 7.828351 7.870083 7.918114 7.973626 8.031107 8.090949 8.151579 8.216146 8.281107 8.346854 8.41339 8.480713 8.551579 8.623233 8.696461 8.770477 8.847642 8.925201 9.003154 9.082682 9.163784 9.247249
-9999 -9999 -9999 -9999 -9999 -9999 -9999 -9999 -9999 -9999 -9999 -9999 -9999 -9999 -9999 -9999 -9999 -9999 -9999 -9999 -9999 -9999 -9999 -9999 -9999 -9999 -9999 -9999 -9999 7.175594 7.184256 7.194098 7.209059 7.241342 -9999 -9999 7.395673 7.409846 7.45276 7.490161 7.523626 7.566933 7.61339 7.673626 7.707878 7.750004 7.791736 7.832681 7.879138 7.929925 7.985831 8.043705 8.105123 8.166933 8.230713 8.294887 8.360241 8.427564 8.496067 8.567327 8.639375 8.712603 8.786225 8.862209 8.939769 9.019296 9.100005 9.181894 9.265359
-9999 -9999 -9999 -9999 -9999 -9999 -9999 -9999 -9999 -9999 -9999 -9999 -9999 -9999 -9999 -9999 -9999 -9999 -9999 -9999 -9999 -9999 -9999 -9999 -9999 -9999 -9999 -9999 -9999 7.174019 7.181893 7.194886 7.21772 7.244492 -9999 -9999 7.392523 7.409846 7.451972 7.489768 7.523626 7.566933 7.61339 7.65591 7.698823 7.744492 7.790555 7.837799 7.888193 7.941736 7.998035 8.05591 8.118508 8.181107 8.244493 8.308272 8.373233 8.440949 8.511028 8.582682 8.654335 8.727564 8.801186 8.876383 8.953547 9.03465 9.11654 9.199218 9.281895
-9999 -9999 -9999 -9999 -9999 -9999 -9999 -9999 -9999 -9999 -9999 -9999 -9999 -9999 -9999 -9999 -9999 -9999 -9999 -9999 -9999 -9999 -9999 -9999 -9999 -9999 -9999 7.137799 7.147248 7.167326 7.182287 7.198822 7.22402 7.253153 7.283468 7.333862 7.377563 7.409452 7.447248 7.485043 7.523232 7.566933 7.612209 7.656697 7.701185 7.748823 7.797248 7.847248 7.899217 7.952366 8.009059 8.06654 8.127957 8.189374 8.253548 8.318508 8.385044 8.453154 8.522839 8.594099 8.666146 8.738587 8.811815 8.888981 8.96654 9.046067 9.126777 9.20906 9.292524
-9999 -9999 -9999 -9999 -9999 -9999 -9999 -9999 -9999 -9999 -9999 -9999 -9999 -9999 -9999 -9999 -9999 -9999 -9999 -9999 -9999 -9999 -9999 -9999 -9999 -9999 -9999 7.132681 7.142917 7.162209 7.181893 7.201972 7.229925 7.261027 7.296461 7.332681 7.371657 7.409059 7.444492 7.483075 7.52402 7.56772 7.612602 7.658272 7.704729 7.753941 7.803941 7.855909 7.908666 7.962209 8.018902 8.075989 8.136225 8.197248 8.261815 8.327563 8.39528 8.463784 8.532681 8.603941 8.675989 8.748036 8.821658 8.899611 8.977564 9.05591 9.136225 9.217721 9.301579
-9999 -9999 -9999 -9999 -9999 -9999 -9999 -9999 -9999 -9999 -9999 -9999 -9999 -9999 -9999 -9999 -9999 -9999 -9999 -9999 -9999 -9999 -9999 -9999 -9999 7.096066 7.09961 7.121657 7.13898 7.157484 7.179531 7.204728 7.235043 7.266933 7.301579 7.336618 7.373232 7.41024 7.447642 7.486618 7.527169 7.570477 7.614964 7.661815 7.709453 7.759453 7.81024 7.862209 7.915359 7.970083 8.025989 8.082288 8.142524 8.203941 8.268508 8.334256 8.401973 8.470477 8.539768 8.610241 8.6815 8.754729 8.828745 8.90591 8.983863 9.062209 9.142525 9.224414 9.307485
-9999 -9999 -9999 -9999 -9999 -9999 -9999 -9999 -9999 -9999 -9999 -9999 -9999 -9999 -9999 -9999 -9999 -9999 -9999 -9999 -9999 -9999 -9999 -9999 -9999 7.086224 7.09646 7.114964 7.134255 7.154728 7.179138 7.207484 7.23898 7.271264 7.305909 7.340949 7.375988 7.412602 7.450791 7.489768 7.529925 7.573232 7.617327 7.664965 7.71339 7.763783 7.814965 7.867327 7.92087 7.974807 8.030713 8.087406 8.148036 8.209453 8.27402 8.339375 8.406697 8.475202 8.544099 8.614572 8.685831 8.759454 8.833863 8.909847 8.987013 9.065753 9.146068 9.227564 9.310635
-9999 -9999 -9999 -9999 -9999 -9999 -9999 -9999 -9999 -9999 -9999 -9999 -9999 -9999 -9999 -9999 -9999 -9999 -9999 -9999 -9999 -9999 -9999 -9999 7.053941 7.074413 7.09213 7.109452 7.129138 7.153941 7.180712 7.209846 7.241342 7.27402 7.309453 7.344886 7.380319 7.416145 7.453941 7.492524 7.532681 7.575201 7.618902 7.667327 7.716146 7.766933 7.818508 7.871657 7.924414 7.97717 8.033468 8.090949 8.152367 8.214177 8.277957 8.342524 8.409453 8.476776 8.54528 8.61654 8.688193 8.762209 8.836225 8.911028 8.987013 9.065753 9.145674 9.226776 9.309847
-9999 -9999 -9999 -9999 -9999 -9999 -9999 -9999 -9999 -9999 -9999 -9999 -9999 -9999 -9999 -9999 -9999 -9999 -9999 -9999 -9999 -9999 -9999 -9999 7.050791 7.068508 7.087011 7.106303 7.127956 7.153941 7.181893 7.211421 7.243311 7.276381 7.312209 7.347641 7.383075 7.419295 7.455909 7.494492 7.534649 7.577563 7.62087 7.668901 7.717327 7.768114 7.819689 7.872838 7.925595 7.978744 8.035044 8.09213 8.153547 8.215359 8.278745 8.343311 8.409847 8.47717 8.54528 8.615752 8.687406 8.760634 8.834256 8.908666 8.984257 9.062603 9.141737 9.222052 9.304336
-9999 -9999 -9999 -9999 -9999 -9999 -9999 -9999 -9999 -9999 -9999 -9999 -9999 -9999 -9999 -9999 -9999 -9999 -9999 -9999 -9999 -9999 7.012208 7.027169 7.046067 7.062996 7.081106 7.104334 7.128744 7.154728 7.182681 7.212208 7.245279 7.279138 7.314571 7.350398 7.38583 7.421658 7.457484 7.495673 7.53583 7.579138 7.623626 7.670083 7.716933 7.767721 7.819295 7.871657 7.925201 7.979925 8.03583 8.092524 8.153153 8.214571 8.277957 8.342524 8.40906 8.476382 8.544493 8.614178 8.683863 8.756698 8.829926 8.904335 8.979532 9.057092 9.135832 9.215359 9.296461
-9999 -9999 -9999 -9999 -9999 -9999 -9999 -9999 -9999 -9999 -9999 -9999 -9999 -9999 -9999 -9999 -9999 -9999 -9999 -9999 -9999 -9999 7.006697 7.021657 7.039767 7.059846 7.080318 7.104728 7.129531 7.155909 7.183468 7.213389 7.245673 7.279138 7.314571 7.350398 7.386224 7.422051 7.458272 7.496854 7.537012 7.579532 7.622838 7.669689 7.716933 7.766933 7.81772 7.869296 7.922445 7.976776 8.033468 8.090555 8.150398 8.211028 8.274807 8.338981 8.404335 8.471264 8.539374 8.608273 8.67717 8.750005 8.822839 8.896461 8.971265 9.047643 9.125201 9.203941 9.284257
-9999 -9999 -9999 -9999 -9999 -9999 -9999 -9999 -9999 -9999 -9999 -9999 -9999 -9999 -9999 -9999 -9999 -9999 -9999 -9999 6.979137 6.986618 7.000791 7.016539 7.033468 7.056696 7.081106 7.105515 7.130713 7.156697 7.184649 7.214177 7.246067 7.278744 7.314177 7.350004 7.385437 7.421658 7.459059 7.497642 7.538193 7.579532 7.621264 7.668508 7.716539 7.765752 7.815752 7.866539 7.918902 7.972839 8.029531 8.087406 8.146854 8.206697 8.270476 8.334256 8.39843 8.464571 8.532681 8.601186 8.669296 8.74213 8.814965 8.888193 8.961816 9.036619 9.113391 9.190949 9.270477
-9999 -9999 -9999 -9999 -9999 -9999 -9999 -9999 -9999 -9999 -9999 -9999 -9999 -9999 -9999 -9999 -9999 -9999 -9999 -9999 6.977562 6.984649 6.998035 7.014964 7.033468 7.057484 7.0815 7.106303 7.131106 7.157484 7.185043 7.213783 7.245279 7.277956 7.312602 7.347641 7.383468 7.420083 7.457878 7.496854 7.536224 7.578351 7.62087 7.666933 7.71339 7.762996 7.812209 7.861422 7.912996 7.966933 8.022445 8.079138 8.138981 8.199611 8.261028 8.323233 8.387012 8.452761 8.519296 8.588193 8.657091 8.728745 8.800398 8.873627 8.946855 9.020871 9.096461 9.172839 9.251579
-9999 -9999 -9999 -9999 -9999 -9999 -9999 -9999 -9999 -9999 -9999 -9999 -9999 -9999 -9999 -9999 -9999 -9999 -9999 -9999 6.975988 6.982681 6.995673 7.013783 7.033862 7.057878 7.082287 7.106697 7.131894 7.157878 7.185043 7.212996 7.244492 7.277169 7.311421 7.345673 7.3815 7.418114 7.456697 7.495673 7.534256 7.576382 7.619689 7.664571 7.71024 7.759453 7.807878 7.855909 7.906697 7.96024 8.015359 8.070477 8.131106 8.191342 8.250792 8.311815 8.375201 8.440162 8.505516 8.574414 8.644099 8.714178 8.78465 8.857879 8.931107 9.004335 9.078745 9.153942 9.231501
-9999 -9999 -9999 -9999 -9999 -9999 -9999 -9999 -9999 -9999 -9999 -9999 -9999 -9999 -9999 -9999 -9999 -9999 -9999 -9999 6.974413 6.981894 6.996067 7.014571 7.034649 7.057878 7.0815 7.105909 7.130713 7.155909 7.183074 7.211815 7.242917 7.274807 7.308271 7.341736 7.37835 7.415358 7.452366 7.490949 7.530713 7.572445 7.614571 7.659453 7.704729 7.751579 7.799217 7.848823 7.899611 7.951579 8.006304 8.061421 8.119689 8.17835 8.237406 8.298036 8.360241 8.424414 8.489768 8.557485 8.625595 8.694886 8.764965 8.837406 8.909847 8.982288 9.05591 9.13032 9.206304
-9999 -9999 -9999 -9999 -9999 -9999 -9999 -9999 -9999 -9999 -9999 -9999 -9999 -9999 -9999 -9999 -9999 -9999 -9999 -9999 6.97402 6.981894 6.99646 7.014571 7.034649 7.05709 7.079925 7.104334 7.128744 7.153941 7.181106 7.21024 7.240949 7.272051 7.304728 7.338193 7.374807 7.411421 7.447248 7.485437 7.525594 7.566933 7.609059 7.653153 7.698035 7.742918 7.789768 7.840161 7.890949 7.94213 7.996461 8.051579 8.107878 8.164571 8.223626 8.283469 8.344493 8.407878 8.473232 8.539768 8.606303 8.675201 8.744493 8.815753 8.887406 8.95906 9.031895 9.105123 9.179532
-9999 -9999 -9999 -9999 -9999 -9999 -9999 -9999 -9999 -9999 -9999 -9999 -9999 -9999 -9999 -9999 -9999 -9999 -9999 -9999 6.976381 6.983468 6.997248 7.014177 7.031893 7.054728 7.077563 7.100791 7.125201 7.150791 7.177957 7.206697 7.237011 7.268114 7.300791 7.333862 7.369295 7.404728 7.440555 7.47835 7.51772 7.559059 7.600791 7.643705 7.686618 7.731894 7.777957 7.826776 7.878351 7.931107 7.98465 8.0378 8.093311 8.149611 8.207878 8.267327 8.327563 8.389768 8.453154 8.518902 8.585044 8.653547 8.722445 8.791343 8.861422 8.932288 9.003548 9.074414 9.148036
-9999 -9999 -9999 -9999 -9999 -9999 -9999 -9999 -9999 -9999 -9999 -9999 -9999 -9999 -9999 -9999 -9999 -9999 -9999 -9999 6.978744 6.985043 6.997642 7.012602 7.029138 7.051185 7.074019 7.096854 7.121264 7.146854 7.174019 7.201579 7.231894 7.262996 7.295673 7.328744 7.362602 7.396854 7.432681 7.469689 7.508665 7.549216 7.590949 7.632681 7.675201 7.719689 7.765358 7.812996 7.864177 7.917721 7.97087 8.023626 8.078351 8.133469 8.190556 8.249217 8.309059 8.370083 8.432681 8.497249 8.562209 8.63032 8.69843 8.765359 8.833863 8.903548 8.973627 9.043312 9.115753
