New_Model_Runs/8_Future_Present_Scn1_out/post_prcessed_with_MFR/actual_et_annual.asc
NCOLS 700
NROWS 400
XLLCENTER 515000.000000
YLLCENTER 8409000.000000
CELLSIZE 50.000000
NODATA_value -999.000000
[rows 180 to 215 of 400, columns 162 to 242 of 700]
13.80 13.80 13.80 13.80 13.80 13.80 13.80 13.80 13.80 0.00 0.00 0.00 0.00 0.00 0.00 0.00 0.00 0.00 0.00 0.00 0.00 53.13 14.75 0.00 0.00 0.00 0.00 0.00 0.00 0.00 0.00 0.00 0.00 14.26 14.26 14.26 14.26 14.26 14.26 14.26 14.26 14.26 14.26 14.26 14.26 14.26 13.15 13.15 13.15 13.15 13.15 50.36 49.10 50.36 0.00 0.00 0.00 0.00 0.00 13.15 13.15 13.15 14.50 14.50 14.50 14.50 0.00 0.00 0.00 0.00 0.00 0.00 0.00 0.00 0.00 0.00 0.00 0.00 0.00 0.00 14.97
13.80 13.80 13.80 13.80 13.80 13.80 13.80 13.80 13.80 0.00 0.00 0.00 0.00 0.00 0.00 0.00 53.15 53.15 0.00 0.00 0.00 14.75 14.75 0.00 0.00 0.00 0.00 0.00 14.75 14.75 14.26 14.26 51.65 14.26 14.26 14.26 14.26 14.26 14.26 14.26 14.26 14.26 14.26 14.26 14.26 14.26 13.15 13.15 13.15 13.15 13.15 13.15 13.15 13.15 50.36 50.36 50.36 50.36 39.66 13.15 13.15 13.15 14.50 14.50 14.50 14.50 14.50 0.00 0.00 0.00 0.00 0.00 0.00 0.00 0.00 0.00 0.00 0.00 1.13 1.13 14.97
13.80 13.80 13.80 13.80 13.80 13.80 13.80 13.80 13.80 0.00 0.00 0.00 0.00 0.00 0.00 0.00 14.75 14.75 0.00 14.75 14.75 14.75 14.75 14.75 0.00 0.00 0.00 14.75 14.75 14.75 14.26 14.26 14.26 14.26 14.26 14.26 14.26 14.26 14.26 14.26 14.26 14.26 14.26 14.26 14.26 14.26 13.15 13.15 13.15 13.15 13.15 13.15 13.15 13.15 13.15 42.27 39.58 39.58 39.66 13.15 13.15 13.15 14.50 14.50 14.50 14.50 14.50 0.00 0.00 0.00 0.00 0.00 0.00 0.00 0.00 0.00 0.00 1.13 14.97 14.97 14.97
13.80 13.80 13.80 13.80 13.80 13.80 13.80 13.80 13.80 0.00 0.00 0.00 0.00 0.00 0.00 0.00 14.75 14.75 14.75 14.75 14.75 14.75 14.75 14.75 14.75 14.75 14.75 14.75 14.75 14.75 14.26 14.26 14.26 14.26 14.26 14.26 14.26 14.26 14.26 14.26 14.26 14.26 14.26 14.26 14.26 14.26 13.15 13.15 13.15 13.15 13.15 13.15 13.15 13.15 13.15 13.15 13.15 39.67 13.15 13.15 13.15 13.15 14.50 14.50 14.50 14.50 14.50 0.00 0.00 0.00 0.00 0.00 0.00 0.00 0.00 0.00 0.00 14.50 14.97 14.97 14.97
13.80 13.80 13.80 13.80 13.80 13.80 13.80 13.80 13.80 0.00 0.00 0.00 0.00 0.00 0.00 0.00 14.75 14.75 14.75 14.75 14.75 14.75 14.75 14.75 14.75 14.75 14.75 14.75 14.75 14.75 14.26 14.26 14.26 14.26 14.26 14.26 14.26 14.26 14.26 14.26 14.26 14.26 14.26 14.26 14.26 14.26 13.15 13.15 13.15 13.15 13.15 13.15 13.15 13.15 13.15 13.15 13.15 13.15 13.15 13.15 13.15 13.15 14.50 14.50 14.50 14.50 14.50 0.00 0.00 0.00 0.00 0.00 0.00 0.00 0.00 14.50 14.50 14.50 14.97 14.97 14.97
13.80 13.80 13.80 13.80 13.80 13.80 13.80 13.80 13.80 13.80 0.00 0.00 0.00 0.00 0.00 1.13 14.75 14.75 14.75 14.75 14.75 14.75 14.75 14.75 14.75 14.75 14.75 14.75 14.75 14.75 14.26 14.26 14.26 14.26 14.26 14.26 14.26 14.26 14.26 14.26 14.26 14.26 14.26 14.26 14.26 14.26 13.15 13.15 13.15 13.15 13.15 13.15 13.15 13.15 13.15 13.15 13.15 13.15 13.15 13.15 13.15 13.15 14.50 14.50 14.50 14.50 14.50 0.00 0.00 0.00 0.00 0.00 0.00 0.00 14.50 14.50 14.50 14.50 14.97 14.97 14.97
13.80 13.80 13.80 13.80 13.80 13.80 13.80 13.80 13.80 20.24 0.00 0.00 0.00 0.00 0.00 14.75 14.75 14.75 14.75 14.75 14.75 14.75 14.75 14.75 14.75 14.75 14.75 14.75 14.75 14.75 14.26 14.26 14.26 14.26 14.26 14.26 14.26 14.26 14.26 14.26 14.26 14.26 14.26 14.26 14.26 14.26 13.15 13.15 13.15 13.15 13.15 13.15 13.15 13.15 13.15 13.15 13.15 13.15 13.15 13.15 13.15 13.15 14.50 14.50 14.50 14.50 14.50 14.50 0.00 0.00 0.00 0.00 0.00 0.00 14.50 14.50 14.50 14.50 14.97 14.97 14.97
13.80 13.80 13.80 13.80 13.80 13.80 13.80 13.80 13.80 20.24 13.80 1.05 1.05 1.05 14.75 14.75 14.75 14.75 14.75 14.75 14.75 14.75 14.75 14.75 14.75 14.75 14.75 14.75 14.75 14.75 14.26 14.26 14.26 14.26 14.26 14.26 14.26 14.26 14.26 14.26 14.26 14.26 14.26 14.26 14.26 14.26 13.15 13.15 13.15 13.15 13.15 13.15 13.15 13.15 13.15 13.15 13.15 13.15 13.15 13.15 13.15 13.15 14.50 14.50 14.50 14.50 14.50 14.50 14.50 0.00 0.00 0.00 0.00 1.13 14.50 14.50 14.50 14.50 14.97 14.97 14.97
13.80 13.80 13.80 13.80 13.80 13.80 13.80 13.80 43.19 20.24 20.24 20.24 43.19 20.24 14.75 14.75 14.75 14.75 14.75 14.75 14.75 14.75 14.75 14.75 14.75 14.75 14.75 14.75 14.75 14.75 14.26 14.26 14.26 14.26 14.26 14.26 14.26 14.26 14.26 14.26 14.26 14.26 14.26 14.26 14.26 14.26 13.15 13.15 13.15 13.15 13.15 13.15 13.15 13.15 13.15 13.15 13.15 13.15 13.15 13.15 13.15 13.15 14.50 14.50 14.50 14.50 14.50 14.50 14.50 0.00 0.00 0.00 0.00 14.50 14.50 14.50 14.50 14.50 14.97 14.97 14.97
13.80 13.80 13.80 13.80 13.80 13.80 13.80 13.80 43.19 20.24 20.24 13.80 13.80 13.80 14.75 14.75 14.75 14.75 14.75 14.75 14.75 14.75 14.75 14.75 14.75 14.75 14.75 14.75 14.75 14.75 14.26 14.26 14.26 14.26 14.26 14.26 14.26 14.26 14.26 14.26 14.26 14.26 14.26 14.26 14.26 14.26 13.15 13.15 13.15 13.15 13.15 13.15 13.15 13.15 13.15 13.15 13.15 13.15 13.15 13.15 13.15 13.15 14.50 14.50 14.50 14.50 14.50 14.50 14.50 0.00 0.00 0.00 0.00 14.50 14.50 14.50 14.50 14.50 14.97 14.97 14.97
13.80 13.80 13.80 13.80 13.80 13.80 13.80 13.80 43.19 43.19 43.19 13.80 13.80 13.80 14.75 14.75 14.75 14.75 14.75 14.75 14.75 14.75 14.75 14.75 14.75 14.75 14.75 14.75 14.75 14.75 14.26 14.26 14.26 14.26 14.26 14.26 14.26 14.26 14.26 14.26 14.26 14.26 14.26 14.26 14.26 14.26 13.15 13.15 13.15 13.15 13.15 13.15 13.15 13.15 13.15 13.15 13.15 13.15 13.15 13.15 13.15 13.15 14.50 14.50 14.50 14.50 14.50 14.50 14.50 14.50 14.50 14.50 21.26 14.50 14.50 14.50 14.50 14.50 14.97 14.97 14.97
13.80 13.80 13.80 13.80 13.80 13.80 13.80 13.80 13.80 20.24 13.80 13.80 13.80 13.80 14.75 14.75 14.75 14.75 14.75 14.75 14.75 14.75 14.75 14.75 14.75 14.75 14.75 14.75 14.75 14.75 14.26 14.26 14.26 14.26 14.26 14.26 14.26 14.26 14.26 14.26 14.26 14.26 14.26 14.26 14.26 14.26 13.15 13.15 13.15 13.15 13.15 13.15 13.15 13.15 13.15 13.15 13.15 13.15 13.15 13.15 13.15 13.15 14.50 14.50 14.50 14.50 14.50 14.50 14.50 14.50 14.50 14.50 14.50 14.50 14.50 14.50 14.50 14.50 14.97 14.97 14.97
13.80 13.80 13.80 13.80 13.80 13.80 13.80 13.80 13.80 20.24 13.80 13.80 13.80 13.80 14.75 14.75 14.75 14.75 14.75 14.75 14.75 14.75 14.75 14.75 14.75 14.75 14.75 14.75 14.75 14.75 14.26 14.26 14.26 14.26 14.26 14.26 14.26 14.26 14.26 14.26 14.26 14.26 14.26 14.26 14.26 14.26 13.15 13.15 13.15 13.15 13.15 13.15 13.15 13.15 13.15 13.15 13.15 13.15 13.15 13.15 13.15 13.15 14.50 14.50 14.50 14.50 14.50 14.50 14.50 14.50 14.50 14.50 14.50 14.50 14.50 14.50 14.50 14.50 14.97 14.97 14.97
13.80 13.80 13.80 13.80 13.80 13.80 13.80 13.80 13.80 13.80 13.80 13.80 13.80 13.80 14.75 14.75 14.75 14.75 14.75 14.75 14.75 14.75 14.75 14.75 14.75 14.75 14.75 14.75 14.75 14.75 14.26 14.26 14.26 14.26 14.26 14.26 14.26 14.26 14.26 14.26 14.26 14.26 14.26 14.26 14.26 14.26 13.15 13.15 13.15 13.15 13.15 13.15 13.15 13.15 13.15 13.15 13.15 13.15 13.15 13.15 13.15 13.15 14.50 14.50 14.50 14.50 14.50 14.50 14.50 14.50 14.50 14.50 14.50 14.50 14.50 14.50 14.50 14.50 14.97 14.97 14.97
13.19 13.19 13.19 13.19 13.19 13.19 13.19 13.19 13.19 13.19 13.19 13.19 13.19 13.19 13.53 13.53 13.53 13.53 13.53 13.53 13.53 13.53 13.53 13.53 13.53 13.53 13.53 13.53 13.53 13.53 12.53 12.53 12.53 12.53 12.53 12.53 12.53 12.53 12.53 12.53 12.53 12.53 12.53 12.53 12.53 12.53 12.09 12.09 12.09 12.09 12.09 12.09 12.09 12.09 12.09 12.09 12.09 12.09 12.09 12.09 12.09 12.09 13.76 13.76 13.76 13.76 13.76 13.76 13.76 13.76 13.76 13.76 13.76 13.76 13.76 13.76 13.76 13.76 14.36 14.36 14.36
13.19 13.19 13.19 13.19 13.19 13.19 13.19 13.19 13.19 13.19 13.19 13.19 13.19 13.19 13.53 13.53 13.53 13.53 13.53 13.53 13.53 13.53 13.53 13.53 13.53 13.53 13.53 13.53 13.53 13.53 12.53 12.53 12.53 12.53 12.53 12.53 12.53 12.53 12.53 12.53 12.53 12.53 12.53 12.53 12.53 12.53 12.09 12.09 12.09 12.09 12.09 12.09 12.09 12.09 12.09 12.09 12.09 12.09 12.09 12.09 12.09 12.09 13.76 13.76 13.76 13.76 13.76 13.76 13.76 13.76 13.76 13.76 13.76 13.76 13.76 13.76 13.76 13.76 14.36 14.36 14.36
13.19 13.19 13.19 13.19 13.19 13.19 13.19 13.19 13.19 13.19 13.19 13.19 13.19 13.19 13.53 13.53 13.53 13.53 13.53 13.53 13.53 13.53 13.53 13.53 13.53 13.53 13.53 13.53 13.53 13.53 12.53 12.53 12.53 12.53 12.53 12.53 12.53 12.53 12.53 12.53 12.53 12.53 12.53 12.53 12.53 12.53 12.09 12.09 12.09 12.09 12.09 12.09 12.09 12.09 12.09 12.09 12.09 12.09 12.09 12.09 12.09 12.09 13.76 13.76 13.76 13.76 13.76 13.76 13.76 13.76 13.76 13.76 13.76 13.76 13.76 13.76 13.76 13.76 14.36 14.36 14.36
13.19 13.19 13.19 13.19 13.19 13.19 13.19 13.19 13.19 13.19 13.19 13.19 13.19 13.19 13.53 13.53 13.53 13.53 13.53 13.53 13.53 13.53 13.53 13.53 13.53 13.53 13.53 13.53 13.53 13.53 12.53 12.53 12.53 12.53 12.53 12.53 12.53 12.53 12.53 12.53 12.53 12.53 12.53 12.53 12.53 12.53 12.09 12.09 12.09 12.09 12.09 12.09 12.09 12.09 12.09 12.09 12.09 12.09 12.09 12.09 12.09 12.09 13.76 13.76 13.76 13.76 13.76 13.76 13.76 13.76 13.76 13.76 13.76 13.76 13.76 13.76 13.76 13.76 14.36 14.36 14.36
13.19 13.19 13.19 13.19 13.19 13.19 13.19 13.19 13.19 13.19 13.19 13.19 13.19 13.19 13.53 13.53 13.53 13.53 13.53 13.53 13.53 13.53 13.53 13.53 13.53 13.53 13.53 13.53 13.53 13.53 12.53 12.53 12.53 12.53 12.53 12.53 12.53 12.53 12.53 12.53 12.53 12.53 12.53 12.53 12.53 12.53 12.09 12.09 12.09 12.09 12.09 12.09 12.09 12.09 12.09 12.09 12.09 12.09 12.09 12.09 12.09 12.09 13.76 13.76 13.76 13.76 13.76 13.76 13.76 13.76 13.76 13.76 13.76 13.76 13.76 13.76 13.76 13.76 14.36 14.36 14.36
13.19 13.19 13.19 13.19 13.19 13.19 13.19 13.19 13.19 13.19 13.19 13.19 13.19 13.19 13.53 13.53 13.53 13.53 13.53 13.53 13.53 13.53 13.53 13.53 13.53 13.53 13.53 13.53 13.53 13.53 12.53 12.53 12.53 12.53 12.53 12.53 12.53 12.53 12.53 12.53 12.53 12.53 12.53 12.53 12.53 12.53 12.09 12.09 12.09 12.09 12.09 12.09 12.09 12.09 12.09 12.09 12.09 12.09 12.09 12.09 12.09 12.09 13.76 13.76 13.76 13.76 13.76 13.76 13.76 13.76 13.76 13.76 13.76 13.76 13.76 13.76 13.76 13.76 14.36 14.36 14.36
13.19 13.19 13.19 13.19 13.19 13.19 13.19 13.19 13.19 13.19 13.19 13.19 13.19 13.19 13.53 13.53 13.53 13.53 13.53 13.53 13.53 13.53 13.53 13.53 13.53 13.53 13.53 13.53 13.53 13.53 12.53 12.53 12.53 12.53 12.53 12.53 12.53 12.53 12.53 12.53 12.53 12.53 12.53 12.53 12.53 12.53 12.09 12.09 12.09 12.09 12.09 12.09 12.09 12.09 12.09 12.09 12.09 12.09 12.09 12.09 12.09 12.09 13.76 13.76 13.76 13.76 13.76 13.76 13.76 13.76 13.76 13.76 13.76 13.76 13.76 13.76 13.76 13.76 14.36 14.36 14.36
13.19 13.19 13.19 13.19 13.19 13.19 13.19 13.19 13.19 13.19 13.19 13.19 13.19 13.19 13.53 13.53 13.53 13.53 13.53 13.53 13.53 13.53 13.53 13.53 13.53 13.53 13.53 13.53 13.53 13.53 12.53 12.53 12.53 12.53 12.53 12.53 12.53 12.53 12.53 12.53 12.53 12.53 12.53 12.53 12.53 12.53 12.09 12.09 12.09 12.09 12.09 12.09 12.09 12.09 12.09 12.09 12.09 12.09 12.09 12.09 12.09 12.09 13.76 13.76 13.76 13.76 13.76 13.76 13.76 13.76 13.76 13.76 13.76 13.76 13.76 13.76 13.76 13.76 14.36 14.36 14.36
13.19 13.19 13.19 13.19 13.19 13.19 13.19 13.19 13.19 13.19 13.19 13.19 13.19 13.19 13.53 13.53 13.53 13.53 13.53 13.53 13.53 13.53 13.53 13.53 13.53 13.53 13.53 13.53 13.53 13.53 12.53 12.53 12.53 12.53 12.53 12.53 12.53 12.53 12.53 12.53 12.53 12.53 12.53 12.53 12.53 12.53 12.09 12.09 12.09 12.09 12.09 12.09 12.09 12.09 12.09 12.09 12.09 12.09 12.09 12.09 12.09 12.09 13.76 13.76 13.76 13.76 13.76 13.76 13.76 13.76 13.76 13.76 13.76 13.76 13.76 13.76 13.76 13.76 14.36 14.36 14.36
13.19 13.19 13.19 13.19 13.19 13.19 13.19 13.19 13.19 13.19 13.19 13.19 13.19 13.19 13.53 13.53 13.53 13.53 13.53 13.53 13.53 13.53 13.53 13.53 13.53 13.53 13.53 13.53 13.53 13.53 12.53 12.53 12.53 12.53 12.53 12.53 12.53 12.53 12.53 12.53 12.53 12.53 12.53 12.53 12.53 12.53 12.09 12.09 12.09 12.09 12.09 12.09 12.09 12.09 12.09 12.09 12.09 12.09 12.09 12.09 12.09 12.09 13.76 13.76 13.76 13.76 13.76 13.76 13.76 13.76 13.76 13.76 13.76 13.76 13.76 13.76 13.76 13.76 14.36 14.36 14.36
13.19 13.19 13.19 13.19 13.19 13.19 13.19 13.19 13.19 13.19 13.19 13.19 13.19 13.19 13.53 13.53 13.53 13.53 13.53 13.53 13.53 13.53 13.53 13.53 13.53 13.53 13.53 13.53 13.53 13.53 12.53 12.53 12.53 12.53 12.53 12.53 12.53 12.53 12.53 12.53 12.53 12.53 12.53 12.53 12.53 12.53 12.09 12.09 12.09 12.09 12.09 12.09 12.09 12.09 12.09 12.09 12.09 12.09 12.09 12.09 12.09 12.09 13.76 13.76 13.76 13.76 13.76 13.76 13.76 13.76 13.76 13.76 13.76 13.76 13.76 13.76 13.76 13.76 14.36 14.36 14.36
13.19 13.19 13.19 13.19 13.19 13.19 13.19 13.19 13.19 13.19 13.19 13.19 13.19 13.19 13.53 13.53 13.53 13.53 13.53 13.53 13.53 13.53 13.53 13.53 13.53 13.53 13.53 13.53 13.53 13.53 12.53 12.53 12.53 12.53 12.53 12.53 12.53 12.53 12.53 12.53 12.53 12.53 12.53 12.53 12.53 12.53 12.09 12.09 12.09 12.09 12.09 12.09 12.09 12.09 12.09 12.09 12.09 12.09 12.09 12.09 12.09 12.09 13.76 13.76 13.76 13.76 13.76 13.76 13.76 13.76 13.76 13.76 13.76 13.76 13.76 13.76 13.76 13.76 14.36 14.36 14.36
13.19 13.19 13.19 13.19 13.19 13.19 13.19 13.19 13.19 13.19 13.19 13.19 13.19 13.19 13.53 13.53 13.53 13.53 13.53 13.53 13.53 13.53 13.53 13.53 13.53 13.53 13.53 13.53 13.53 13.53 12.53 12.53 12.53 12.53 12.53 12.53 12.53 12.53 12.53 12.53 12.53 12.53 12.53 12.53 12.53 12.53 12.09 12.09 12.09 12.09 12.09 12.09 12.09 12.09 12.09 12.09 12.09 12.09 12.09 12.09 12.09 12.09 13.76 13.76 13.76 13.76 13.76 13.76 13.76 13.76 13.76 13.76 13.76 13.76 13.76 13.76 13.76 13.76 14.36 14.36 14.36
13.19 13.19 13.19 13.19 13.19 13.19 13.19 13.19 13.19 13.19 13.19 13.19 13.19 13.19 13.53 13.53 13.53 13.53 13.53 13.53 13.53 13.53 13.53 13.53 13.53 13.53 13.53 40.83 13.53 13.53 12.53 12.53 12.53 12.53 12.53 12.53 12.53 12.53 12.53 12.53 12.53 12.53 12.53 12.53 12.53 12.53 12.09 12.09 12.09 12.09 12.09 12.09 12.09 12.09 12.09 12.09 12.09 12.09 12.09 12.09 12.09 12.09 13.76 13.76 13.76 13.76 13.76 13.76 13.76 13.76 13.76 13.76 13.76 13.76 13.76 13.76 13.76 13.76 14.36 14.36 14.36
13.19 13.19 13.19 13.19 13.19 13.19 13.19 13.19 13.19 13.19 13.19 13.19 13.19 13.19 13.53 13.53 13.53 13.53 13.53 13.53 13.53 13.53 13.53 13.53 13.53 13.53 13.53 40.83 13.53 13.53 12.53 12.53 12.53 12.53 12.53 12.53 12.53 48.84 37.88 12.53 12.53 12.53 12.53 12.53 12.53 12.53 12.09 12.09 12.09 12.09 12.09 12.09 12.09 12.09 12.09 12.09 12.09 12.09 12.09 12.09 12.09 12.09 13.76 13.76 13.76 13.76 13.76 13.76 13.76 13.76 13.76 13.76 13.76 13.76 13.76 13.76 13.76 13.76 14.36 14.36 14.36
13.19 13.19 13.19 13.19 13.19 13.19 13.19 13.19 13.19 13.19 13.19 13.19 13.19 13.19 13.53 13.53 13.53 13.53 13.53 13.53 13.53 13.53 13.53 40.83 40.83 43.90 43.90 40.83 13.53 13.53 12.53 12.53 12.53 12.53 12.53 12.53 12.53 48.21 37.88 12.53 12.53 12.53 12.53 12.53 12.53 12.53 12.09 12.09 12.09 12.09 12.09 12.09 12.09 12.09 12.09 12.09 12.09 12.09 12.09 12.09 12.09 12.09 13.76 13.76 13.76 13.76 13.76 13.76 13.76 13.76 13.76 13.76 13.76 13.76 13.76 13.76 13.76 13.76 14.36 14.36 14.36
12.22 12.22 12.22 12.22 12.22 12.22 12.22 12.22 12.22 12.22 12.22 12.22 12.22 12.22 12.23 12.23 12.23 12.23 12.23 12.23 12.23 12.23 37.01 37.01 40.33 40.33 40.36 12.23 12.23 12.23 11.56 11.56 11.56 11.56 11.56 11.56 11.56 16.95 11.56 11.56 11.56 11.56 11.56 11.56 11.56 11.56 12.16 12.16 12.16 12.16 12.16 12.16 12.16 12.16 12.16 12.16 12.16 12.16 12.16 12.16 12.16 12.16 12.44 12.44 12.44 12.44 12.44 12.44 12.44 12.44 12.44 12.44 12.44 12.44 12.44 12.44 12.44 12.44 12.98 12.98 12.98
12.22 12.22 12.22 12.22 12.22 12.22 12.22 12.22 12.22 12.22 12.22 12.22 12.22 12.22 12.23 12.23 12.23 12.23 12.23 12.23 12.23 12.23 37.01 39.92 39.92 12.23 12.23 12.23 12.23 12.23 11.56 11.56 37.98 37.98 38.27 11.56 11.56 11.56 11.56 11.56 11.56 11.56 11.56 11.56 11.56 11.56 12.16 12.16 12.16 12.16 12.16 12.16 12.16 12.16 12.16 12.16 12.16 12.16 12.16 12.16 12.16 12.16 12.44 12.44 12.44 12.44 12.44 12.44 12.44 12.44 12.44 12.44 12.44 12.44 12.44 12.44 12.44 12.44 12.98 12.98 12.98
12.22 12.22 12.22 12.22 12.22 12.22 12.22 12.22 12.22 12.22 12.22 12.22 12.22 12.22 12.23 12.23 12.23 12.23 12.23 37.01 37.01 40.33 37.01 12.23 39.92 39.92 40.33 12.23 12.23 12.23 11.56 37.98 37.98 37.98 38.27 45.08 38.27 35.05 11.56 11.56 11.56 11.56 11.56 11.56 11.56 11.56 12.16 12.16 12.16 12.16 12.16 12.16 12.16 12.16 12.16 12.16 12.16 12.16 12.16 12.16 12.16 12.16 12.44 12.44 12.44 12.44 12.44 12.44 12.44 12.44 12.44 12.44 12.44 12.44 12.44 12.44 12.44 12.44 12.98 12.98 12.98
12.22 12.22 12.22 12.22 12.22 12.22 12.22 12.22 12.22 12.22 12.22 12.22 12.22 12.22 12.23 12.23 12.23 12.23 37.01 37.01 40.33 40.33 40.33 39.95 39.92 47.43 39.92 39.92 12.23 12.23 11.56 37.98 37.98 37.98 38.27 45.08 38.27 35.05 11.56 11.56 11.56 11.56 11.56 11.56 11.56 11.56 12.16 12.16 12.16 12.16 12.16 12.16 12.16 12.16 12.16 12.16 12.16 12.16 12.16 12.16 12.16 12.16 12.44 12.44 12.44 12.44 12.44 12.44 12.44 12.44 12.44 12.44 12.44 12.44 12.44 12.44 12.44 12.44 12.98 12.98 12.98
12.22 12.22 12.22 12.22 12.22 12.22 12.22 12.22 12.22 12.22 12.22 12.22 12.22 12.22 12.23 12.23 12.23 12.23 40.33 40.34 39.92 39.92 39.92 47.43 47.43 46.74 39.92 39.92 12.23 39.92 37.98 37.98 37.98 37.98 37.98 38.27 38.27 35.05 35.05 11.56 11.56 11.56 11.56 11.56 11.56 11.56 12.16 12.16 12.16 12.16 12.16 12.16 12.16 12.16 12.16 12.16 12.16 12.16 12.16 12.16 12.16 12.16 12.44 12.44 12.44 12.44 12.44 12.44 12.44 12.44 12.44 12.44 12.44 12.44 12.44 12.44 12.44 12.44 12.98 12.98 12.98
12.22 12.22 12.22 12.22 12.22 12.22 40.31 47.44 12.22 12.22 12.22 12.22 12.22 12.22 12.23 12.23 12.23 40.40 40.33 12.23 12.23 36.87 39.92 11.98 36.87 39.92 17.93 12.23 36.87 39.92 37.98 37.98 37.98 37.98 37.98 37.98 38.27 35.05 35.05 11.56 11.56 11.56 11.56 11.56 11.56 11.56 12.16 12.16 12.16 12.16 12.16 12.16 12.16 12.16 12.16 12.16 12.16 12.16 12.16 12.16 12.16 12.16 12.44 12.44 12.44 12.44 12.44 12.44 12.44 12.44 12.44 12.44 12.44 12.44 12.44 12.44 12.44 12.44 12.98 12.98 12.98
