New_Model_Runs/8_Future_Present_Scn1_out/post_prcessed_with_MFR/net_infiltration_annual.asc
NCOLS 700
NROWS 400
XLLCENTER 515000.000000
YLLCENTER 8409000.000000
CELLSIZE 50.000000
NODATA_value -999.000000
[rows 210 to 244 of 400, columns 160 to 239 of 700]
109.27 130.02 109.27 109.27 107.82 107.82 107.82 107.82 106.80 106.80 106.80 106.80 106.84 117.83 106.84 117.83 108.98 108.98 108.98 120.73 120.43 108.71 120.43 127.46 130.06 130.06 132.95 132.95 167.67 119.89 108.22 108.22 110.51 110.51 115.19 110.51 110.10 110.10 121.38 133.76 110.11 110.11 110.11 110.11 138.59 111.64 111.64 124.06 121.82 110.44 110.44 110.44 110.50 110.50 110.50 110.50 109.30 109.30 109.30 109.30 108.33 108.33 108.33 108.33 105.83 105.83 105.83 105.83 106.88 106.88 125.98 115.30 107.95 107.95 118.03 107.95 106.94 106.94 117.01 106.94
109.27 109.27 109.27 109.27 107.82 107.82 119.42 107.82 106.80 106.80 106.80 106.80 106.84 106.84 106.84 106.84 108.98 108.98 108.98 108.98 108.71 108.71 108.71 114.50 130.06 143.57 143.57 110.63 113.81 108.22 108.22 108.22 125.97 114.37 149.64 149.64 138.60 110.10 110.10 110.10 110.11 110.11 110.11 122.50 111.64 111.64 111.64 111.64 110.44 110.44 110.44 110.44 110.50 110.50 121.90 110.50 109.30 109.30 109.30 109.30 108.33 120.16 108.33 108.33 105.83 105.83 105.83 116.21 117.61 117.90 117.90 106.88 107.95 107.95 107.95 107.95 106.94 117.07 106.94 106.94
108.71 108.71 108.71 108.71 107.55 107.55 107.55 107.55 106.81 106.81 106.81 106.81 106.52 106.52 106.52 106.52 108.58 108.58 108.58 108.58 108.42 130.06 130.06 132.95 130.06 140.49 143.57 148.79 132.95 108.20 108.20 112.95 110.84 149.64 149.64 149.64 138.60 130.34 138.60 135.28 110.64 110.64 110.64 110.64 111.74 111.74 111.74 111.74 110.39 121.78 110.39 110.39 109.95 109.95 109.95 109.95 108.32 108.32 108.32 108.32 108.35 108.35 108.35 108.35 106.73 106.73 106.73 106.73 106.73 106.73 106.73 106.73 107.34 107.34 107.34 107.34 106.42 106.42 106.42 106.42
108.71 108.71 120.41 120.41 107.55 107.55 107.55 118.61 106.81 106.81 106.81 106.81 106.52 106.52 106.52 106.52 108.58 108.58 108.58 108.58 130.06 130.06 132.95 132.95 132.95 179.04 154.00 112.65 148.79 143.57 140.65 108.20 147.75 160.37 149.64 149.64 138.60 135.55 143.81 135.28 110.64 110.64 110.64 110.64 111.74 111.74 111.74 124.17 110.39 110.39 110.39 110.39 109.95 109.95 109.95 109.95 108.32 108.32 108.32 108.32 108.35 108.35 108.35 108.35 106.73 106.73 106.73 106.73 106.73 106.73 106.73 122.47 117.34 107.34 107.34 107.34 106.42 106.42 106.42 106.42
108.71 108.71 108.71 108.71 107.55 107.55 107.55 118.61 106.81 106.81 106.81 106.81 106.52 106.52 106.52 106.52 108.58 108.58 108.58 108.58 132.95 148.26 159.66 143.57 143.57 112.65 117.86 138.76 143.57 143.57 140.65 143.57 149.64 149.64 149.64 149.64 149.64 143.81 143.81 135.28 135.28 110.64 110.64 110.64 111.74 111.74 111.74 111.74 110.39 110.39 110.39 110.39 109.95 109.95 121.28 109.95 108.32 120.53 120.53 108.32 108.35 108.35 108.35 108.35 106.73 106.73 106.73 106.73 106.73 106.73 106.73 144.33 107.34 107.34 107.34 107.34 106.42 106.42 106.42 106.42
108.71 108.71 108.71 108.71 118.81 107.55 107.55 107.55 129.35 120.85 106.81 106.81 106.52 106.52 106.52 106.52 108.58 108.58 108.58 202.59 132.95 110.70 144.46 144.57 170.80 53.50 149.79 143.57 148.68 140.65 144.57 143.57 149.64 149.64 149.64 149.64 149.64 149.64 143.81 135.28 135.28 110.64 110.64 110.64 111.74 111.74 111.74 111.74 110.39 110.39 110.39 110.39 109.95 109.95 109.95 109.95 108.32 108.32 108.32 108.32 108.35 108.35 108.35 108.35 106.73 106.73 106.73 106.73 106.73 106.73 132.03 107.95 107.34 107.34 117.34 107.34 106.42 106.42 116.68 106.42
107.23 107.23 107.23 107.23 106.83 106.83 106.83 106.83 116.21 120.85 106.80 129.35 106.75 129.35 106.75 156.61 132.95 108.73 108.73 132.95 132.95 110.66 121.27 149.79 188.74 101.73 149.79 143.57 143.57 143.57 143.57 143.57 149.64 149.64 149.64 145.28 150.38 150.38 150.38 135.28 111.23 111.23 111.23 111.23 111.95 111.95 111.95 111.95 109.67 109.67 109.67 109.67 108.53 120.77 108.53 108.53 120.35 108.16 108.16 108.16 109.47 109.47 109.47 109.47 106.82 106.82 106.82 106.82 126.64 116.66 107.09 107.09 106.44 106.44 106.44 106.44 116.74 80.89 106.49 106.49
110.65 110.65 110.65 110.65 106.83 106.83 106.83 106.83 106.80 129.35 106.80 129.35 106.75 106.75 129.35 129.35 108.73 108.73 108.73 132.95 132.95 132.95 130.38 112.65 183.53 144.57 143.57 143.57 143.57 143.57 143.57 143.57 149.64 149.64 145.28 145.28 145.28 145.09 145.09 110.77 111.23 111.23 111.23 111.23 111.95 111.95 111.95 111.95 121.61 109.67 109.67 109.67 108.53 108.53 108.53 108.53 108.16 108.16 108.16 108.16 109.47 109.47 109.47 109.47 106.82 106.82 117.08 117.08 116.67 106.44 107.09 107.09 106.44 106.44 106.44 106.44 106.49 106.49 106.49 115.71
110.65 110.65 110.65 110.65 110.70 110.70 116.72 106.83 106.80 129.35 129.35 129.35 106.75 106.75 129.35 129.35 132.95 108.73 157.84 143.57 153.86 143.57 143.57 154.84 201.94 148.79 143.57 144.57 143.57 143.57 143.57 138.76 145.28 188.00 145.28 145.28 145.09 126.31 145.09 110.77 111.23 111.23 111.23 111.23 111.95 111.95 111.95 111.95 109.67 109.67 109.67 109.67 108.53 108.53 108.53 108.53 108.16 108.16 108.16 108.16 109.47 109.47 109.47 109.47 118.25 106.82 106.82 106.82 106.44 106.44 107.09 107.09 106.44 106.44 106.44 106.44 106.49 106.49 106.49 106.49
110.65 110.65 110.65 110.65 110.70 126.98 125.40 120.83 125.73 127.67 127.67 129.36 106.75 113.34 126.72 182.15 120.49 141.44 154.20 144.57 143.57 159.40 144.57 173.07 208.37 148.79 143.57 144.57 155.15 144.57 154.24 138.76 145.28 188.00 145.28 150.38 150.38 145.09 110.77 110.77 111.23 111.23 111.23 111.23 111.95 111.95 135.59 111.95 109.67 109.67 109.67 109.67 108.53 108.53 108.53 108.53 108.16 108.16 108.16 108.16 109.47 109.47 109.47 109.47 106.82 106.82 106.82 106.82 106.44 107.09 107.09 107.09 106.44 106.44 106.44 106.44 106.49 132.87 116.68 106.49
138.69 138.69 114.01 110.79 121.15 110.76 110.76 121.15 121.37 110.95 110.95 110.95 151.68 151.68 126.72 129.36 108.88 108.88 141.66 143.57 143.57 149.79 149.79 203.17 149.87 144.65 143.57 144.57 144.57 141.96 138.76 138.76 188.00 188.00 145.28 150.38 171.53 171.55 111.06 111.06 111.19 111.19 111.19 111.19 123.61 111.21 111.21 135.09 108.39 108.39 108.39 108.39 150.37 144.00 133.29 108.01 108.67 108.67 108.67 108.67 121.18 108.97 108.97 108.97 105.59 105.59 105.59 105.59 105.20 105.77 105.77 105.77 105.72 105.72 105.72 105.72 117.53 106.15 106.15 106.15
148.48 137.46 137.46 137.93 110.76 110.76 110.76 110.76 110.95 110.95 110.95 110.95 110.71 110.71 110.71 125.40 129.56 112.31 108.88 141.66 143.57 149.79 170.65 202.93 144.57 143.57 143.57 144.57 144.57 144.57 141.96 138.76 188.00 145.28 150.38 149.64 150.38 149.64 114.62 138.60 145.74 111.19 111.19 111.19 111.21 111.21 147.87 135.09 108.39 108.39 141.54 144.00 144.00 144.00 133.29 108.01 108.67 108.67 108.67 108.67 108.97 108.97 108.97 108.97 105.59 105.59 105.59 105.59 117.11 105.77 105.77 117.09 105.72 105.72 105.72 105.72 106.15 106.15 106.15 106.15
138.70 138.70 114.73 114.73 110.76 110.76 121.15 110.76 110.95 110.95 110.95 110.95 110.71 110.71 116.73 125.40 128.89 112.31 112.31 142.08 107.38 133.82 146.03 191.91 138.76 143.57 143.57 144.57 143.57 144.57 143.57 143.57 155.25 150.50 117.75 160.37 150.38 149.64 149.64 150.38 150.38 145.74 145.74 162.16 135.09 114.68 135.09 135.09 133.29 144.00 154.35 144.00 144.00 144.00 133.29 108.01 108.67 108.67 108.67 108.67 108.97 108.97 108.97 108.97 105.59 105.59 105.59 115.72 105.77 117.11 105.77 122.34 105.72 105.72 117.05 90.61 80.89 106.15 106.15 106.15
132.50 104.47 110.79 110.79 120.91 116.78 110.76 110.76 114.39 139.26 110.95 110.95 120.89 110.71 97.41 119.13 100.09 112.31 117.01 145.24 167.05 112.59 144.25 160.52 146.76 143.57 143.57 143.57 143.57 143.57 143.57 196.58 193.22 149.64 154.85 149.64 161.70 149.64 149.64 150.38 149.64 149.64 145.74 160.37 149.64 149.64 160.37 149.64 154.35 144.00 144.00 144.00 144.00 144.00 108.01 108.01 120.75 129.47 120.64 120.64 108.97 108.97 108.97 108.97 105.59 105.59 105.59 105.59 105.77 105.77 105.77 80.89 80.89 80.89 80.89 80.89 80.89 80.89 80.89 80.89
132.50 124.79 138.59 138.59 138.58 138.70 137.46 156.25 138.84 132.50 138.84 110.65 110.96 110.96 97.41 110.96 123.95 112.46 142.30 142.30 128.61 146.76 151.97 195.00 151.97 141.54 141.54 141.54 141.54 143.57 174.43 163.68 117.75 149.64 160.37 149.64 150.38 150.38 161.70 150.38 150.38 149.64 149.64 149.64 149.64 149.64 149.64 149.64 144.00 144.00 144.00 144.00 144.00 141.02 108.05 111.98 108.25 108.25 108.25 108.25 108.08 108.08 108.08 111.60 104.53 104.53 104.53 106.63 116.33 106.90 106.90 80.89 80.89 80.89 80.89 80.89 80.89 80.89 80.89 80.89
132.50 104.47 132.50 124.79 132.50 132.50 157.96 150.48 137.46 138.84 138.84 138.84 137.46 147.59 124.79 139.27 142.30 107.38 136.64 142.30 141.54 141.54 128.24 101.01 117.81 146.76 141.54 141.54 141.54 157.24 184.26 141.54 149.64 149.64 149.64 149.64 149.64 149.64 149.64 150.38 149.64 149.64 149.64 149.64 149.64 149.64 149.64 149.64 144.00 144.00 144.00 144.00 164.63 154.35 156.36 144.00 144.00 144.00 144.00 144.00 149.21 154.43 144.00 151.69 104.53 104.53 104.53 106.63 117.09 106.90 112.12 86.11 80.89 80.89 80.89 105.86 106.10 91.58 123.54 106.10
147.31 111.51 142.56 134.06 142.56 146.08 165.44 148.31 148.31 142.56 146.31 147.31 147.31 147.31 134.06 146.75 135.86 149.12 144.89 149.68 150.61 149.68 122.25 137.89 170.18 154.89 149.68 149.68 149.68 154.89 154.89 154.54 162.67 162.67 157.45 158.05 158.66 158.66 158.66 158.66 158.66 158.66 158.66 158.66 158.66 158.66 158.66 158.66 154.95 154.95 154.95 154.95 167.93 154.95 154.95 154.95 154.95 194.52 154.95 154.95 131.54 131.54 154.95 129.90 161.05 106.52 106.52 107.75 108.03 108.03 108.03 88.06 82.84 108.57 108.57 108.57 82.84 82.84 88.78 82.84
147.31 146.09 147.31 147.31 125.09 146.08 125.09 142.56 134.06 146.31 149.91 147.31 147.31 158.40 158.40 147.31 149.12 149.68 149.68 150.61 149.68 149.68 149.68 154.89 203.25 164.97 155.82 221.59 111.82 154.89 149.68 150.10 166.21 162.67 170.34 157.45 157.45 157.45 157.45 158.66 163.88 163.88 158.66 158.66 158.66 158.66 158.66 158.66 154.95 167.93 154.95 154.95 154.95 154.95 154.95 154.95 160.16 121.11 115.89 154.95 160.16 161.47 151.04 129.90 139.99 118.39 117.83 107.75 108.03 129.25 108.03 108.03 82.84 108.57 108.57 136.17 82.84 108.82 108.82 108.82
114.91 114.91 114.91 146.75 125.09 146.50 146.50 134.06 146.75 147.31 155.26 157.48 147.31 147.31 147.31 147.31 149.68 149.68 149.68 149.68 149.68 149.68 161.82 187.30 127.47 170.18 91.91 175.40 159.75 164.97 159.75 159.75 88.63 162.67 163.68 167.88 158.47 162.67 167.88 163.27 133.92 139.13 196.53 205.36 158.66 158.66 158.66 158.66 154.95 154.95 154.95 154.95 148.07 160.16 165.38 131.54 170.59 154.95 154.95 154.95 160.16 156.25 154.95 129.90 139.99 138.80 108.20 108.20 108.92 126.87 126.87 108.92 82.84 109.50 109.50 109.50 109.41 109.41 109.41 109.41
114.91 114.91 114.91 114.91 114.73 150.12 146.50 146.50 146.75 147.31 146.75 146.75 147.31 147.31 147.31 147.31 150.61 161.82 149.68 161.82 161.82 149.68 149.68 149.68 149.68 149.68 154.89 208.04 175.40 54.41 164.97 154.54 88.63 218.68 181.49 171.42 236.72 176.64 176.64 171.42 83.41 99.06 139.13 133.92 128.70 162.67 122.94 174.06 154.95 154.95 154.95 154.95 154.95 166.62 171.90 131.54 136.75 131.54 154.95 154.95 154.95 113.20 113.20 113.20 106.91 106.91 108.20 108.20 108.92 108.92 129.25 108.92 109.50 82.84 109.50 109.50 109.41 109.41 109.41 129.25
114.91 114.91 114.91 114.91 114.73 114.73 114.73 114.73 114.90 114.90 114.90 114.90 115.28 115.28 115.28 147.29 161.82 149.68 149.68 149.68 161.82 149.68 149.68 149.68 161.82 149.68 149.68 149.68 164.97 164.97 132.68 143.11 168.90 133.92 206.40 206.40 133.92 187.58 93.84 45.91 128.70 211.61 201.18 88.26 171.42 51.13 179.33 123.49 127.69 154.18 154.95 154.95 154.95 39.98 198.97 169.04 169.04 156.25 154.95 155.39 155.39 148.63 148.63 113.20 106.91 108.20 108.20 108.20 108.92 108.92 108.92 108.92 109.50 109.50 109.50 109.50 109.41 109.41 126.88 126.88
114.91 114.91 114.91 114.91 114.73 114.73 114.73 114.73 114.90 114.90 114.90 114.90 115.28 115.28 115.28 129.43 116.32 149.50 149.50 149.68 149.68 149.68 149.68 161.82 149.68 149.68 149.68 182.09 111.82 149.68 170.18 75.27 154.78 144.35 128.70 144.35 61.56 187.07 109.12 56.34 133.92 139.13 128.70 195.97 200.77 181.85 99.06 171.42 127.69 164.61 127.69 127.69 160.46 170.41 163.82 169.04 163.82 148.07 148.07 155.39 155.39 148.63 148.63 148.63 138.80 108.20 108.20 108.20 108.92 108.92 108.92 127.69 129.25 129.14 129.25 109.50 152.01 121.75 109.41 129.25
114.64 114.64 126.10 114.64 114.72 114.72 114.72 114.72 114.96 114.96 114.96 114.96 115.13 115.13 136.85 127.48 116.72 138.33 116.72 151.32 149.68 149.68 146.27 150.61 149.68 149.68 149.68 149.68 161.82 149.68 143.09 170.18 210.60 211.20 166.21 210.60 166.21 176.64 176.64 99.06 191.62 206.40 166.21 184.63 157.54 184.70 189.91 181.85 165.19 165.19 203.18 170.41 197.96 175.62 164.63 191.70 150.54 149.78 149.78 149.78 150.40 150.40 150.40 150.40 139.92 137.45 113.34 118.95 119.52 109.52 119.50 129.25 152.15 129.14 99.51 129.25 109.98 115.05 140.00 111.25
114.64 114.64 114.64 114.64 114.72 114.72 114.72 114.72 114.96 114.96 114.96 114.96 115.13 126.91 115.13 115.13 116.72 116.72 116.72 137.44 137.13 116.35 116.35 150.99 161.82 149.68 149.68 149.68 149.68 149.68 137.85 160.11 157.46 158.05 153.25 157.46 153.25 129.61 205.39 51.13 167.88 120.50 115.29 152.79 184.63 137.05 137.05 140.04 132.90 122.47 160.17 117.26 160.46 132.90 148.98 191.70 150.54 130.68 157.45 150.54 151.19 150.40 150.40 150.40 137.45 137.45 137.45 109.01 109.52 109.52 109.52 109.52 129.25 109.82 166.75 134.47 133.90 109.34 109.34 104.73
114.64 114.64 114.64 114.64 114.72 114.72 114.72 114.72 114.96 114.96 114.96 114.96 115.13 126.91 115.13 115.13 116.72 116.72 116.72 116.72 116.35 116.35 122.41 176.49 149.68 149.68 149.68 149.68 149.68 216.25 122.25 168.11 157.46 157.46 157.46 157.46 157.46 123.49 163.27 166.21 171.51 130.65 141.91 147.13 184.98 152.79 158.05 158.05 148.45 148.45 148.45 148.45 127.69 159.41 156.59 146.47 146.47 154.18 142.77 142.77 114.48 122.94 151.19 151.19 137.45 137.45 137.45 137.45 109.52 109.52 109.52 109.52 129.25 139.57 104.60 147.32 147.32 152.06 139.68 158.23
114.64 114.64 114.64 114.64 114.72 114.72 114.72 114.72 114.96 114.96 114.96 114.96 115.13 137.35 115.13 115.13 116.72 116.72 116.72 116.72 116.36 116.36 116.36 149.55 149.68 148.91 149.68 149.68 149.68 149.68 149.68 149.68 157.46 158.05 170.34 157.46 157.46 123.49 161.20 158.05 158.05 151.71 117.39 157.54 145.54 152.79 158.05 158.05 153.66 157.91 148.45 170.61 154.20 154.20 148.98 117.26 146.47 196.90 196.90 142.77 43.21 119.70 144.69 147.98 149.44 144.22 139.01 137.45 109.52 109.52 109.52 109.52 110.13 134.35 163.38 99.39 137.22 115.16 109.94 129.25
114.96 114.96 114.96 114.96 115.21 115.21 115.21 115.21 115.71 115.71 115.71 115.71 115.86 115.86 115.86 115.86 115.59 115.59 115.59 115.59 116.65 116.65 116.65 116.65 115.82 148.78 149.68 149.68 149.68 149.68 149.68 149.68 157.46 158.05 158.05 158.05 157.46 158.05 104.43 161.00 151.19 151.19 158.05 147.13 142.27 188.26 158.05 163.27 127.69 172.96 148.92 148.92 151.10 151.10 151.10 151.10 117.26 150.28 185.31 196.90 167.63 147.67 124.91 130.13 119.77 139.12 109.57 129.25 109.79 109.79 132.09 104.73 136.94 147.32 35.03 132.01 121.02 144.33 114.95 109.73
114.96 114.96 114.96 114.96 115.21 127.01 115.21 115.21 115.71 115.71 115.71 115.71 115.86 127.81 115.86 115.86 115.59 115.59 115.59 115.59 116.65 116.65 116.65 116.65 115.82 159.97 150.61 149.68 149.68 149.68 149.68 149.68 157.46 157.46 158.05 158.05 157.46 158.05 104.43 132.51 157.46 157.46 151.19 158.05 147.13 141.91 200.77 160.32 172.96 167.74 148.92 148.92 151.10 151.10 151.10 151.10 163.39 122.47 150.28 154.86 162.41 162.41 151.98 167.41 114.56 114.56 139.12 134.47 134.47 128.69 130.49 135.71 131.72 77.75 40.25 104.60 109.37 104.13 131.72 117.94
114.96 114.96 114.96 114.96 115.21 127.01 115.21 115.21 115.71 115.71 115.71 115.71 115.86 115.86 115.86 115.86 115.59 115.59 115.59 115.59 116.65 116.65 116.65 116.65 120.31 149.68 150.61 149.68 149.68 149.68 149.68 161.82 157.46 157.46 173.65 152.04 157.46 155.55 104.43 181.60 157.46 170.34 157.46 158.05 160.77 137.73 123.49 118.28 167.74 148.92 148.92 148.92 151.10 151.10 154.18 151.10 155.49 160.07 154.86 154.86 117.26 153.20 153.20 142.16 161.04 152.06 104.13 139.12 131.72 131.72 136.94 104.13 171.40 120.06 104.60 121.59 121.02 133.90 126.88 126.15
114.96 114.96 114.96 114.96 115.21 115.21 127.01 115.21 115.71 115.71 115.71 115.71 115.86 115.86 115.86 115.86 115.59 115.59 115.59 115.59 116.65 116.65 116.65 116.65 115.82 149.68 149.68 149.68 149.68 149.68 149.68 138.33 145.54 157.46 158.05 152.04 151.64 151.64 151.64 151.64 151.19 157.46 160.04 160.75 118.30 162.67 168.49 171.52 148.92 148.92 148.92 148.92 151.10 154.18 154.18 127.69 169.83 168.60 117.26 150.28 122.47 127.69 159.40 139.18 133.90 128.69 141.63 162.78 104.13 136.94 109.34 109.34 146.85 126.79 120.67 109.82 144.78 133.90 140.57 129.25
115.03 115.03 115.03 115.03 115.59 115.59 115.59 115.59 116.18 116.18 116.18 116.18 115.97 127.91 115.97 115.97 117.29 117.29 117.29 117.29 116.45 116.45 116.45 116.45 135.24 135.24 149.68 135.24 150.61 115.70 115.70 138.33 145.54 145.54 158.05 152.53 152.10 152.10 152.10 152.10 104.43 104.43 104.43 151.18 151.17 202.13 173.79 151.17 150.50 150.50 150.50 150.50 150.16 154.18 154.86 164.61 56.04 50.82 155.25 150.03 132.90 132.90 159.40 164.40 128.69 128.69 133.90 131.73 157.28 162.49 119.77 124.99 187.05 48.82 121.31 139.57 152.45 128.69 129.25 139.14
115.03 115.03 115.03 115.03 115.59 115.59 115.59 115.59 116.18 128.16 116.18 116.18 115.97 115.97 115.97 115.97 117.29 117.29 117.29 126.75 116.45 116.45 116.45 116.45 135.24 135.24 135.24 135.24 136.70 115.70 115.70 138.33 117.86 117.86 152.53 152.53 152.10 152.10 152.10 152.10 151.18 151.18 160.75 151.18 151.17 151.17 160.74 151.17 150.50 150.50 150.50 150.50 154.86 154.18 154.18 154.18 159.40 127.69 127.69 160.07 122.47 127.69 159.40 175.77 139.01 135.59 144.33 149.55 60.96 71.39 172.92 167.71 161.84 119.77 109.82 129.14 128.69 128.69 129.25 109.15
112.38 112.38 112.38 112.38 112.54 112.54 112.54 112.54 113.15 113.15 113.15 113.15 112.95 124.57 124.57 133.93 112.21 112.21 139.38 123.78 111.28 111.28 111.28 111.28 111.74 127.49 127.49 111.74 111.77 111.77 111.77 111.77 113.05 113.05 113.05 113.05 144.30 144.30 144.30 144.30 143.61 143.61 143.61 143.61 143.61 143.61 143.61 143.61 141.92 141.92 141.92 141.92 143.51 147.65 147.65 164.03 171.69 113.41 113.41 108.19 142.44 142.44 142.44 143.68 130.58 121.03 136.67 114.26 119.48 74.96 129.91 109.05 141.34 151.23 121.51 124.56 119.35 119.35 121.63 105.59
112.38 122.13 112.38 112.38 112.54 112.54 112.54 112.54 113.15 113.15 113.15 113.15 112.95 112.95 112.95 112.95 112.21 112.21 112.21 112.21 123.13 123.13 123.13 122.70 111.74 111.74 127.49 111.74 111.77 111.77 111.77 111.77 113.05 113.05 113.05 113.05 112.95 112.95 144.30 144.30 143.61 143.61 143.61 143.61 143.61 143.61 143.61 143.61 141.92 141.92 141.92 148.73 142.88 142.44 148.73 112.82 137.66 142.67 147.88 148.73 142.44 142.44 143.68 143.68 130.58 130.58 126.24 126.24 119.48 135.12 114.26 122.87 117.66 136.12 126.24 126.24 119.35 124.56 119.35 105.59
112.14 112.14 112.14 122.08 112.80 112.80 112.80 112.80 112.91 112.91 132.49 123.02 112.51 127.54 112.51 112.51 111.24 111.24 111.24 111.24 111.99 111.99 111.99 111.99 111.73 111.73 127.49 127.49 112.01 112.01 112.01 112.01 113.67 113.67 113.67 113.67 113.39 113.39 113.39 145.12 144.00 144.00 144.00 144.00 144.34 144.34 144.34 144.34 142.16 142.16 142.16 142.44 143.51 143.51 143.51 143.51 141.84 141.84 147.06 147.06 108.19 108.19 143.68 143.68 130.58 130.58 121.03 126.24 114.26 128.09 119.35 117.66 141.34 124.56 126.24 121.03 119.35 124.56 124.56 119.35
