New_Model_Runs/8_Future_Present_Scn1_out/post_prcessed_with_MFR/net_infiltration_annual.asc
NCOLS 700
NROWS 400
XLLCENTER 515000.000000
YLLCENTER 8409000.000000
CELLSIZE 50.000000
NODATA_value -999.000000
[rows 216 to 251 of 400, columns 81 to 161 of 700]
45.34 55.93 98.65 98.51 55.80 55.80 55.80 55.18 58.41 55.18 55.18 54.83 54.83 54.83 54.83 59.83 59.83 102.55 106.01 60.61 60.61 60.61 41.48 60.52 60.52 60.52 60.52 60.37 60.37 60.37 60.37 63.26 63.26 63.26 63.26 63.48 63.48 63.48 63.48 63.10 63.10 63.10 63.10 62.78 62.78 62.78 62.78 67.93 67.93 67.93 67.93 68.24 68.24 68.24 68.24 68.00 68.00 68.00 68.00 67.52 67.52 67.52 67.52 72.02 72.02 65.79 68.13 71.58 70.44 70.44 70.44 76.08 70.99 70.99 70.99 71.40 71.40 71.40 76.65 74.61 74.61
50.08 47.59 47.59 98.51 55.80 55.80 55.80 55.18 55.18 55.18 55.18 54.83 54.83 58.03 54.83 59.83 59.83 63.29 59.83 60.61 60.61 60.61 60.61 60.52 60.52 60.52 60.52 60.37 63.65 60.37 60.37 54.30 54.30 63.26 56.37 63.48 63.48 63.48 63.48 63.10 63.10 63.10 63.10 62.78 62.78 62.78 62.78 67.93 67.93 67.93 67.93 68.24 68.24 68.24 68.24 68.00 68.00 68.00 68.00 67.52 67.52 67.52 62.43 72.02 72.02 65.79 72.02 67.02 70.44 70.44 70.44 76.08 70.99 76.19 70.99 76.59 71.40 71.40 71.40 72.92 72.92
55.93 81.12 98.65 103.09 55.80 55.80 55.80 55.18 55.18 55.18 55.18 54.83 54.83 54.83 54.83 62.67 59.83 59.83 63.29 60.61 60.61 60.61 60.61 60.52 63.75 60.52 60.52 60.37 60.37 60.37 60.37 63.26 63.26 63.26 63.26 67.17 72.12 70.58 67.17 63.10 66.65 63.10 63.10 66.38 62.78 62.78 62.78 67.93 67.93 67.93 67.93 68.24 68.24 68.24 68.24 68.00 62.43 62.43 71.74 67.52 62.43 67.52 67.91 72.02 72.02 74.46 63.78 72.02 72.02 79.75 70.44 70.99 70.99 70.99 70.99 71.40 71.40 71.40 71.40 72.92 72.92
79.50 84.72 52.81 47.59 47.59 58.96 55.80 55.18 55.18 55.18 55.18 54.83 54.83 54.83 54.83 59.83 59.83 59.83 59.83 60.61 60.61 60.61 63.75 60.52 60.52 65.20 60.52 60.37 60.37 63.59 60.37 63.26 63.26 63.26 63.26 63.48 67.08 63.48 63.48 63.10 63.10 63.10 63.10 62.78 62.78 62.78 62.78 67.93 67.93 67.93 67.93 76.02 68.24 71.99 71.90 68.00 74.41 71.67 68.00 67.52 67.52 67.52 67.90 72.02 72.02 74.46 74.46 74.57 76.17 74.46 74.46 80.45 70.99 70.99 70.99 71.40 71.40 71.40 71.40 72.92 72.92
84.72 85.56 50.55 47.59 47.59 47.43 52.35 45.34 55.80 55.80 55.80 55.28 55.28 55.28 55.28 59.21 59.21 59.21 66.95 59.85 59.85 59.85 59.85 59.72 59.72 59.72 63.20 59.91 59.91 59.91 59.91 66.14 63.14 66.69 63.14 63.25 66.78 63.25 63.25 63.26 66.93 63.26 63.26 63.30 63.30 63.30 63.30 68.16 68.16 75.88 68.16 68.04 68.04 68.04 68.04 67.77 68.78 67.77 67.77 67.20 67.20 75.31 67.90 72.02 72.02 72.02 72.02 72.02 72.02 74.46 74.46 79.80 79.80 76.22 72.02 79.64 82.22 79.64 82.22 81.74 81.74
50.56 50.08 47.43 45.34 47.59 45.34 55.98 45.34 55.80 55.80 58.88 55.28 58.52 55.28 59.10 59.21 59.21 59.21 62.67 59.85 59.85 59.85 59.85 59.72 59.72 59.72 59.72 59.91 59.91 59.91 59.91 63.14 63.14 63.14 63.14 63.25 63.25 63.25 63.25 63.26 63.26 66.93 63.26 63.30 63.30 63.30 63.30 68.16 71.91 68.16 68.16 68.04 68.04 68.04 68.04 67.77 67.77 62.43 67.77 67.20 67.20 65.30 67.90 74.46 72.02 72.02 74.46 60.99 72.02 74.46 74.46 74.46 76.22 72.02 72.02 74.46 72.02 74.46 74.46 77.03 74.16
55.86 47.59 45.34 47.43 45.34 45.34 47.59 60.37 55.80 55.80 55.80 55.28 55.28 55.28 55.28 59.21 59.21 59.21 59.21 59.85 59.85 59.85 59.85 59.72 63.18 59.72 59.72 59.91 59.91 59.91 59.91 63.14 63.14 63.14 63.14 63.25 63.25 63.25 63.25 63.26 63.26 63.26 63.26 63.30 63.30 63.30 63.30 68.17 68.17 68.17 68.17 68.04 68.04 68.04 71.71 67.77 67.77 62.43 67.77 67.20 58.70 67.94 67.90 74.46 74.46 74.46 63.78 79.78 79.78 79.78 63.78 65.79 65.79 72.02 72.02 74.46 63.78 65.79 74.46 76.56 76.56
58.96 45.34 45.34 47.59 47.59 55.98 47.59 55.80 55.80 55.80 55.80 55.28 55.28 58.52 55.28 59.21 59.21 59.21 59.21 59.85 59.85 59.85 64.50 59.72 59.72 59.72 59.72 59.91 59.91 59.91 59.91 66.10 63.14 66.62 63.14 63.25 63.25 63.25 63.25 63.26 63.26 66.82 66.85 63.30 66.84 63.30 63.30 68.17 68.17 68.17 68.17 68.04 68.04 68.04 71.71 67.77 67.77 67.77 76.05 77.42 65.30 58.73 54.82 65.79 60.99 60.99 79.63 79.78 79.78 60.99 79.78 79.80 63.78 65.79 63.78 72.02 72.02 60.99 60.99 67.97 62.42
55.53 55.53 55.53 55.80 55.80 55.80 55.80 55.98 55.98 59.15 59.13 55.79 55.79 55.79 55.79 59.27 59.27 59.27 59.27 58.95 58.95 58.95 62.38 62.28 59.70 62.28 59.70 59.54 59.54 59.54 59.54 62.67 62.67 62.67 62.67 66.14 62.56 62.56 62.56 62.90 62.90 66.43 62.90 63.10 63.10 63.10 63.10 67.70 67.70 67.70 71.36 71.09 67.64 71.09 70.98 67.14 67.14 75.23 75.23 75.04 75.04 75.04 54.82 65.79 79.69 79.69 70.38 79.83 79.83 79.83 79.83 74.46 65.79 65.79 72.02 65.79 63.78 60.99 65.79 67.97 65.80
55.53 55.53 55.53 55.80 55.80 63.08 55.80 55.98 55.98 55.98 60.33 60.26 58.95 55.79 61.17 62.73 59.27 59.27 59.27 58.95 58.95 58.95 58.95 59.70 63.20 59.70 59.70 59.54 59.54 59.54 59.54 62.67 62.67 62.67 67.43 62.56 62.56 62.56 62.56 62.90 62.90 62.90 67.57 68.20 63.10 63.10 63.10 67.70 67.70 67.70 72.49 67.64 67.64 67.64 67.64 67.14 70.46 67.14 67.14 67.09 62.43 62.43 75.04 70.38 70.38 70.38 70.38 79.83 79.83 82.64 79.83 74.46 63.78 72.02 72.02 72.02 72.02 63.78 63.78 67.97 62.42
62.89 62.89 62.89 62.86 62.86 62.86 62.86 63.04 63.04 63.04 63.04 62.85 62.85 62.85 62.85 65.91 65.91 65.91 65.91 65.92 65.92 65.92 65.92 65.86 65.86 65.86 65.86 66.06 66.06 66.06 66.06 71.89 69.46 69.46 69.46 69.34 69.34 69.34 69.34 69.71 69.71 69.71 69.71 68.63 68.63 68.63 73.37 71.19 71.19 71.19 71.19 70.93 70.93 70.93 70.93 70.36 70.36 70.36 70.36 70.13 71.76 70.13 70.13 66.28 73.77 73.77 87.20 84.21 84.21 84.21 84.21 83.84 70.86 79.47 79.47 77.08 83.75 64.71 70.86 80.80 67.55
62.90 62.90 62.90 62.86 62.86 62.86 62.86 63.04 63.04 63.04 63.04 62.85 62.85 62.85 62.85 65.91 65.91 65.91 65.91 65.92 65.92 65.92 65.92 65.86 65.86 65.86 65.86 66.06 66.06 66.06 66.06 69.46 69.46 69.46 69.46 69.34 69.34 69.34 69.34 69.71 69.71 69.71 69.71 68.63 68.63 68.63 68.63 71.19 71.19 71.19 71.19 70.93 70.93 70.93 70.93 70.36 70.36 70.36 79.48 70.13 70.13 69.19 70.13 73.77 73.77 73.84 77.08 84.21 84.21 84.21 84.21 64.71 68.58 79.47 77.08 73.69 73.52 73.52 77.08 80.80 87.10
62.57 62.57 62.57 62.70 66.26 62.70 62.70 62.81 62.81 62.81 62.81 66.30 62.74 62.74 62.74 65.75 65.75 65.75 65.75 65.30 65.30 65.30 65.30 65.10 65.10 65.10 65.10 65.68 65.68 65.68 65.68 71.26 71.85 68.35 68.35 68.73 68.73 68.73 68.73 69.13 69.13 69.13 69.13 69.35 69.35 69.35 69.35 70.55 70.55 70.55 70.55 70.10 70.10 70.10 70.10 70.55 74.59 70.55 70.55 70.32 70.32 70.32 70.32 73.92 73.92 79.47 77.08 84.03 84.03 84.03 87.15 77.08 77.08 77.08 77.08 73.69 73.83 73.83 73.83 76.51 76.51
62.57 62.57 62.57 62.70 62.70 62.70 62.70 62.81 62.81 62.81 62.81 62.74 62.74 66.30 62.74 65.75 65.75 65.75 65.75 65.30 65.30 65.30 65.30 65.10 65.10 65.10 68.91 65.68 65.68 65.68 65.68 71.26 68.35 68.35 68.35 68.73 68.73 68.73 68.73 75.77 69.13 69.13 69.13 69.35 69.35 69.35 69.35 70.55 70.55 70.55 70.55 70.10 70.10 70.10 70.10 70.55 70.55 70.55 70.55 70.32 70.32 70.32 70.32 73.92 73.92 79.47 79.47 84.03 73.69 73.74 84.03 83.74 77.08 77.08 77.08 73.69 73.83 73.83 73.83 76.51 76.51
62.57 62.57 62.57 62.70 62.70 62.70 62.70 62.81 62.81 62.81 62.81 62.74 62.74 62.74 62.74 65.75 69.22 65.75 68.97 65.30 69.05 65.30 65.30 65.10 68.83 65.10 65.10 65.68 65.68 65.68 65.68 74.38 68.35 68.35 68.35 68.73 68.73 68.73 68.73 69.13 69.13 69.13 69.13 69.35 72.22 72.22 69.35 70.55 70.55 70.55 70.55 74.90 70.10 70.10 70.10 70.55 70.55 70.55 70.55 70.32 70.32 70.32 70.32 73.92 73.92 73.92 73.92 75.88 73.69 79.47 79.47 73.50 73.50 77.08 77.08 73.69 73.83 73.83 73.83 76.51 76.51
62.57 62.57 62.57 62.70 62.70 62.70 62.70 62.81 62.81 62.81 62.81 62.74 62.74 62.74 62.74 65.75 65.75 65.75 65.75 65.30 65.30 65.30 69.02 68.83 65.10 65.10 65.10 65.68 65.68 65.68 65.68 68.35 68.35 68.35 68.35 68.73 68.73 68.73 68.73 69.13 69.13 69.13 69.13 69.35 69.35 72.07 69.35 70.55 70.55 70.55 70.55 70.10 74.90 70.10 70.10 70.55 70.55 70.55 70.55 70.32 70.32 70.32 70.32 73.92 73.92 73.92 73.92 73.74 73.74 84.03 73.74 73.50 73.50 77.08 73.69 73.69 73.69 73.83 73.83 76.51 76.51
65.53 62.02 62.02 61.96 61.96 65.47 65.47 61.87 61.87 61.87 61.87 61.81 61.81 61.81 61.81 64.97 64.97 64.97 68.64 64.53 64.53 64.53 64.53 65.05 65.05 65.05 65.05 65.70 65.70 65.70 65.70 68.46 68.46 68.46 68.46 69.01 69.01 69.01 69.01 69.01 69.01 69.01 69.01 68.78 68.78 68.78 68.78 70.62 70.62 70.62 70.62 70.68 70.68 70.68 70.68 70.54 70.54 70.54 70.54 71.10 71.10 71.10 71.10 74.47 74.47 74.47 74.47 73.97 73.97 73.97 73.97 73.74 73.74 73.69 73.74 74.27 74.27 74.27 74.27 77.08 77.08
62.02 62.02 62.02 61.96 61.96 61.96 61.96 61.87 61.87 61.87 61.87 61.81 67.67 61.81 61.81 64.97 64.97 64.97 64.97 64.53 64.53 64.53 64.53 65.05 65.05 65.05 65.05 65.70 65.70 65.70 65.70 68.46 68.46 68.46 68.46 69.01 69.01 69.01 69.01 69.01 69.01 69.01 75.64 68.78 68.78 68.78 68.78 70.62 70.62 70.62 70.62 70.68 70.68 70.68 70.68 70.54 70.54 70.54 70.54 71.10 71.10 71.10 71.10 74.47 74.47 83.50 74.47 73.97 73.97 73.97 73.97 78.91 73.74 73.74 73.74 74.27 74.27 74.27 74.27 77.08 77.08
65.53 62.02 62.02 65.47 61.96 61.96 61.96 61.87 61.87 61.87 61.87 61.81 61.81 61.81 61.81 64.97 64.97 64.97 64.97 64.53 64.53 64.53 64.53 65.05 65.05 65.05 65.05 65.70 65.70 65.70 65.70 68.46 68.46 68.46 68.46 69.01 69.01 69.01 69.01 79.18 71.84 75.58 69.01 68.78 71.46 68.78 68.78 70.62 70.62 70.62 70.62 70.68 70.68 70.68 70.68 70.54 70.54 70.54 70.54 71.10 71.10 71.10 71.10 74.47 74.47 74.47 83.43 73.97 73.97 73.97 73.97 73.74 73.74 73.74 73.74 74.27 74.27 74.27 74.27 77.08 77.08
62.02 62.02 62.02 65.30 61.96 61.96 61.96 61.87 61.87 65.21 61.87 61.81 61.81 61.81 61.81 64.97 64.97 64.97 64.97 64.53 64.53 64.53 64.53 65.05 65.05 65.05 65.05 65.70 65.70 65.70 65.70 68.46 68.46 68.46 68.46 69.01 69.01 69.01 75.74 69.01 69.01 69.01 69.01 68.78 68.78 68.78 68.78 70.62 70.62 70.62 70.62 70.68 70.68 70.68 70.68 70.54 70.54 70.54 70.54 71.10 71.10 71.10 71.10 74.47 74.47 74.47 74.47 73.97 73.97 73.97 73.97 73.74 73.74 73.74 73.74 74.27 74.27 74.27 74.27 77.08 77.08
61.49 61.49 61.49 61.23 61.23 61.23 64.46 61.25 61.25 61.25 61.25 61.14 61.14 61.14 61.14 64.50 64.50 64.50 64.50 65.28 65.28 65.28 65.28 65.89 65.89 65.89 65.89 66.18 66.18 66.18 66.18 69.32 69.32 69.32 69.32 69.36 69.36 69.36 72.09 68.87 68.87 68.87 68.87 68.74 68.74 68.74 68.74 70.60 70.60 70.60 70.60 71.07 71.07 71.07 71.07 71.28 71.28 71.28 71.28 71.69 71.69 71.69 71.69 75.11 75.11 75.11 80.22 74.23 79.43 74.23 74.23 73.93 73.93 73.93 73.93 74.61 74.61 74.61 74.61 77.35 77.35
61.49 61.49 61.49 61.23 61.23 61.23 61.23 61.25 61.25 61.25 61.25 61.14 61.14 64.36 61.14 64.50 64.50 64.50 64.50 65.28 65.28 65.28 65.28 65.89 65.89 65.89 65.89 66.18 66.18 66.18 66.18 69.32 69.32 69.32 69.32 69.36 69.36 69.36 69.36 68.87 68.87 68.87 68.87 68.74 68.74 68.74 68.74 70.60 70.60 70.60 70.60 71.07 71.07 71.07 71.07 71.28 71.28 71.28 71.28 71.69 71.69 71.69 71.69 75.11 75.11 75.11 75.11 74.23 74.23 74.23 74.23 73.93 73.93 73.93 73.93 74.61 74.61 74.61 74.61 77.35 77.35
61.49 61.49 61.49 61.23 61.23 64.46 61.23 61.25 61.25 61.25 61.25 61.14 61.14 61.14 61.14 64.50 64.50 64.50 64.50 65.28 65.28 65.28 65.28 65.89 65.89 65.89 65.89 66.18 66.18 66.18 66.18 69.32 69.32 69.32 69.32 69.36 69.36 69.36 69.36 68.87 68.87 68.87 68.87 68.74 68.74 68.74 68.74 70.60 70.60 70.60 70.60 71.07 71.07 71.07 71.07 71.28 71.28 71.28 71.28 71.69 71.69 71.69 71.69 75.11 75.11 75.11 75.11 74.23 74.23 74.23 79.42 73.93 73.93 73.93 73.93 74.61 74.61 74.61 74.61 77.35 77.35
61.49 61.49 61.49 61.23 61.23 61.23 61.23 61.25 61.25 61.25 61.25 67.53 61.14 61.14 61.14 64.50 64.50 64.50 64.50 65.28 65.28 65.28 65.28 65.89 65.89 65.89 65.89 66.18 66.18 66.18 66.18 69.32 69.32 69.32 69.32 69.36 76.15 69.36 72.09 68.87 68.87 68.87 68.87 68.74 68.74 68.74 68.74 70.60 70.60 70.60 70.60 71.07 71.07 71.07 71.07 71.28 71.28 71.28 71.28 71.69 71.69 71.69 71.69 75.11 75.11 83.75 75.11 74.23 86.20 74.23 74.23 73.93 73.93 73.93 73.93 74.61 74.61 74.61 74.61 77.35 77.35
62.19 62.19 61.18 61.68 61.68 61.68 61.68 61.23 61.23 61.23 61.23 61.46 61.46 61.46 61.46 65.25 65.25 65.25 65.25 66.04 66.04 66.04 66.04 66.17 66.17 66.17 66.17 66.57 66.57 66.57 66.57 68.64 68.64 68.64 68.64 69.26 69.26 69.26 69.26 68.99 68.99 68.99 68.99 69.01 69.01 69.01 69.01 71.03 71.03 71.03 71.03 71.47 71.47 71.47 71.47 71.95 71.95 71.95 71.95 72.12 72.12 72.12 72.12 75.07 75.07 75.07 80.15 79.19 73.97 73.97 73.97 73.87 73.87 73.87 73.87 74.56 74.56 74.56 74.56 77.41 77.41
62.19 66.42 62.19 67.69 68.66 61.68 61.68 61.23 61.23 61.23 61.23 64.68 61.46 61.46 61.46 65.25 65.25 65.25 65.25 66.04 66.04 66.04 66.04 66.17 66.17 66.17 66.17 66.57 66.57 66.57 66.57 68.64 68.64 68.64 68.64 76.21 72.12 69.26 69.26 68.99 68.99 68.99 68.99 69.01 69.01 69.01 69.01 71.03 71.03 71.03 71.03 71.47 71.47 71.47 71.47 71.95 71.95 71.95 71.95 72.12 72.12 72.12 72.12 75.07 75.07 75.07 75.07 73.97 73.97 73.97 73.97 73.87 73.87 73.87 73.87 74.56 74.56 74.56 74.56 77.41 77.41
61.20 61.20 61.20 60.90 60.90 60.90 60.90 61.24 61.24 60.98 60.98 61.16 63.81 61.16 61.16 62.35 62.35 62.35 62.35 63.60 63.60 63.60 63.60 63.97 63.97 63.97 63.97 64.37 64.37 64.37 64.37 64.64 64.64 64.64 64.64 64.13 67.96 64.13 64.13 64.15 64.15 64.15 64.15 64.23 64.23 68.72 64.23 67.56 67.56 67.56 67.56 68.17 68.17 68.17 68.17 68.64 68.64 68.64 68.64 68.11 68.11 68.11 71.90 70.07 70.07 70.07 70.07 69.07 74.05 69.07 69.07 68.98 68.98 68.98 68.98 69.65 69.65 69.65 69.65 74.00 74.00
61.20 64.91 61.20 60.90 60.90 60.90 60.90 61.24 61.24 61.24 61.24 61.47 61.16 61.16 61.16 62.35 62.35 62.35 62.35 63.60 63.60 63.60 63.60 63.97 63.97 63.97 63.97 64.37 64.37 64.37 64.37 64.64 64.64 64.64 64.64 64.13 64.13 64.13 64.13 64.15 64.15 64.15 64.15 67.82 67.82 64.23 64.23 67.56 67.56 67.56 67.56 68.17 68.17 68.17 68.17 68.64 68.64 68.64 68.64 68.11 68.11 68.11 68.11 70.07 70.07 70.07 70.07 69.07 69.07 69.07 69.07 68.98 68.98 68.98 68.98 69.65 69.65 69.65 69.65 74.00 78.47
60.88 60.88 60.88 61.07 61.07 61.07 61.07 61.55 61.55 61.55 61.55 61.68 70.79 61.68 61.68 62.83 62.83 62.83 62.83 64.03 64.03 64.03 64.03 64.45 64.45 64.45 64.45 64.83 64.83 64.83 64.83 64.69 64.69 64.69 64.69 64.17 64.17 64.17 64.17 64.17 64.17 64.17 64.17 63.94 63.94 63.94 63.94 67.44 67.44 67.44 67.44 68.32 68.32 68.32 68.32 68.27 68.27 68.27 68.27 68.66 68.66 68.66 68.66 69.53 69.53 69.53 69.53 68.79 68.79 68.79 68.79 68.87 68.87 68.87 68.87 69.22 69.22 69.22 69.22 73.87 73.87
60.88 60.88 60.88 61.07 61.07 61.07 61.07 61.55 61.55 61.55 61.55 61.68 61.68 61.68 61.68 63.33 63.33 63.33 62.83 64.03 64.03 64.03 64.03 64.45 64.45 64.45 64.45 64.83 64.83 64.83 66.99 64.69 64.69 64.69 64.69 64.17 64.17 64.17 64.17 64.17 64.17 64.17 64.17 63.94 63.94 63.94 63.94 67.44 67.44 67.44 67.44 75.00 68.32 68.32 68.32 68.27 68.27 68.27 46.30 68.66 68.66 68.66 68.66 69.53 69.53 69.53 73.70 68.79 68.79 68.79 68.79 68.87 68.87 68.87 68.87 69.22 69.22 69.22 69.22 73.87 78.21
60.88 60.88 60.88 61.07 61.07 61.07 61.07 61.55 61.55 61.55 61.55 61.68 61.68 61.68 61.68 63.33 63.33 63.33 63.33 64.49 64.49 64.49 64.03 64.45 64.45 64.45 64.45 64.83 64.83 64.83 59.07 58.70 55.89 64.69 57.95 64.17 64.17 64.17 64.17 64.17 64.17 64.17 64.17 63.94 63.94 63.94 63.94 67.44 67.44 67.44 67.44 71.93 68.32 68.32 68.32 68.27 68.27 68.27 68.27 68.66 68.66 68.66 68.66 69.53 69.53 69.53 73.70 68.79 68.79 68.79 68.79 68.87 68.87 68.87 68.87 69.22 69.22 69.22 69.22 73.87 73.87
60.88 60.88 68.18 61.07 61.07 61.07 61.07 65.29 61.55 61.55 61.55 61.68 65.43 61.68 61.68 63.33 63.33 63.33 63.33 64.49 64.49 64.49 64.49 65.41 65.41 64.45 64.45 64.83 68.87 66.32 57.13 55.89 55.89 55.89 64.69 64.17 64.17 64.17 64.17 64.17 64.17 64.17 64.17 78.66 63.94 63.94 68.04 67.44 67.44 67.44 67.44 68.32 68.32 68.32 72.14 68.27 68.27 68.27 72.07 68.66 68.66 68.66 68.66 69.53 69.53 69.53 69.53 68.79 68.79 68.79 68.79 68.87 68.87 68.87 68.87 73.48 69.22 69.22 69.22 73.87 73.87
60.73 60.73 60.73 61.15 61.15 61.15 61.15 61.68 61.68 61.68 61.68 61.76 61.76 61.76 61.76 63.34 63.34 63.34 63.34 64.71 64.71 64.71 64.71 65.78 65.78 65.78 65.78 72.53 64.84 59.07 57.13 55.89 55.89 68.41 64.54 63.99 63.99 63.99 63.99 64.17 64.17 71.48 71.48 78.77 64.03 64.03 64.03 67.36 67.36 67.36 67.36 67.96 67.96 67.96 71.75 68.12 68.12 68.12 75.93 68.23 68.23 68.23 68.23 69.14 69.14 69.14 69.14 68.82 68.82 68.82 73.88 68.78 68.78 68.78 68.78 73.90 68.84 68.84 68.84 73.71 73.71
60.73 60.73 64.45 61.15 61.15 61.15 61.15 61.68 61.68 61.68 61.68 61.76 61.76 61.76 61.76 63.34 63.34 63.34 63.34 64.71 73.55 64.71 64.71 65.78 65.78 65.78 65.78 60.69 65.80 65.80 60.69 55.89 42.32 64.54 64.54 63.99 63.99 63.99 63.99 64.17 64.17 71.48 71.48 71.59 71.59 68.14 64.03 67.36 67.36 67.36 67.36 67.96 67.96 67.96 67.96 68.12 68.12 61.21 61.21 68.23 72.04 68.23 72.49 69.14 69.14 69.14 69.14 68.82 68.82 68.82 68.82 68.78 68.78 68.78 68.78 68.84 68.84 68.84 68.84 73.71 73.71
60.73 60.73 60.73 61.15 61.15 61.15 61.15 61.68 61.68 61.68 61.68 61.76 61.76 61.76 61.76 63.34 63.34 63.34 63.34 64.71 64.71 64.71 64.71 65.78 60.69 60.69 77.23 60.69 65.80 65.80 60.69 65.37 67.77 65.37 65.37 63.99 63.99 63.99 63.99 64.17 64.17 64.17 71.48 71.59 71.59 71.59 64.03 67.36 67.36 67.36 67.36 67.96 67.96 67.96 67.96 68.12 71.91 61.21 61.21 68.23 68.23 68.23 68.23 69.14 69.14 69.14 69.14 68.82 68.82 68.82 68.82 68.78 68.78 68.78 68.78 68.84 68.84 68.84 68.84 73.71 73.71
60.73 60.73 60.73 61.15 61.15 61.15 61.15 61.68 61.68 61.68 61.68 61.76 61.76 65.50 61.76 63.34 63.34 63.34 63.34 64.71 73.54 64.71 64.71 60.69 60.69 61.30 61.30 59.09 65.80 65.80 65.80 65.37 65.37 67.77 79.90 64.47 64.47 64.47 63.99 64.17 64.17 64.17 71.48 71.59 73.61 71.59 71.59 73.65 67.36 67.36 67.36 67.96 67.96 67.96 67.96 68.12 68.12 68.12 64.36 68.23 68.23 68.23 68.23 69.14 69.14 69.14 69.14 68.82 73.03 73.03 68.82 68.78 68.78 68.78 68.78 68.84 68.84 68.84 68.84 73.71 73.71
