New_Model_Runs/8_Future_Present_Scn1_out/post_prcessed_with_MFR/runoff_annual.asc
NCOLS 700
NROWS 400
XLLCENTER 515000.000000
YLLCENTER 8409000.000000
CELLSIZE 50.000000
NODATA_value -999.000000
[rows 185 to 221 of 400, columns 164 to 245 of 700]
4.18 4.18 4.18 4.18 4.47 4.47 4.47 0.74 0.00 0.00 0.00 0.00 0.00 86.71 4.67 4.67 4.47 4.47 4.47 4.47 4.51 0.73 0.73 0.73 0.74 0.74 4.54 4.54 5.74 5.74 5.74 5.74 5.44 5.44 5.44 5.44 4.82 4.82 4.82 4.82 4.82 4.82 4.82 4.82 6.30 6.30 6.30 6.30 6.40 6.40 6.40 6.40 1.51 1.51 3.13 6.48 6.38 6.38 6.38 9.52 5.81 5.81 5.81 5.81 6.77 0.00 0.00 0.00 0.00 0.00 0.00 0.00 6.88 6.88 12.58 6.88 6.69 6.81 11.06 6.81 6.73 7.67
4.18 4.18 4.18 4.18 4.47 4.47 0.74 0.31 85.35 0.00 0.00 0.00 0.00 4.67 4.67 4.67 4.47 4.47 4.47 4.47 6.96 4.51 1.85 0.73 0.90 0.74 4.54 4.54 5.74 5.74 5.74 5.74 5.44 5.44 5.44 5.44 4.82 4.82 4.82 4.82 7.43 4.82 4.82 4.82 6.30 6.30 6.30 9.70 6.40 6.40 6.40 6.40 1.51 1.51 2.06 1.51 6.38 6.38 6.38 6.38 5.81 5.81 5.81 5.81 6.77 10.18 0.00 0.00 0.00 0.00 0.00 0.00 14.57 6.88 10.32 6.88 6.69 6.81 11.06 6.81 6.73 7.67
4.18 0.67 0.67 4.18 4.47 4.47 0.74 0.31 0.80 85.35 88.03 85.35 0.77 4.67 7.16 4.67 4.47 4.47 4.47 4.47 4.51 4.51 0.73 0.73 1.87 7.02 4.54 4.54 5.74 5.74 8.82 5.74 5.44 5.44 5.44 5.44 7.43 7.43 4.82 4.82 4.82 4.82 4.82 4.82 6.30 6.30 6.30 9.70 6.40 6.40 6.40 6.40 10.13 10.16 1.51 1.51 6.38 6.38 6.38 6.38 5.81 5.81 5.81 5.81 6.77 6.77 6.77 0.00 0.00 0.00 0.00 92.37 6.88 6.88 6.88 6.88 6.81 6.81 6.81 6.81 6.73 7.67
0.72 0.72 0.72 0.72 4.75 4.75 2.68 0.31 0.31 0.31 2.68 0.31 0.77 4.66 4.66 4.66 6.75 6.75 4.47 4.47 4.49 4.49 0.73 0.88 4.53 4.53 4.53 4.53 5.74 5.74 5.74 5.74 5.44 5.44 5.44 5.44 4.83 4.83 4.83 4.83 4.83 4.83 4.83 4.83 6.25 6.25 6.25 6.25 6.35 6.35 6.35 6.35 6.48 6.48 6.48 1.51 6.44 6.44 6.44 6.44 6.31 6.31 6.31 6.31 6.70 6.70 6.70 0.00 0.00 0.00 0.00 6.85 6.80 6.80 6.80 6.80 6.82 6.82 11.07 6.82 6.70 6.70
0.72 0.72 0.72 0.72 0.80 0.80 2.68 0.31 0.31 0.80 0.97 0.80 0.77 0.77 0.77 4.66 4.47 4.47 4.47 4.47 4.49 4.49 4.49 1.84 9.34 4.53 4.53 4.53 5.74 8.82 8.82 8.70 5.44 5.44 5.44 5.44 4.83 4.83 4.83 4.83 4.83 7.45 4.83 4.83 6.25 6.25 9.61 6.25 6.35 6.35 6.35 6.35 6.48 10.16 6.48 1.51 6.44 6.44 6.44 6.44 6.31 6.31 6.31 6.31 6.70 10.08 6.70 0.00 0.00 0.00 0.00 6.85 6.80 6.80 6.80 6.80 6.82 6.82 6.82 6.82 6.70 6.70
0.72 0.72 0.72 0.72 0.80 0.80 2.68 2.68 2.68 0.80 0.97 0.80 0.77 0.77 4.66 4.66 6.75 4.47 4.47 4.47 4.49 4.49 4.49 4.49 4.53 11.05 7.01 4.53 5.74 5.74 5.74 8.70 5.44 5.44 5.44 5.44 7.45 4.83 4.83 4.83 4.83 4.83 4.83 4.83 6.25 6.25 6.25 6.25 6.35 6.35 6.35 6.35 6.48 6.48 6.48 1.51 6.44 6.44 6.44 10.02 6.31 6.31 6.31 6.31 6.70 6.70 6.70 1.55 1.58 1.58 0.83 6.85 6.80 6.80 6.80 6.95 6.82 6.82 6.82 6.82 6.70 6.70
0.72 0.72 0.72 0.72 0.80 0.80 0.97 0.31 0.80 0.80 0.80 0.80 0.77 4.66 4.66 4.66 4.47 6.75 4.47 4.47 4.49 6.94 4.49 4.49 4.53 4.53 4.53 4.53 5.74 5.74 5.74 5.74 5.44 5.44 5.44 5.44 4.83 10.20 4.83 4.83 4.83 7.45 7.43 4.83 6.25 6.25 6.25 6.25 6.35 6.35 6.35 6.35 6.48 6.48 6.48 1.51 10.09 6.44 6.44 6.44 6.31 6.31 6.31 6.31 6.70 6.70 6.70 6.70 1.58 1.58 1.58 6.85 6.80 6.80 6.80 6.95 6.82 6.82 13.91 6.82 10.87 6.70
4.72 0.80 0.80 0.80 0.81 0.97 0.81 0.31 0.80 0.80 0.80 0.80 4.57 4.57 4.57 4.57 4.44 6.71 4.44 4.44 4.47 4.47 4.47 4.47 4.52 4.52 4.52 4.52 5.70 5.70 5.70 5.70 8.42 5.45 5.45 5.45 4.85 4.85 4.85 4.85 4.78 7.37 4.78 4.78 5.64 8.93 8.93 5.64 6.32 6.32 6.32 6.32 6.69 6.69 1.56 1.56 11.28 10.13 6.46 12.61 5.62 5.62 5.62 5.62 5.82 9.36 5.82 5.82 6.79 1.57 1.57 1.57 6.82 6.82 6.97 6.97 6.77 6.77 10.99 10.96 6.70 6.70
4.72 4.72 4.72 0.80 0.81 0.81 4.76 0.81 3.05 4.72 4.72 4.72 4.57 4.57 4.57 4.57 4.44 4.44 4.44 4.44 4.47 4.47 4.47 4.47 4.52 4.52 4.52 4.52 5.70 5.70 5.70 5.70 5.45 5.45 5.45 5.45 4.85 4.85 4.85 4.85 4.78 4.78 4.78 4.78 5.64 5.64 5.64 5.64 6.32 6.32 6.32 6.32 6.69 6.69 6.69 6.69 27.12 6.46 6.46 6.46 5.62 5.62 5.62 5.62 15.19 5.82 5.82 5.82 6.79 6.79 1.57 1.57 6.82 6.82 11.06 6.97 6.77 6.77 6.77 6.77 6.70 12.19
10.33 10.33 10.33 10.33 5.90 10.42 10.42 10.42 16.27 10.33 10.33 10.33 10.60 10.60 10.60 10.60 10.18 10.18 10.18 10.18 10.24 30.55 10.24 10.24 10.32 16.32 10.32 10.32 11.39 11.39 11.39 11.39 11.13 17.64 17.64 11.13 10.74 10.74 10.74 10.74 10.61 23.47 10.61 10.61 10.73 16.91 10.73 10.73 11.14 11.14 11.14 11.14 11.78 11.78 11.78 18.53 26.11 26.11 11.38 11.38 10.31 10.31 10.31 10.31 10.38 10.38 10.38 10.38 10.67 10.67 2.94 2.94 10.81 10.81 10.25 10.25 9.79 9.79 9.79 9.79 9.68 9.68
10.33 10.33 10.33 10.33 10.42 10.42 10.42 10.42 10.33 16.27 10.33 10.33 10.60 10.60 10.60 10.60 10.18 10.18 10.18 10.18 10.24 10.24 10.24 10.24 10.32 10.32 10.32 10.32 11.39 11.39 11.39 11.39 11.13 11.13 11.13 11.13 10.74 23.87 10.74 10.74 10.61 10.61 10.61 10.61 23.75 16.90 10.73 10.73 11.14 11.14 11.14 11.14 11.78 11.78 11.78 11.78 11.38 11.38 11.38 11.38 10.31 10.31 10.31 10.31 10.38 10.38 10.38 10.38 10.67 10.67 2.94 2.94 9.81 10.25 10.25 10.25 9.79 9.79 9.79 9.79 9.68 9.68
10.39 10.39 10.39 22.72 10.32 10.32 10.32 10.32 10.11 10.11 10.11 10.11 10.58 10.58 10.58 10.58 10.16 10.16 10.16 10.16 16.09 16.11 10.20 10.20 10.29 10.29 10.29 16.26 11.22 11.22 11.22 11.22 11.05 11.05 11.05 11.05 10.64 10.64 10.64 10.64 10.49 10.49 10.49 10.49 10.72 10.72 10.72 10.72 11.19 11.19 11.19 17.80 11.76 11.76 11.76 11.76 11.30 11.30 17.98 11.30 10.24 10.24 10.24 10.24 10.41 10.41 10.41 10.41 10.87 10.87 2.99 2.99 7.32 17.85 10.34 10.34 9.83 9.83 9.83 9.83 9.64 9.64
10.39 16.36 10.39 10.39 10.32 10.32 10.32 10.32 10.11 10.11 10.11 10.11 16.56 10.58 10.58 10.58 10.16 10.16 10.16 10.16 10.20 10.20 10.20 10.20 10.29 10.29 10.29 10.29 17.79 11.22 11.22 11.22 11.05 11.05 11.05 11.05 10.64 10.64 10.64 10.64 10.49 10.49 10.49 10.49 16.88 10.72 10.72 10.72 11.19 11.19 11.19 11.19 11.76 11.76 11.76 11.76 11.30 11.30 11.30 11.30 10.24 10.24 10.24 10.24 10.41 10.41 10.41 10.41 10.87 10.87 2.99 2.99 10.90 10.34 10.34 16.95 16.68 9.83 9.83 9.83 9.64 9.64
10.39 10.39 10.39 10.39 10.32 10.32 10.32 10.32 10.11 10.11 10.11 10.11 10.58 10.58 10.58 16.32 10.16 10.16 10.16 10.16 10.20 10.20 10.20 10.20 10.29 22.57 10.29 10.29 11.22 11.22 11.22 11.22 11.05 17.50 17.50 11.05 10.64 16.77 10.64 16.77 10.49 10.49 10.49 10.49 10.72 10.72 10.72 10.72 11.19 11.19 11.19 11.19 11.76 11.76 11.76 11.76 11.30 11.30 11.30 11.30 10.24 10.24 10.24 10.24 10.41 10.41 10.41 10.41 10.87 10.87 2.99 3.82 10.34 10.34 10.34 10.34 9.83 9.83 9.83 9.83 9.64 9.64
10.39 10.39 10.39 10.39 10.32 16.09 10.32 10.32 10.11 10.11 10.11 10.11 10.58 10.58 16.55 16.32 10.16 10.16 10.16 10.16 22.25 10.20 10.20 10.20 10.29 10.29 16.20 10.29 17.73 11.22 11.22 11.22 11.05 17.28 11.05 11.05 10.64 10.64 10.64 10.64 10.49 10.49 10.49 10.49 10.72 10.72 10.72 10.72 11.19 11.19 11.19 11.19 11.76 11.76 11.76 11.76 17.96 17.98 11.30 11.30 10.24 10.24 10.24 10.24 10.41 10.41 10.41 10.41 10.87 10.87 10.87 10.87 10.34 10.34 10.34 10.34 9.83 9.83 9.83 9.83 9.64 9.64
10.11 16.06 16.06 10.11 10.02 10.02 10.02 10.02 10.04 10.04 15.94 10.04 10.57 10.57 10.57 10.57 10.16 10.16 10.16 10.16 16.02 10.14 10.14 10.14 10.16 10.16 10.16 29.29 11.10 11.10 11.10 11.10 10.67 16.82 10.67 10.67 10.45 20.57 10.45 10.45 16.77 10.64 10.64 10.64 11.13 11.13 11.13 11.13 11.38 11.38 11.38 11.38 11.79 11.79 11.79 11.79 11.27 11.27 11.27 11.27 10.23 10.23 10.23 10.23 10.57 10.57 10.57 10.57 11.14 11.14 11.14 11.14 10.93 18.43 10.93 10.93 9.91 9.91 9.91 9.91 9.70 9.70
10.11 10.11 10.11 10.11 10.02 10.02 10.02 10.02 10.04 10.04 10.04 26.79 23.95 10.57 10.57 10.57 16.05 10.16 10.16 10.16 10.14 10.14 16.01 10.14 10.16 10.16 10.16 16.05 17.59 11.10 11.10 11.10 10.67 10.67 10.67 10.67 10.45 10.45 16.45 10.45 10.64 10.64 10.64 10.64 11.13 11.13 11.13 11.13 11.38 11.38 11.38 11.38 11.79 11.79 11.79 11.79 11.27 11.27 11.27 17.39 10.23 10.23 10.23 10.23 10.57 10.57 10.57 16.69 11.14 11.14 11.14 18.46 10.93 10.93 18.43 17.16 29.19 16.82 9.91 9.91 9.70 9.70
10.11 10.11 10.11 10.11 15.91 10.02 10.02 10.02 10.04 10.04 10.04 10.04 10.57 10.57 10.57 10.57 10.16 10.16 10.16 10.16 16.01 10.14 10.14 10.14 10.16 10.16 10.16 10.16 11.10 17.59 17.59 11.10 10.67 10.67 10.67 10.67 10.45 10.45 10.45 10.45 10.64 10.64 10.64 10.64 11.13 11.13 11.13 11.13 11.38 11.38 11.38 11.38 11.79 11.79 11.79 18.56 11.27 11.27 17.93 11.27 10.23 10.23 10.23 10.23 10.57 10.57 10.57 10.57 11.14 11.14 11.14 10.95 10.93 10.93 10.93 10.93 9.91 9.91 16.82 28.82 16.46 9.70
10.11 10.11 10.11 15.99 10.02 10.02 10.02 15.68 10.04 10.04 10.04 10.04 10.57 10.57 10.57 10.57 10.16 10.16 10.16 10.16 10.14 10.14 15.84 10.14 10.16 10.16 15.86 10.16 11.10 11.10 11.10 17.35 10.67 10.67 10.67 10.67 10.45 10.45 10.45 10.45 10.64 10.64 10.64 10.64 11.13 11.13 11.13 11.13 11.38 11.38 11.38 11.38 11.79 11.79 11.79 11.79 11.27 17.87 11.27 11.27 22.51 10.23 10.23 10.23 10.57 10.57 10.57 10.57 11.14 11.14 11.14 10.95 10.93 10.93 10.93 10.93 9.91 16.78 9.91 16.78 9.70 16.46
9.98 9.98 9.98 9.98 9.54 9.54 9.54 9.54 9.73 9.73 9.73 9.73 10.28 10.28 10.28 10.28 10.13 10.13 10.13 10.13 10.06 10.06 10.06 15.74 10.05 10.05 15.73 10.05 17.33 11.01 17.33 11.01 16.59 10.53 10.53 10.53 10.60 10.60 10.60 10.60 11.36 11.36 11.36 11.36 11.81 11.81 11.81 11.81 11.92 11.92 11.92 11.92 11.87 11.87 11.87 11.87 11.15 11.15 11.15 11.15 10.28 10.28 10.28 10.28 10.85 10.85 10.85 10.85 11.21 11.21 14.19 26.01 18.36 10.89 10.89 10.89 9.84 9.84 9.84 9.84 9.65 16.38
15.83 9.98 9.98 9.98 9.54 15.31 9.54 9.54 9.73 9.73 9.73 9.73 10.28 10.28 10.28 16.24 15.87 10.13 10.13 10.13 10.06 10.06 10.06 15.74 10.05 10.05 10.05 15.73 11.01 11.01 11.01 11.01 10.53 10.53 10.53 10.53 10.60 10.60 10.60 10.60 11.36 11.36 11.36 11.36 11.81 11.81 11.81 11.81 11.92 11.92 11.92 11.92 11.87 11.87 24.46 11.87 11.15 11.15 11.15 11.15 10.28 10.28 10.28 10.28 10.85 10.85 10.85 10.85 11.21 17.76 11.01 11.01 10.89 10.89 25.78 10.89 9.84 9.84 9.84 9.84 9.65 9.65
9.98 9.98 9.98 9.98 9.54 9.54 9.54 9.54 15.34 9.73 9.73 9.73 10.28 10.28 10.28 10.28 10.13 15.87 10.13 10.13 10.06 10.06 10.06 10.06 10.05 10.05 10.05 10.05 24.53 11.01 11.01 11.01 16.59 10.53 10.53 10.53 10.60 10.60 10.60 10.60 17.49 17.88 11.36 11.36 18.39 11.81 11.81 11.81 11.92 11.92 11.92 19.07 28.67 18.68 18.68 11.87 11.15 11.15 11.15 11.15 10.28 10.28 10.28 10.28 10.85 10.85 10.85 10.85 11.21 11.21 26.08 11.01 10.89 10.89 10.89 10.89 9.84 9.84 9.84 9.84 9.65 9.65
15.83 15.83 9.98 9.98 9.54 9.54 9.54 9.54 9.73 9.73 9.73 9.73 10.28 10.28 10.28 10.28 10.13 15.83 10.13 10.13 10.06 10.06 10.06 10.06 10.05 4.99 10.05 10.05 11.01 11.01 11.01 11.01 16.59 10.53 10.53 10.53 10.60 13.84 10.60 10.60 11.36 11.36 11.36 11.36 11.81 11.81 11.81 11.81 11.92 11.92 11.92 11.92 11.87 11.87 11.87 11.87 11.15 11.15 11.15 11.15 10.28 10.28 10.28 10.28 10.85 10.85 10.85 10.85 11.21 11.01 11.01 11.01 10.89 10.89 10.89 10.89 16.64 9.84 9.84 16.60 9.65 9.65
9.82 9.82 9.82 9.82 9.09 9.09 9.09 9.09 9.07 9.07 9.07 9.07 10.12 15.84 10.12 15.84 10.05 10.05 10.05 10.05 9.55 9.55 9.55 9.55 9.54 4.99 9.54 9.54 10.73 16.92 10.73 10.73 10.62 10.62 10.62 12.79 5.52 11.03 11.03 11.03 11.54 11.54 11.54 11.54 11.96 11.96 11.96 11.96 19.15 11.98 19.16 11.98 18.05 11.36 11.36 11.36 10.84 10.84 10.84 10.84 10.51 10.51 10.51 10.51 11.17 11.17 11.17 11.17 11.13 10.93 18.44 10.93 9.89 9.89 9.89 9.89 9.72 9.72 16.50 9.72 9.63 9.63
9.82 9.82 19.49 9.82 9.09 9.09 9.09 9.09 9.07 9.07 9.07 26.91 10.12 10.12 10.12 10.12 10.05 10.05 10.05 10.05 9.55 4.99 4.99 3.71 3.71 4.99 9.54 9.54 10.73 10.73 10.73 10.73 10.62 10.62 20.26 4.44 5.52 11.03 11.03 11.03 11.54 11.54 11.54 11.54 11.96 11.96 19.13 23.77 11.98 11.98 11.98 11.98 11.36 11.36 11.36 11.36 10.84 10.84 17.25 10.84 10.51 10.51 10.51 10.51 11.17 11.17 11.17 11.17 11.13 33.17 10.93 10.93 9.89 9.89 9.89 9.89 9.72 9.72 18.67 16.45 9.63 16.34
15.60 15.60 15.60 15.60 15.05 15.05 15.05 15.05 15.00 26.17 15.00 26.17 15.95 15.95 15.95 27.57 27.40 15.86 27.40 39.95 9.35 9.35 7.24 7.24 17.25 27.09 15.68 15.68 16.87 16.87 24.30 16.87 16.71 16.71 28.59 9.03 17.14 17.14 17.14 17.14 56.55 19.16 19.16 32.55 31.05 17.55 17.55 17.55 17.58 17.58 17.58 17.58 16.83 16.83 16.83 16.83 16.19 16.19 16.19 16.19 14.25 14.25 14.25 14.25 15.23 15.23 34.45 23.41 14.49 14.49 25.24 14.49 14.16 14.16 23.77 14.16 12.49 12.49 12.49 12.49 12.38 12.38
15.60 15.60 27.08 15.60 15.05 15.05 15.05 15.05 15.00 15.00 15.00 15.00 15.95 15.95 15.95 15.95 15.86 15.86 15.86 22.99 9.35 4.17 4.17 17.49 21.63 15.68 15.68 15.68 35.87 20.87 4.88 4.88 8.37 16.71 16.71 16.71 17.14 17.14 17.14 30.34 19.16 19.16 19.16 19.16 17.55 17.55 17.55 17.55 17.58 17.58 31.10 17.58 16.83 16.83 16.83 16.83 16.19 27.22 16.19 16.19 14.25 14.25 14.25 24.62 25.31 25.68 25.68 15.23 14.49 14.49 14.49 14.49 14.16 23.63 14.16 14.16 12.49 12.49 12.49 12.49 12.38 12.38
15.47 15.47 15.47 15.47 14.99 14.99 14.99 14.99 14.87 14.87 14.87 14.87 15.81 15.81 15.81 15.81 15.75 9.35 9.35 7.24 9.35 4.85 4.17 4.17 7.24 15.67 15.67 20.35 17.10 4.88 4.88 4.88 8.37 8.91 8.37 10.72 17.36 17.36 17.36 17.36 19.20 19.20 19.20 19.20 17.54 30.47 17.54 17.54 17.19 17.19 17.19 17.19 16.36 16.36 16.36 16.36 16.37 16.37 16.37 16.37 14.55 14.55 14.55 14.55 15.18 15.18 15.18 15.18 14.28 14.28 14.28 14.28 13.90 13.90 13.90 13.90 12.47 12.47 12.47 12.47 12.33 12.33
15.47 15.47 15.47 26.56 14.99 14.99 14.99 14.99 14.87 14.87 14.87 14.87 15.81 15.81 15.81 15.81 9.35 9.35 7.24 7.24 7.24 9.31 4.17 16.20 4.17 4.17 4.86 15.67 6.61 6.39 4.88 4.88 8.37 8.91 8.37 10.72 17.36 17.36 17.36 17.36 19.20 19.20 19.20 32.63 17.54 17.54 17.54 17.54 17.19 17.19 17.19 17.19 16.36 16.36 16.36 16.36 16.37 16.37 16.37 16.37 14.55 14.55 14.55 14.55 15.18 15.18 15.18 33.16 24.53 14.28 14.28 14.28 13.90 13.90 13.90 13.90 12.47 12.47 12.47 12.47 12.33 12.33
15.47 15.47 15.47 26.56 14.99 14.99 14.99 14.99 14.87 14.87 14.87 14.87 15.81 15.81 15.81 15.81 7.24 11.30 6.50 4.17 4.17 16.20 16.20 3.59 4.17 4.17 4.86 4.17 4.88 4.88 4.88 4.88 4.88 8.37 8.37 10.72 10.72 17.36 17.36 17.36 19.20 19.20 19.20 19.20 17.54 17.54 17.54 17.54 17.19 17.19 29.59 17.19 16.36 27.41 27.41 16.36 16.37 16.37 16.37 16.37 14.55 14.55 14.55 14.55 15.18 15.18 15.18 30.17 14.28 14.28 14.28 14.28 13.90 13.90 13.90 13.90 12.47 12.47 12.47 12.47 12.33 12.33
26.76 15.47 15.47 15.47 6.98 7.44 14.99 14.99 14.87 14.87 14.87 14.87 15.81 15.81 15.81 29.22 7.24 17.61 5.76 4.82 5.89 4.17 4.82 4.17 3.25 4.86 4.82 4.17 4.88 4.88 4.88 4.88 4.88 4.88 8.37 10.72 10.72 17.36 17.36 17.36 19.20 19.20 19.20 19.20 17.54 17.54 17.54 17.54 17.19 17.19 17.19 17.19 16.36 16.36 16.36 16.36 16.37 16.37 16.37 16.37 14.55 14.55 14.55 14.55 15.18 15.18 19.65 14.49 14.28 14.28 24.53 14.28 13.90 13.90 23.45 13.90 12.47 12.47 12.47 12.47 12.33 12.33
15.06 15.06 15.06 15.06 9.00 7.44 15.05 6.98 15.03 6.98 15.03 12.67 7.24 15.86 15.86 7.24 7.24 17.59 11.97 4.82 5.93 4.82 4.82 4.17 4.17 4.17 4.17 4.17 4.88 4.88 4.88 4.21 5.63 5.63 5.63 10.72 18.99 18.99 18.99 18.99 19.29 19.29 19.29 19.29 17.08 17.08 17.08 17.08 16.53 28.11 16.53 16.53 27.30 16.30 16.30 16.30 17.00 17.00 17.00 17.00 14.59 14.59 14.59 14.59 35.34 24.82 14.21 14.21 13.91 13.91 13.91 13.91 23.48 23.99 14.03 14.03 12.52 21.18 12.52 12.52 12.29 12.29
15.06 15.06 15.06 15.06 15.05 6.98 15.05 6.98 15.03 15.03 6.98 6.98 15.86 15.86 15.86 7.24 7.24 7.24 5.93 16.20 5.93 4.82 4.17 4.17 4.17 4.17 4.17 4.17 4.88 4.88 4.21 4.21 4.21 6.02 6.02 18.25 18.99 18.99 18.99 18.99 19.29 19.29 19.29 19.29 30.77 17.08 17.08 17.08 16.53 16.53 16.53 16.53 16.30 16.30 16.30 16.30 17.00 17.00 17.00 17.00 14.59 14.59 25.04 25.04 24.82 14.46 14.21 14.21 13.91 13.91 13.91 13.91 14.03 14.03 14.03 22.60 12.52 12.52 12.52 12.52 12.29 26.97
15.85 15.85 22.63 15.06 15.05 6.98 6.98 6.98 15.03 15.03 6.98 6.98 7.24 15.86 9.22 4.17 5.71 4.17 4.17 5.75 4.17 4.17 4.17 4.82 4.17 4.17 4.17 3.59 4.21 4.21 4.21 4.21 6.02 13.62 6.02 18.25 18.99 18.99 18.99 18.99 19.29 19.29 19.29 19.29 17.08 17.08 17.08 17.08 16.53 16.53 16.53 16.53 16.30 16.30 16.30 16.30 17.00 17.00 17.00 17.00 26.56 14.59 14.59 14.59 14.46 14.46 14.21 14.21 13.91 13.91 13.91 13.91 14.03 14.03 14.03 14.03 12.52 12.52 12.52 12.52 12.29 20.45
15.85 8.12 9.60 26.69 36.04 7.77 7.77 6.98 15.03 21.79 9.00 22.99 27.44 4.93 6.49 4.82 4.17 4.56 4.82 8.65 6.96 4.17 4.17 4.82 5.89 4.82 5.15 3.59 4.21 4.21 4.21 5.63 5.63 6.02 18.25 18.25 18.99 18.99 18.99 18.99 19.29 19.29 9.37 19.29 17.08 17.08 17.08 17.08 16.53 16.53 16.53 16.53 16.30 16.30 16.30 16.30 17.00 17.00 17.00 17.00 14.59 14.59 14.59 14.59 14.46 14.21 14.21 14.21 13.91 13.91 13.91 13.91 14.03 52.38 23.43 14.03 12.52 12.52 12.52 12.52 12.29 12.29
26.31 15.76 15.76 26.31 26.69 15.82 15.82 15.82 15.57 15.57 9.00 6.98 15.92 15.92 4.96 4.17 4.17 4.82 4.82 6.96 5.78 5.78 4.17 4.82 4.82 4.98 3.59 3.59 4.21 4.21 4.21 5.63 9.36 9.10 18.47 18.47 18.52 18.52 18.52 18.52 31.85 18.98 18.98 9.28 16.38 16.38 16.38 16.38 7.17 4.42 7.62 16.24 16.59 16.59 16.59 16.59 28.34 16.70 16.70 16.70 14.17 14.17 14.17 14.17 14.04 13.61 13.61 13.61 13.60 13.60 13.60 13.60 23.24 13.83 13.83 13.83 21.10 21.10 12.46 12.46 12.16 12.16
15.76 15.76 15.76 15.76 15.82 15.82 15.82 15.82 15.85 15.85 15.85 9.60 8.67 16.81 15.92 4.96 4.17 4.82 4.82 4.82 4.82 4.17 4.17 4.82 4.82 4.82 4.98 3.59 4.21 4.21 5.63 4.88 5.63 4.88 21.73 8.37 6.11 18.52 18.52 18.52 18.98 18.98 13.82 9.28 16.38 16.38 5.12 4.42 4.42 4.42 7.62 16.24 16.59 16.59 16.59 16.59 16.70 16.70 16.70 16.70 14.17 14.17 14.17 14.17 23.01 13.61 13.61 23.00 13.60 13.60 13.60 13.60 13.83 13.83 13.83 13.83 12.46 12.46 12.46 12.46 12.16 12.16
