Sensitivity testing/Base_Case/SUM_of_RECHARGE.asc
NCOLS        700
NROWS        400
XLLCORNER     515000.000
YLLCORNER    8409000.000
CELLSIZE         50.000
NODATA_VALUE     -9999.    
[rows 112 to 139 of 400, columns 315 to 377 of 700]
-.9900E-19 -.9900E-19 -.9900E-19 -.9900E-19 -.9900E-19 -.9900E-19 -.9900E-19 -.9900E-19 -.9900E-19 -.9900E-19 -.9900E-19 -.9900E-19 53.71 54.45 92.84 54.97 -.9900E-19 -.9900E-19 -.9900E-19 -.9900E-19 -.9900E-19 -.9900E-19 -.9900E-19 -.9900E-19 110.0 99.14 98.71 99.48 100.3 111.0 100.4 101.1 101.8 102.6 112.7 103.9 104.3 104.8 126.8 106.0 105.8 106.1 105.0 105.4 105.8 106.3 106.6 106.8 118.5 106.8 103.8 103.9 104.0 103.2 103.3 103.3 103.3 103.1 103.1 103.1 103.1 102.7 102.7
-.9900E-19 -.9900E-19 -.9900E-19 -.9900E-19 -.9900E-19 -.9900E-19 -.9900E-19 87.01 -.9900E-19 -.9900E-19 -.9900E-19 -.9900E-19 91.16 92.79 102.8 94.49 -.9900E-19 -.9900E-19 -.9900E-19 -.9900E-19 -.9900E-19 -.9900E-19 -.9900E-19 58.60 110.8 98.65 99.42 100.2 101.0 100.3 112.2 101.8 102.5 103.2 103.9 113.7 104.5 105.4 124.9 116.1 106.0 105.1 105.5 121.0 117.8 106.7 107.0 107.3 107.5 118.7 107.3 104.3 104.3 103.6 103.6 114.1 103.6 103.4 113.8 103.4 103.4 103.0 113.3
-.9900E-19 -.9900E-19 -.9900E-19 -.9900E-19 -.9900E-19 51.58 87.41 96.41 88.29 89.62 -.9900E-19 -.9900E-19 91.94 93.57 94.43 95.27 -.9900E-19 -.9900E-19 -.9900E-19 -.9900E-19 -.9900E-19 -.9900E-19 -.9900E-19 99.60 100.4 99.36 100.1 112.0 101.6 101.0 119.7 112.9 103.2 103.9 104.3 105.0 105.1 106.0 114.0 115.0 104.5 105.6 106.0 141.3 106.7 107.1 107.4 107.7 107.8 107.5 118.6 104.5 114.4 103.9 103.9 103.9 114.3 103.7 103.7 114.1 103.7 103.2 103.2
-.9900E-19 -.9900E-19 -.9900E-19 -.9900E-19 -.9900E-19 95.28 87.74 97.11 89.06 90.22 100.0 91.89 102.0 103.5 95.17 95.60 -.9900E-19 -.9900E-19 -.9900E-19 -.9900E-19 .000 99.25 99.49 100.3 101.1 100.0 100.8 119.9 102.3 101.6 102.3 103.1 113.2 104.2 114.5 105.0 105.7 106.6 106.7 115.4 104.9 106.0 117.4 106.8 107.0 107.5 107.7 118.9 108.0 107.8 107.8 104.8 104.8 104.1 104.1 104.1 114.2 104.0 104.0 114.3 103.9 103.4 103.4
-.9900E-19 -.9900E-19 -.9900E-19 -.9900E-19 -.9900E-19 87.74 88.24 89.05 89.69 90.57 91.40 92.24 93.07 94.32 95.13 95.54 96.28 106.9 97.35 98.15 98.81 97.81 98.59 112.8 98.80 98.41 99.02 99.76 100.5 101.0 101.7 102.4 103.1 104.2 113.9 126.1 105.4 106.3 106.4 106.9 104.6 105.3 105.7 106.0 117.6 106.4 106.6 106.8 106.9 106.8 118.2 128.5 103.9 103.7 103.7 113.5 118.7 103.4 102.8 102.8 102.7 102.0 101.9
-.9900E-19 -.9900E-19 -.9900E-19 -.9900E-19 -.9900E-19 -.9900E-19 89.01 89.64 90.46 91.34 92.17 92.99 102.7 95.05 95.50 96.16 96.97 97.24 98.04 109.9 98.83 98.46 98.58 113.6 99.42 98.89 99.63 100.3 101.0 101.6 102.3 103.0 103.7 104.5 105.1 105.3 116.2 106.8 106.8 105.3 104.9 105.7 106.0 106.3 117.8 125.4 106.8 106.9 107.0 106.9 107.0 107.0 104.0 103.8 103.9 103.9 104.0 103.5 103.5 102.9 102.8 102.1 102.0
-.9900E-19 -.9900E-19 -.9900E-19 -.9900E-19 -.9900E-19 -.9900E-19 89.60 90.41 91.22 92.10 92.91 93.72 94.52 95.75 96.07 96.60 97.37 110.5 109.4 99.38 98.93 98.46 113.4 99.28 100.0 99.50 100.2 100.9 101.6 102.2 102.9 103.5 104.2 105.0 105.1 115.9 106.3 106.7 107.2 104.8 105.2 106.0 106.3 106.5 118.1 106.8 106.9 107.1 118.5 107.0 107.1 107.2 107.2 103.9 104.0 104.0 104.1 103.7 103.7 103.6 145.5 136.6 144.1
-.9900E-19 -.9900E-19 -.9900E-19 -.9900E-19 -.9900E-19 -.9900E-19 79.18 91.16 91.98 92.82 93.63 94.43 95.22 95.99 105.9 97.27 107.7 98.59 111.6 99.35 99.56 113.3 99.13 110.7 100.6 100.1 100.8 101.5 102.2 102.7 103.4 104.1 104.4 105.0 105.6 106.1 106.7 107.0 106.2 105.1 116.7 106.2 106.5 106.7 106.9 106.9 107.1 107.2 118.6 107.1 107.1 113.2 107.2 104.0 104.0 104.1 104.1 123.0 115.0 137.9 137.7 136.6 136.4
-.9900E-19 -.9900E-19 -.9900E-19 -.9900E-19 -.9900E-19 -.9900E-19 79.77 80.48 92.67 92.73 113.4 103.2 95.09 94.51 95.26 96.03 96.46 96.02 96.50 97.13 97.56 97.71 98.45 97.99 98.72 100.2 100.9 101.6 112.6 103.7 104.3 104.7 105.3 105.9 106.4 116.3 107.0 106.6 105.5 105.9 117.4 117.5 106.5 106.8 118.3 106.9 107.0 107.1 107.1 118.3 107.0 140.6 127.0 138.5 138.6 104.1 106.1 106.5 106.4 123.9 138.9 104.8 104.7
-.9900E-19 -.9900E-19 -.9900E-19 44.84 79.49 79.69 92.20 80.94 93.37 93.43 94.22 94.98 95.76 95.16 95.92 96.34 96.69 96.39 96.99 111.7 98.15 98.30 98.37 117.8 99.26 100.8 101.5 102.1 102.8 114.3 104.8 114.7 115.6 106.3 106.7 107.2 107.3 106.8 105.7 106.1 106.4 106.5 106.7 106.9 107.0 106.9 107.0 107.1 107.1 107.0 107.0 107.1 107.1 140.5 138.5 138.5 138.5 139.1 139.0 138.8 104.1 104.7 104.5
-.9900E-19 -.9900E-19 -.9900E-19 79.41 80.11 80.30 80.96 89.32 82.17 94.12 94.88 95.39 105.4 105.0 96.22 96.89 97.31 96.91 97.60 98.00 109.1 98.21 98.37 99.07 99.63 101.3 102.0 102.7 103.3 104.6 104.9 105.0 105.6 106.6 107.1 107.1 106.3 107.1 107.5 106.3 106.6 106.6 106.8 107.0 107.1 107.0 107.0 107.1 107.1 107.0 107.0 107.0 107.1 107.0 103.9 103.9 138.3 138.8 138.8 104.1 104.0 104.5 104.4
-.9900E-19 -.9900E-19 -.9900E-19 80.02 80.71 80.88 89.14 82.06 82.72 82.76 95.27 95.96 96.39 96.18 96.82 97.17 97.91 97.44 97.85 98.58 98.65 98.76 98.89 99.58 100.1 101.8 102.4 103.1 103.7 104.8 105.3 105.4 105.9 106.9 107.4 107.4 106.6 107.3 107.7 106.5 106.8 106.8 107.0 107.1 107.2 107.0 107.1 107.1 107.1 106.9 106.9 106.9 107.0 106.9 103.8 103.8 103.8 104.1 104.0 103.9 103.8 104.9 104.1
78.33 78.70 -.9900E-19 87.85 80.74 80.54 81.18 89.50 82.35 81.40 82.03 94.26 95.01 94.13 94.85 112.5 114.3 98.05 98.79 98.85 99.00 101.7 102.4 103.1 103.7 105.2 105.1 105.7 106.3 107.0 107.6 107.0 107.0 107.8 106.7 107.2 107.6 108.0 108.3 108.6 108.8 108.7 108.9 109.1 109.1 108.8 108.8 108.7 108.6 108.6 108.6 108.6 108.6 108.8 108.8 105.7 105.7 105.5 105.4 105.3 105.2 106.2 106.0
78.97 79.32 87.63 80.65 81.30 81.09 81.72 82.24 82.88 81.91 90.40 94.88 95.63 94.74 95.44 96.14 96.76 98.61 98.67 99.37 99.50 102.2 102.9 103.5 104.2 104.9 105.5 106.1 106.7 107.4 107.2 107.3 107.3 108.1 108.5 107.4 107.8 108.2 108.5 108.7 109.0 108.9 109.0 109.1 109.1 108.8 108.8 108.7 108.7 108.5 108.5 108.5 108.5 108.7 108.7 105.5 105.5 105.8 105.8 105.6 105.5 105.9 105.7
79.58 79.91 80.57 81.21 81.84 81.63 82.14 82.76 91.17 82.41 82.91 83.54 96.22 95.32 105.8 96.60 97.30 98.50 99.19 99.87 99.85 102.7 103.3 104.0 104.7 105.3 105.9 106.5 107.1 107.1 107.1 107.1 107.6 108.4 108.8 107.7 108.0 108.4 108.7 108.9 109.1 109.0 109.1 109.2 109.2 108.8 108.8 108.7 108.6 108.5 108.5 108.5 108.4 108.5 108.5 105.3 105.2 105.6 105.5 105.3 105.2 105.5 105.3
80.18 80.49 81.14 81.76 82.26 82.17 82.68 83.28 83.89 82.90 83.40 84.03 84.63 95.89 96.55 97.15 97.84 99.01 99.68 99.80 100.3 103.1 103.8 104.5 105.1 105.7 106.3 106.9 106.8 107.4 107.5 107.5 107.9 108.7 109.1 109.5 135.5 136.0 136.3 109.1 109.3 109.1 109.2 109.3 109.3 108.9 108.8 108.7 108.6 108.5 108.4 108.3 108.3 108.4 108.3 108.2 105.0 105.3 105.2 105.0 104.8 105.8 105.5
80.47 80.33 80.95 81.58 89.95 81.30 81.90 82.49 83.10 82.12 90.75 83.34 83.81 98.14 98.76 98.77 99.45 102.4 103.1 103.8 104.4 104.7 129.6 126.9 127.9 106.9 107.5 107.7 134.2 108.2 108.7 109.2 122.7 108.6 109.0 126.3 137.5 137.6 138.0 138.2 110.3 110.1 110.2 110.2 110.2 109.9 109.8 109.6 109.5 109.4 109.3 109.2 109.1 109.3 109.2 109.0 105.8 105.9 105.8 105.6 122.6 105.5 105.2
88.64 80.88 81.49 82.11 82.73 81.80 90.29 82.98 83.58 90.62 91.29 83.79 84.21 86.49 98.63 99.23 99.89 102.9 103.6 104.2 104.2 131.9 132.8 131.1 128.6 132.7 133.5 129.8 134.3 135.0 139.0 132.8 134.9 123.8 124.3 135.3 137.1 137.9 138.2 138.5 110.5 110.2 110.3 110.3 110.2 109.9 109.8 109.6 109.5 109.4 109.2 109.1 108.9 109.1 109.0 108.9 108.7 105.6 105.4 117.5 117.3 166.9 132.9
81.58 81.42 82.04 82.63 83.22 82.28 82.86 83.45 83.89 83.04 83.59 84.17 84.61 86.89 87.45 120.7 121.6 126.3 126.5 104.0 128.0 129.9 128.4 129.4 131.9 133.2 131.0 134.6 138.0 138.8 137.9 141.3 140.7 138.7 136.6 138.5 137.6 138.0 138.5 138.8 139.0 110.4 110.4 110.4 138.5 138.0 139.1 138.8 111.1 125.5 110.7 110.6 137.6 137.8 137.5 137.2 134.1 122.4 135.4 137.7 132.0 183.4 122.3
89.88 89.85 82.57 83.14 83.67 82.76 83.29 83.88 84.34 83.45 84.02 84.58 85.01 87.23 109.6 110.3 120.8 121.8 132.4 128.0 174.0 129.7 130.7 123.8 124.7 139.1 137.2 136.4 139.8 128.6 132.0 52.47 57.92 131.5 147.8 144.3 138.1 141.1 138.9 141.7 140.5 143.2 142.7 145.4 140.5 140.2 139.1 138.2 137.9 184.2 142.5 135.4 135.1 137.5 139.8 136.8 139.1 121.4 123.6 123.2 117.4 165.7 39.65
82.70 82.17 82.76 83.29 83.86 82.41 82.93 83.50 84.07 92.64 85.11 85.67 86.16 89.42 112.8 110.4 124.2 125.0 176.6 177.5 176.3 168.0 131.5 45.58 125.3 134.1 137.6 137.0 126.0 123.9 129.9 178.6 95.46 169.3 189.8 180.8 175.9 173.6 183.3 178.4 82.86 163.3 177.0 190.2 146.1 143.1 149.4 143.7 180.7 82.65 156.1 135.3 137.5 139.8 130.1 144.9 33.66 30.89 28.89 138.6 139.3 157.0 74.08
83.19 82.65 83.21 83.78 84.34 82.84 83.39 83.95 84.51 85.10 85.47 86.03 86.56 112.8 110.2 111.0 111.9 125.8 178.9 110.9 127.5 160.7 110.4 43.40 38.29 135.9 182.1 176.6 169.3 79.27 167.9 171.2 74.32 77.12 82.56 85.33 140.6 134.1 131.7 34.91 80.32 82.98 179.0 178.9 171.7 174.1 181.7 175.9 179.4 172.3 174.5 168.7 170.8 170.3 39.13 39.01 76.28 73.51 71.83 71.69 31.49 31.34 31.19
83.72 83.15 83.71 84.26 92.51 83.30 83.85 84.39 84.89 85.48 85.91 86.45 86.98 112.9 111.5 112.4 112.6 116.7 134.2 130.9 128.2 164.0 165.0 125.7 91.80 170.2 168.4 173.0 73.95 171.8 172.6 173.3 74.48 31.90 -.9900E-19 -.9900E-19 -.9900E-19 -.9900E-19 77.72 75.09 -.9900E-19 -.9900E-19 -.9900E-19 -.9900E-19 42.72 77.59 77.49 77.39 74.60 79.79 82.32 82.18 76.72 79.25 76.45 73.65 33.48 33.36 28.99 31.49 36.65 33.83 28.35
84.24 83.65 84.20 84.68 85.23 91.84 84.26 84.81 85.36 85.95 86.37 86.91 87.16 113.5 114.2 114.7 115.2 120.4 117.7 130.6 118.5 119.4 75.60 169.1 175.3 148.1 172.8 128.3 31.40 129.8 130.5 131.3 74.64 -.9900E-19 -.9900E-19 -.9900E-19 -.9900E-19 -.9900E-19 -.9900E-19 -.9900E-19 -.9900E-19 -.9900E-19 -.9900E-19 -.9900E-19 -.9900E-19 -.9900E-19 -.9900E-19 -.9900E-19 31.93 34.44 34.29 39.46 41.96 36.49 33.69 30.90 33.41 33.24 30.51 31.35 33.84 31.00 28.19
84.60 83.75 84.21 84.75 85.29 83.87 84.42 84.97 85.53 87.13 87.67 88.21 88.74 115.5 116.2 116.9 120.2 121.9 119.7 139.0 132.4 162.9 73.12 73.31 76.17 83.57 128.2 129.0 129.9 130.5 131.3 132.0 74.81 -.9900E-19 -.9900E-19 -.9900E-19 -.9900E-19 -.9900E-19 -.9900E-19 -.9900E-19 -.9900E-19 -.9900E-19 -.9900E-19 -.9900E-19 -.9900E-19 -.9900E-19 -.9900E-19 -.9900E-19 -.9900E-19 -.9900E-19 -.9900E-19 34.16 36.64 -.9900E-19 -.9900E-19 -.9900E-19 -.9900E-19 -.9900E-19 -.9900E-19 -.9900E-19 -.9900E-19 -.9900E-19 -.9900E-19
85.07 84.20 84.73 85.27 85.82 84.39 84.94 85.50 86.06 87.67 88.21 87.93 88.46 116.3 117.0 117.7 118.2 121.7 108.5 154.7 165.6 121.1 170.9 129.1 83.56 133.4 46.67 131.2 130.5 .000 -.9900E-19 -.9900E-19 -.9900E-19 -.9900E-19 -.9900E-19 -.9900E-19 -.9900E-19 -.9900E-19 -.9900E-19 -.9900E-19 -.9900E-19 -.9900E-19 -.9900E-19 -.9900E-19 -.9900E-19 -.9900E-19 -.9900E-19 -.9900E-19 -.9900E-19 -.9900E-19 -.9900E-19 -.9900E-19 -.9900E-19 -.9900E-19 -.9900E-19 -.9900E-19 -.9900E-19 -.9900E-19 -.9900E-19 -.9900E-19 -.9900E-19 -.9900E-19 -.9900E-19
85.59 84.72 85.26 85.80 86.35 93.02 85.48 94.21 86.32 87.40 87.94 88.49 89.03 117.1 117.8 118.4 114.4 111.3 154.8 158.2 108.0 121.9 165.5 135.3 73.92 177.0 42.21 37.06 34.48 35.76 253.2 32.30 75.16 -.9900E-19 -.9900E-19 -.9900E-19 -.9900E-19 -.9900E-19 -.9900E-19 -.9900E-19 -.9900E-19 -.9900E-19 -.9900E-19 -.9900E-19 -.9900E-19 -.9900E-19 -.9900E-19 -.9900E-19 -.9900E-19 -.9900E-19 -.9900E-19 -.9900E-19 -.9900E-19 -.9900E-19 -.9900E-19 -.9900E-19 -.9900E-19 -.9900E-19 -.9900E-19 -.9900E-19 -.9900E-19 -.9900E-19 -.9900E-19
86.15 85.28 85.83 86.38 86.94 85.50 86.06 86.36 86.92 88.00 88.55 89.09 89.62 117.9 118.5 119.1 116.9 116.2 169.2 131.1 40.40 175.4 123.7 121.9 171.9 76.98 79.82 34.61 32.03 32.18 133.6 134.2 77.98 -.9900E-19 -.9900E-19 -.9900E-19 -.9900E-19 -.9900E-19 -.9900E-19 -.9900E-19 -.9900E-19 -.9900E-19 -.9900E-19 -.9900E-19 -.9900E-19 -.9900E-19 -.9900E-19 -.9900E-19 -.9900E-19 -.9900E-19 -.9900E-19 -.9900E-19 -.9900E-19 -.9900E-19 -.9900E-19 -.9900E-19 -.9900E-19 -.9900E-19 -.9900E-19 -.9900E-19 -.9900E-19 -.9900E-19 -.9900E-19
