New_Model_Runs/8_Future_Present_Scn1_out/post_prcessed_with_MFR/Monthly_summaries/actual_et_monthly_DEC.asc
NCOLS 700
NROWS 400
XLLCENTER 515000.000000
YLLCENTER 8409000.000000
CELLSIZE 50.000000
NODATA_value -999.000000
[rows 304 to 341 of 400, columns 168 to 251 of 700]
5.07 4.83 5.07 4.83 4.83 4.83 5.07 4.83 4.79 4.23 4.23 5.03 4.23 4.23 4.76 4.76 4.76 4.76 5.60 5.66 5.60 4.44 4.44 4.76 4.75 4.75 4.75 5.59 5.59 4.43 4.43 4.75 4.75 4.75 4.75 4.75 4.75 5.65 5.59 5.59 5.60 4.43 4.43 5.66 5.66 5.60 5.60 5.60 5.66 5.66 5.66 5.66 5.66 4.43 5.66 5.66 5.35 5.41 5.41 5.41 5.41 4.54 4.54 4.54 4.54 4.54 4.54 4.54 4.54 5.35 5.41 5.35 5.53 5.53 5.53 5.47 3.67 5.41 5.34 4.55 4.55 4.55 5.34 4.26
5.07 4.83 4.83 5.07 4.83 4.83 5.07 4.83 4.79 4.23 4.23 5.03 5.03 4.76 4.76 4.76 4.76 5.60 5.60 5.66 4.44 4.44 4.76 4.76 4.75 5.59 5.65 5.65 5.59 4.43 4.43 4.43 4.43 1.46 4.75 4.75 4.75 5.59 5.65 4.43 4.43 4.43 4.43 4.75 5.66 5.66 5.66 5.66 3.75 5.66 5.66 5.66 5.66 4.43 5.66 5.66 5.35 5.41 5.41 5.41 5.35 5.41 4.54 4.54 4.54 4.54 4.54 4.22 4.54 5.35 5.41 4.54 4.65 5.53 4.65 4.65 3.67 5.41 4.55 4.26 5.41 5.34 4.26 5.34
4.95 4.95 4.71 4.95 4.95 4.16 3.21 3.21 4.94 4.16 4.16 4.06 4.06 4.72 4.72 4.72 4.40 5.56 5.61 5.56 4.72 4.40 4.40 4.72 4.73 4.73 5.63 5.57 5.63 5.57 5.57 4.41 1.46 1.46 1.46 1.46 4.41 4.41 4.41 4.41 4.41 4.41 4.41 5.63 4.73 5.57 5.63 5.63 5.63 5.63 5.63 5.63 5.57 3.72 5.63 5.63 3.67 5.53 5.53 3.67 3.67 5.53 5.53 4.65 5.48 4.65 5.48 5.48 3.67 5.53 5.53 5.53 4.65 4.65 4.65 5.53 5.53 4.55 4.55 4.55 4.26 5.42 5.34 5.34
4.71 4.71 4.95 3.21 4.95 4.95 4.95 3.21 4.94 4.70 4.16 4.16 4.16 4.72 4.72 5.56 4.40 4.40 4.72 4.72 4.72 4.40 4.72 4.40 4.41 5.63 5.63 5.63 5.63 5.63 4.41 4.41 4.41 4.41 1.46 1.46 5.57 1.46 5.57 4.41 4.41 5.57 4.73 4.73 4.73 4.73 4.73 5.63 5.63 4.41 5.63 5.63 5.63 5.63 3.72 5.63 3.67 5.48 5.53 4.33 5.53 5.53 5.48 5.48 5.53 5.53 5.53 5.48 5.48 5.48 4.65 5.53 5.53 5.47 5.53 5.53 5.53 4.65 5.34 5.42 5.42 5.42 5.42 4.55
4.06 4.95 4.95 4.95 4.95 4.06 4.71 3.21 3.20 4.94 4.70 4.70 4.16 5.56 5.56 4.40 4.72 4.40 4.40 4.72 4.72 4.72 4.72 4.72 4.73 5.63 4.73 4.41 4.41 4.41 4.41 4.41 4.73 4.73 4.73 5.63 4.41 1.46 5.57 5.57 5.57 5.57 5.57 4.41 4.41 4.73 4.73 4.73 5.63 4.73 5.63 5.63 3.72 3.72 5.63 5.63 5.53 4.65 4.65 4.65 5.48 4.65 4.65 4.65 5.53 4.65 4.65 4.33 4.65 4.65 4.65 4.56 5.47 4.65 4.65 5.53 5.53 5.53 5.42 5.42 5.34 5.42 4.55 4.55
4.16 4.95 4.71 4.95 4.06 4.95 4.71 4.95 3.20 4.94 4.94 4.16 4.16 4.72 4.72 5.56 4.72 4.40 4.40 4.72 5.56 4.72 4.72 5.56 4.73 5.63 5.63 5.57 4.41 4.41 4.41 4.41 4.73 4.73 4.73 4.73 4.73 1.46 4.41 5.57 4.41 4.73 4.41 4.73 4.41 4.73 4.73 4.73 4.73 4.73 4.73 5.57 3.72 4.41 5.63 4.73 4.65 4.65 4.65 4.65 4.65 4.65 4.65 4.56 5.42 4.27 4.33 4.33 4.65 4.27 4.27 4.56 5.34 4.65 4.65 4.65 4.65 5.34 5.34 5.34 5.42 5.42 5.42 5.34
4.71 4.95 4.71 4.95 4.95 4.06 4.16 4.95 4.94 4.94 4.94 4.94 4.72 4.72 5.61 4.72 4.40 4.40 4.40 4.72 4.72 4.72 5.61 5.61 4.73 5.63 5.63 5.63 4.73 4.41 4.41 4.41 4.73 4.73 4.73 4.73 4.73 5.57 5.57 4.41 4.41 4.41 4.41 4.41 4.41 4.73 4.73 4.73 5.63 4.73 4.73 4.73 5.63 4.41 4.41 4.41 4.33 4.33 4.33 4.33 4.65 4.33 4.56 5.35 5.42 5.35 4.56 4.56 4.56 4.27 4.56 4.56 4.55 4.55 4.26 4.33 5.42 4.26 4.26 4.26 4.55 5.34 4.26 4.26
4.95 4.71 4.16 4.71 4.95 4.95 4.71 4.71 4.94 3.20 3.20 4.94 5.61 4.72 4.72 4.72 4.72 4.40 4.40 4.72 4.40 5.61 5.61 5.61 4.41 4.41 5.63 4.41 4.73 4.41 4.41 4.41 4.73 4.73 4.41 4.41 4.41 4.73 1.46 4.41 1.46 1.46 4.41 4.41 4.73 4.73 4.73 4.73 4.73 4.73 4.73 4.73 4.41 4.41 4.41 4.41 4.33 4.33 4.33 4.76 5.63 4.27 4.27 4.56 4.56 4.56 4.56 4.56 4.27 4.27 4.56 4.27 4.26 4.26 4.26 4.26 4.55 4.26 4.26 4.26 4.55 4.26 4.55 4.26
4.16 4.95 4.16 4.95 3.21 4.95 4.71 4.71 4.70 4.94 3.20 4.94 5.61 5.61 4.40 4.72 4.40 4.72 4.72 4.72 4.40 5.61 5.61 5.61 4.73 4.41 4.73 4.41 4.41 4.73 4.41 4.41 4.73 4.41 1.46 1.46 1.46 1.46 4.41 4.41 4.41 2.14 1.46 4.41 4.73 4.73 4.73 4.73 4.73 4.73 4.73 4.73 4.41 4.41 1.46 4.41 4.34 4.34 4.34 4.76 4.76 4.34 5.63 5.63 4.27 4.27 4.27 4.27 4.27 4.27 4.27 4.27 4.26 4.26 4.26 4.26 4.26 4.26 4.55 4.55 5.34 5.34 4.55 4.55
4.16 4.16 4.95 4.95 4.95 4.95 4.95 4.95 4.94 4.94 4.94 4.94 5.56 4.72 4.72 4.72 4.72 4.72 4.72 4.40 4.40 5.56 4.40 4.72 5.57 5.63 4.73 4.73 4.73 4.73 4.73 4.73 4.73 4.41 1.46 1.46 1.46 1.46 4.41 4.73 4.73 4.73 4.73 4.73 4.73 4.73 4.73 4.73 4.73 4.73 4.73 4.73 4.73 4.41 4.41 4.41 4.76 4.34 4.34 4.34 4.34 4.34 5.63 5.63 5.63 5.63 1.43 1.43 4.27 4.27 4.27 4.27 4.26 4.55 4.55 4.26 4.26 4.26 4.55 4.55 5.34 5.42 4.55 4.55
4.95 4.95 4.71 4.95 4.16 4.06 4.06 4.06 4.06 4.94 4.06 4.06 5.61 5.61 4.72 4.72 4.72 5.56 5.56 4.72 4.72 5.61 5.56 4.72 4.73 4.41 4.73 4.73 4.73 4.73 4.73 4.73 4.73 4.41 4.41 4.73 4.73 4.73 4.73 4.41 4.41 4.41 4.73 4.73 4.73 4.73 4.73 4.73 4.73 4.73 4.73 4.73 4.73 4.73 4.41 4.41 4.34 4.34 1.43 5.63 5.63 5.63 5.63 5.63 5.63 5.63 1.43 5.63 4.34 1.43 4.27 4.27 4.26 4.55 4.55 4.55 4.26 4.26 4.26 4.26 4.55 4.55 4.26 4.55
4.71 4.95 4.95 4.06 4.16 4.16 4.16 4.06 4.94 4.94 4.06 4.40 5.61 5.61 4.72 4.40 4.40 5.61 5.56 5.61 5.61 5.61 5.61 4.72 5.57 4.73 4.73 4.73 4.73 4.73 4.73 4.73 4.73 4.73 4.73 4.73 4.73 4.73 4.73 4.73 4.73 4.73 4.73 4.73 4.73 4.73 4.73 4.73 4.73 5.63 4.73 4.73 4.73 4.73 4.41 1.46 4.34 4.34 1.43 1.43 1.43 1.43 1.43 1.43 1.43 1.43 4.53 5.63 5.63 4.34 4.34 4.34 5.62 4.34 4.76 5.34 5.34 4.26 4.26 4.26 4.55 4.26 4.26 4.55
4.95 4.95 4.06 4.95 4.95 4.16 4.16 4.71 4.94 4.94 4.94 5.56 5.61 5.61 5.56 4.40 5.56 4.72 5.61 5.56 3.71 5.61 4.72 5.56 5.57 4.73 4.73 4.73 4.73 4.73 4.73 4.73 4.73 4.73 4.41 4.73 4.73 4.73 4.73 4.73 4.73 4.73 4.73 4.73 4.73 4.73 4.73 4.73 5.63 5.63 5.63 4.73 4.73 4.41 4.41 1.46 4.65 4.34 4.34 1.43 1.43 1.43 1.43 1.43 1.43 1.43 1.43 1.43 1.43 5.63 5.63 5.63 4.34 4.34 4.76 4.34 5.42 5.42 4.55 4.55 4.55 4.55 4.55 4.55
4.95 4.06 4.71 4.71 4.95 4.06 4.16 4.71 4.94 4.94 4.94 5.61 5.61 5.61 4.72 5.61 5.61 5.61 5.56 5.61 5.61 4.72 4.40 4.40 5.57 4.73 4.73 4.73 4.73 4.73 4.73 4.73 4.73 4.41 4.41 4.41 4.73 4.73 4.73 4.41 4.41 4.41 4.73 4.73 4.73 4.73 4.73 4.73 5.63 5.57 5.63 4.73 4.41 4.41 1.46 1.46 4.76 4.76 2.10 1.43 1.43 1.43 1.43 1.43 1.43 1.43 1.43 1.43 1.43 1.43 4.53 5.63 5.62 5.62 4.34 4.34 5.42 5.42 4.55 4.55 4.55 4.55 5.42 4.55
4.06 4.95 4.71 4.95 4.06 4.16 4.95 4.71 4.16 4.94 4.70 3.71 5.56 5.56 5.61 5.56 5.61 4.72 4.40 5.61 4.72 4.72 4.72 4.72 4.73 4.73 4.73 4.73 4.73 4.73 4.73 4.73 4.73 4.73 1.46 1.46 1.46 1.46 4.41 4.41 4.41 4.41 4.41 4.73 4.73 4.73 4.62 4.41 4.73 4.73 5.63 4.41 4.41 4.73 4.73 4.42 4.34 1.43 1.43 1.43 1.43 1.43 1.43 1.43 1.43 1.43 1.43 1.43 1.43 1.43 1.43 1.43 5.62 4.34 1.43 4.76 4.55 4.55 4.55 4.55 4.55 4.55 4.55 4.26
4.95 4.95 3.21 4.71 4.95 4.95 4.95 4.95 4.16 4.16 4.16 4.72 5.56 5.56 5.61 5.56 5.56 4.40 3.71 5.61 5.61 5.61 4.72 4.72 4.73 4.73 4.41 4.41 4.41 4.73 4.73 4.73 4.73 1.46 1.46 4.73 1.46 1.46 4.41 4.41 4.41 4.41 4.41 1.46 1.46 1.46 4.62 4.62 4.73 4.73 5.63 4.41 4.73 4.73 4.84 4.42 1.43 1.43 1.43 1.43 1.43 1.43 4.76 4.76 1.43 1.43 1.43 1.43 1.43 1.43 1.43 2.10 1.43 4.34 1.43 4.34 4.26 4.56 4.26 4.56 4.56 4.56 4.56 4.26
4.95 4.95 4.71 4.95 4.71 4.95 4.71 4.06 4.16 4.16 4.72 4.72 5.56 4.40 5.56 5.56 4.40 5.61 3.71 5.61 5.56 5.61 4.72 4.72 4.73 4.41 4.41 4.41 4.73 4.73 4.73 4.73 4.73 4.41 4.73 4.73 4.73 4.41 4.73 4.73 4.73 4.73 4.73 1.46 2.14 4.62 5.63 5.63 5.63 5.63 5.57 5.57 4.41 4.41 4.42 1.46 1.43 1.43 1.43 1.43 1.43 1.43 4.76 4.65 1.43 1.43 1.43 1.43 1.43 1.43 1.43 1.43 1.43 1.43 4.34 4.26 4.26 4.56 4.26 4.56 4.56 4.56 4.56 4.26
4.95 3.21 4.95 4.16 4.16 4.16 4.16 4.16 4.16 4.16 5.56 4.72 5.56 4.40 5.56 5.56 5.56 5.61 5.61 5.61 4.40 4.40 4.40 4.72 4.41 4.41 4.41 4.73 4.73 4.73 4.41 4.41 4.41 4.41 4.73 4.73 4.73 4.73 4.41 4.73 4.73 4.73 4.73 5.57 5.57 5.57 5.57 5.57 5.63 5.63 1.46 1.46 1.46 1.46 1.46 1.46 2.10 1.43 1.43 1.43 1.43 2.10 4.65 4.65 4.65 1.43 1.43 1.43 1.43 1.43 1.43 1.43 1.43 4.34 4.56 4.56 4.56 4.56 4.56 4.26 4.56 4.56 4.26 4.56
3.62 3.73 3.73 3.11 3.73 3.62 2.47 3.73 4.82 4.04 4.59 4.59 4.27 3.63 5.46 5.41 5.46 4.27 5.41 5.41 4.27 4.59 4.59 4.59 4.64 4.32 4.64 4.64 4.64 4.64 4.64 4.64 4.32 4.64 4.64 4.64 4.64 4.32 4.32 4.64 4.24 4.24 4.24 4.24 5.37 5.37 5.37 4.43 4.43 5.42 5.42 4.43 5.37 1.40 1.40 1.40 1.43 1.43 1.43 1.43 1.43 1.43 1.43 4.64 4.64 4.32 1.43 1.43 1.43 1.43 1.43 1.43 1.46 4.44 4.35 4.35 4.65 4.65 4.65 5.52 4.35 4.35 4.35 4.35
3.73 3.73 3.11 3.11 2.47 3.73 3.73 2.88 4.04 4.04 4.59 4.59 4.59 5.46 5.46 5.46 5.41 4.27 5.46 1.41 5.41 4.59 4.59 4.59 4.64 4.64 4.64 4.32 4.64 4.32 4.64 4.32 4.32 4.64 4.64 4.64 4.32 4.32 4.32 4.32 4.24 4.56 4.56 4.56 4.56 4.56 4.43 4.43 4.43 4.43 5.42 5.37 5.37 1.40 1.40 1.40 1.43 1.43 1.43 1.43 1.43 4.75 4.64 4.64 4.64 4.64 1.43 4.33 4.33 4.75 1.43 1.43 1.46 4.35 4.35 4.35 4.65 4.65 5.52 4.35 4.35 4.35 1.46 1.46
3.73 2.47 2.88 3.11 3.11 3.11 3.11 3.11 4.82 4.58 4.59 4.59 4.59 5.41 5.41 5.46 5.41 5.46 5.46 5.41 5.46 4.59 4.59 4.59 4.64 4.32 4.64 4.64 4.32 4.32 4.32 1.43 1.43 1.43 4.64 4.64 4.32 4.32 4.64 4.64 4.56 4.56 4.56 4.56 4.56 4.56 4.56 4.56 4.56 4.24 4.56 5.42 5.37 1.40 1.40 1.40 1.43 1.43 1.43 1.43 1.43 1.43 4.32 4.32 4.64 4.64 4.64 4.64 4.75 4.75 1.43 1.43 1.46 4.35 4.35 4.65 4.65 4.65 5.41 4.65 4.65 4.35 4.35 4.35
3.62 3.73 3.73 2.88 2.88 3.11 3.11 3.62 4.82 5.41 4.59 4.59 4.59 5.46 5.46 5.46 5.41 5.41 5.41 5.41 5.41 5.41 4.59 4.59 4.64 4.64 4.64 4.64 4.64 4.64 4.32 1.43 1.43 4.64 4.64 4.32 4.64 4.64 4.64 4.64 4.56 4.56 1.40 4.56 1.40 1.40 4.56 4.56 4.56 4.56 4.56 5.42 4.24 5.37 5.37 1.40 1.43 1.43 1.43 1.43 1.43 1.43 1.43 1.43 4.64 4.64 4.64 4.64 4.75 4.75 4.75 1.43 1.46 1.46 4.35 4.65 4.65 4.35 4.35 4.65 4.65 4.35 4.35 4.35
0.00 3.62 3.73 3.62 3.62 3.62 3.62 3.73 4.82 5.46 4.59 4.59 5.46 5.46 5.46 4.59 5.46 4.59 5.46 5.46 5.41 5.41 4.59 4.59 4.64 4.64 4.64 4.64 4.64 4.32 4.32 1.43 1.43 1.43 1.43 4.32 4.32 4.64 4.64 4.64 4.24 4.24 1.40 1.40 1.40 1.40 1.40 4.56 4.56 4.56 4.24 4.24 4.24 4.24 1.40 1.40 1.43 1.43 1.43 1.43 1.43 1.43 1.43 1.43 1.43 4.64 4.64 4.64 4.75 4.33 1.43 1.43 1.46 4.44 4.65 4.65 4.35 4.65 4.35 4.35 5.52 4.65 5.41 4.35
0.00 0.00 3.62 3.73 3.73 3.73 3.73 3.62 4.82 5.46 5.46 5.46 5.46 5.46 5.46 4.59 5.46 5.41 5.41 4.59 4.59 4.59 4.59 4.59 4.64 4.64 4.64 4.64 4.64 4.32 4.32 1.43 1.43 1.43 1.43 4.64 4.64 4.32 4.33 4.33 1.40 1.40 1.40 1.40 1.40 1.40 1.40 4.56 4.56 4.56 5.37 5.37 4.56 4.56 4.24 1.40 1.43 1.43 1.43 1.43 1.43 1.43 1.43 1.43 1.43 4.32 0.00 4.32 4.33 1.43 1.43 1.43 1.46 4.44 4.86 1.46 4.35 4.35 4.35 4.65 5.52 4.65 4.65 4.65
0.00 0.00 0.00 0.00 0.00 0.00 0.00 0.00 4.82 5.41 5.41 5.46 4.59 4.59 4.59 4.59 4.27 4.27 5.41 4.59 4.27 4.59 4.59 4.59 4.64 4.64 4.64 4.64 4.32 4.32 4.32 1.43 1.43 1.43 1.43 4.64 4.32 4.32 4.33 1.43 4.66 1.40 1.40 1.40 1.40 1.40 1.40 1.40 4.24 4.24 4.56 5.37 4.24 4.24 4.24 1.40 1.43 1.43 1.43 1.43 1.43 1.43 1.43 1.43 1.43 0.00 0.00 0.00 4.33 1.43 0.00 0.00 0.00 1.46 4.44 4.86 4.86 4.65 1.46 4.65 4.65 5.52 4.65 4.65
0.00 0.00 0.00 0.00 0.00 0.00 0.00 0.00 0.00 0.00 5.41 5.41 5.46 5.46 4.59 4.59 4.27 4.27 4.59 5.41 4.27 5.46 4.59 4.59 4.64 4.64 4.64 4.32 4.32 1.43 1.43 1.43 1.43 1.43 1.43 1.43 1.43 1.43 1.43 1.43 4.56 4.56 1.40 1.40 1.40 1.40 1.40 1.40 1.40 4.24 4.24 4.24 4.24 4.24 4.24 1.40 1.43 1.43 1.43 1.43 1.43 1.43 1.43 1.43 1.43 0.00 0.00 0.00 0.00 0.00 0.00 0.00 0.00 0.00 0.00 1.46 4.86 1.46 4.65 4.65 4.65 5.52 4.65 4.65
0.00 0.00 0.00 0.00 0.00 0.00 0.00 0.00 0.00 0.00 5.41 5.41 5.41 4.27 4.59 4.59 4.59 4.59 4.27 4.27 4.27 4.27 4.59 4.59 4.64 4.64 4.32 4.32 1.43 1.43 1.43 1.43 1.43 1.43 1.43 1.43 1.43 1.43 1.43 1.43 1.40 1.40 4.56 1.40 1.40 1.40 1.40 1.40 1.40 2.05 4.24 4.24 4.24 4.24 4.24 1.40 1.43 1.43 1.43 1.43 1.43 1.43 1.43 1.43 1.43 1.43 1.43 0.00 0.00 0.00 0.00 0.00 0.00 0.00 0.00 0.00 0.00 4.35 4.35 4.65 4.65 4.65 4.65 4.65
0.00 0.00 0.00 0.00 0.00 0.00 0.00 0.00 0.00 0.00 0.00 0.00 5.55 5.55 4.27 4.27 4.59 4.59 4.27 4.27 1.41 4.27 4.59 4.59 4.64 4.32 4.32 1.43 1.43 1.43 1.43 1.43 1.43 1.43 1.43 1.43 1.43 1.43 1.43 1.43 1.40 1.40 4.66 1.40 1.40 1.40 1.40 1.40 1.40 2.05 4.24 4.24 4.24 4.24 4.24 1.40 1.43 1.43 1.43 1.43 1.43 1.43 1.43 1.43 1.43 1.43 1.43 0.00 0.00 0.00 0.00 0.00 0.00 0.00 0.00 0.00 0.00 5.41 4.35 4.65 4.35 4.65 4.65 4.65
0.00 0.00 0.00 0.00 0.00 0.00 0.00 0.00 0.00 0.00 0.00 0.00 0.00 5.55 5.55 4.28 4.27 4.27 4.27 1.41 5.41 1.41 4.27 4.59 4.64 4.52 4.52 1.43 1.43 1.43 1.43 1.43 1.43 1.43 1.43 1.43 1.43 1.43 1.43 1.43 1.40 1.40 1.40 1.40 1.40 1.40 1.40 1.40 1.40 2.05 1.40 4.24 4.24 4.24 4.24 4.24 1.43 1.43 1.43 1.43 1.43 1.43 1.43 0.00 0.00 0.00 0.00 0.00 0.00 0.00 0.00 0.00 0.00 0.00 0.00 0.00 1.46 4.65 4.35 4.35 4.35 4.35 4.65 4.65
0.00 0.00 0.00 0.00 0.00 0.00 0.00 0.00 0.00 0.00 0.00 0.00 0.00 0.00 5.55 5.55 4.28 4.28 4.28 5.41 5.41 4.27 4.27 4.27 4.32 4.52 1.43 1.43 1.43 1.43 1.43 1.43 1.43 1.43 1.43 1.43 1.43 1.43 1.43 1.43 1.40 1.40 1.40 1.40 1.40 1.40 1.40 1.40 1.40 1.40 1.40 1.40 5.50 4.24 4.24 4.24 1.43 1.43 1.43 1.43 1.43 1.43 0.00 0.00 0.00 0.00 0.00 0.00 0.00 0.00 0.00 0.00 0.00 0.00 0.00 0.00 5.39 5.39 5.52 5.52 5.41 4.35 4.35 4.65
0.00 0.00 0.00 0.00 0.00 0.00 0.00 0.00 0.00 0.00 0.00 0.00 0.00 0.00 0.00 5.55 5.55 5.55 1.41 4.47 5.55 5.55 4.28 1.41 1.43 1.43 1.43 1.43 1.43 1.43 1.43 1.43 1.43 1.43 1.43 1.43 1.43 1.43 1.43 1.43 1.40 1.40 1.40 1.40 1.40 1.40 1.40 1.40 1.40 1.40 1.40 1.40 1.40 4.24 4.24 4.24 1.43 1.43 1.43 1.43 1.43 0.00 0.00 0.00 0.00 0.00 0.00 0.00 0.00 0.00 0.00 0.00 0.00 0.00 0.00 0.00 0.00 5.41 5.39 5.39 5.41 4.35 4.35 4.35
0.00 0.00 0.00 0.00 0.00 0.00 0.00 0.00 0.00 0.00 0.00 0.00 0.00 0.00 0.00 0.00 0.00 5.55 5.55 5.55 5.55 5.55 1.41 1.41 1.43 1.43 1.43 1.43 1.43 1.43 1.43 1.43 1.43 1.43 0.00 0.00 0.00 0.00 0.00 0.00 0.00 0.00 0.00 0.00 0.00 0.00 1.40 1.40 1.40 1.40 1.40 1.40 4.24 4.24 4.24 4.24 1.43 1.43 1.43 1.43 1.43 0.00 0.00 0.00 0.00 0.00 0.00 0.00 0.00 0.00 0.00 0.00 0.00 0.00 0.00 0.00 0.00 0.00 0.00 0.00 0.00 4.35 4.35 4.35
0.00 0.00 0.00 0.00 0.00 0.00 0.00 0.00 0.00 0.00 0.00 0.00 0.00 0.00 0.00 0.00 0.00 0.00 0.00 0.00 0.00 0.00 5.55 1.41 1.43 1.43 1.43 1.43 1.43 1.43 1.43 1.43 1.43 0.00 0.00 0.00 0.00 0.00 0.00 0.00 0.00 0.00 0.00 0.00 0.00 0.00 0.00 0.00 0.00 1.40 1.40 1.40 4.24 4.24 4.24 4.24 4.33 1.43 1.43 1.43 1.43 0.00 0.00 0.00 0.00 0.00 0.00 0.00 0.00 0.00 0.00 0.00 0.00 0.00 0.00 0.00 0.00 0.00 0.00 0.00 0.00 1.46 4.35 4.35
0.00 0.00 0.00 0.00 0.00 0.00 0.00 0.00 0.00 0.00 0.00 0.00 0.00 0.00 0.00 0.00 0.00 0.00 0.00 0.00 0.00 0.00 0.00 5.55 1.43 1.43 1.43 1.43 1.43 1.43 1.43 1.43 0.00 0.00 0.00 0.00 0.00 0.00 0.00 0.00 0.00 0.00 0.00 0.00 0.00 0.00 0.00 0.00 0.00 0.00 1.40 1.40 1.40 1.40 4.24 4.24 4.33 1.43 1.43 1.43 4.33 0.00 0.00 0.00 0.00 0.00 0.00 0.00 0.00 0.00 0.00 0.00 0.00 0.00 0.00 0.00 0.00 0.00 0.00 0.00 0.00 4.35 1.46 4.35
0.00 0.00 0.00 0.00 0.00 0.00 0.00 0.00 0.00 0.00 0.00 0.00 0.00 0.00 0.00 0.00 0.00 0.00 0.00 0.00 0.00 0.00 0.00 0.00 0.00 0.00 0.00 0.89 0.89 0.89 0.89 0.00 0.00 0.00 0.00 0.00 0.00 0.00 0.00 0.00 0.00 0.00 0.00 0.00 0.00 0.00 0.00 0.00 0.00 0.00 0.88 0.88 0.88 0.88 2.67 2.67 2.65 2.65 2.65 0.87 0.87 2.65 0.00 0.00 0.00 0.00 0.00 0.00 0.00 0.00 0.00 0.00 0.00 0.00 0.00 0.00 0.00 0.00 0.00 0.00 0.00 0.00 3.42 0.87
0.00 0.00 0.00 0.00 0.00 0.00 0.00 0.00 0.00 0.00 0.00 0.00 0.00 0.00 0.00 0.00 0.00 0.00 0.00 0.00 0.00 0.00 0.00 0.00 0.00 0.00 0.00 0.00 0.89 0.89 0.00 0.00 0.00 0.00 0.00 0.00 0.00 0.00 0.00 0.00 0.00 0.00 0.00 0.00 0.00 0.00 0.00 0.00 0.00 0.00 0.88 0.88 0.88 0.88 2.67 2.67 2.65 2.65 2.65 2.65 0.87 0.87 0.87 0.87 0.00 0.00 0.00 0.00 0.00 0.00 0.00 0.00 0.00 0.00 0.00 0.00 0.00 0.00 0.00 0.00 0.00 0.00 0.00 0.87
0.00 0.00 0.00 0.00 0.00 0.00 0.00 0.00 0.00 0.00 0.00 0.00 0.00 0.00 0.00 0.00 0.00 0.00 0.00 0.00 0.00 0.00 0.00 0.00 0.00 0.00 0.00 0.00 0.89 0.89 0.00 0.00 0.00 0.00 0.00 0.00 0.00 0.00 0.00 0.00 0.00 0.00 0.00 0.00 0.00 0.00 0.00 0.00 0.00 0.00 0.88 0.88 0.88 0.88 2.67 2.67 2.65 2.65 2.65 2.65 0.87 0.87 2.65 2.65 0.00 0.00 0.00 0.00 0.00 0.00 0.00 0.00 0.00 0.00 0.00 0.00 0.00 0.00 0.00 0.00 0.00 0.00 0.00 0.00
0.00 0.00 0.00 0.00 0.00 0.00 0.00 0.00 0.00 0.00 0.00 0.00 0.00 0.00 0.00 0.00 0.00 0.00 0.00 0.00 0.00 0.00 0.00 0.00 0.00 0.00 0.00 0.00 3.49 0.00 0.00 0.00 0.00 0.00 0.00 0.00 0.00 0.00 0.00 0.00 0.00 0.00 0.00 0.00 0.00 0.00 0.00 0.00 0.00 0.00 0.88 0.88 0.88 0.88 2.67 2.67 2.65 2.65 2.65 2.65 2.65 2.65 2.65 2.65 0.00 0.00 0.00 0.00 0.00 0.00 0.00 0.00 0.00 0.00 0.00 0.00 0.00 0.00 0.00 0.00 0.00 0.00 0.00 0.00
