New_Model_Runs/8_Future_Present_Scn1_out/post_prcessed_with_MFR/Monthly_summaries/actual_et_monthly_FEB.asc
NCOLS 700
NROWS 400
XLLCENTER 515000.000000
YLLCENTER 8409000.000000
CELLSIZE 50.000000
NODATA_value -999.000000
[rows 266 to 303 of 400, columns 168 to 251 of 700]
3.82 3.82 3.82 4.87 3.82 3.80 1.26 1.26 1.32 1.32 1.32 1.32 1.32 1.32 1.32 1.32 1.32 1.32 1.32 1.32 1.32 1.32 1.32 1.32 1.21 1.21 1.21 1.21 1.21 3.79 3.79 3.66 3.61 3.61 1.21 1.21 1.21 1.21 1.21 1.21 1.27 1.27 1.27 3.94 1.27 1.27 3.76 3.76 3.76 3.94 4.05 4.05 4.05 4.05 4.21 4.21 3.98 3.98 3.98 3.98 3.98 3.98 3.63 3.63 3.98 4.71 4.71 4.68 3.63 3.98 3.98 3.98 4.85 4.93 4.85 4.93 4.93 3.35 4.72 4.00 4.00 4.00 3.82 3.79
4.18 4.18 4.18 4.87 4.08 4.02 1.26 1.26 1.32 1.32 1.32 1.32 1.32 1.32 1.32 1.32 1.32 1.32 1.32 1.32 1.32 1.32 1.32 1.32 1.21 1.21 1.21 1.21 1.21 3.79 3.79 3.66 3.94 3.79 1.21 1.21 1.21 1.21 1.21 1.21 1.27 1.27 1.27 3.94 3.94 1.27 3.76 3.76 3.76 3.94 4.05 4.05 4.05 4.05 4.05 4.21 3.98 3.98 4.71 3.98 3.98 3.98 3.98 3.63 3.63 3.98 4.71 4.71 3.63 3.98 3.98 3.98 4.93 4.93 4.85 4.93 3.35 4.56 4.56 4.56 4.56 4.56 4.00 4.00
3.82 3.82 4.95 4.95 4.18 4.18 4.16 1.26 1.32 1.32 1.32 1.32 1.32 1.32 1.32 1.32 1.32 1.32 1.32 1.32 1.32 1.32 1.32 1.32 1.21 1.21 1.21 1.21 1.21 3.61 3.79 3.94 3.94 3.79 1.21 1.21 1.21 1.21 1.21 1.21 1.27 3.94 3.94 1.27 3.94 3.94 3.76 3.94 3.94 3.94 4.05 4.05 4.05 4.05 4.05 4.05 3.98 3.98 3.63 3.98 3.98 3.98 3.98 4.71 4.68 4.71 4.71 4.71 4.68 3.98 3.98 3.98 4.93 4.93 4.93 3.35 4.85 4.00 4.72 4.00 3.79 4.56 4.56 4.00
4.95 4.92 4.95 4.95 4.18 4.18 1.26 1.26 1.32 1.32 1.32 3.86 3.86 3.86 1.32 1.32 1.32 1.32 1.32 1.32 1.32 1.32 1.32 1.32 1.21 1.21 1.21 4.53 1.21 3.66 3.66 3.94 3.94 1.21 1.21 1.21 1.21 1.21 1.21 1.21 3.76 3.94 3.94 3.94 3.94 3.94 3.94 3.94 3.94 3.94 4.05 4.05 1.27 1.27 1.27 3.79 3.63 3.98 4.68 4.68 3.98 3.98 3.98 3.98 3.63 4.68 4.68 4.68 4.71 3.98 4.68 3.98 4.15 4.85 4.93 4.93 3.82 3.79 4.56 4.72 3.79 4.00 4.56 4.56
4.95 3.82 4.95 4.18 4.18 4.18 1.26 1.26 1.32 3.99 5.03 3.99 3.99 3.86 1.32 1.32 1.32 1.32 1.32 1.32 1.32 1.32 1.32 1.32 1.21 1.21 1.21 1.21 1.21 3.66 3.94 3.94 3.94 1.21 1.21 1.21 1.21 1.21 1.21 1.21 3.94 3.94 3.76 3.94 3.94 3.94 3.94 4.56 4.71 3.79 3.79 3.79 1.27 3.79 3.79 3.79 3.63 3.98 3.98 3.89 3.89 3.89 3.98 3.98 4.68 3.63 4.68 4.71 3.98 3.98 4.68 3.98 4.93 4.93 4.93 4.85 3.79 3.79 4.00 4.00 3.79 3.79 4.00 3.80
4.18 4.95 3.68 3.82 4.18 3.82 1.26 1.26 1.32 3.99 3.99 3.99 3.99 3.99 1.32 1.32 3.86 1.32 1.32 1.32 1.93 1.32 1.32 1.32 1.21 1.21 1.21 1.21 3.94 3.94 3.94 3.94 3.94 3.94 1.21 1.21 1.21 1.21 1.21 1.21 3.94 3.94 3.94 3.94 3.94 3.94 3.94 4.56 4.56 3.79 3.79 1.27 1.27 1.27 4.05 4.05 3.98 3.98 4.60 3.89 3.89 3.62 3.89 4.68 4.71 4.71 4.68 4.71 4.71 4.68 4.68 3.27 4.15 4.93 4.85 3.82 3.79 3.79 3.79 4.72 3.79 3.79 3.80 3.80
4.18 4.95 4.95 3.82 3.82 1.26 1.26 1.26 1.32 3.99 3.99 3.99 3.99 1.32 1.32 3.99 3.99 3.99 4.35 4.35 4.17 4.98 1.93 1.32 1.21 1.21 4.01 4.02 4.02 4.02 4.02 4.02 4.02 4.02 3.66 3.66 1.21 3.66 1.21 1.21 1.27 1.27 4.20 4.20 4.20 4.20 4.20 4.88 4.88 1.27 1.27 1.27 1.27 1.27 1.27 4.05 3.98 3.89 3.24 3.24 4.60 4.49 3.89 4.68 4.71 3.27 3.27 4.71 3.63 4.68 4.68 4.71 4.85 4.93 4.93 3.82 4.56 3.79 3.79 4.56 4.56 3.79 3.80 3.80
4.18 4.95 4.18 3.82 1.26 1.26 1.26 1.26 3.99 3.99 3.99 3.99 3.99 1.32 1.32 1.32 3.99 4.35 4.35 4.35 4.38 4.16 4.16 1.93 1.21 1.21 4.02 4.02 4.02 4.02 4.02 4.02 4.02 4.02 4.02 4.01 4.01 3.66 1.21 1.21 1.27 1.27 4.20 4.20 4.20 4.20 4.20 4.88 3.85 3.85 1.27 3.79 3.79 4.05 4.05 3.79 3.89 4.49 4.60 4.60 4.60 4.49 4.49 4.49 4.60 3.27 4.71 4.71 3.98 4.68 4.68 3.27 3.35 4.85 4.85 4.56 4.56 3.79 3.79 4.56 4.72 4.72 3.80 3.80
5.10 5.10 5.10 1.31 1.31 3.97 3.97 3.97 3.95 3.94 3.94 3.94 3.94 3.94 1.30 1.30 3.94 3.95 4.29 4.29 4.34 1.30 1.30 1.30 1.29 1.29 1.29 4.31 4.31 4.31 4.31 4.31 4.31 4.31 4.31 4.23 4.23 4.23 1.29 1.90 1.93 4.29 4.29 4.29 4.29 4.29 4.29 5.08 4.87 4.29 4.29 4.29 3.91 4.11 4.11 4.11 1.25 4.65 3.78 4.73 4.58 4.58 4.58 4.01 4.58 4.73 4.73 4.73 4.91 3.36 3.36 3.36 3.40 5.03 4.61 4.61 4.61 4.78 3.86 4.78 4.61 4.78 3.86 3.86
3.97 5.10 5.10 1.31 1.31 3.97 4.26 3.97 3.94 3.94 4.15 3.94 3.94 3.94 1.30 1.30 1.30 1.30 4.29 4.29 4.34 1.30 1.30 1.30 1.29 1.29 1.29 1.29 4.31 4.31 4.31 4.31 4.31 4.31 5.09 1.29 1.29 4.23 1.29 1.29 1.32 1.32 4.29 4.29 4.29 4.29 4.29 4.29 4.29 4.29 4.29 4.29 4.29 3.91 4.11 3.91 1.25 3.74 3.78 4.01 4.73 4.58 4.01 4.01 4.73 4.58 4.73 4.73 4.73 4.73 3.30 3.30 4.78 4.05 3.86 3.86 4.05 4.05 4.05 4.05 4.05 3.86 3.86 4.61
5.01 5.10 5.10 1.31 1.31 3.97 1.92 3.97 3.94 3.94 3.94 3.94 3.94 3.94 1.30 1.30 1.30 1.30 4.29 4.34 1.30 1.30 1.30 1.30 1.29 1.29 1.29 3.93 4.31 4.31 4.31 4.31 4.31 4.31 4.31 5.05 3.93 1.29 1.29 1.29 4.29 4.00 4.29 4.29 4.29 4.29 1.32 4.00 4.87 5.08 4.29 4.29 4.29 4.00 4.29 4.11 3.74 1.25 4.73 4.73 4.01 4.01 4.01 4.73 4.73 4.58 4.73 4.73 4.73 3.30 4.73 4.73 4.78 4.61 3.86 4.05 4.05 4.78 4.05 4.05 4.05 3.86 3.86 4.61
5.14 4.30 4.30 3.97 1.31 3.97 4.26 3.95 3.94 4.15 3.94 3.95 3.95 1.30 1.30 1.30 1.30 1.30 1.30 4.12 1.30 1.30 1.30 1.30 1.29 1.29 1.29 3.93 4.31 4.31 4.31 4.31 4.31 4.31 5.09 5.09 4.23 1.29 4.23 4.23 4.00 4.00 4.29 4.29 4.00 4.00 1.32 1.32 4.29 4.87 4.29 4.29 4.29 4.29 4.29 4.00 3.74 3.74 4.73 4.73 4.73 4.01 4.01 4.73 3.30 4.73 4.58 4.73 4.73 4.01 4.01 4.58 4.05 4.78 3.86 4.05 4.05 4.05 4.78 4.61 4.61 3.86 3.86 4.05
5.10 4.30 5.10 1.31 1.31 4.26 4.26 4.16 4.15 4.15 1.30 1.30 1.30 1.30 1.30 1.30 1.30 1.30 1.30 1.30 1.30 1.30 1.30 1.30 1.29 1.29 1.29 3.93 3.93 4.31 3.93 3.93 3.93 3.93 5.09 5.09 4.23 1.29 1.29 4.23 4.29 4.29 4.29 1.32 1.32 1.32 1.32 1.32 4.00 4.87 4.29 4.29 4.29 4.29 4.29 4.29 3.80 4.65 4.73 4.73 4.73 4.73 4.73 4.73 4.73 3.30 3.30 3.30 4.58 4.58 4.58 4.01 4.78 4.78 4.78 4.61 4.05 3.86 3.86 4.05 4.05 3.86 3.86 4.05
5.01 5.10 4.30 4.26 1.31 4.26 4.26 1.92 4.15 4.25 1.30 1.30 1.30 1.30 1.30 1.30 1.30 1.30 1.30 1.30 1.30 1.30 1.30 1.30 1.29 1.29 1.29 3.93 3.93 4.31 3.93 4.10 1.29 3.93 5.09 3.93 1.29 1.90 3.93 4.23 4.29 4.29 4.00 1.32 1.32 1.32 1.32 1.32 4.00 4.29 4.29 4.29 4.29 4.29 4.29 4.29 4.12 4.16 3.78 4.58 4.01 4.73 4.73 4.73 4.73 3.30 3.30 3.30 4.58 4.58 3.78 4.01 4.61 4.61 4.61 4.61 4.05 4.05 4.05 3.86 3.86 3.86 3.86 4.78
5.01 5.10 4.30 4.30 1.31 3.97 3.97 4.26 3.95 1.30 1.30 1.30 4.25 1.91 1.30 1.30 4.25 3.95 4.25 4.32 5.12 1.30 1.30 1.30 1.29 1.29 1.29 3.93 3.93 3.93 5.09 5.09 3.93 5.05 5.09 3.93 1.90 3.93 4.23 4.23 4.29 4.00 4.00 4.00 1.32 1.32 4.00 4.00 4.29 4.29 4.29 4.29 4.29 5.08 4.29 4.29 4.16 4.16 4.16 3.78 4.01 4.01 4.73 3.30 4.73 3.30 4.73 4.01 4.01 3.78 3.78 4.01 4.05 4.05 4.05 4.05 4.05 4.05 4.05 4.05 3.86 3.86 3.86 3.86
5.10 5.10 5.10 5.10 1.31 1.31 1.31 1.31 4.12 1.30 1.30 1.30 4.29 5.09 5.04 1.30 4.25 1.30 1.30 4.32 4.34 3.95 3.95 1.30 1.29 3.93 3.93 3.93 4.31 5.05 4.31 5.09 4.31 5.05 3.93 3.93 3.93 3.93 4.23 4.23 4.00 4.00 4.29 4.00 4.00 4.00 4.29 4.00 4.87 4.29 4.29 4.29 4.29 5.08 4.87 4.34 4.16 4.16 4.16 4.16 4.73 4.84 4.84 4.73 4.73 4.58 4.58 4.58 4.01 3.78 3.78 4.01 4.05 4.05 3.86 3.86 3.86 4.05 4.05 4.05 4.05 4.05 3.86 3.86
5.01 5.01 5.01 5.10 4.26 1.31 1.31 1.31 4.12 1.30 1.30 4.12 4.29 4.29 5.00 5.09 5.09 3.95 5.06 5.12 4.34 3.95 3.95 3.95 4.31 5.09 3.93 4.31 4.31 4.31 5.09 5.09 5.05 5.09 4.83 3.93 3.93 3.93 3.93 3.93 4.00 4.00 4.29 4.00 4.00 4.29 4.29 4.87 4.00 4.29 4.29 4.29 4.00 5.08 4.87 4.99 4.16 4.16 4.16 4.16 4.18 4.84 3.34 3.34 4.01 4.58 4.01 4.01 4.01 3.78 4.01 4.01 4.05 4.05 3.86 3.86 4.05 4.05 4.61 4.05 4.05 3.86 4.05 4.05
3.97 5.01 5.10 3.77 5.10 1.31 1.31 1.31 1.30 1.30 1.30 1.30 1.30 1.30 5.00 3.77 5.08 4.29 5.12 3.25 5.06 5.12 5.12 5.12 3.25 5.09 4.31 4.31 5.09 5.09 3.25 5.09 5.09 3.25 1.90 3.93 3.93 3.93 3.93 3.93 4.00 4.00 4.00 4.00 4.00 4.00 4.29 4.29 4.29 4.29 5.08 4.87 4.00 5.08 1.93 1.32 4.92 4.92 4.16 4.16 4.18 4.93 4.84 4.84 3.78 4.58 4.01 4.01 4.01 3.78 3.78 4.01 4.05 4.05 3.86 3.86 4.05 4.05 4.61 4.05 4.05 3.86 4.05 3.86
3.97 5.11 5.02 5.02 4.30 3.97 1.31 5.05 5.09 1.30 1.30 3.95 1.30 5.00 3.77 3.77 5.09 5.00 5.12 5.12 3.25 5.12 5.12 5.12 5.09 5.09 5.09 3.25 3.25 5.09 3.25 5.09 5.09 3.25 1.90 1.90 4.23 3.93 3.93 3.93 1.32 4.29 4.29 4.29 4.29 4.29 4.00 4.87 4.29 4.29 4.29 4.87 4.00 4.00 5.08 4.29 4.12 4.92 3.80 3.80 4.18 4.93 4.93 4.09 4.73 4.01 4.01 4.01 4.01 3.78 3.78 4.01 4.05 4.05 4.05 4.05 4.05 4.05 4.05 4.05 3.86 3.86 4.05 3.86
5.11 5.02 4.30 3.97 5.11 4.26 5.05 5.01 5.09 5.00 5.00 3.95 5.09 5.09 5.09 3.77 5.01 5.01 5.12 5.12 5.12 5.07 5.07 5.12 4.32 4.32 3.25 3.25 5.05 3.25 3.25 3.25 5.09 3.25 3.93 3.93 1.90 1.29 1.29 1.29 4.00 4.29 4.29 4.29 4.29 4.29 4.00 4.87 4.29 4.29 4.29 4.29 4.29 5.08 4.87 4.29 4.12 4.72 4.92 3.80 4.18 4.93 4.93 4.18 4.01 4.73 4.58 4.73 4.73 4.01 4.01 4.01 4.05 4.05 4.05 4.05 4.05 4.05 4.05 3.86 3.86 4.05 4.05 4.78
5.11 5.02 3.97 3.97 3.97 3.97 5.05 5.10 1.91 5.00 5.09 5.09 5.09 3.77 5.09 5.01 3.77 3.25 3.95 4.34 4.34 5.07 5.07 5.12 5.09 5.05 3.25 5.05 5.05 5.09 3.25 5.09 3.25 5.09 3.25 5.09 4.32 4.32 4.32 4.10 1.32 4.29 4.29 4.29 4.00 4.00 4.00 4.00 4.00 4.00 4.00 4.00 4.00 4.00 4.00 4.00 3.80 4.12 4.12 4.92 4.92 4.93 4.93 4.18 4.18 4.73 4.73 4.73 4.58 4.73 4.01 4.01 4.05 4.05 4.05 4.05 4.05 4.05 3.86 3.92 4.79 4.16 4.16 4.16
5.11 5.11 5.02 5.11 3.97 4.94 5.11 5.02 5.00 3.77 5.09 5.09 5.09 3.77 5.09 5.01 5.01 5.07 3.95 3.95 3.95 4.34 5.07 3.95 4.32 4.32 5.09 5.05 5.05 3.25 3.25 5.05 5.09 5.09 5.09 5.09 4.32 4.32 4.32 4.32 1.32 1.32 4.29 4.29 4.00 4.00 5.08 4.87 5.08 4.00 4.00 4.00 4.00 4.29 4.00 4.00 3.80 4.72 4.12 3.80 4.72 4.93 4.93 4.18 4.93 4.82 4.01 4.01 4.01 4.01 4.01 4.01 4.78 4.78 4.05 4.05 4.05 4.05 3.92 4.16 4.16 4.79 4.79 4.16
3.77 3.77 5.11 5.11 5.02 5.02 3.77 5.02 5.09 5.09 4.29 4.29 5.01 4.29 4.29 4.29 5.01 5.07 3.95 3.95 3.95 5.07 5.07 4.34 4.32 4.32 4.32 5.09 4.32 5.09 5.09 5.05 4.32 4.32 3.25 5.09 5.05 4.32 4.32 4.32 4.39 4.39 1.32 4.00 1.32 5.08 4.00 4.87 4.00 4.00 1.32 1.32 4.29 4.00 4.00 4.00 3.80 4.72 4.89 4.89 4.89 3.17 4.93 4.93 4.91 4.18 4.16 4.01 4.58 4.01 4.01 4.01 4.05 4.05 4.05 4.16 4.79 4.79 3.92 4.79 4.79 4.79 4.79 4.79
5.02 5.11 5.02 5.11 5.11 5.11 5.11 3.77 3.77 5.01 4.29 4.29 3.77 5.09 4.29 4.29 3.95 1.30 3.95 5.07 5.12 5.12 4.34 4.34 4.32 4.32 4.32 4.32 4.32 5.05 5.05 4.32 3.93 3.93 5.09 5.09 4.32 4.32 4.32 4.32 4.39 4.39 1.32 1.32 1.32 4.18 4.00 4.87 4.29 4.00 4.00 1.32 1.32 1.32 1.32 1.32 3.80 4.89 4.12 4.12 4.93 4.93 4.18 4.93 4.91 4.91 4.91 4.18 4.01 4.01 4.01 4.01 4.16 4.16 4.16 4.16 4.79 4.79 4.79 4.79 4.79 4.79 4.79 4.61
4.92 5.01 3.91 3.91 5.01 4.92 3.72 5.01 3.72 3.72 5.02 5.02 5.02 5.02 4.23 3.91 4.23 4.29 3.91 3.91 3.91 4.29 4.29 4.29 4.35 4.35 4.35 4.35 4.35 4.35 3.97 5.14 5.14 3.97 4.35 5.14 5.14 3.97 4.35 4.35 4.41 4.41 4.04 1.33 4.04 4.04 4.04 4.04 4.04 4.04 4.04 4.04 1.33 1.33 4.21 4.21 3.86 3.86 4.87 3.13 5.00 4.23 4.23 5.00 5.00 4.92 4.92 4.92 3.86 4.00 4.00 4.00 3.92 3.92 3.92 3.92 3.92 4.76 4.14 4.76 4.76 4.76 4.57 4.57
4.92 4.92 4.92 5.01 5.01 4.92 5.02 5.01 5.02 3.72 4.93 4.93 4.93 5.02 4.23 4.23 4.29 4.29 3.91 3.91 3.91 3.91 4.29 4.29 4.35 4.35 4.35 4.35 4.35 4.35 3.97 3.97 5.14 5.14 5.05 4.35 4.35 3.24 4.35 4.35 4.41 4.41 4.25 1.33 4.04 4.04 4.04 1.33 1.33 1.33 4.04 4.04 1.33 1.33 1.33 4.21 3.86 3.86 4.66 3.13 3.17 4.92 4.23 4.23 4.23 4.23 4.23 4.92 5.00 4.17 4.00 4.00 4.14 3.92 3.92 4.76 3.92 3.92 4.91 4.76 4.76 4.57 4.57 4.57
4.92 5.01 5.01 4.92 4.22 3.91 3.91 4.92 4.23 5.02 3.91 3.91 4.93 3.72 4.93 5.02 4.29 4.29 3.91 3.91 3.91 3.91 3.91 4.29 4.35 4.35 4.35 3.97 4.35 4.35 4.35 4.35 3.97 5.14 4.35 4.35 4.35 4.35 4.35 3.97 4.41 4.41 4.04 1.33 4.04 4.04 4.04 1.33 1.33 1.33 1.33 1.33 1.33 1.33 1.33 1.33 1.27 3.86 3.86 3.13 5.00 4.23 5.00 4.23 4.23 4.23 4.23 4.23 3.86 1.27 4.17 4.00 4.14 4.14 3.92 3.92 3.92 3.92 4.91 4.57 4.57 4.57 4.57 4.57
5.01 4.92 5.01 5.01 5.01 4.92 3.91 5.01 4.23 5.02 4.23 3.91 3.91 4.23 4.93 4.93 5.06 4.29 3.91 3.91 3.91 3.91 4.29 4.29 4.35 4.35 4.35 3.97 4.35 4.35 4.35 5.05 5.14 5.14 4.35 4.35 3.97 3.97 3.97 5.05 4.41 4.04 4.04 1.95 1.33 4.25 1.33 1.33 1.33 1.33 1.33 1.33 1.33 4.04 4.25 1.33 1.27 1.86 4.66 4.87 5.00 3.86 3.86 5.00 4.23 4.23 4.23 3.86 3.86 3.86 3.86 4.23 3.92 4.14 3.92 3.92 3.92 4.91 4.75 4.75 4.57 4.57 4.57 4.57
3.72 5.01 4.92 5.01 5.01 4.92 4.22 4.22 3.91 4.93 4.23 4.23 4.23 4.23 5.02 4.23 3.21 3.21 5.06 5.06 4.99 4.99 4.29 4.29 4.35 5.14 5.05 3.97 4.35 4.35 5.05 5.14 5.14 5.05 4.35 4.35 4.35 4.35 4.35 5.14 4.04 4.04 4.04 5.10 5.10 1.33 1.33 1.33 1.33 1.33 1.33 4.04 4.04 4.04 4.04 4.04 1.27 1.27 4.87 4.66 3.17 4.23 4.23 3.17 5.00 4.92 4.92 4.92 3.86 4.23 4.23 4.23 4.29 4.29 3.92 4.14 4.76 4.57 4.75 4.75 4.75 3.30 3.30 4.57
3.71 5.01 5.01 4.92 3.91 4.22 4.22 4.22 3.91 4.93 5.02 5.02 4.23 4.23 4.23 4.23 4.29 5.06 3.21 3.21 4.99 5.06 3.21 5.06 4.35 5.05 5.14 4.35 4.35 5.14 5.05 5.14 5.14 4.35 5.14 3.97 4.35 5.14 5.05 5.14 4.41 4.41 4.41 4.04 5.10 5.10 5.10 4.79 4.79 1.33 1.33 4.04 4.25 4.25 4.04 4.25 1.27 1.27 1.27 1.27 5.00 4.23 4.23 5.00 5.00 5.00 4.23 4.23 4.92 5.00 4.23 4.23 4.29 4.29 3.95 4.76 4.76 4.76 4.91 4.75 4.57 4.75 4.75 4.57
3.71 5.01 4.92 4.92 4.92 3.91 3.91 3.91 3.91 3.91 3.91 5.02 4.93 4.23 4.23 4.29 4.29 4.99 5.06 5.06 3.21 5.06 5.06 4.99 5.05 5.05 3.97 4.35 3.97 4.35 4.35 5.14 5.14 5.14 4.35 4.35 4.35 4.35 5.05 5.05 5.21 5.21 5.21 4.04 5.10 4.04 5.10 5.10 4.79 1.33 1.33 1.33 4.25 4.25 4.25 4.25 1.27 1.27 1.27 1.27 5.00 5.00 4.23 4.23 4.23 4.23 5.00 4.92 5.00 3.86 3.86 4.23 4.29 3.95 3.95 3.95 4.76 4.76 4.76 4.76 4.75 4.75 4.02 4.57
3.71 5.01 4.92 4.92 5.01 3.91 3.91 3.91 3.91 3.91 3.91 3.91 5.02 3.91 5.02 4.99 4.29 5.06 3.91 3.91 5.06 5.06 5.06 5.06 5.14 5.05 5.05 5.14 3.97 5.14 5.05 4.35 5.14 5.14 4.35 4.35 5.05 4.35 4.35 5.05 4.41 4.41 4.41 4.41 4.41 4.04 5.10 5.10 5.10 1.33 1.33 1.33 1.33 4.25 4.25 4.25 1.27 1.27 3.86 3.86 5.00 3.17 4.23 4.23 3.86 3.86 4.23 4.23 4.92 4.23 5.00 4.92 4.29 3.95 3.95 3.95 3.95 4.14 4.91 4.91 4.91 4.75 4.75 4.02
5.01 5.01 4.92 4.92 4.92 3.91 3.91 3.91 3.91 3.91 5.02 5.02 4.93 3.91 3.91 5.06 4.99 4.29 3.91 3.91 4.29 5.06 4.29 5.06 5.14 5.14 5.14 3.97 5.14 5.14 5.14 5.14 5.14 5.14 5.14 5.05 5.05 5.05 4.35 4.35 4.41 4.41 4.41 4.41 4.41 4.04 4.04 4.04 1.33 1.33 1.33 1.33 1.33 1.33 4.04 1.33 1.27 3.86 3.86 3.86 5.00 4.92 4.23 4.23 5.00 3.86 4.92 4.23 4.23 4.23 4.23 4.92 4.29 3.95 4.94 4.94 5.07 3.17 3.35 4.91 3.92 4.02 4.75 4.02
3.91 3.91 4.92 3.71 3.91 3.91 5.01 3.91 3.91 3.91 3.91 5.02 5.02 4.23 3.91 4.99 4.99 5.06 5.06 4.29 4.29 4.29 4.29 4.29 5.14 5.05 5.14 5.14 5.14 3.24 5.14 3.24 3.24 3.24 4.35 4.35 5.05 5.05 5.14 4.35 4.41 4.41 4.41 4.41 4.41 4.41 4.04 4.41 4.41 4.41 4.04 1.33 1.33 1.33 4.04 1.33 4.66 3.86 4.23 3.86 4.23 4.92 3.86 4.23 4.92 4.92 4.92 4.23 3.86 4.23 4.23 4.23 4.29 5.07 5.07 4.94 4.94 5.07 3.17 4.14 4.91 4.75 4.57 4.75
4.22 4.22 4.22 3.71 5.01 4.22 4.22 5.01 5.02 4.23 4.23 4.93 4.23 4.23 5.02 5.06 4.99 4.99 4.99 4.29 5.06 4.29 3.91 4.29 4.35 5.14 5.14 3.24 5.14 5.14 5.05 5.14 5.14 3.24 5.14 4.35 5.14 5.14 4.35 4.35 4.41 4.41 4.41 4.41 4.41 4.41 4.41 4.41 4.41 4.41 4.04 4.41 1.33 1.33 1.33 1.33 4.11 4.23 3.86 3.86 5.00 3.86 3.86 4.23 4.92 4.23 4.23 5.00 5.00 4.23 4.23 3.86 5.07 4.94 4.94 5.07 5.07 5.07 3.17 3.17 3.35 4.76 4.57 4.57
4.22 4.22 3.91 5.01 5.01 4.92 4.92 4.22 4.23 4.23 4.23 4.93 4.23 4.23 4.29 4.29 5.06 5.06 5.06 4.99 4.29 4.29 4.29 4.99 4.35 4.35 5.05 5.14 5.14 5.14 5.14 5.14 5.05 5.14 5.14 5.14 3.24 4.35 3.97 3.97 4.41 5.21 5.21 4.41 4.41 4.41 5.10 5.10 4.41 4.04 4.41 4.41 4.41 4.41 4.04 1.33 4.23 4.23 4.23 3.86 5.00 4.23 3.86 4.23 4.92 4.23 4.23 4.23 5.00 5.00 5.00 4.92 3.17 3.17 5.07 4.94 5.07 4.94 5.07 3.17 5.07 4.91 4.57 4.57
3.91 3.91 4.22 4.22 5.01 3.71 4.92 4.22 3.91 4.23 5.02 5.02 3.72 4.23 4.29 5.06 5.06 5.06 5.06 4.29 4.29 4.29 4.29 4.29 4.35 4.35 5.05 5.14 5.05 5.14 4.35 5.05 4.35 5.14 4.35 3.97 5.14 5.14 3.24 5.14 4.41 5.10 5.10 5.10 4.41 4.41 5.10 5.10 5.10 5.10 5.10 4.41 4.41 4.41 4.04 4.41 4.23 4.23 4.23 4.23 5.00 4.23 4.23 4.23 3.86 4.23 4.23 4.23 5.00 4.23 4.23 5.00 5.07 3.17 5.07 5.07 5.07 4.75 4.96 3.17 3.17 4.96 4.75 4.75
3.91 5.01 5.01 4.92 5.01 3.71 4.92 4.92 3.91 4.23 5.02 5.02 5.02 4.23 4.29 4.29 5.06 5.06 5.06 4.29 3.91 4.29 4.99 4.29 3.97 5.14 5.14 3.97 5.14 3.97 3.97 4.35 4.35 3.97 4.35 4.35 3.97 5.05 5.05 3.24 5.21 5.10 4.41 4.41 4.41 4.04 4.04 4.41 4.41 4.41 4.41 4.04 4.04 4.41 1.33 4.41 4.23 4.23 4.23 4.92 4.92 4.23 4.92 4.23 4.23 4.23 4.23 4.23 4.23 3.86 4.92 4.23 4.94 5.07 5.07 5.07 5.07 4.75 4.96 4.19 4.96 4.96 4.96 4.75
