New_Model_Runs/8_Future_Present_Scn1_out/post_prcessed_with_MFR/Monthly_summaries/actual_et_monthly_NOV.asc
NCOLS 700
NROWS 400
XLLCENTER 515000.000000
YLLCENTER 8409000.000000
CELLSIZE 50.000000
NODATA_value -999.000000
[rows 114 to 151 of 400, columns 420 to 503 of 700]
1.36 1.36 1.36 1.36 1.36 1.36 1.36 1.36 1.36 1.36 1.36 1.36 1.32 1.32 1.32 1.32 1.32 1.32 1.32 1.32 1.32 1.32 4.39 4.39 4.00 4.00 4.39 5.18 3.70 5.09 3.72 3.11 3.11 3.20 1.30 1.30 1.30 1.30 1.30 1.30 1.30 1.30 1.30 1.30 1.28 1.28 1.28 1.28 1.28 1.28 1.28 1.28 1.28 1.28 1.28 1.28 3.09 3.09 3.90 3.70 3.05 3.05 1.19 1.19 1.19 3.21 3.21 3.21 3.33 3.33 1.74 1.19 1.19 1.19 1.19 1.19 1.20 1.20 1.20 1.20 1.20 1.20 1.20 1.20
1.36 1.36 1.36 1.36 1.36 1.36 1.36 1.36 1.36 1.36 1.36 1.36 1.32 1.32 1.32 1.32 1.32 1.32 1.32 1.32 1.32 1.32 1.32 1.32 1.32 4.39 4.39 1.32 5.09 5.09 3.72 3.36 3.15 3.15 3.25 1.30 1.30 1.30 1.30 1.30 1.30 1.30 1.30 1.30 1.28 1.28 1.28 1.28 1.28 1.28 1.28 1.28 1.28 1.28 1.28 1.28 3.09 3.09 3.09 3.09 3.00 3.05 1.19 1.19 1.19 3.21 3.21 3.21 3.33 3.33 3.76 1.19 1.19 1.19 1.19 1.19 1.20 1.20 1.20 1.20 1.20 1.20 1.20 1.20
1.36 1.36 1.36 1.36 1.36 1.36 1.36 1.36 1.36 1.36 1.36 1.36 1.32 1.32 1.32 1.32 1.32 1.32 1.32 1.32 1.32 1.32 1.32 1.32 1.32 1.32 1.32 1.32 1.30 1.30 3.15 2.19 3.72 3.15 3.15 1.30 1.30 1.30 1.30 1.30 1.30 1.30 1.30 1.30 1.28 1.28 1.28 1.28 1.28 1.28 1.28 1.28 1.28 1.28 1.28 1.28 3.13 3.09 3.09 3.09 3.00 3.00 1.19 1.19 1.19 1.19 1.19 1.19 1.74 3.33 3.76 1.19 1.19 1.19 1.19 1.19 1.20 1.20 1.20 1.20 1.20 1.20 1.20 1.20
1.36 1.36 1.36 1.36 1.36 1.36 1.36 1.36 1.36 1.36 1.36 1.36 1.32 1.32 1.32 1.32 1.32 1.32 1.32 1.32 1.32 1.32 1.32 1.32 1.32 1.32 1.32 4.00 1.30 4.32 3.15 3.15 3.15 3.15 3.15 3.11 3.11 1.30 1.30 1.30 1.30 1.30 1.30 1.30 1.28 1.28 1.28 1.28 1.28 1.28 1.28 1.28 1.28 1.28 1.28 1.28 1.28 1.28 1.28 1.28 1.19 1.19 1.74 1.19 1.19 1.19 1.19 1.19 1.19 1.19 1.19 1.19 1.19 1.19 1.19 1.19 1.20 1.20 1.20 1.20 1.20 1.20 1.20 1.20
1.36 1.36 1.36 1.36 1.36 1.36 1.36 1.36 1.36 1.36 1.36 1.36 1.32 1.32 1.32 1.32 1.32 1.32 1.32 1.32 1.32 1.32 1.32 1.32 1.32 1.32 1.32 1.32 4.32 3.20 3.11 3.11 3.72 3.72 3.15 1.30 1.30 1.30 1.30 1.30 1.30 1.30 1.30 1.30 1.28 1.28 1.28 1.28 1.28 1.28 1.28 1.28 1.28 1.28 1.28 1.28 1.28 1.28 1.28 1.28 1.19 1.19 1.74 1.19 1.19 1.19 1.19 1.19 1.19 1.19 1.19 1.19 1.19 1.19 1.19 1.19 1.20 1.20 1.20 1.20 1.20 1.20 1.20 1.20
1.36 1.36 1.36 1.36 1.36 1.36 1.36 1.36 1.36 1.36 1.36 1.36 1.32 1.32 1.32 1.32 1.32 1.32 1.32 1.32 1.32 1.32 1.32 1.32 1.32 1.32 1.32 1.32 1.30 3.32 1.30 1.30 1.30 3.72 1.30 1.30 1.30 1.30 1.30 1.30 1.30 1.30 1.30 1.30 1.28 1.28 1.28 1.28 1.28 1.28 1.28 1.28 1.28 1.28 1.28 1.28 1.28 1.28 1.28 1.28 1.19 1.19 1.19 1.19 1.19 1.19 1.19 1.19 1.19 1.19 1.19 1.19 1.19 1.19 1.19 1.19 1.20 1.20 1.20 1.20 1.20 1.20 1.20 1.20
1.36 1.36 1.36 1.36 1.36 1.36 1.36 1.36 1.36 1.36 1.36 1.36 1.32 1.32 1.32 1.32 1.32 1.32 1.32 1.32 1.32 1.32 1.32 1.32 1.32 1.32 1.32 1.32 1.30 1.30 1.30 3.11 3.72 3.72 3.15 1.30 1.30 1.30 1.30 1.30 1.30 1.30 1.30 1.30 1.28 1.28 1.28 1.28 1.28 1.28 1.28 1.28 1.28 1.28 1.28 1.28 1.28 1.28 1.28 1.28 1.19 1.19 1.19 1.19 1.19 1.19 1.19 1.19 1.19 1.19 1.19 1.19 1.19 1.19 1.19 1.19 1.20 1.20 1.20 1.20 1.20 1.20 1.20 1.20
1.36 1.36 1.36 1.36 1.36 1.36 1.36 1.36 1.36 1.36 1.36 1.36 1.32 1.32 1.32 1.32 1.32 1.32 1.32 1.32 1.32 1.32 1.32 1.32 1.32 1.32 1.32 1.32 1.30 1.30 1.30 3.11 3.72 3.11 3.15 1.30 1.30 1.30 1.30 1.30 1.30 1.30 1.30 1.30 1.28 1.28 1.28 1.28 1.28 1.28 1.28 1.28 1.28 1.28 1.28 1.28 1.28 1.28 1.28 1.28 1.19 1.19 1.19 1.19 1.19 1.19 1.19 1.19 1.19 1.19 1.19 1.19 1.19 1.19 1.19 1.19 1.20 1.20 1.20 1.20 1.20 1.20 1.20 1.20
1.36 1.36 1.36 1.36 1.36 1.36 1.36 2.00 1.36 1.36 1.36 1.36 1.32 1.32 1.32 1.32 1.32 1.32 1.32 1.32 1.32 1.32 1.32 1.32 1.32 1.32 1.32 1.32 1.30 1.30 1.30 3.15 3.15 3.15 3.15 1.30 1.30 1.30 1.30 1.30 1.30 1.30 1.30 1.30 1.28 1.28 1.28 1.28 1.28 1.28 1.28 1.28 1.28 1.28 1.28 1.28 1.28 1.28 1.28 1.28 1.19 1.19 1.19 1.19 1.19 1.19 1.19 1.19 1.19 1.19 1.19 1.19 1.19 1.19 1.19 1.19 1.20 1.20 1.20 1.20 1.20 1.20 1.20 1.20
1.36 1.36 1.36 1.36 1.36 1.36 1.36 2.00 4.03 1.36 1.36 1.36 1.32 1.32 1.32 1.32 1.32 1.32 1.32 1.32 1.32 1.32 1.32 1.32 1.32 1.32 1.32 1.32 1.30 1.30 1.30 3.72 3.15 3.11 3.15 3.11 1.30 1.30 1.30 1.30 1.30 1.30 1.30 1.30 1.28 1.28 1.28 1.28 1.28 1.28 1.28 1.28 1.28 1.28 1.28 1.28 1.28 1.28 1.28 1.28 1.19 1.19 1.19 1.19 1.19 1.19 1.19 1.19 1.19 1.19 1.19 1.19 1.19 1.19 1.19 1.19 1.20 1.20 1.20 1.20 1.20 1.20 1.20 1.20
1.36 1.36 4.22 1.36 1.36 1.36 1.36 4.00 5.00 4.03 4.03 1.36 1.32 1.32 1.32 1.32 1.32 1.32 1.32 1.32 1.32 1.32 5.18 1.32 1.32 1.32 1.32 1.32 1.30 1.30 1.30 3.25 3.82 3.11 3.11 3.11 1.30 1.30 1.30 1.30 1.30 1.30 1.30 1.30 1.28 1.28 1.28 1.28 1.28 1.28 1.28 1.28 1.28 1.28 1.28 1.28 1.28 1.28 1.28 1.28 1.19 1.19 1.19 1.19 1.19 1.19 1.19 1.19 1.19 1.19 1.19 1.19 1.19 1.19 1.19 1.19 1.20 1.20 1.20 1.20 1.20 1.20 1.20 1.20
1.36 4.22 1.36 4.22 1.36 4.00 4.00 1.36 5.00 5.00 5.00 4.82 4.00 1.32 1.32 1.32 4.39 1.32 1.32 4.39 1.93 1.32 1.32 1.32 1.32 1.32 1.32 1.32 1.30 1.30 1.30 1.30 3.25 3.82 3.11 3.11 1.30 1.30 1.30 1.30 1.30 1.30 1.30 1.30 1.28 1.28 1.28 1.28 1.28 1.28 1.28 1.28 1.28 1.28 1.28 1.28 1.28 1.28 1.28 1.28 1.19 1.19 1.19 1.19 1.19 1.19 1.19 1.19 1.19 1.19 1.19 1.19 1.19 1.19 1.19 1.19 1.20 1.20 1.20 1.20 1.20 1.20 1.20 1.20
4.22 4.22 4.00 4.00 5.00 5.00 1.36 1.36 5.00 5.00 5.00 5.00 4.00 4.39 5.18 5.18 5.18 5.18 5.18 4.39 1.32 1.32 1.32 1.32 1.32 1.32 1.32 1.32 1.30 1.30 1.30 1.30 1.30 3.47 3.20 3.11 3.15 1.30 1.30 1.30 1.30 1.30 1.30 1.30 1.28 1.28 1.28 1.28 1.28 1.28 1.28 1.28 1.28 1.28 1.28 1.28 1.28 1.28 1.28 1.28 1.19 1.19 1.19 1.19 1.19 1.19 1.19 1.19 1.19 1.19 1.19 1.19 1.19 1.19 1.19 1.19 1.20 1.20 1.20 1.20 1.20 1.20 1.20 1.20
4.22 4.00 4.83 4.00 5.00 5.00 4.00 5.00 2.95 5.00 2.95 4.00 4.88 4.39 4.39 1.32 1.32 5.18 1.32 4.39 4.39 4.00 1.32 1.32 1.32 1.32 1.32 1.32 1.30 1.30 1.30 1.30 1.30 1.30 1.30 3.11 3.11 1.30 1.30 1.30 1.30 1.30 1.30 1.30 1.28 1.28 1.28 1.28 1.28 1.28 1.28 1.28 1.28 1.28 1.28 1.28 1.28 1.28 1.28 1.28 1.19 1.19 1.19 1.19 1.19 1.19 1.19 1.19 1.19 1.19 1.19 1.19 1.19 1.19 1.19 1.19 1.20 1.20 1.20 1.20 1.20 1.20 1.20 1.20
1.36 5.00 5.00 5.00 5.00 2.95 5.00 5.00 2.95 4.22 5.00 5.00 3.89 4.39 4.00 4.00 1.32 1.32 4.00 4.39 4.39 1.93 1.93 1.32 1.32 1.32 4.39 1.32 1.30 1.30 1.30 1.30 1.30 1.30 1.30 3.11 3.11 3.11 1.30 1.30 1.30 1.30 1.30 1.90 1.28 1.28 1.28 1.28 1.28 1.28 1.28 1.28 1.28 1.28 1.28 1.28 1.28 1.28 1.28 1.28 1.19 1.19 1.19 1.19 1.19 1.19 1.19 1.19 1.19 1.19 1.19 1.19 1.19 1.19 1.19 1.19 1.20 1.20 1.20 1.20 1.20 1.20 1.20 1.20
5.00 2.95 2.95 2.95 5.00 2.95 5.00 5.00 5.00 5.00 5.00 5.00 4.88 4.11 4.00 1.32 1.32 4.00 4.39 4.00 4.00 1.93 1.32 1.32 1.32 4.39 4.39 4.39 1.30 1.30 1.30 1.30 1.30 1.30 1.30 3.15 3.11 3.11 1.30 1.30 1.30 1.30 1.30 1.30 1.28 1.28 1.28 1.28 1.28 1.28 1.28 1.28 1.28 1.28 1.28 1.28 1.28 1.28 1.28 1.28 1.19 1.19 1.19 1.19 1.19 1.19 1.19 1.19 1.19 1.19 1.19 1.19 1.19 1.19 1.19 1.19 1.20 1.20 1.20 1.20 1.20 1.20 1.20 1.20
3.44 2.32 3.44 2.32 2.32 2.32 3.44 2.32 3.44 2.90 3.44 3.44 5.02 4.02 4.16 1.37 1.37 1.37 4.57 1.37 1.37 1.37 1.37 1.37 4.57 4.57 4.57 4.57 3.27 1.18 1.18 1.18 1.18 1.18 1.18 1.18 1.18 1.18 1.18 1.18 1.18 1.18 1.18 1.18 1.05 1.05 1.05 1.05 1.05 1.05 1.05 1.05 1.05 1.05 1.05 1.05 1.05 1.05 1.05 1.05 1.18 1.18 1.18 1.18 1.18 1.18 1.18 1.18 1.18 1.18 1.18 1.18 1.18 1.18 1.18 1.18 1.12 1.12 1.12 1.12 1.12 1.12 1.12 1.12
2.32 3.44 3.44 3.44 3.44 3.44 2.32 2.32 3.44 3.44 2.90 0.87 4.24 4.24 4.57 4.57 1.37 1.37 1.37 1.37 1.37 1.37 1.37 1.37 4.57 4.57 4.57 4.57 3.27 1.18 1.18 1.18 1.18 1.18 1.18 1.18 1.18 1.18 1.18 1.18 1.18 1.18 1.18 1.18 1.05 1.05 1.05 1.05 1.05 1.05 1.05 1.05 1.05 1.05 1.05 1.05 1.05 1.05 1.05 1.05 1.18 1.18 1.18 1.18 1.18 1.18 1.18 1.18 1.72 1.18 1.18 1.18 1.18 1.18 1.18 1.18 1.12 1.12 1.12 1.12 1.12 1.12 1.12 1.12
2.32 3.44 2.32 3.42 3.44 2.32 3.44 3.44 3.44 3.44 2.65 0.87 1.37 1.37 4.24 4.57 1.37 1.37 1.37 1.37 1.37 1.37 1.37 1.37 4.57 4.57 4.57 4.57 3.27 1.18 1.18 1.18 1.18 1.18 1.18 1.18 1.18 1.18 1.18 1.18 1.18 1.18 1.18 1.18 1.05 1.05 1.05 1.05 1.05 1.05 1.05 1.05 1.05 1.05 1.05 1.05 1.05 1.05 1.05 1.05 1.18 1.18 1.18 1.18 1.18 1.18 1.18 1.18 3.33 1.18 1.18 1.18 1.18 1.18 1.18 1.18 1.12 1.12 1.12 1.12 1.12 1.12 1.12 1.12
0.00 2.32 2.32 3.42 3.42 3.44 3.44 3.44 2.32 2.65 2.65 2.65 4.24 4.02 1.37 1.37 1.37 1.37 1.37 1.37 1.37 1.37 1.37 1.37 4.57 4.57 4.57 4.57 3.27 1.18 1.18 1.18 1.18 1.18 1.18 1.18 1.18 1.18 1.18 1.18 1.18 1.18 1.18 1.18 1.05 1.05 1.05 1.05 1.05 1.05 1.05 1.05 1.05 1.05 1.05 1.05 1.05 1.05 1.05 1.05 1.18 1.18 1.18 1.18 1.18 1.18 1.18 1.18 1.18 1.18 1.18 1.18 1.18 1.18 1.18 1.18 1.12 1.12 1.12 1.12 1.12 1.12 1.12 1.12
0.00 0.00 0.00 3.44 2.32 2.32 3.44 3.44 3.44 0.87 0.87 0.87 1.37 1.37 1.37 1.37 1.37 1.37 1.37 1.37 1.37 1.37 1.37 1.37 4.57 4.57 4.57 4.57 3.27 3.27 1.18 1.18 1.18 1.18 1.18 1.18 1.18 1.18 1.18 1.18 1.18 1.18 1.18 1.18 1.05 1.05 1.05 1.05 1.05 1.05 1.05 1.05 1.05 1.05 1.05 1.05 1.05 1.05 1.05 1.05 1.18 1.18 1.18 1.18 1.18 1.18 1.18 1.18 1.18 1.18 1.18 1.18 1.18 1.18 1.18 1.18 1.12 1.12 1.12 1.12 1.12 1.12 1.12 1.12
0.00 0.00 0.00 2.32 2.32 3.44 2.32 3.44 0.87 0.87 0.87 0.87 1.37 1.37 1.37 1.37 1.37 1.37 1.37 1.37 1.37 1.37 4.57 4.57 4.57 4.57 4.57 4.57 3.27 3.27 1.18 1.18 3.27 1.18 1.18 3.27 3.27 3.27 1.18 1.18 1.18 1.18 1.18 1.18 1.05 1.05 1.05 1.05 1.05 1.05 1.05 1.05 1.05 1.05 1.05 1.05 1.05 1.05 1.05 1.05 1.18 1.18 1.18 1.18 1.18 1.18 1.18 1.18 1.18 1.18 1.18 1.18 1.18 1.18 1.18 1.18 1.12 1.12 1.12 1.12 1.12 1.12 1.12 1.12
0.00 0.00 0.00 0.00 2.32 2.32 3.44 3.44 0.87 0.87 0.87 0.87 1.37 1.37 1.37 1.37 1.37 1.37 1.37 1.37 1.37 4.57 4.57 4.57 4.57 4.57 4.57 4.57 3.27 3.27 3.27 3.27 3.27 3.27 3.27 3.27 3.27 1.18 1.18 1.18 1.18 1.18 1.18 1.18 1.05 1.05 1.05 1.05 1.05 1.05 1.05 1.05 1.05 1.05 1.05 1.05 1.05 1.05 1.05 1.05 1.18 1.18 1.18 1.18 1.18 1.18 1.18 1.18 1.18 1.18 1.18 1.18 1.18 1.18 1.18 1.18 1.12 1.12 1.12 1.12 1.12 1.12 1.12 1.12
0.00 0.00 0.00 0.00 2.32 2.32 3.44 0.87 0.87 0.87 0.87 0.87 1.37 1.37 1.37 1.37 1.37 1.37 1.37 1.37 1.37 1.37 4.57 4.57 4.57 4.57 4.57 4.57 3.27 3.27 3.27 3.27 3.27 3.27 3.27 3.27 3.27 3.27 3.27 1.18 1.18 1.18 1.18 1.18 1.05 1.05 1.05 1.05 1.05 1.05 1.05 1.05 1.05 1.05 1.05 1.05 1.05 1.05 1.05 1.05 1.18 1.18 1.18 1.18 1.18 1.18 1.18 1.18 1.18 1.18 1.18 1.18 1.18 1.18 1.18 1.18 1.12 1.12 1.12 1.12 1.12 1.12 1.12 1.12
0.00 0.00 0.00 0.00 0.00 3.44 0.87 0.87 0.87 0.87 0.87 0.87 1.37 1.37 1.37 1.37 1.37 1.37 1.37 4.57 4.57 4.57 4.57 4.57 4.57 4.57 4.57 4.57 3.27 3.27 3.27 3.27 3.27 3.27 3.27 3.27 3.27 3.27 3.27 1.18 1.18 1.18 1.18 1.18 1.05 1.05 1.05 1.05 1.05 1.05 1.05 1.05 1.05 1.05 1.05 1.05 1.05 1.05 1.05 1.05 1.18 1.18 1.18 1.18 1.18 1.18 1.18 1.18 1.18 1.18 1.18 1.18 1.18 1.18 1.18 1.18 1.12 1.12 1.12 1.12 1.12 1.12 1.12 3.72
0.00 0.00 0.00 0.00 0.00 3.44 0.87 0.87 0.87 0.87 0.87 0.87 1.37 1.37 1.37 1.37 4.37 4.37 4.57 4.57 4.57 4.57 4.57 4.57 4.57 4.57 4.57 4.57 3.27 3.27 3.27 3.27 3.27 3.27 3.27 3.27 1.18 1.18 1.18 1.18 1.18 1.18 1.18 1.18 1.05 1.05 1.05 1.05 1.05 1.05 1.05 1.05 1.05 1.05 1.05 1.05 1.05 1.05 1.05 1.05 1.18 1.18 1.18 1.18 1.18 1.18 1.18 1.18 1.18 1.18 1.18 1.18 1.18 1.18 1.18 1.18 1.12 1.12 1.12 1.12 1.12 1.12 1.12 1.12
0.00 0.00 0.00 0.00 0.00 0.87 0.87 0.87 0.87 0.87 0.87 0.87 1.37 1.37 1.37 1.37 1.37 1.37 1.37 4.57 4.57 4.57 4.57 4.57 4.57 4.57 4.57 3.37 3.27 1.18 1.18 3.27 3.27 3.27 3.27 1.18 1.18 1.18 1.18 1.18 1.18 1.18 1.18 1.18 1.05 1.05 1.05 1.05 1.05 1.05 1.05 1.05 1.05 1.05 1.05 1.05 1.05 1.05 1.05 1.05 1.18 1.18 1.18 1.18 1.18 1.18 1.18 1.18 1.18 1.18 1.18 1.18 1.18 1.18 1.18 1.18 1.12 1.12 1.12 1.12 1.12 1.12 1.12 1.12
0.00 0.00 0.00 0.00 2.32 0.87 0.87 0.87 0.87 2.91 0.87 0.87 1.37 1.37 1.37 1.37 1.37 1.37 1.37 1.37 1.37 4.57 4.57 1.37 1.37 4.57 4.57 3.37 3.27 3.27 3.27 3.27 3.27 3.27 1.18 1.18 1.18 1.18 1.18 1.18 1.18 1.18 1.18 1.18 1.05 1.05 1.05 1.05 1.05 1.05 1.05 1.05 1.05 1.05 1.05 1.05 1.05 1.05 1.05 1.05 1.18 1.18 1.18 1.18 1.18 1.18 1.18 1.18 1.18 1.18 1.18 1.18 1.18 1.18 1.18 1.18 1.12 1.12 1.12 1.12 3.54 1.12 1.12 1.12
0.00 0.00 0.00 2.32 2.32 0.87 0.87 0.87 2.91 2.90 0.87 0.87 1.37 1.37 1.37 1.37 1.37 1.37 1.37 1.37 1.37 1.37 1.37 1.37 1.37 1.37 4.57 3.37 3.27 3.27 3.27 3.27 3.27 3.27 3.27 1.18 1.18 1.18 1.18 1.18 1.18 1.18 1.18 1.18 1.05 1.05 1.05 1.05 1.05 1.05 1.05 1.05 1.05 1.05 1.05 1.05 1.05 1.05 1.05 1.05 1.18 1.18 1.18 1.18 1.18 1.18 1.18 1.18 1.18 1.18 1.18 1.18 1.18 1.18 1.18 1.18 1.12 1.12 1.12 1.12 1.12 1.12 1.12 1.12
0.00 0.00 0.00 0.00 0.87 0.87 0.87 2.91 2.90 2.90 2.90 0.87 1.37 1.37 1.37 1.37 1.37 1.37 1.37 1.37 1.37 1.37 1.37 1.37 1.37 1.37 1.37 3.37 3.27 3.27 3.27 3.27 3.27 3.27 3.27 3.27 1.18 1.18 1.18 1.18 1.18 1.18 1.18 1.18 1.05 1.05 1.05 1.05 1.05 1.05 1.05 1.05 1.05 1.05 1.05 1.05 1.05 1.05 1.05 1.05 1.18 1.18 1.18 1.18 1.18 1.18 1.18 1.18 1.18 1.18 1.18 1.18 1.18 1.18 1.18 3.57 3.39 1.12 1.12 1.12 1.12 1.12 3.39 1.12
0.00 0.00 0.00 2.32 3.44 3.44 0.87 2.90 2.90 2.90 0.87 0.87 1.37 1.37 1.37 1.37 1.37 1.37 1.37 1.37 1.37 1.37 1.37 1.37 1.37 1.37 1.37 1.37 1.18 1.18 3.27 3.27 3.27 3.27 3.27 3.27 1.18 1.18 1.18 1.18 1.18 1.18 1.18 1.18 1.05 1.05 1.05 1.05 1.05 1.05 1.05 1.05 1.05 1.05 1.05 1.05 1.05 1.05 1.05 1.05 1.18 1.18 1.18 1.18 1.18 1.18 1.18 1.18 1.18 1.18 1.18 1.18 1.18 1.18 3.57 4.62 4.37 4.40 4.37 4.37 1.64 3.39 3.39 3.72
0.00 0.00 2.32 2.32 2.32 2.32 3.44 3.44 2.90 2.90 0.87 0.87 1.37 1.37 1.37 1.37 1.37 1.37 1.37 1.37 1.37 1.37 1.37 1.37 1.37 1.37 1.37 1.37 1.18 1.18 1.18 3.27 1.18 3.27 1.18 3.27 1.18 1.18 1.18 1.18 1.18 1.18 1.18 1.18 1.05 1.05 1.05 1.05 1.05 1.05 1.05 1.05 1.05 1.05 1.05 1.05 1.05 1.05 1.05 1.05 1.18 1.18 1.18 1.18 1.18 1.18 1.18 1.18 1.18 1.18 1.18 1.18 1.18 1.18 1.18 1.18 3.39 4.37 4.37 4.37 4.37 4.37 4.40 3.71
0.00 0.00 3.24 2.23 2.23 3.24 3.24 3.24 0.82 0.82 0.82 0.82 1.31 1.31 1.31 1.31 1.31 1.31 1.31 1.31 1.31 1.31 1.31 1.31 1.31 1.31 1.31 1.31 1.18 1.18 1.18 1.18 1.18 1.18 1.18 3.23 1.18 1.18 1.18 1.18 1.18 1.18 1.18 1.18 1.28 1.28 1.28 1.28 1.28 1.28 1.28 1.28 1.28 1.28 1.28 1.28 1.28 1.28 1.28 1.28 1.16 1.16 1.16 1.16 1.16 1.16 1.16 1.16 1.16 1.16 1.16 1.16 1.16 1.16 1.16 1.16 0.77 0.77 0.77 3.01 2.25 3.01 3.01 2.25
0.00 0.00 2.23 3.24 2.23 3.24 1.21 0.82 2.74 0.82 0.82 0.82 1.31 1.31 1.31 1.31 1.31 1.31 1.31 1.31 1.31 1.31 1.31 1.31 1.31 1.31 1.31 1.31 1.18 1.18 1.18 1.18 1.18 1.18 1.18 3.23 1.18 1.18 1.18 1.18 1.18 1.18 1.18 1.18 1.28 1.28 1.28 1.28 1.28 1.28 1.28 1.28 1.28 1.28 1.28 1.28 1.28 1.28 1.28 1.28 1.16 1.16 1.16 1.16 1.16 1.16 1.16 1.16 1.16 1.16 1.16 1.16 1.16 1.16 1.16 1.16 0.77 0.77 0.77 2.55 3.01 3.01 3.01 0.00
0.00 0.00 2.23 2.23 3.24 0.82 0.82 0.82 0.82 0.82 0.82 0.82 1.31 1.31 1.31 1.31 1.31 1.31 1.31 1.31 1.31 1.31 1.31 1.31 1.31 1.31 1.31 1.31 1.18 1.73 1.18 1.18 1.18 1.18 1.18 1.18 1.18 1.18 1.18 1.18 1.18 1.18 1.18 1.18 1.28 1.28 1.28 1.28 1.28 1.28 1.28 1.28 1.28 1.28 1.28 1.28 1.28 1.28 1.28 1.28 1.16 1.16 1.16 1.16 1.16 1.16 1.16 1.16 1.16 1.16 1.16 1.16 1.16 1.16 1.16 1.16 0.77 0.77 0.77 3.01 3.01 3.01 3.00 0.00
0.00 0.00 0.00 3.24 3.24 0.82 0.82 0.82 0.82 0.82 0.82 0.82 1.31 1.31 1.31 1.31 1.31 1.31 1.31 1.31 1.31 1.31 1.31 1.31 1.31 1.31 1.31 1.31 1.18 1.73 1.18 1.18 1.18 1.18 1.18 1.18 1.18 1.18 1.18 1.18 1.18 1.18 1.18 1.18 1.28 1.28 1.28 1.28 1.28 1.28 1.28 1.28 1.28 1.28 1.28 1.28 1.28 1.28 1.28 1.28 1.16 1.16 1.16 1.16 1.16 1.16 1.16 1.16 1.16 1.16 1.16 1.16 1.16 1.16 1.16 1.16 0.77 0.77 2.32 3.01 2.25 2.25 0.00 0.00
0.00 0.00 0.00 3.24 2.23 2.23 2.50 2.50 0.82 0.82 0.82 0.82 1.31 1.31 1.31 1.93 1.93 1.31 1.31 1.31 1.31 1.31 1.31 1.31 1.31 1.31 1.31 1.31 1.18 1.18 1.18 1.18 1.18 1.18 1.18 1.18 1.18 1.18 1.18 1.18 1.18 1.18 1.18 1.18 1.28 1.28 1.28 1.28 1.28 1.28 1.28 1.28 1.28 1.28 1.28 1.28 1.28 1.28 1.28 1.28 1.16 1.16 1.16 1.16 1.16 1.16 1.16 1.16 1.16 1.16 1.16 1.16 1.16 1.16 1.16 1.16 0.77 0.77 0.77 3.01 2.25 2.25 0.00 0.00
0.00 0.00 0.00 0.00 2.23 2.23 3.24 2.50 0.82 0.82 0.82 0.82 1.31 1.31 1.31 1.31 1.31 1.31 1.31 1.31 1.31 1.31 1.31 1.31 1.31 1.31 1.31 1.31 1.18 1.18 1.18 1.18 1.18 1.18 1.18 1.18 1.18 1.18 1.18 1.18 1.18 1.18 1.18 1.18 1.28 1.28 1.28 1.28 1.28 1.28 1.28 1.28 1.28 1.28 1.28 1.28 1.28 1.28 1.28 1.28 3.00 3.00 1.16 1.16 3.02 1.16 1.16 1.16 1.16 1.16 1.16 1.16 1.16 1.16 1.16 1.16 0.77 0.77 0.77 0.77 2.25 3.00 0.00 0.00
