New_Model_Runs/8_Future_Present_Scn1_out/post_prcessed_with_MFR/Monthly_summaries/actual_et_monthly_APR.asc
NCOLS 700
NROWS 400
XLLCENTER 515000.000000
YLLCENTER 8409000.000000
CELLSIZE 50.000000
NODATA_value -999.000000
[rows 304 to 341 of 400, columns 168 to 251 of 700]
4.20 4.08 4.20 4.08 4.08 4.08 4.20 4.08 4.04 3.47 3.47 4.17 3.47 3.47 3.72 3.72 3.72 3.72 4.39 4.39 4.39 3.39 3.39 3.72 3.72 3.72 3.72 4.38 4.38 3.38 3.38 3.72 3.72 3.72 3.72 3.72 3.72 4.38 4.38 4.38 4.37 3.37 3.37 4.37 4.37 4.37 4.37 4.37 4.37 4.37 4.37 4.37 4.37 3.37 4.37 4.37 4.16 4.16 4.16 4.16 4.16 3.52 3.52 3.52 3.52 3.52 3.52 3.52 3.52 4.16 4.16 4.16 4.28 4.28 4.28 4.28 3.53 4.28 4.28 3.63 3.63 3.63 4.28 3.30
4.20 4.08 4.08 4.20 4.08 4.08 4.20 4.08 4.04 3.47 3.47 4.17 4.17 3.72 3.72 3.72 3.72 4.39 4.39 4.39 3.39 3.39 3.72 3.72 3.72 4.38 4.38 4.38 4.38 3.38 3.38 3.38 3.38 1.11 3.72 3.72 3.72 4.38 4.38 3.38 3.37 3.37 3.37 3.71 4.37 4.37 4.37 4.37 3.65 4.37 4.37 4.37 4.37 3.37 4.37 4.37 4.16 4.16 4.16 4.16 4.16 4.16 3.52 3.52 3.52 3.52 3.52 3.21 3.52 4.16 4.16 3.52 3.63 4.28 3.63 3.63 3.53 4.28 3.63 3.30 4.28 4.28 3.30 4.28
4.11 4.11 3.99 4.11 4.11 3.42 2.73 2.73 4.11 3.42 3.42 3.26 3.26 3.66 3.66 3.66 3.33 4.32 4.32 4.32 3.66 3.33 3.33 3.66 3.68 3.68 4.34 4.34 4.34 4.34 4.34 3.35 1.10 1.10 1.10 1.10 3.35 3.35 3.35 3.35 3.34 3.34 3.34 4.33 3.67 4.33 4.33 4.33 4.33 4.33 4.33 4.33 4.33 3.59 4.33 4.33 3.53 4.28 4.28 3.53 3.53 4.28 4.28 3.62 4.28 3.62 4.28 4.28 3.53 4.28 4.28 4.28 3.64 3.64 3.64 4.30 4.30 3.64 3.64 3.64 3.31 4.30 4.30 4.30
3.99 3.99 4.11 2.73 4.11 4.11 4.11 2.73 4.11 3.99 3.42 3.42 3.42 3.66 3.66 4.32 3.33 3.33 3.66 3.66 3.66 3.33 3.66 3.33 3.35 4.34 4.34 4.34 4.34 4.34 3.35 3.35 3.35 3.35 1.10 1.10 4.34 1.10 4.34 3.35 3.34 4.33 3.67 3.67 3.67 3.67 3.67 4.33 4.33 3.34 4.33 4.33 4.33 4.33 3.59 4.33 3.53 4.28 4.28 3.30 4.28 4.28 4.28 4.28 4.28 4.28 4.28 4.28 4.28 4.28 3.62 4.28 4.30 4.30 4.30 4.30 4.30 3.64 4.30 4.30 4.30 4.30 4.30 3.64
3.26 4.11 4.11 4.11 4.11 3.26 3.99 2.73 2.74 4.11 3.99 3.99 3.42 4.32 4.32 3.33 3.66 3.33 3.33 3.66 3.66 3.66 3.66 3.66 3.68 4.34 3.68 3.35 3.35 3.35 3.35 3.35 3.68 3.68 3.68 4.34 3.35 1.10 4.34 4.34 4.33 4.33 4.33 3.34 3.34 3.67 3.67 3.67 4.33 3.67 4.33 4.33 3.59 3.59 4.33 4.33 4.28 3.62 3.62 3.62 4.28 3.62 3.62 3.62 4.28 3.62 3.62 3.30 3.62 3.62 3.62 3.62 4.30 3.64 3.64 4.30 4.30 4.30 4.30 4.30 4.30 4.30 3.64 3.64
3.42 4.11 3.99 4.11 3.26 4.11 3.99 4.11 2.74 4.11 4.11 3.42 3.42 3.66 3.66 4.32 3.66 3.33 3.33 3.66 4.32 3.66 3.66 4.32 3.68 4.34 4.34 4.34 3.35 3.35 3.35 3.35 3.68 3.68 3.68 3.68 3.68 1.10 3.35 4.34 3.34 3.67 3.34 3.67 3.34 3.67 3.67 3.67 3.67 3.67 3.67 4.33 3.59 3.34 4.33 3.67 3.62 3.62 3.62 3.62 3.62 3.62 3.62 3.62 4.28 3.30 3.30 3.30 3.62 3.30 3.30 3.62 4.30 3.64 3.64 3.64 3.64 4.30 4.30 4.30 4.30 4.30 4.30 4.30
3.99 4.11 3.99 4.11 4.11 3.26 3.42 4.11 4.11 4.11 4.11 4.11 3.66 3.66 4.32 3.66 3.33 3.33 3.33 3.66 3.66 3.66 4.32 4.32 3.68 4.34 4.34 4.34 3.68 3.35 3.35 3.35 3.68 3.68 3.68 3.68 3.68 4.34 4.34 3.35 3.34 3.34 3.34 3.34 3.34 3.67 3.67 3.67 4.33 3.67 3.67 3.67 4.33 3.34 3.34 3.34 3.30 3.30 3.30 3.30 3.62 3.30 3.62 4.28 4.28 4.28 3.62 3.62 3.62 3.30 3.62 3.62 3.64 3.64 3.31 3.31 4.30 3.31 3.31 3.31 3.64 4.30 3.31 3.31
4.11 3.99 3.42 3.99 4.11 4.11 3.99 3.99 4.11 2.74 2.71 4.11 4.32 3.66 3.66 3.66 3.66 3.33 3.33 3.66 3.33 4.32 4.32 4.32 3.35 3.35 4.34 3.35 3.68 3.35 3.35 3.35 3.68 3.68 3.35 3.35 3.35 3.68 1.10 3.35 1.10 1.10 3.34 3.34 3.67 3.67 3.67 3.67 3.67 3.67 3.67 3.67 3.34 3.34 3.34 3.34 3.30 3.30 3.30 3.62 4.28 3.30 3.30 3.62 3.62 3.62 3.62 3.62 3.30 3.30 3.62 3.30 3.31 3.31 3.31 3.31 3.64 3.31 3.31 3.31 3.64 3.31 3.64 3.31
3.42 4.11 3.42 4.11 2.73 4.11 3.99 3.99 3.99 4.11 2.74 4.11 4.32 4.32 3.33 3.66 3.33 3.66 3.66 3.66 3.33 4.32 4.32 4.32 3.68 3.35 3.68 3.35 3.35 3.68 3.35 3.35 3.68 3.35 1.10 1.10 1.10 1.10 3.35 3.35 3.34 1.61 1.10 3.34 3.67 3.67 3.67 3.67 3.67 3.67 3.67 3.67 3.34 3.34 1.10 3.34 3.30 3.30 3.30 3.62 3.62 3.30 4.28 4.28 3.30 3.30 3.30 3.30 3.30 3.30 3.30 3.30 3.31 3.31 3.31 3.31 3.31 3.31 3.64 3.64 4.30 4.30 3.64 3.64
3.42 3.42 4.11 4.11 4.11 4.11 4.11 4.11 4.11 4.11 4.11 4.11 4.32 3.66 3.66 3.66 3.66 3.66 3.66 3.33 3.33 4.32 3.33 3.66 4.34 4.34 3.68 3.68 3.68 3.68 3.68 3.68 3.68 3.35 1.10 1.10 1.10 1.10 3.35 3.68 3.67 3.67 3.67 3.67 3.67 3.67 3.67 3.67 3.67 3.67 3.67 3.67 3.67 3.34 3.34 3.34 3.62 3.30 3.30 3.30 3.30 3.30 4.28 4.28 4.28 4.28 1.09 1.09 3.30 3.30 3.30 3.30 3.31 3.64 3.64 3.31 3.31 3.31 3.64 3.64 4.30 4.30 3.64 3.64
4.11 4.11 3.99 4.11 3.42 3.26 3.26 3.26 3.26 4.11 3.26 3.26 4.32 4.32 3.66 3.66 3.66 4.32 4.32 3.66 3.66 4.32 4.32 3.66 3.68 3.35 3.68 3.68 3.68 3.68 3.68 3.68 3.68 3.35 3.35 3.68 3.68 3.68 3.68 3.35 3.34 3.34 3.67 3.67 3.67 3.67 3.67 3.67 3.67 3.67 3.67 3.67 3.67 3.67 3.34 3.34 3.30 3.30 1.09 4.28 4.28 4.28 4.28 4.28 4.28 4.28 1.09 4.28 3.30 1.09 3.30 3.30 3.31 3.64 3.64 3.64 3.31 3.31 3.31 3.31 3.64 3.64 3.31 3.64
3.99 4.11 4.11 3.26 3.42 3.42 3.42 3.26 4.11 4.11 3.26 3.33 4.32 4.32 3.66 3.33 3.33 4.32 4.32 4.32 4.32 4.32 4.32 3.66 4.34 3.68 3.68 3.68 3.68 3.68 3.68 3.68 3.68 3.68 3.68 3.68 3.68 3.68 3.68 3.68 3.67 3.67 3.67 3.67 3.67 3.67 3.67 3.67 3.67 4.33 3.67 3.67 3.67 3.67 3.34 1.10 3.30 3.30 1.09 1.09 1.09 1.09 1.09 1.09 1.09 1.09 3.44 4.28 4.28 3.30 3.30 3.30 4.30 3.31 3.64 4.30 4.30 3.31 3.31 3.31 3.64 3.31 3.31 3.64
4.11 4.11 3.26 4.11 4.11 3.42 3.42 3.99 4.11 4.11 4.11 4.32 4.32 4.32 4.32 3.33 4.32 3.66 4.32 4.32 3.59 4.32 3.66 4.32 4.34 3.68 3.68 3.68 3.68 3.68 3.68 3.68 3.68 3.68 3.35 3.68 3.68 3.68 3.68 3.68 3.67 3.67 3.67 3.67 3.67 3.67 3.67 3.67 4.33 4.33 4.33 3.67 3.67 3.34 3.34 1.10 3.62 3.30 3.30 1.09 1.09 1.09 1.09 1.09 1.09 1.09 1.09 1.09 1.09 4.28 4.28 4.28 3.31 3.31 3.64 3.31 4.30 4.30 3.64 3.64 3.64 3.64 3.64 3.64
4.11 3.26 3.99 3.99 4.11 3.26 3.42 3.99 4.11 4.11 4.11 4.32 4.32 4.32 3.66 4.32 4.32 4.32 4.32 4.32 4.32 3.66 3.33 3.33 4.34 3.68 3.68 3.68 3.68 3.68 3.68 3.68 3.68 3.35 3.35 3.35 3.68 3.68 3.68 3.35 3.34 3.34 3.67 3.67 3.67 3.67 3.67 3.67 4.33 4.33 4.33 3.67 3.34 3.34 1.10 1.10 3.62 3.62 1.59 1.09 1.09 1.09 1.09 1.09 1.09 1.09 1.09 1.09 1.09 1.09 3.44 4.28 4.30 4.30 3.31 3.31 4.30 4.30 3.64 3.64 3.64 3.64 4.30 3.64
3.26 4.11 3.99 4.11 3.26 3.42 4.11 3.99 3.42 4.11 3.99 3.59 4.32 4.32 4.32 4.32 4.32 3.66 3.33 4.32 3.66 3.66 3.66 3.66 3.68 3.68 3.68 3.68 3.68 3.68 3.68 3.68 3.68 3.68 1.10 1.10 1.10 1.10 3.35 3.35 3.34 3.34 3.34 3.67 3.67 3.67 3.48 3.34 3.67 3.67 4.33 3.34 3.34 3.67 3.67 3.34 3.30 1.09 1.09 1.09 1.09 1.09 1.09 1.09 1.09 1.09 1.09 1.09 1.09 1.09 1.09 1.09 4.30 3.31 1.09 3.64 3.64 3.64 3.64 3.64 3.64 3.64 3.64 3.31
4.11 4.11 2.73 3.99 4.11 4.11 4.11 4.11 3.42 3.42 3.42 3.66 4.32 4.32 4.32 4.32 4.32 3.33 3.59 4.32 4.32 4.32 3.66 3.66 3.68 3.68 3.35 3.35 3.35 3.68 3.68 3.68 3.68 1.10 1.10 3.68 1.10 1.10 3.35 3.35 3.34 3.34 3.34 1.10 1.10 1.10 3.48 3.48 3.67 3.67 4.33 3.34 3.67 3.67 3.67 3.34 1.09 1.09 1.09 1.09 1.09 1.09 3.62 3.62 1.09 1.09 1.09 1.09 1.09 1.09 1.09 1.59 1.09 3.31 1.09 3.31 3.31 3.64 3.31 3.64 3.64 3.64 3.64 3.31
4.11 4.11 3.99 4.11 3.99 4.11 3.99 3.26 3.42 3.42 3.66 3.66 4.32 3.33 4.32 4.32 3.33 4.32 3.37 4.32 4.32 4.32 3.66 3.66 3.68 3.35 3.35 3.35 3.68 3.68 3.68 3.68 3.68 3.35 3.68 3.68 3.68 3.35 3.68 3.68 3.67 3.67 3.67 1.10 1.61 3.48 4.33 4.33 4.33 4.33 4.33 4.33 3.34 3.34 3.34 1.10 1.09 1.09 1.09 1.09 1.09 1.09 3.62 3.62 1.09 1.09 1.09 1.09 1.09 1.09 1.09 1.09 1.09 1.09 3.31 3.31 3.31 3.64 3.31 3.64 3.64 3.64 3.64 3.31
4.11 2.73 4.11 3.42 3.42 3.42 3.42 3.42 3.42 3.42 4.32 3.66 4.32 3.33 4.32 4.32 4.32 4.32 4.32 4.32 3.33 3.33 3.33 3.66 3.35 3.35 3.35 3.68 3.68 3.68 3.35 3.35 3.35 3.35 3.68 3.68 3.68 3.68 3.35 3.68 3.67 3.67 3.67 4.33 4.33 4.33 4.33 4.33 4.33 4.33 1.10 1.10 1.10 1.10 1.10 1.10 1.59 1.09 1.09 1.09 1.09 1.59 3.62 3.62 3.62 1.09 1.09 1.09 1.09 1.09 1.09 1.09 1.09 3.31 3.64 3.64 3.64 3.64 3.64 3.31 3.64 3.64 3.31 3.64
2.71 2.71 2.71 2.29 2.71 2.71 1.91 2.71 3.99 3.32 3.53 3.53 3.21 3.47 4.16 4.16 4.16 3.21 4.16 4.16 3.21 3.53 3.53 3.53 3.56 3.24 3.56 3.56 3.56 3.56 3.56 3.56 3.24 3.56 3.56 3.56 3.56 3.24 3.24 3.56 3.18 3.18 3.18 3.18 4.12 4.12 4.12 3.32 3.32 4.12 4.12 3.32 4.12 1.05 1.05 1.05 1.07 1.07 1.07 1.07 1.07 1.07 1.07 3.58 3.58 3.26 1.07 1.07 1.07 1.07 1.07 1.07 1.10 3.33 3.33 3.33 3.66 3.66 3.66 4.32 3.33 3.33 3.33 3.33
2.71 2.71 2.29 2.29 1.91 2.71 2.71 2.09 3.32 3.32 3.53 3.53 3.53 4.16 4.16 4.16 4.16 3.21 4.16 1.06 4.16 3.53 3.53 3.53 3.56 3.56 3.56 3.24 3.56 3.24 3.56 3.24 3.24 3.56 3.56 3.56 3.24 3.24 3.24 3.24 3.18 3.49 3.49 3.49 3.49 3.49 3.32 3.32 3.32 3.32 4.12 4.12 4.12 1.05 1.05 1.05 1.07 1.07 1.07 1.07 1.07 3.58 3.58 3.58 3.58 3.58 1.07 3.26 3.26 3.58 1.07 1.07 1.10 3.33 3.33 3.33 3.66 3.66 4.32 3.33 3.33 3.33 1.10 1.10
2.71 1.91 2.09 2.29 2.29 2.29 2.29 2.29 3.99 3.88 3.53 3.53 3.53 4.16 4.16 4.16 4.16 4.16 4.16 4.16 4.16 3.53 3.53 3.53 3.56 3.24 3.56 3.56 3.24 3.24 3.24 1.07 1.07 1.07 3.56 3.56 3.24 3.24 3.56 3.56 3.49 3.49 3.49 3.49 3.49 3.49 3.49 3.49 3.49 3.18 3.49 4.12 4.12 1.05 1.05 1.05 1.07 1.07 1.07 1.07 1.07 1.07 3.26 3.26 3.58 3.58 3.58 3.58 3.58 3.58 1.07 1.07 1.10 3.33 3.33 3.66 3.66 3.66 4.32 3.66 3.66 3.33 3.33 3.33
2.71 2.71 2.71 2.09 2.09 2.29 2.29 2.71 3.99 4.16 3.53 3.53 3.53 4.16 4.16 4.16 4.16 4.16 4.16 4.16 4.16 4.16 3.53 3.53 3.56 3.56 3.56 3.56 3.56 3.56 3.24 1.07 1.07 3.56 3.56 3.24 3.56 3.56 3.56 3.56 3.49 3.49 1.05 3.49 1.05 1.05 3.49 3.49 3.49 3.49 3.49 4.12 3.18 4.12 4.12 1.05 1.07 1.07 1.07 1.07 1.07 1.07 1.07 1.07 3.58 3.58 3.58 3.58 3.58 3.58 3.58 1.07 1.10 1.10 3.33 3.66 3.66 3.33 3.33 3.66 3.66 3.33 3.33 3.33
0.00 2.71 2.71 2.71 2.71 2.71 2.71 2.71 3.99 4.16 3.53 3.53 4.16 4.16 4.16 3.53 4.16 3.53 4.16 4.16 4.16 4.16 3.53 3.53 3.56 3.56 3.56 3.56 3.56 3.24 3.24 1.07 1.07 1.07 1.07 3.24 3.24 3.56 3.56 3.56 3.18 3.18 1.05 1.05 1.05 1.05 1.05 3.49 3.49 3.49 3.18 3.18 3.18 3.18 1.05 1.05 1.07 1.07 1.07 1.07 1.07 1.07 1.07 1.07 1.07 3.58 3.58 3.58 3.58 3.26 1.07 1.07 1.10 3.33 3.66 3.66 3.33 3.66 3.33 3.33 4.32 3.66 4.32 3.33
0.00 0.00 2.71 2.71 2.71 2.71 2.71 2.71 3.99 4.16 4.16 4.16 4.16 4.16 4.16 3.53 4.16 4.16 4.16 3.53 3.53 3.53 3.53 3.53 3.56 3.56 3.56 3.56 3.56 3.24 3.24 1.07 1.07 1.07 1.07 3.56 3.56 3.24 3.24 3.24 1.05 1.05 1.05 1.05 1.05 1.05 1.05 3.49 3.49 3.49 4.12 4.12 3.49 3.49 3.18 1.05 1.07 1.07 1.07 1.07 1.07 1.07 1.07 1.07 1.07 3.26 0.00 3.26 3.26 1.07 1.07 1.07 1.10 3.33 3.66 1.10 3.33 3.33 3.33 3.66 4.32 3.66 3.66 3.66
0.00 0.00 0.00 0.00 0.00 0.00 0.00 0.00 3.99 4.16 4.16 4.16 3.53 3.53 3.53 3.53 3.21 3.21 4.16 3.53 3.21 3.53 3.53 3.53 3.56 3.56 3.56 3.56 3.24 3.24 3.24 1.07 1.07 1.07 1.07 3.56 3.24 3.24 3.24 1.07 3.49 1.05 1.05 1.05 1.05 1.05 1.05 1.05 3.18 3.18 3.49 4.12 3.18 3.18 3.18 1.05 1.07 1.07 1.07 1.07 1.07 1.07 1.07 1.07 1.07 0.00 0.00 0.00 3.26 1.07 0.00 0.00 0.00 1.10 3.33 3.66 3.66 3.66 1.10 3.66 3.66 4.32 3.66 3.66
0.00 0.00 0.00 0.00 0.00 0.00 0.00 0.00 0.00 0.00 4.16 4.16 4.16 4.16 3.53 3.53 3.21 3.21 3.53 4.16 3.21 4.16 3.53 3.53 3.56 3.56 3.56 3.24 3.24 1.07 1.07 1.07 1.07 1.07 1.07 1.07 1.07 1.07 1.07 1.07 3.49 3.49 1.05 1.05 1.05 1.05 1.05 1.05 1.05 3.18 3.18 3.18 3.18 3.18 3.18 1.05 1.07 1.07 1.07 1.07 1.07 1.07 1.07 1.07 1.07 0.00 0.00 0.00 0.00 0.00 0.00 0.00 0.00 0.00 0.00 1.10 3.66 1.10 3.66 3.66 3.66 4.32 3.66 3.66
0.00 0.00 0.00 0.00 0.00 0.00 0.00 0.00 0.00 0.00 4.16 4.16 4.16 3.21 3.53 3.53 3.53 3.53 3.21 3.21 3.21 3.21 3.53 3.53 3.56 3.56 3.24 3.24 1.07 1.07 1.07 1.07 1.07 1.07 1.07 1.07 1.07 1.07 1.07 1.07 1.05 1.05 3.49 1.05 1.05 1.05 1.05 1.05 1.05 1.54 3.18 3.18 3.18 3.18 3.18 1.05 1.07 1.07 1.07 1.07 1.07 1.07 1.07 1.07 1.07 1.07 1.07 0.00 0.00 0.00 0.00 0.00 0.00 0.00 0.00 0.00 0.00 3.33 3.33 3.66 3.66 3.66 3.66 3.66
0.00 0.00 0.00 0.00 0.00 0.00 0.00 0.00 0.00 0.00 0.00 0.00 4.16 4.16 3.21 3.21 3.53 3.53 3.21 3.21 1.06 3.21 3.53 3.53 3.56 3.24 3.24 1.07 1.07 1.07 1.07 1.07 1.07 1.07 1.07 1.07 1.07 1.07 1.07 1.07 1.05 1.05 3.49 1.05 1.05 1.05 1.05 1.05 1.05 1.54 3.18 3.18 3.18 3.18 3.18 1.05 1.07 1.07 1.07 1.07 1.07 1.07 1.07 1.07 1.07 1.07 1.07 0.00 0.00 0.00 0.00 0.00 0.00 0.00 0.00 0.00 0.00 4.32 3.33 3.66 3.33 3.66 3.66 3.66
0.00 0.00 0.00 0.00 0.00 0.00 0.00 0.00 0.00 0.00 0.00 0.00 0.00 4.16 4.16 3.21 3.21 3.21 3.21 1.06 4.16 1.06 3.21 3.53 3.56 3.38 3.38 1.07 1.07 1.07 1.07 1.07 1.07 1.07 1.07 1.07 1.07 1.07 1.07 1.07 1.05 1.05 1.05 1.05 1.05 1.05 1.05 1.05 1.05 1.54 1.05 3.18 3.18 3.18 3.18 3.18 1.07 1.07 1.07 1.07 1.07 1.07 1.07 0.00 0.00 0.00 0.00 0.00 0.00 0.00 0.00 0.00 0.00 0.00 0.00 0.00 1.10 3.66 3.33 3.33 3.33 3.33 3.66 3.66
0.00 0.00 0.00 0.00 0.00 0.00 0.00 0.00 0.00 0.00 0.00 0.00 0.00 0.00 4.16 4.16 3.21 3.21 3.21 4.16 4.16 3.21 3.21 3.21 3.24 3.38 1.07 1.07 1.07 1.07 1.07 1.07 1.07 1.07 1.07 1.07 1.07 1.07 1.07 1.07 1.05 1.05 1.05 1.05 1.05 1.05 1.05 1.05 1.05 1.05 1.05 1.05 4.12 3.18 3.18 3.18 1.07 1.07 1.07 1.07 1.07 1.07 0.00 0.00 0.00 0.00 0.00 0.00 0.00 0.00 0.00 0.00 0.00 0.00 0.00 0.00 4.32 4.32 4.32 4.32 4.32 3.33 3.33 3.66
0.00 0.00 0.00 0.00 0.00 0.00 0.00 0.00 0.00 0.00 0.00 0.00 0.00 0.00 0.00 4.16 4.16 4.16 1.06 3.35 4.16 4.16 3.21 1.06 1.07 1.07 1.07 1.07 1.07 1.07 1.07 1.07 1.07 1.07 1.07 1.07 1.07 1.07 1.07 1.07 1.05 1.05 1.05 1.05 1.05 1.05 1.05 1.05 1.05 1.05 1.05 1.05 1.05 3.18 3.18 3.18 1.07 1.07 1.07 1.07 1.07 0.00 0.00 0.00 0.00 0.00 0.00 0.00 0.00 0.00 0.00 0.00 0.00 0.00 0.00 0.00 0.00 4.32 4.32 4.32 4.32 3.33 3.33 3.33
0.00 0.00 0.00 0.00 0.00 0.00 0.00 0.00 0.00 0.00 0.00 0.00 0.00 0.00 0.00 0.00 0.00 4.16 4.16 4.16 4.16 4.16 1.06 1.06 1.07 1.07 1.07 1.07 1.07 1.07 1.07 1.07 1.07 1.07 0.00 0.00 0.00 0.00 0.00 0.00 0.00 0.00 0.00 0.00 0.00 0.00 1.05 1.05 1.05 1.05 1.05 1.05 3.18 3.18 3.18 3.18 1.07 1.07 1.07 1.07 1.07 0.00 0.00 0.00 0.00 0.00 0.00 0.00 0.00 0.00 0.00 0.00 0.00 0.00 0.00 0.00 0.00 0.00 0.00 0.00 0.00 3.33 3.33 3.33
0.00 0.00 0.00 0.00 0.00 0.00 0.00 0.00 0.00 0.00 0.00 0.00 0.00 0.00 0.00 0.00 0.00 0.00 0.00 0.00 0.00 0.00 4.16 1.06 1.07 1.07 1.07 1.07 1.07 1.07 1.07 1.07 1.07 0.00 0.00 0.00 0.00 0.00 0.00 0.00 0.00 0.00 0.00 0.00 0.00 0.00 0.00 0.00 0.00 1.05 1.05 1.05 3.18 3.18 3.18 3.18 3.26 1.07 1.07 1.07 1.07 0.00 0.00 0.00 0.00 0.00 0.00 0.00 0.00 0.00 0.00 0.00 0.00 0.00 0.00 0.00 0.00 0.00 0.00 0.00 0.00 1.10 3.33 3.33
0.00 0.00 0.00 0.00 0.00 0.00 0.00 0.00 0.00 0.00 0.00 0.00 0.00 0.00 0.00 0.00 0.00 0.00 0.00 0.00 0.00 0.00 0.00 4.16 1.07 1.07 1.07 1.07 1.07 1.07 1.07 1.07 0.00 0.00 0.00 0.00 0.00 0.00 0.00 0.00 0.00 0.00 0.00 0.00 0.00 0.00 0.00 0.00 0.00 0.00 1.05 1.05 1.05 1.05 3.18 3.18 3.26 1.07 1.07 1.07 3.26 0.00 0.00 0.00 0.00 0.00 0.00 0.00 0.00 0.00 0.00 0.00 0.00 0.00 0.00 0.00 0.00 0.00 0.00 0.00 0.00 3.33 1.10 3.33
0.00 0.00 0.00 0.00 0.00 0.00 0.00 0.00 0.00 0.00 0.00 0.00 0.00 0.00 0.00 0.00 0.00 0.00 0.00 0.00 0.00 0.00 0.00 0.00 0.00 0.00 0.00 0.64 0.64 0.64 0.64 0.00 0.00 0.00 0.00 0.00 0.00 0.00 0.00 0.00 0.00 0.00 0.00 0.00 0.00 0.00 0.00 0.00 0.00 0.00 0.64 0.64 0.64 0.64 1.93 1.93 1.91 1.91 1.91 0.63 0.63 1.91 0.00 0.00 0.00 0.00 0.00 0.00 0.00 0.00 0.00 0.00 0.00 0.00 0.00 0.00 0.00 0.00 0.00 0.00 0.00 0.00 2.46 0.62
0.00 0.00 0.00 0.00 0.00 0.00 0.00 0.00 0.00 0.00 0.00 0.00 0.00 0.00 0.00 0.00 0.00 0.00 0.00 0.00 0.00 0.00 0.00 0.00 0.00 0.00 0.00 0.00 0.64 0.64 0.00 0.00 0.00 0.00 0.00 0.00 0.00 0.00 0.00 0.00 0.00 0.00 0.00 0.00 0.00 0.00 0.00 0.00 0.00 0.00 0.64 0.64 0.64 0.64 1.93 1.93 1.91 1.91 1.91 1.91 0.63 0.63 0.63 0.63 0.00 0.00 0.00 0.00 0.00 0.00 0.00 0.00 0.00 0.00 0.00 0.00 0.00 0.00 0.00 0.00 0.00 0.00 0.00 0.62
0.00 0.00 0.00 0.00 0.00 0.00 0.00 0.00 0.00 0.00 0.00 0.00 0.00 0.00 0.00 0.00 0.00 0.00 0.00 0.00 0.00 0.00 0.00 0.00 0.00 0.00 0.00 0.00 0.64 0.64 0.00 0.00 0.00 0.00 0.00 0.00 0.00 0.00 0.00 0.00 0.00 0.00 0.00 0.00 0.00 0.00 0.00 0.00 0.00 0.00 0.64 0.64 0.64 0.64 1.93 1.93 1.91 1.91 1.91 1.91 0.63 0.63 1.91 1.91 0.00 0.00 0.00 0.00 0.00 0.00 0.00 0.00 0.00 0.00 0.00 0.00 0.00 0.00 0.00 0.00 0.00 0.00 0.00 0.00
0.00 0.00 0.00 0.00 0.00 0.00 0.00 0.00 0.00 0.00 0.00 0.00 0.00 0.00 0.00 0.00 0.00 0.00 0.00 0.00 0.00 0.00 0.00 0.00 0.00 0.00 0.00 0.00 2.51 0.03 0.00 0.00 0.00 0.00 0.00 0.00 0.00 0.00 0.00 0.00 0.00 0.00 0.00 0.00 0.00 0.00 0.00 0.00 0.00 0.00 0.64 0.64 0.64 0.64 1.93 1.93 1.91 1.91 1.91 1.91 1.91 1.91 1.91 1.91 0.00 0.00 0.00 0.00 0.00 0.00 0.00 0.00 0.00 0.00 0.00 0.00 0.00 0.00 0.00 0.00 0.00 0.00 0.00 0.00
