New_Model_Runs/8_Future_Present_Scn1_out/post_prcessed_with_MFR/Monthly_summaries/actual_et_monthly_NOV.asc
NCOLS 700
NROWS 400
XLLCENTER 515000.000000
YLLCENTER 8409000.000000
CELLSIZE 50.000000
NODATA_value -999.000000
[rows 228 to 265 of 400, columns 84 to 167 of 700]
1.28 1.28 1.28 1.28 1.28 1.28 1.28 1.28 1.28 1.28 1.28 1.28 1.24 1.24 1.24 1.24 1.24 1.24 1.24 1.24 1.24 1.24 1.24 1.24 1.24 1.24 1.24 1.24 1.19 1.19 1.19 1.19 1.19 1.19 1.19 1.19 1.19 1.19 1.19 1.19 1.19 1.19 1.19 1.19 1.21 1.21 1.21 1.21 1.21 1.21 1.21 1.21 1.21 1.21 1.21 1.21 1.21 1.21 1.21 1.21 1.18 1.18 3.59 3.94 1.18 1.18 1.18 1.18 3.94 3.94 3.94 3.94 3.94 1.18 1.18 1.18 1.16 1.16 1.16 1.16 3.68 1.16 1.16 4.55
1.28 1.28 1.28 1.28 1.28 1.28 1.28 1.28 1.28 1.28 1.28 1.28 1.24 1.24 1.24 1.24 1.24 1.24 1.24 1.24 1.24 1.24 1.24 1.24 1.24 1.24 1.24 1.24 1.19 1.19 1.19 1.19 1.19 1.19 1.19 1.19 1.19 1.19 1.19 1.19 1.19 1.19 1.19 1.19 1.21 1.21 1.21 1.21 1.21 1.21 1.21 1.21 1.21 1.21 1.21 1.21 1.21 1.21 1.21 1.21 1.18 1.18 3.59 3.59 1.18 3.94 1.18 1.18 1.18 3.94 3.94 3.94 3.94 1.18 1.18 1.18 1.16 1.16 1.16 1.16 1.16 1.71 1.16 1.16
1.28 1.28 1.28 1.28 1.28 1.28 1.28 1.28 1.28 1.28 1.28 1.28 1.24 1.24 1.24 1.24 1.24 1.24 1.24 1.24 1.24 1.24 1.24 1.24 1.24 1.24 1.24 1.24 1.19 1.19 1.19 1.19 1.19 1.19 1.19 1.19 1.19 1.19 1.19 1.19 1.19 1.19 1.19 1.19 1.21 1.21 1.21 1.21 1.21 1.21 1.21 1.21 1.21 1.21 1.21 1.21 1.21 1.21 1.21 1.21 1.18 1.18 1.18 1.18 1.18 3.94 3.59 3.59 1.18 1.18 3.94 3.94 3.94 1.18 1.18 1.18 1.16 1.16 1.16 1.16 1.16 1.16 1.16 1.16
1.28 1.28 1.28 1.28 1.28 1.28 1.28 1.28 1.28 1.28 1.28 1.28 1.24 1.24 1.24 1.24 1.24 1.24 1.24 1.24 1.24 1.24 1.24 1.24 1.24 1.24 1.24 1.24 1.19 1.19 1.19 1.19 1.19 1.19 1.19 1.19 1.19 1.19 1.19 1.19 1.19 1.19 1.19 1.19 1.21 1.21 1.21 1.21 1.21 1.21 1.21 1.21 1.21 1.21 1.21 1.21 1.21 1.21 1.21 1.21 1.18 1.18 1.18 1.18 1.18 1.18 1.18 1.18 1.18 1.18 3.94 3.94 3.94 3.94 1.18 1.18 1.16 1.16 1.16 1.16 1.16 1.16 1.16 1.16
1.28 1.28 1.28 1.28 1.28 1.28 1.28 1.28 1.28 1.28 1.28 1.28 1.24 1.24 1.24 1.24 1.24 1.24 1.24 1.24 1.24 1.24 1.24 1.24 1.24 1.24 1.24 1.24 1.19 1.19 1.19 1.19 1.19 1.19 1.19 1.19 1.19 1.19 1.19 1.19 1.19 1.19 1.19 1.19 1.21 1.21 1.21 1.21 1.21 1.21 1.21 1.21 1.21 1.21 1.21 1.21 1.21 1.21 1.21 1.21 1.18 1.18 1.18 1.18 1.18 1.18 1.18 1.18 1.18 1.18 3.94 1.18 1.18 1.18 1.18 1.18 1.16 1.16 1.16 1.16 1.16 1.16 1.16 1.16
1.28 1.28 1.28 1.28 1.28 1.28 1.28 1.28 1.28 1.28 1.28 1.28 1.24 1.24 1.24 1.24 1.24 1.24 1.24 1.24 1.24 1.24 1.24 1.24 1.24 1.24 1.24 1.24 1.19 1.19 1.19 1.19 1.19 1.19 1.19 1.19 1.19 1.19 1.19 1.19 1.19 1.19 1.19 1.19 1.21 1.21 1.21 1.21 1.21 1.21 1.21 1.21 1.21 1.21 1.21 1.21 1.21 1.21 1.21 1.21 1.18 1.18 1.18 1.18 1.18 1.18 1.18 1.18 1.18 1.18 1.18 1.18 1.18 1.18 1.18 1.18 1.16 1.16 1.16 1.16 1.16 1.16 1.16 1.16
1.28 1.28 1.28 1.28 1.28 1.28 1.28 1.28 1.28 1.28 1.28 1.28 1.24 1.24 1.24 1.24 1.24 1.24 1.24 1.24 1.24 1.24 1.24 1.24 1.24 1.24 1.24 1.24 1.19 1.19 1.19 1.19 1.19 1.19 1.19 1.19 1.19 1.19 1.19 1.19 1.19 1.19 1.19 1.19 1.21 1.21 1.21 1.21 1.21 1.21 1.21 1.21 1.21 1.21 1.21 1.21 1.21 1.21 1.21 1.21 1.18 1.18 1.18 1.18 1.18 1.18 1.18 1.18 1.18 1.18 1.18 1.18 1.18 1.18 1.18 1.18 1.16 1.16 1.16 1.16 1.16 1.16 1.16 1.16
1.28 1.28 1.28 1.28 1.28 1.28 1.28 1.28 1.28 1.28 1.28 1.28 1.24 1.24 1.24 1.24 1.24 1.24 1.24 1.24 1.24 1.24 1.24 1.24 1.24 1.24 1.24 1.24 1.19 1.19 1.19 1.19 1.19 1.19 1.19 1.19 1.19 1.19 1.19 1.19 1.19 1.19 1.19 1.19 1.21 1.21 1.21 1.21 1.21 1.21 1.21 1.21 1.21 1.21 1.21 1.21 1.21 1.21 1.21 1.21 1.18 1.18 1.18 1.18 1.18 1.18 1.18 1.18 1.18 1.18 1.18 1.18 1.18 1.18 1.18 1.18 1.16 1.16 1.16 1.16 1.16 1.16 1.16 1.16
1.28 1.28 1.28 1.28 1.28 1.28 1.28 1.28 1.28 1.28 1.28 1.28 1.24 1.24 1.24 1.24 1.24 1.24 1.24 1.24 1.24 1.24 1.24 1.24 1.24 1.24 1.24 1.24 1.19 1.19 1.19 1.19 1.19 1.19 1.19 1.19 1.19 1.19 1.19 1.19 1.19 1.19 1.19 1.19 1.21 1.21 1.21 1.21 1.21 1.21 1.21 1.21 1.21 1.21 1.21 1.21 1.21 1.21 1.21 1.21 1.18 1.18 1.18 1.18 1.18 1.18 1.18 1.18 1.18 1.18 1.18 1.18 1.18 1.18 1.18 1.18 1.16 1.16 1.16 1.16 1.16 1.16 1.16 1.16
1.28 1.28 1.28 1.28 1.28 1.28 1.28 1.28 1.28 1.28 1.28 1.28 1.24 1.24 1.24 1.24 1.24 1.24 1.24 1.24 1.24 1.24 1.24 1.24 1.24 1.24 1.24 1.24 1.19 1.19 1.19 1.19 1.19 1.19 1.19 1.19 1.19 1.19 1.19 1.19 1.19 1.19 1.19 1.19 1.21 1.21 1.21 1.21 1.21 1.21 1.21 1.21 1.21 1.21 1.21 1.21 1.21 1.21 1.21 1.21 1.18 1.18 1.18 1.18 1.18 1.18 1.18 1.18 1.18 1.18 1.18 1.18 1.18 1.18 1.18 1.18 1.16 1.16 1.16 1.16 1.16 1.16 1.16 1.16
1.28 1.28 1.28 1.28 1.28 1.28 1.28 1.28 1.28 1.28 1.28 1.28 1.24 1.24 1.24 1.24 1.24 1.24 1.24 1.24 1.24 1.24 1.24 1.24 1.24 1.24 1.24 1.24 1.19 1.19 1.19 1.19 1.19 1.19 1.19 1.19 1.19 1.19 1.19 1.19 1.19 1.19 1.19 1.19 1.21 1.21 1.21 1.21 1.21 1.21 1.21 1.21 1.21 1.21 1.21 1.21 1.21 1.21 1.21 1.21 1.18 1.18 1.18 1.18 1.18 1.18 1.18 1.18 1.18 1.18 1.18 1.18 1.18 1.18 1.18 1.18 1.16 1.16 1.16 1.16 1.16 1.16 1.16 1.16
1.28 1.28 1.28 1.28 1.28 1.28 1.28 1.28 1.28 1.28 1.28 1.28 1.24 1.24 1.24 1.24 1.24 1.24 1.24 1.24 1.24 1.24 1.24 1.24 1.24 1.24 1.24 1.24 1.19 1.19 1.19 1.19 1.19 1.19 1.19 1.19 1.19 1.19 1.19 1.19 1.19 1.19 1.19 1.19 1.21 1.21 1.21 1.21 1.21 1.21 1.21 1.21 1.21 1.21 1.21 1.21 1.21 1.21 1.21 1.21 1.18 1.18 1.18 1.18 1.18 1.18 1.18 1.18 1.18 1.18 1.18 1.18 1.18 1.18 1.18 1.18 1.16 1.16 1.16 1.16 1.16 1.16 1.16 1.16
1.28 1.28 1.28 1.28 1.28 1.28 1.28 1.28 1.28 1.28 1.28 1.28 1.24 1.24 1.24 1.24 1.24 1.24 1.24 1.24 1.24 1.24 1.24 1.24 1.24 1.24 1.24 1.24 1.19 1.19 1.19 1.19 1.19 1.19 1.19 1.19 1.19 1.19 1.19 1.19 1.19 1.19 1.19 1.19 1.21 1.21 1.21 1.21 1.21 1.21 1.21 1.21 1.21 1.21 1.21 1.21 1.21 1.21 1.21 1.21 1.18 1.18 1.18 1.18 1.18 1.18 1.18 1.18 1.18 1.18 1.18 1.18 1.18 1.18 1.18 1.18 1.16 1.16 1.16 1.16 1.16 1.16 1.16 1.16
1.28 1.28 1.28 1.28 1.28 1.28 1.28 1.28 1.28 1.28 1.28 1.28 1.24 1.24 1.24 1.24 1.24 1.24 1.24 1.24 1.24 1.24 1.24 1.24 1.24 1.24 1.24 1.24 1.19 1.19 1.19 1.19 1.19 1.19 1.19 1.19 1.19 1.19 1.19 1.19 1.19 1.19 1.19 1.19 1.21 1.21 1.21 1.21 1.21 1.21 1.21 1.21 1.21 1.21 1.21 1.21 1.21 1.21 1.21 1.21 1.18 1.18 1.18 1.18 1.18 1.18 1.18 1.18 1.18 1.18 1.18 1.18 1.18 1.18 1.18 1.18 1.16 1.16 1.16 1.16 1.16 1.16 1.16 1.16
1.28 1.28 1.28 1.28 1.28 1.28 1.28 1.28 1.28 1.28 1.28 1.28 1.28 1.28 1.28 1.28 1.28 1.28 1.28 1.28 1.28 1.28 1.28 1.28 1.28 1.28 1.28 1.28 1.37 1.37 1.37 1.37 1.37 1.37 1.37 1.37 1.37 1.37 1.37 1.37 1.37 1.37 1.37 1.37 1.31 1.31 1.31 1.31 1.31 1.31 1.31 1.31 1.31 1.31 1.31 1.31 1.31 1.31 1.31 1.31 1.33 1.33 1.33 1.33 1.33 1.33 1.33 1.33 1.33 1.33 1.33 1.33 1.33 1.33 1.33 1.33 1.22 1.22 1.22 1.22 1.22 1.22 1.22 1.22
1.28 1.28 1.28 1.28 1.28 1.28 1.28 1.28 1.28 1.28 1.28 1.28 1.28 1.28 1.28 1.28 1.28 1.28 1.28 1.28 1.28 1.28 1.28 1.28 1.28 1.28 1.28 1.28 1.37 1.37 1.37 1.37 1.37 1.37 1.37 1.37 1.37 1.37 1.37 1.37 1.37 1.37 1.37 1.37 1.31 1.31 1.31 1.31 1.31 1.31 1.31 1.31 1.31 1.31 1.31 1.31 1.31 1.31 1.31 1.31 1.33 1.33 1.33 1.33 1.33 1.33 1.33 1.33 1.33 1.33 1.33 1.33 1.33 1.33 1.33 1.33 1.22 1.22 1.22 1.22 1.22 1.22 1.22 1.22
1.28 1.28 1.28 1.28 1.28 1.28 1.28 1.28 1.28 1.28 1.28 1.28 1.28 1.28 1.28 1.28 1.28 1.28 1.28 1.28 1.28 1.28 1.28 1.28 1.28 1.28 1.28 1.28 1.37 1.37 1.37 1.37 1.37 1.37 1.37 1.37 1.37 1.37 1.37 1.37 1.37 1.37 1.37 1.37 1.31 1.31 1.31 1.31 1.31 1.31 1.31 1.31 1.31 1.31 1.31 1.31 1.31 1.31 1.31 1.31 1.33 1.33 1.33 1.33 1.33 1.33 1.33 1.33 1.33 1.33 1.33 1.33 1.33 1.33 1.33 1.33 1.22 1.22 1.22 1.22 1.22 1.22 1.22 1.22
1.28 1.28 1.28 1.28 1.28 1.28 1.28 1.28 1.28 1.28 1.28 1.28 1.28 1.28 1.28 1.28 1.28 1.28 1.28 1.28 1.28 1.28 1.28 1.28 1.28 1.28 1.28 1.87 1.37 1.37 1.37 1.37 1.37 1.37 1.37 1.37 1.37 1.37 1.37 1.37 1.37 1.37 1.37 1.37 1.31 1.31 1.31 1.31 1.31 1.31 1.31 1.31 1.31 1.31 1.31 4.13 1.31 1.31 1.31 1.31 1.33 1.33 1.33 1.33 1.33 1.33 1.33 1.33 1.33 1.33 1.33 1.33 1.33 1.33 1.33 1.33 1.22 1.22 1.22 1.22 1.22 1.22 1.22 1.22
1.28 1.28 1.28 1.28 1.28 1.28 1.28 1.28 1.28 1.28 1.28 1.28 1.28 1.28 1.28 1.28 1.28 1.28 1.28 1.28 1.28 1.28 1.28 1.28 1.28 1.28 1.28 3.88 4.53 4.53 1.37 4.16 1.37 1.37 1.37 1.37 1.37 1.37 1.37 1.37 1.37 1.37 1.37 1.37 1.31 1.31 1.31 1.31 1.31 1.31 1.31 1.31 1.31 1.31 1.31 1.31 1.31 1.31 1.31 1.31 1.33 1.33 1.33 1.33 1.33 1.33 1.33 1.33 1.33 1.33 1.33 1.33 1.33 1.33 1.33 1.33 1.22 1.22 1.22 1.22 1.22 1.22 1.22 1.22
1.28 1.28 1.28 1.28 1.28 1.28 1.28 1.28 1.28 1.28 1.28 1.28 1.28 1.28 1.28 1.28 1.28 1.28 1.28 1.28 1.28 1.28 1.28 1.28 1.28 1.28 1.28 4.26 4.53 4.53 4.53 1.37 1.37 1.37 1.37 1.37 1.37 1.37 1.37 1.37 1.37 1.37 1.37 1.37 1.31 1.31 1.31 1.31 1.31 1.31 1.31 1.31 1.31 1.31 1.31 1.31 1.31 1.31 1.31 1.31 1.33 1.33 1.33 1.33 1.33 1.33 1.33 1.33 1.33 1.33 1.33 1.33 1.33 1.33 1.33 1.33 1.22 1.22 1.22 1.22 1.22 1.22 1.22 1.22
1.28 1.28 1.28 1.28 1.28 1.28 1.28 1.28 1.28 1.28 1.28 1.28 1.28 1.28 1.28 1.28 1.28 1.28 1.28 1.28 1.28 1.28 1.28 1.28 1.28 1.28 3.88 4.26 4.53 4.53 1.37 1.37 1.37 1.37 1.37 1.37 1.37 1.37 1.37 1.37 1.37 1.37 1.37 1.37 1.31 1.31 1.31 1.31 1.31 1.31 1.31 1.31 1.31 1.31 1.31 1.31 1.31 1.31 1.31 1.31 1.33 1.33 1.33 1.33 1.33 1.33 1.33 1.33 1.33 1.33 1.33 1.33 1.33 1.33 1.33 1.33 1.22 1.22 1.22 1.22 1.22 1.22 1.22 1.22
1.28 1.28 1.28 1.28 1.28 1.28 1.28 1.28 1.28 1.28 1.28 1.28 1.28 1.28 1.28 1.28 1.28 1.28 1.28 1.28 1.28 1.28 1.28 1.28 3.67 1.28 1.28 3.67 4.53 4.34 1.37 1.37 1.37 1.37 1.37 1.37 1.37 1.37 1.37 1.37 1.37 1.37 1.37 1.37 1.31 1.31 1.31 1.31 1.31 1.31 1.31 1.31 1.31 1.31 4.34 4.34 1.31 1.31 1.31 1.31 1.33 1.33 1.33 1.33 1.33 1.33 1.33 1.33 1.33 1.33 1.33 1.33 1.33 1.33 1.33 1.33 1.22 1.22 1.22 1.22 1.22 1.22 1.22 1.22
1.28 1.28 1.28 1.28 1.28 1.28 1.28 1.28 1.28 1.28 1.28 1.28 1.28 1.28 1.28 1.28 1.28 1.28 1.28 1.28 1.28 3.67 3.67 3.80 3.67 1.28 1.28 3.67 1.37 2.01 1.37 1.37 1.37 1.37 1.37 1.37 1.37 1.37 1.37 1.37 1.37 1.37 1.37 1.37 1.31 1.31 1.31 1.31 1.31 1.31 1.31 1.31 1.31 1.31 4.34 4.34 1.31 1.31 1.31 1.31 1.33 1.33 1.33 1.33 1.33 1.33 1.33 1.33 1.33 1.33 1.33 1.33 1.33 1.33 1.33 1.33 1.22 1.22 1.22 1.22 1.22 1.22 1.22 1.22
1.28 1.28 1.28 1.28 1.28 1.28 1.28 1.28 1.28 1.28 1.28 1.28 1.28 1.28 1.28 1.28 1.28 1.28 1.28 1.28 3.67 3.67 3.80 3.80 3.85 1.28 1.28 1.28 1.37 1.37 1.37 1.37 1.37 1.37 1.37 1.37 1.37 1.37 1.37 1.37 1.37 1.37 1.37 1.37 1.31 1.31 1.31 1.31 1.31 1.31 1.31 1.31 1.31 1.31 1.31 4.34 1.31 1.31 1.31 1.31 1.33 1.33 1.33 1.33 1.33 1.95 1.95 1.33 1.33 1.33 1.33 1.33 1.33 1.33 1.33 1.33 1.22 1.22 1.22 1.22 1.22 1.22 1.22 1.22
1.28 1.28 1.28 1.28 1.28 1.28 1.28 1.28 1.28 1.28 1.28 1.28 1.28 1.28 1.28 1.28 1.28 1.28 1.28 1.28 3.67 3.80 4.53 3.80 3.80 1.28 1.28 1.28 1.37 1.37 4.05 1.37 1.37 1.37 1.37 1.37 1.37 1.37 1.37 1.37 1.37 1.37 1.37 1.37 1.31 1.31 1.31 1.31 1.31 1.31 1.31 1.31 4.34 4.34 1.31 4.34 1.31 1.31 1.31 1.31 1.33 1.33 1.33 1.33 1.33 4.42 4.42 1.33 1.33 1.33 1.33 1.33 1.33 1.33 1.33 1.33 1.22 1.22 1.22 1.22 1.22 1.22 1.22 1.22
1.28 1.28 1.28 1.28 1.28 1.28 1.28 1.28 1.28 1.28 1.28 1.28 3.67 1.28 1.28 1.28 1.28 1.28 1.28 1.28 3.67 4.53 4.53 4.53 4.53 3.08 3.08 3.08 4.77 1.37 4.05 1.37 1.37 1.37 1.37 1.37 1.37 4.05 1.37 1.37 1.37 1.37 1.37 1.37 1.31 1.31 1.31 1.31 1.31 1.31 1.31 1.31 1.31 4.34 4.34 4.34 1.31 1.31 1.31 1.31 1.33 1.95 1.33 1.33 1.33 1.33 1.33 1.33 1.33 1.33 1.33 1.33 1.33 1.33 1.33 1.33 1.22 1.22 1.22 1.22 1.22 1.22 1.22 1.22
1.28 1.28 1.28 3.85 1.28 1.28 1.28 1.28 1.28 1.28 1.28 1.28 1.28 3.85 3.85 3.85 3.85 3.67 3.67 1.28 3.67 3.08 3.08 4.53 3.08 4.53 4.53 4.53 3.23 4.77 1.37 1.37 1.37 1.37 1.37 1.37 1.37 4.05 4.05 1.37 1.37 1.37 1.37 1.37 1.31 1.31 1.31 1.31 1.31 1.31 1.31 1.31 1.31 4.34 4.34 4.35 1.31 1.31 1.31 1.91 1.95 1.95 1.95 1.95 1.33 1.33 1.33 1.33 1.33 1.33 1.33 1.33 1.33 1.33 1.33 1.33 1.22 1.22 1.22 1.22 1.22 1.22 1.22 1.22
1.88 3.85 3.85 3.85 1.28 1.28 1.28 1.28 1.28 1.28 1.28 1.28 1.28 1.28 3.67 3.85 3.85 3.85 1.28 3.67 3.67 3.08 3.08 4.53 0.00 0.00 0.00 0.00 0.00 4.77 3.23 1.37 1.37 1.37 1.37 3.87 4.05 4.05 4.05 3.87 1.37 1.37 3.81 3.81 1.31 1.31 1.31 1.31 1.31 1.31 1.31 1.31 1.31 3.96 4.34 4.35 1.31 1.31 1.31 1.31 1.95 1.95 4.21 1.95 1.33 1.33 1.33 1.33 1.33 1.33 1.33 1.33 1.33 1.33 1.33 1.33 1.22 1.22 1.22 1.22 1.22 1.22 1.22 1.22
1.28 3.85 3.85 3.85 1.28 1.28 1.28 1.28 1.28 1.28 1.28 1.28 1.28 1.28 1.28 1.28 3.67 1.28 3.67 3.67 4.53 3.08 0.00 0.00 0.00 0.00 0.00 0.00 0.00 0.00 4.77 1.37 1.37 1.37 1.37 3.87 3.87 4.05 4.05 3.87 1.37 1.37 3.81 3.81 3.68 1.31 1.31 1.31 1.31 1.31 1.31 1.31 1.31 1.31 3.96 4.35 1.31 1.31 1.31 1.31 1.33 1.95 1.33 1.33 1.33 1.33 1.33 1.33 1.33 1.33 1.33 1.33 1.33 1.33 1.33 1.33 1.22 1.22 1.22 1.22 1.22 1.22 1.22 1.22
3.85 1.28 3.85 3.85 3.68 1.28 1.28 3.85 1.28 1.28 1.28 1.28 1.28 1.28 1.28 1.28 1.28 1.28 1.28 1.28 0.00 0.00 0.00 0.00 0.00 0.00 0.00 0.00 0.00 0.00 0.00 1.37 1.37 1.37 1.37 1.37 3.87 4.05 4.05 4.05 1.37 3.81 3.81 4.00 3.86 3.68 1.31 1.31 1.31 1.31 1.31 1.31 1.31 1.31 1.31 4.34 4.35 4.35 1.31 1.31 1.95 4.42 1.33 1.33 1.33 1.33 1.33 1.95 1.33 1.33 1.33 1.33 1.33 1.33 1.33 1.33 1.22 1.22 1.22 1.22 1.22 1.22 1.22 3.71
2.87 2.87 2.87 2.87 0.89 0.89 0.89 0.89 0.89 0.89 0.89 0.89 0.90 0.90 0.90 0.90 0.90 0.90 3.50 0.00 0.00 0.00 0.00 0.00 0.00 0.00 0.00 0.00 0.00 0.00 0.00 0.00 3.58 3.58 0.94 0.94 0.94 0.94 0.94 2.83 0.94 0.94 2.82 2.82 3.98 3.80 1.37 1.37 1.37 1.37 1.37 1.37 1.37 1.37 1.37 4.03 4.07 4.07 1.37 1.37 1.39 1.39 1.39 1.39 1.39 1.39 1.39 1.39 1.39 1.39 1.39 1.39 1.39 1.39 1.39 1.39 1.32 1.32 1.32 1.32 1.32 1.32 4.01 4.01
2.87 2.87 2.87 2.87 2.87 0.89 0.89 0.89 0.89 0.89 0.89 0.89 0.90 2.72 2.72 2.87 3.50 3.50 0.00 0.00 0.00 0.00 0.00 0.00 0.00 0.00 0.00 0.00 0.00 0.00 0.00 0.00 2.47 2.47 3.58 0.94 0.94 2.83 2.83 3.00 0.94 2.83 2.97 2.82 3.80 3.80 1.37 1.37 1.37 1.37 1.37 1.37 1.37 1.37 1.37 4.03 3.86 4.07 4.03 1.37 1.39 1.39 1.39 1.39 1.39 1.39 1.39 1.39 1.39 1.39 1.39 1.39 1.39 1.39 1.39 4.56 1.32 1.32 1.32 1.32 1.32 1.32 1.32 1.32
2.87 2.87 2.87 2.87 0.89 0.89 0.89 0.89 0.89 0.89 0.89 0.89 2.72 2.72 2.72 3.47 3.47 0.00 0.00 0.00 0.00 0.00 0.00 0.00 0.00 0.00 0.00 0.00 0.00 0.00 0.00 0.00 2.47 3.58 3.58 0.94 0.94 2.83 2.83 3.00 0.94 2.83 2.83 2.82 3.80 3.98 3.98 1.37 1.37 1.37 1.37 1.37 1.37 1.37 1.37 4.03 4.71 4.07 3.86 1.37 1.39 3.90 3.90 1.39 1.39 1.39 1.39 1.39 1.39 1.39 1.39 1.39 1.39 1.39 1.39 1.39 1.32 1.32 1.32 1.32 1.32 1.32 4.01 4.01
0.89 2.87 2.87 2.87 0.89 0.89 0.89 0.89 0.89 0.89 0.89 0.89 2.72 2.72 2.72 3.47 3.47 0.00 0.00 0.00 0.00 0.00 0.00 0.00 0.00 0.00 0.00 0.00 0.00 0.00 0.00 0.00 2.47 3.58 3.47 2.97 0.94 2.83 2.83 2.83 2.83 2.83 2.83 2.82 3.98 3.98 3.98 1.37 1.37 1.37 1.37 1.37 1.37 1.37 1.37 1.37 3.25 4.07 1.37 1.37 1.39 3.90 2.03 3.90 2.03 1.39 1.39 1.39 1.39 1.39 1.39 1.39 1.39 1.39 1.39 1.39 1.94 1.32 1.32 1.32 1.32 4.01 4.01 4.01
0.89 0.89 0.89 0.89 0.89 0.89 0.89 2.87 0.89 0.89 0.89 0.89 0.90 2.72 3.37 3.37 0.00 0.00 0.00 0.00 0.00 0.00 0.00 0.00 0.00 0.00 0.00 0.00 0.00 0.00 0.00 0.00 3.58 3.58 3.58 2.82 0.94 0.94 3.00 3.00 2.83 2.83 3.00 2.97 4.59 3.98 3.98 1.37 1.37 1.37 1.37 2.01 2.01 1.37 1.37 4.07 4.87 4.03 1.37 1.37 1.39 3.90 2.03 3.90 3.90 1.39 1.39 1.39 1.39 1.39 1.39 1.39 1.39 1.39 1.39 1.39 1.32 1.32 1.32 1.32 1.32 1.32 4.01 4.38
0.89 0.89 0.89 2.87 2.87 2.87 0.89 0.89 2.87 0.89 0.89 0.89 2.87 3.37 3.47 0.00 0.00 0.00 0.00 0.00 0.00 0.00 0.00 0.00 0.00 0.00 0.00 0.00 0.00 0.00 0.00 0.00 2.47 3.58 2.97 2.82 2.83 3.00 3.00 3.00 2.83 3.00 3.00 2.97 3.80 3.98 3.80 3.80 1.37 1.37 1.37 2.01 3.86 1.37 2.01 3.25 4.87 1.37 1.37 1.37 3.90 2.03 3.90 3.90 3.90 3.90 1.39 1.39 2.03 1.39 1.39 1.39 1.39 1.39 1.39 1.39 1.32 1.32 1.32 1.32 1.32 1.32 1.32 4.38
0.89 0.89 0.89 2.69 2.87 2.87 0.89 0.89 0.89 2.87 2.87 2.84 3.37 3.47 0.00 0.00 0.00 0.00 0.00 0.00 0.00 0.00 0.00 0.00 0.00 0.00 0.00 0.00 0.00 0.00 0.00 0.00 0.00 2.83 3.62 0.94 2.83 2.83 2.83 2.83 2.83 3.00 3.00 3.58 4.75 3.98 1.37 1.37 1.37 1.37 1.37 3.86 4.03 1.37 2.01 3.24 4.87 4.75 1.37 1.37 1.39 3.90 3.90 3.90 3.90 4.07 1.39 1.39 1.39 1.39 1.39 1.39 1.39 1.39 1.39 1.39 1.32 1.32 1.32 1.32 1.32 1.32 1.32 4.01
0.89 0.89 0.89 0.89 3.03 3.03 0.89 0.89 0.89 0.89 2.87 2.87 3.47 0.00 0.00 0.00 0.00 0.00 0.00 0.00 0.00 0.00 0.00 0.00 0.00 0.00 0.00 0.00 0.00 0.00 0.00 0.00 0.00 0.94 3.62 2.83 2.83 2.83 0.94 0.94 0.94 2.83 3.00 3.58 4.75 1.37 1.37 1.37 1.37 1.37 1.37 3.86 4.03 1.37 1.37 3.24 3.25 4.75 1.37 1.37 1.39 1.39 3.90 3.90 1.39 4.07 1.39 1.39 1.39 1.39 1.39 1.39 1.39 1.39 1.39 1.39 1.32 1.32 1.32 1.32 1.32 1.32 1.32 4.01
