New_Model_Runs/8_Future_Present_Scn1_out/post_prcessed_with_MFR/Monthly_summaries/interception_monthly_DEC.asc
NCOLS 700
NROWS 400
XLLCENTER 515000.000000
YLLCENTER 8409000.000000
CELLSIZE 50.000000
NODATA_value -999.000000
[rows 190 to 227 of 400, columns 252 to 335 of 700]
1.53 1.53 1.53 1.53 1.47 1.47 1.47 1.47 1.53 1.53 1.53 1.53 1.67 1.67 1.67 1.67 1.78 1.78 1.78 1.78 1.82 1.82 1.82 1.82 1.76 1.76 1.76 1.76 1.54 1.54 1.54 1.54 1.34 1.34 1.34 1.34 0.90 0.90 0.90 0.90 0.85 0.85 0.85 0.85 1.02 1.02 1.02 1.02 1.43 1.43 1.43 1.43 1.74 1.74 1.74 1.74 1.61 1.61 1.61 1.61 1.40 1.40 1.40 1.40 1.28 1.28 1.28 1.28 1.19 1.19 1.19 1.19 1.21 1.21 1.21 1.21 1.28 1.28 1.28 1.28 1.41 1.41 0.00 0.00
1.53 1.53 1.53 1.53 1.47 1.47 1.47 1.47 1.53 1.53 1.53 1.53 1.67 1.67 1.67 1.67 1.78 1.78 1.78 1.78 1.82 1.82 1.82 1.82 1.76 1.76 1.76 1.76 1.54 1.54 1.54 1.54 1.34 1.34 1.34 1.34 1.25 1.25 0.90 0.90 0.85 0.85 0.85 0.85 1.02 1.02 1.02 1.02 1.43 1.43 1.43 1.43 1.74 1.74 1.74 1.74 1.61 1.61 1.61 1.61 1.40 1.40 1.40 1.40 1.28 1.28 1.28 1.28 1.19 1.19 1.19 1.19 1.21 1.21 1.21 1.21 1.28 1.28 1.28 1.28 1.41 1.41 1.41 1.41
1.64 1.64 1.64 1.64 1.68 1.68 1.68 1.68 1.87 1.87 1.87 1.87 2.04 2.04 2.04 2.04 1.96 1.96 1.96 1.96 1.84 1.84 1.84 1.84 1.73 1.73 1.73 1.73 1.69 1.69 1.69 1.69 1.65 1.65 1.65 1.65 1.61 1.61 1.61 1.26 1.26 1.26 1.26 1.26 1.48 1.48 1.48 1.48 1.68 1.68 1.68 1.68 1.66 1.66 1.66 1.66 1.49 1.49 1.49 1.49 1.34 1.34 1.34 1.34 1.19 1.19 1.19 1.19 1.12 1.12 1.12 1.12 1.07 1.07 1.07 1.07 1.03 1.03 1.03 1.03 1.20 1.20 1.20 1.20
1.64 1.64 1.64 1.64 1.68 1.68 1.68 1.68 1.87 1.87 1.87 1.87 2.04 2.04 2.04 2.04 1.96 1.96 1.96 1.96 1.84 1.84 1.84 1.84 1.73 1.73 1.73 1.73 1.69 1.69 1.69 1.69 1.65 1.65 1.65 1.65 1.61 1.61 1.61 1.61 1.61 1.26 1.26 1.26 1.48 1.48 1.48 1.48 1.68 1.68 1.68 1.68 1.66 1.66 1.66 1.66 1.49 1.49 1.49 1.49 1.34 1.34 1.34 1.34 1.19 1.19 1.19 1.19 1.12 1.12 1.12 1.12 1.07 1.07 1.07 1.07 1.03 1.03 1.03 1.03 1.20 1.20 1.20 1.20
1.71 1.71 1.71 1.71 1.74 1.74 1.74 1.74 1.95 1.95 1.95 1.95 2.13 2.13 2.13 2.13 2.05 2.05 2.05 2.05 1.87 1.87 1.87 1.87 1.76 1.76 1.76 1.76 1.72 1.72 1.72 1.72 1.68 1.68 1.68 1.68 1.61 1.61 1.61 1.61 1.62 1.62 1.27 1.27 1.49 1.49 1.49 1.49 1.70 1.70 1.70 1.70 1.68 1.68 1.68 1.68 1.50 1.50 1.50 1.50 1.35 1.35 1.35 1.35 1.20 1.20 1.20 1.20 1.10 1.10 1.10 1.10 1.05 1.05 1.05 1.05 1.01 0.81 1.01 1.01 1.18 1.18 1.18 1.18
1.71 1.71 1.71 1.71 1.74 1.74 1.74 1.74 1.95 1.95 1.95 1.95 2.13 2.13 2.13 2.13 2.05 2.05 2.05 2.05 1.87 1.87 1.87 1.87 1.76 1.76 1.76 1.76 1.72 1.72 1.72 1.72 1.68 1.68 1.68 1.68 1.61 1.61 1.61 1.61 1.62 1.62 1.62 1.27 1.49 1.49 1.49 1.49 1.70 1.70 1.70 1.70 1.68 1.68 1.68 1.68 1.50 1.50 1.07 1.50 1.35 1.35 1.35 1.35 1.20 1.20 1.20 1.20 1.10 1.10 1.10 1.10 1.05 1.05 1.05 1.05 1.01 1.01 1.01 1.01 1.18 1.18 1.18 1.18
1.73 1.73 1.73 1.73 1.99 1.99 1.99 1.99 2.19 2.19 2.19 2.19 1.97 1.97 1.97 1.97 1.65 1.65 1.65 1.65 1.60 1.60 1.60 1.60 1.58 1.58 1.58 1.58 1.58 1.58 1.58 1.58 1.56 1.56 1.56 1.56 1.64 1.64 1.64 1.64 1.81 1.81 1.81 1.81 1.94 1.60 1.60 1.60 1.65 1.65 1.65 1.65 1.57 1.57 1.57 1.57 1.45 1.45 1.45 1.45 1.34 1.34 1.34 1.34 1.18 1.18 1.18 1.18 1.05 1.05 1.05 1.05 0.89 0.89 0.89 0.89 0.87 0.87 0.87 0.87 1.15 1.15 1.15 1.15
1.73 1.73 1.73 1.73 1.99 1.99 1.99 1.99 2.19 2.19 2.19 2.19 1.97 1.97 1.97 1.97 1.65 1.65 1.65 1.65 1.60 1.60 1.60 1.60 1.58 1.58 1.58 1.58 1.58 1.58 1.58 1.58 1.56 1.56 1.56 1.56 1.64 1.64 1.64 1.64 1.81 1.81 1.81 1.81 1.94 1.94 1.60 1.60 1.65 1.65 1.65 1.65 1.57 1.57 1.57 1.57 0.00 0.00 1.45 1.45 1.34 1.34 1.34 1.34 1.18 1.18 1.18 1.18 1.05 1.05 1.05 1.05 0.89 0.89 0.89 0.89 0.87 0.87 0.87 0.87 1.15 1.15 1.15 1.15
1.73 1.73 1.73 1.73 1.99 1.99 1.99 1.99 2.19 2.19 2.19 2.19 1.97 1.97 1.97 1.97 1.65 1.65 1.65 1.65 1.60 1.60 1.60 1.60 1.58 1.58 1.58 1.58 1.58 1.58 1.58 1.58 1.56 1.56 1.56 1.56 1.64 1.64 1.64 1.64 1.81 1.81 1.81 1.81 1.94 1.94 1.94 1.94 1.65 1.65 1.65 1.65 1.57 1.57 1.57 1.57 1.45 1.45 1.45 1.45 1.34 1.34 1.34 1.34 1.18 1.18 1.18 1.18 1.05 1.05 1.05 1.05 0.89 0.89 0.89 0.89 0.87 0.87 0.87 0.87 1.15 1.15 1.15 1.15
1.73 1.73 1.73 1.73 1.99 1.99 1.99 1.99 2.19 2.19 2.19 2.19 1.97 1.97 1.97 1.97 1.65 1.65 1.65 1.65 1.60 1.60 1.60 1.60 1.58 1.58 1.58 1.58 1.58 1.58 1.58 1.58 1.56 1.56 1.56 1.56 1.64 1.64 1.64 1.64 1.81 1.81 1.81 1.81 1.94 1.94 1.94 1.94 1.99 1.65 1.65 1.65 1.57 1.57 1.57 1.57 1.45 1.45 1.45 1.45 1.34 1.34 1.34 1.34 1.18 1.18 1.18 1.18 1.05 1.05 1.05 1.05 0.89 0.89 0.89 0.89 0.87 0.87 0.87 0.87 1.15 1.15 1.15 1.15
1.82 1.82 1.82 1.82 2.14 2.14 2.14 2.14 2.05 2.05 2.05 2.05 1.58 1.58 1.58 1.58 1.32 1.32 1.32 1.32 1.35 1.35 1.35 1.35 1.38 1.38 1.38 1.38 1.31 1.31 1.31 1.31 1.30 1.30 1.30 1.30 1.51 1.51 1.51 1.51 1.75 1.75 1.75 1.75 1.92 1.92 1.92 1.92 1.95 1.95 1.95 1.61 1.40 1.40 1.40 1.40 1.29 1.29 1.29 1.29 1.28 1.28 1.28 1.28 1.19 1.19 1.19 1.19 1.03 1.03 1.03 1.03 0.89 0.89 0.89 0.89 0.92 0.92 0.92 0.92 1.23 1.23 1.23 1.23
1.82 1.82 1.82 1.82 2.14 2.14 2.14 2.14 2.05 2.05 2.05 2.05 1.58 1.58 1.58 1.58 1.32 1.32 1.32 1.32 1.35 1.35 1.35 1.35 1.38 1.38 1.38 1.38 1.31 1.31 1.31 1.31 1.30 1.30 1.30 1.30 1.51 1.51 1.51 1.51 1.75 1.75 1.75 1.75 1.92 1.92 1.92 1.92 1.95 1.95 1.95 1.95 1.40 1.40 1.40 1.40 1.29 1.29 1.29 1.29 1.28 1.28 1.28 1.28 1.19 1.19 1.19 1.19 1.03 1.03 1.03 1.03 0.89 0.89 0.89 0.89 0.92 0.92 0.92 0.92 1.23 1.23 1.23 1.23
1.82 1.82 1.82 1.82 2.14 2.14 2.14 2.14 2.05 2.05 2.05 2.05 1.58 1.58 1.58 1.58 1.32 1.32 1.32 1.32 1.35 1.35 1.35 1.35 1.38 1.38 1.38 1.38 1.31 1.31 1.31 1.31 1.30 1.30 1.30 1.30 1.51 1.51 1.51 1.51 1.75 1.75 1.75 1.75 1.92 1.92 1.92 1.92 1.95 1.95 1.95 1.95 1.75 1.40 1.40 1.40 1.29 1.29 1.29 1.29 1.28 1.28 1.28 1.28 1.19 1.19 1.19 1.19 1.03 1.03 1.03 1.03 0.89 0.89 0.89 0.89 0.92 0.92 0.92 0.92 1.23 1.23 1.23 1.23
1.82 1.82 1.82 1.82 2.14 2.14 2.14 2.14 2.05 2.05 2.05 2.05 1.58 1.58 1.58 1.58 1.32 1.32 1.32 1.32 1.35 1.35 1.35 1.35 1.38 1.38 1.38 1.38 1.31 1.31 1.31 1.31 1.30 1.30 1.30 1.30 1.51 1.51 1.51 1.51 1.75 1.75 1.75 1.75 1.92 1.92 1.92 1.92 1.95 1.95 1.95 1.95 1.75 1.75 1.75 1.40 1.29 1.29 1.29 1.29 1.28 1.28 1.28 1.28 1.19 1.19 1.19 1.19 1.03 1.03 1.03 1.03 0.89 0.89 0.89 0.89 0.92 0.92 0.92 0.92 1.23 1.23 1.23 1.23
1.88 1.88 1.88 1.88 2.18 2.18 2.18 2.18 1.91 1.91 1.91 1.91 1.43 1.43 1.43 1.43 1.24 1.24 1.24 1.24 1.23 1.23 1.23 1.23 1.22 1.22 1.22 1.22 1.20 1.20 1.20 1.20 1.33 1.33 1.33 1.33 1.58 1.58 1.58 1.58 1.78 1.78 1.78 1.78 1.94 1.94 1.94 1.94 1.83 1.83 1.83 1.83 1.65 1.65 1.65 1.65 1.20 1.20 1.20 1.20 1.13 1.13 1.13 1.13 1.06 1.06 1.06 1.06 0.97 0.97 0.97 0.97 0.88 0.88 0.88 0.88 0.99 0.99 0.99 0.99 1.32 1.32 1.32 1.32
2.44 1.88 1.88 1.88 2.18 2.18 2.18 2.18 1.91 1.91 1.91 1.91 1.43 1.43 1.43 1.43 1.24 1.24 1.24 1.24 1.23 1.23 1.23 1.23 1.22 1.22 1.22 1.22 1.20 1.20 1.20 1.20 1.33 1.33 1.33 1.33 1.58 1.58 1.58 1.58 1.78 1.78 1.78 1.78 1.94 1.94 1.94 1.94 1.83 1.83 1.83 1.83 1.65 1.65 1.65 1.65 1.54 1.54 1.20 1.20 1.13 1.13 1.13 1.13 1.06 1.06 1.06 1.06 0.97 0.97 0.97 0.97 0.88 0.88 0.88 0.88 0.99 0.99 0.99 0.99 1.32 1.32 1.32 1.32
2.44 1.88 1.88 1.88 2.18 2.18 2.18 2.18 1.91 1.91 1.91 1.91 1.43 1.43 1.43 1.43 1.24 1.24 1.24 1.24 1.23 1.23 1.23 1.23 1.22 1.22 1.22 1.22 1.20 1.20 1.20 1.20 1.33 1.33 1.33 1.33 1.58 1.58 1.58 1.58 1.78 1.78 1.78 1.78 1.94 1.94 1.94 1.94 1.83 1.83 1.83 1.83 1.65 1.65 1.65 1.65 1.54 1.54 1.54 1.20 1.13 1.13 1.13 1.13 1.06 1.06 1.06 1.06 0.97 0.97 0.97 0.97 0.88 0.88 0.88 0.88 0.99 0.99 0.99 0.99 1.32 1.32 1.32 1.32
2.44 1.88 1.88 1.88 2.18 2.18 2.18 2.18 1.91 1.91 1.91 1.91 1.43 1.43 1.43 1.43 1.24 1.24 1.24 1.24 1.23 1.23 1.23 1.23 1.22 1.22 1.22 1.22 1.20 1.20 1.20 1.20 1.33 1.33 1.33 1.33 1.58 1.58 1.58 1.58 1.78 1.78 1.78 1.78 1.94 1.94 1.94 1.94 1.83 1.83 1.83 1.83 1.65 1.65 1.65 1.65 1.54 1.54 1.54 1.54 1.48 1.13 1.13 1.13 1.06 1.06 1.06 1.06 0.97 0.97 0.97 0.97 0.88 0.88 0.00 0.00 0.99 0.99 0.99 0.99 1.32 1.32 1.32 1.32
2.56 2.56 2.00 2.00 2.15 2.15 2.15 2.15 1.66 1.66 1.66 1.66 1.32 1.32 1.32 1.32 1.20 1.20 1.20 1.20 1.16 1.16 1.16 1.16 1.17 1.17 1.17 1.17 1.33 1.33 1.33 1.33 1.57 1.57 1.57 1.57 1.68 1.68 1.68 1.68 1.84 1.84 1.84 1.84 1.89 1.89 1.89 1.89 1.73 1.73 1.73 1.73 1.63 1.63 1.63 1.63 1.48 1.48 1.48 1.48 1.35 1.35 1.00 1.00 0.93 0.93 0.93 0.93 0.83 0.83 0.83 0.83 0.79 0.79 0.00 0.00 1.00 1.00 1.00 1.00 1.38 1.38 1.38 1.38
2.56 2.56 2.00 2.00 2.15 2.15 2.15 2.15 1.66 1.66 1.66 1.66 1.32 1.32 1.32 1.32 1.20 1.20 1.20 1.20 1.16 1.16 1.16 1.16 1.17 1.17 1.17 1.17 1.33 1.33 1.33 1.33 1.57 1.57 1.57 1.57 1.68 1.68 1.68 1.68 1.84 1.84 1.84 1.84 1.89 1.89 1.89 1.89 1.73 1.73 1.73 1.73 1.63 1.63 1.63 1.63 1.48 1.48 1.48 1.48 1.35 1.35 1.35 1.35 0.93 0.93 0.93 0.93 0.83 0.83 0.83 0.83 0.79 0.00 0.00 0.00 0.00 1.00 1.00 1.00 1.38 1.38 1.38 1.38
2.66 2.66 2.08 2.08 2.19 2.19 2.19 2.19 1.68 1.68 1.68 1.68 1.33 1.33 1.33 1.33 1.21 1.21 1.21 1.21 1.15 1.15 1.15 1.15 1.16 1.16 1.16 1.16 1.32 1.32 1.32 1.32 1.56 1.56 1.56 1.56 1.66 1.66 1.66 1.66 1.82 1.82 1.82 1.82 1.87 1.87 1.87 1.87 1.71 1.71 1.71 1.71 1.60 1.60 1.60 1.60 1.46 1.46 1.46 1.46 1.34 0.00 1.34 1.34 1.27 0.92 0.92 0.92 0.81 0.81 0.00 0.00 0.00 0.00 0.00 0.00 0.00 0.97 0.97 0.97 1.33 1.33 1.33 1.33
2.66 2.66 2.66 2.08 2.19 2.19 2.19 2.19 1.68 1.68 1.68 1.68 1.33 1.33 1.33 1.33 1.21 1.21 1.21 1.21 1.15 1.15 1.15 1.15 1.16 1.16 1.16 1.16 1.32 1.32 1.32 1.32 1.56 1.56 1.56 1.56 1.66 1.66 1.66 1.66 1.82 1.82 1.82 1.82 1.87 1.87 1.87 1.87 1.71 1.71 1.71 1.71 1.60 1.60 1.60 1.60 1.46 1.46 1.46 1.46 1.34 1.34 1.34 0.00 1.27 1.27 0.92 0.92 0.81 0.81 0.00 0.00 0.00 0.77 0.77 0.77 0.97 0.97 0.97 0.97 1.33 1.33 1.33 1.33
2.81 2.81 2.81 2.24 1.97 1.97 1.97 1.97 1.41 1.41 1.41 1.41 1.24 1.24 1.24 1.24 1.19 1.19 1.19 1.19 1.16 1.16 1.16 1.16 1.25 1.25 1.25 1.25 1.50 1.50 1.50 1.50 1.64 1.64 1.64 1.64 1.67 1.67 1.67 1.67 1.81 1.81 1.81 1.81 1.76 1.76 1.76 1.76 1.64 1.64 1.64 1.64 1.53 1.53 1.53 1.53 1.45 1.45 1.45 1.45 1.34 1.34 1.34 1.13 0.00 1.25 1.25 0.00 0.00 0.82 0.00 0.00 0.00 0.00 0.88 0.88 1.16 1.16 1.16 1.16 1.36 1.36 1.36 1.36
2.81 2.81 2.81 2.81 1.97 1.97 1.97 1.97 1.41 1.41 1.41 1.41 1.24 1.24 1.24 1.24 1.19 1.19 1.19 1.19 1.16 1.16 1.16 1.16 1.25 1.25 1.25 1.25 1.50 1.50 1.50 1.50 1.64 1.64 1.64 1.64 1.67 1.67 1.67 1.67 1.81 1.81 1.81 1.81 1.76 1.76 1.76 1.76 1.64 1.64 1.64 1.64 1.53 1.53 1.53 1.53 1.45 1.45 1.45 1.45 1.34 1.34 1.34 1.34 0.00 1.25 1.25 0.00 0.00 0.00 0.00 0.00 0.00 0.00 0.88 0.88 1.16 1.16 1.16 1.16 1.36 1.36 1.36 1.36
2.81 2.81 2.81 2.81 1.97 1.97 1.97 1.97 1.41 1.41 1.41 1.41 1.24 1.24 1.24 1.24 1.19 1.19 1.19 1.19 1.16 1.16 1.16 1.16 1.25 1.25 1.25 1.25 1.50 1.50 1.50 1.50 1.64 1.64 1.64 1.64 1.67 1.67 1.67 1.67 1.81 1.81 1.81 1.81 1.76 1.76 1.76 1.76 1.64 1.64 1.64 1.64 1.53 1.53 1.53 1.53 1.45 1.45 1.45 1.45 1.34 1.34 1.34 0.00 1.25 1.25 1.25 1.25 0.00 0.00 0.00 0.00 0.00 0.88 0.88 0.88 1.16 1.16 1.16 1.16 1.36 1.36 1.36 1.36
2.81 2.81 2.81 2.81 1.97 1.97 1.97 1.97 1.41 1.41 1.41 1.41 1.24 1.24 1.24 1.24 1.19 1.19 1.19 1.19 1.16 1.16 1.16 1.16 1.25 1.25 1.25 1.25 1.50 1.50 1.50 1.50 1.64 1.64 1.64 1.64 1.67 1.67 1.67 1.67 1.81 1.81 1.81 1.81 1.76 1.76 1.76 1.76 1.64 1.64 1.64 1.64 1.53 1.53 1.53 1.53 1.45 1.45 1.45 1.45 1.34 1.34 1.34 1.34 0.00 1.25 1.25 1.25 1.17 0.00 0.00 0.00 0.00 0.88 0.00 0.88 1.16 1.16 1.16 1.16 1.36 1.36 1.36 1.36
2.77 2.77 2.77 2.77 2.25 1.67 1.67 1.67 1.23 1.23 1.23 1.23 1.15 1.15 1.15 1.15 1.18 1.18 1.18 1.18 1.20 1.20 1.20 1.20 1.30 1.30 1.30 1.30 1.55 1.55 1.55 1.55 1.67 1.67 1.67 1.67 1.68 1.68 1.68 1.68 1.69 1.69 1.69 1.69 1.68 1.68 1.68 1.68 1.64 0.00 1.64 1.64 1.47 1.47 1.47 1.47 1.42 1.42 1.42 1.42 1.40 1.40 1.40 1.40 0.00 0.00 0.00 0.00 0.00 0.00 0.00 0.00 0.00 0.00 0.00 1.04 1.21 1.21 1.21 1.21 1.24 1.24 1.24 1.24
2.77 2.77 2.77 2.77 2.25 1.67 1.67 1.67 1.23 1.23 1.23 1.23 1.15 1.15 1.15 1.15 1.18 1.18 1.18 1.18 1.20 1.20 1.20 1.20 1.30 1.30 0.00 1.30 1.55 1.55 1.55 1.55 1.67 1.67 1.67 1.67 1.68 1.68 1.68 1.68 1.69 1.69 1.69 1.69 1.68 1.68 1.68 1.68 1.29 1.64 1.64 1.64 1.47 1.47 1.47 1.47 1.42 1.42 1.42 1.42 1.40 1.40 1.40 1.40 0.00 0.00 0.00 0.00 0.00 0.00 0.00 0.00 0.00 0.00 0.00 0.00 1.21 1.21 1.21 1.21 1.24 1.24 1.24 1.76
2.77 2.77 2.77 2.77 2.25 2.25 1.67 1.67 1.23 1.23 1.23 1.23 0.00 0.00 0.00 0.00 1.18 1.18 1.18 1.18 1.20 1.20 1.20 0.00 0.00 0.00 0.00 1.30 1.55 1.55 1.55 1.55 1.67 1.67 1.67 1.67 1.68 1.68 1.68 1.68 1.69 1.69 1.69 1.69 1.68 1.68 1.68 1.68 1.64 1.64 1.64 1.64 1.47 1.47 1.47 1.47 1.42 1.42 1.42 1.42 1.40 1.40 1.40 1.17 0.00 0.00 0.00 0.00 0.00 0.00 0.00 0.00 0.00 0.00 0.00 0.00 0.00 0.00 1.89 1.89 1.92 0.00 0.00 0.00
2.77 2.77 2.77 2.77 2.25 2.25 1.67 1.67 1.23 1.23 1.23 1.23 0.00 0.00 0.00 0.00 1.18 1.18 1.18 1.18 1.20 0.00 0.00 0.00 0.00 0.00 0.00 0.00 1.24 1.55 1.55 1.55 1.67 1.67 1.67 1.31 0.00 0.00 1.68 1.68 1.69 1.69 1.69 1.69 1.68 1.68 1.68 1.68 1.64 1.64 1.64 1.64 1.47 1.47 1.47 1.47 1.42 1.42 1.42 1.42 1.40 1.40 1.40 1.40 0.00 0.00 0.00 0.00 0.00 0.00 0.00 0.00 0.00 0.00 0.00 0.00 0.00 0.00 0.00 0.00 0.00 0.00 0.00 0.00
2.56 2.56 2.56 2.56 2.06 2.06 1.48 1.48 1.18 1.18 1.18 1.18 0.00 0.00 0.00 0.00 1.20 1.20 1.20 1.20 1.20 0.00 0.00 0.00 0.00 0.00 0.00 0.00 0.00 1.64 1.64 1.64 1.83 1.83 1.83 1.83 0.00 0.00 1.62 1.62 1.53 1.53 1.53 1.53 1.64 1.64 1.64 1.64 1.66 1.66 1.66 1.66 1.45 1.45 1.45 1.45 1.37 1.37 1.37 1.15 1.18 1.43 1.43 1.43 1.16 0.00 0.00 0.00 0.00 0.00 0.00 0.00 0.00 0.00 0.00 0.00 0.00 0.00 0.00 0.00 0.00 0.00 0.00 0.00
2.56 2.56 2.56 2.56 2.06 2.06 2.06 1.48 1.18 1.18 1.18 1.18 0.00 0.00 0.00 1.14 1.20 1.20 1.20 1.20 1.20 0.00 0.00 0.00 0.00 0.00 0.00 0.00 0.00 1.64 1.64 1.64 1.83 1.83 1.83 1.83 0.00 0.00 1.28 1.62 1.53 1.53 1.53 1.53 1.64 1.64 1.64 1.64 1.66 1.66 1.66 1.66 1.45 1.45 0.00 0.00 0.00 1.37 1.15 0.00 0.00 0.00 1.43 1.43 1.39 0.00 0.00 0.00 0.00 0.00 0.00 0.00 0.00 0.00 0.00 0.00 0.00 0.00 0.00 0.00 0.00 0.00 0.00 0.00
2.56 2.56 2.56 2.56 2.06 2.06 2.06 1.48 1.18 1.18 1.18 1.18 0.00 0.00 0.00 1.14 1.20 1.20 1.20 1.20 1.20 0.00 0.00 0.00 0.00 0.00 0.00 0.00 1.64 1.64 1.64 1.64 1.39 1.83 1.83 1.83 0.00 0.00 0.00 1.62 1.53 1.23 1.53 1.53 1.64 1.64 1.64 1.64 1.66 1.66 1.66 0.00 1.45 1.45 0.00 0.00 0.00 0.00 0.00 0.00 0.00 0.00 1.43 1.43 1.39 0.00 0.00 0.00 0.00 0.00 0.00 0.00 0.00 0.00 0.00 0.00 0.00 0.00 0.00 0.00 0.00 0.00 0.00 0.00
2.56 2.56 2.56 2.56 2.06 2.06 2.06 1.70 1.18 1.18 1.18 1.13 0.00 0.00 0.00 1.14 1.20 1.20 1.20 1.20 1.20 0.00 0.00 0.00 0.00 0.00 1.30 1.30 1.64 1.64 1.64 1.64 1.39 1.83 1.39 1.83 1.62 1.62 0.00 0.00 0.00 0.00 1.23 1.53 1.64 1.64 1.64 1.64 1.66 1.66 1.66 0.00 1.45 0.00 0.00 0.00 0.00 0.00 0.00 0.00 0.00 1.18 0.00 1.43 0.00 0.00 0.00 0.00 0.00 0.00 0.00 0.00 0.00 0.00 0.00 0.00 0.00 0.00 0.00 0.00 0.00 0.00 0.00 0.00
2.42 2.42 2.42 2.42 1.98 1.98 1.98 1.98 1.16 0.78 1.16 0.00 0.00 0.00 0.00 1.17 1.23 1.23 1.23 1.23 1.24 1.24 0.00 0.00 0.00 1.39 1.39 1.39 1.82 1.82 1.82 1.82 1.43 0.00 0.00 1.92 1.59 1.59 0.00 0.00 0.00 0.00 0.00 1.49 1.63 1.63 1.63 1.63 1.61 1.61 1.61 0.00 0.00 0.00 0.00 0.00 0.00 0.00 0.00 0.00 0.00 0.00 0.00 0.00 0.00 0.00 0.00 0.00 0.00 0.00 0.00 0.00 0.00 0.00 0.00 0.00 0.00 0.00 0.00 0.00 0.00 0.00 0.00 0.00
2.42 2.42 2.42 2.42 1.98 1.98 1.98 1.98 0.00 0.00 0.00 0.00 0.00 0.00 1.17 1.17 1.23 1.23 1.23 1.23 1.24 1.24 0.00 0.00 0.00 1.39 1.39 1.39 1.82 1.82 1.82 0.00 1.92 0.00 0.00 1.92 1.59 1.59 1.59 0.00 0.00 0.00 0.00 1.49 1.63 1.63 1.63 1.63 1.61 1.61 1.61 1.61 1.47 0.00 0.00 0.00 0.00 0.00 0.00 0.00 0.00 0.00 0.00 0.00 0.00 0.00 0.00 0.00 0.00 0.00 0.00 0.00 0.00 0.00 0.00 0.00 0.00 0.00 0.00 0.00 0.00 0.00 0.00 0.00
2.42 2.42 2.42 2.42 1.97 1.97 1.97 1.97 1.74 0.00 0.00 0.00 1.05 1.05 1.05 1.17 1.23 1.23 1.23 0.00 1.23 1.23 0.00 0.00 0.00 1.39 1.39 1.39 1.82 1.82 1.82 0.00 0.00 0.00 0.00 1.91 1.59 1.59 1.59 1.59 0.00 0.00 0.00 0.00 0.00 1.62 1.62 1.62 0.00 1.61 1.27 0.00 1.45 0.00 0.00 0.00 0.00 0.00 0.00 0.00 0.00 0.00 0.00 0.00 0.00 0.00 0.00 0.00 0.00 0.00 0.00 0.00 0.00 0.00 0.00 0.00 0.00 0.00 0.00 0.00 0.00 0.00 0.00 0.00
2.42 2.42 2.42 2.42 1.97 1.97 1.97 1.97 1.74 0.00 0.00 0.00 0.00 0.00 1.05 1.17 1.23 1.23 0.00 0.00 0.00 0.00 0.00 0.00 1.39 1.39 1.39 1.39 1.82 1.82 1.82 0.00 0.00 0.00 0.00 0.00 1.59 1.59 1.59 0.00 0.00 0.00 0.00 0.00 1.62 1.62 1.62 1.62 1.27 0.00 0.79 0.00 0.00 0.00 0.00 0.00 0.00 0.00 0.00 0.00 0.00 0.00 0.00 0.00 0.00 0.00 0.00 0.00 0.00 0.00 0.00 0.00 0.00 0.00 0.00 0.00 0.00 0.00 0.00 0.00 0.00 0.00 0.00 0.00
