New_Model_Runs/8_Future_Present_Scn1_out/post_prcessed_with_MFR/Monthly_summaries/interception_monthly_MAY.asc
NCOLS 700
NROWS 400
XLLCENTER 515000.000000
YLLCENTER 8409000.000000
CELLSIZE 50.000000
NODATA_value -999.000000
[rows 228 to 265 of 400, columns 84 to 167 of 700]
1.32 1.32 1.32 1.32 1.31 1.31 1.31 1.31 1.32 1.32 1.32 1.32 1.39 1.39 1.39 1.39 1.47 1.47 1.47 1.47 1.48 1.48 1.48 1.48 1.43 1.43 1.43 1.43 1.46 1.46 1.46 1.46 1.42 1.42 1.42 1.42 1.37 1.37 1.37 1.37 1.35 1.35 1.35 1.35 1.42 1.42 1.42 1.42 1.46 1.46 1.46 1.46 1.49 1.49 1.49 1.49 1.44 1.44 1.44 1.44 1.43 1.43 0.00 0.00 1.45 1.45 1.45 1.45 0.00 0.00 0.00 0.00 0.00 1.44 1.44 1.44 1.42 1.42 1.42 1.42 0.00 1.43 1.43 0.00
1.32 1.32 1.32 1.32 1.31 1.31 1.31 1.31 1.32 1.32 1.32 1.32 1.39 1.39 1.39 1.39 1.47 1.47 1.47 1.47 1.48 1.48 1.48 1.48 1.43 1.43 1.43 1.43 1.46 1.46 1.46 1.46 1.42 1.42 1.42 1.42 1.37 1.37 1.37 1.37 1.35 1.35 1.35 1.35 1.42 1.42 1.42 1.42 1.46 1.46 1.46 1.46 1.49 1.49 1.49 1.49 1.44 1.44 1.44 1.44 1.43 1.43 0.00 0.00 1.45 0.00 1.45 1.45 1.47 0.00 0.00 0.00 0.00 1.44 1.44 1.44 1.42 1.42 1.42 1.42 1.43 1.43 1.43 1.43
1.32 1.32 1.32 1.32 1.31 1.31 1.31 1.31 1.32 1.32 1.32 1.32 1.39 1.39 1.39 1.39 1.47 1.47 1.47 1.47 1.48 1.48 1.48 1.48 1.43 1.43 1.43 1.43 1.46 1.46 1.46 1.46 1.42 1.42 1.42 1.42 1.37 1.37 1.37 1.37 1.35 1.35 1.35 1.35 1.42 1.42 1.42 1.42 1.46 1.46 1.46 1.46 1.49 1.49 1.49 1.49 1.44 1.44 1.44 1.44 1.43 1.43 1.43 1.43 1.45 0.00 0.00 0.00 1.47 1.47 0.00 0.00 0.00 1.44 1.44 1.44 1.42 1.42 1.42 1.42 1.43 1.43 1.43 1.43
1.32 1.32 1.32 1.32 1.31 1.31 1.31 1.31 1.32 1.32 1.32 1.32 1.39 1.39 1.39 1.39 1.47 1.47 1.47 1.47 1.48 1.48 1.48 1.48 1.43 1.43 1.43 1.43 1.46 1.46 1.46 1.46 1.42 1.42 1.42 1.42 1.37 1.37 1.37 1.37 1.35 1.35 1.35 1.35 1.42 1.42 1.42 1.42 1.46 1.46 1.46 1.46 1.49 1.49 1.49 1.49 1.44 1.44 1.44 1.44 1.43 1.43 1.43 1.43 1.45 1.45 1.45 1.45 1.47 1.47 0.00 0.00 0.00 0.00 1.44 1.44 1.42 1.42 1.42 1.42 1.43 1.43 1.43 1.43
1.39 1.39 1.39 1.39 1.40 1.40 1.40 1.40 1.40 1.40 1.40 1.40 1.50 1.50 1.50 1.50 1.53 1.53 1.53 1.53 1.49 1.49 1.49 1.49 1.43 1.43 1.43 1.43 1.45 1.45 1.45 1.45 1.39 1.39 1.39 1.39 1.39 1.39 1.39 1.39 1.42 1.42 1.42 1.42 1.48 1.48 1.48 1.48 1.47 1.47 1.47 1.47 1.42 1.42 1.42 1.42 1.35 1.35 1.35 1.35 1.37 1.37 1.37 1.37 1.42 1.42 1.42 1.42 1.45 1.45 0.00 1.45 1.39 1.39 1.39 1.39 1.35 1.35 1.35 1.35 1.35 1.35 1.35 1.35
1.39 1.39 1.39 1.39 1.40 1.40 1.40 1.40 1.40 1.40 1.40 1.40 1.50 1.50 1.50 1.50 1.53 1.53 1.53 1.53 1.49 1.49 1.49 1.49 1.43 1.43 1.43 1.43 1.45 1.45 1.45 1.45 1.39 1.39 1.39 1.39 1.39 1.39 1.39 1.39 1.42 1.42 1.42 1.42 1.48 1.48 1.48 1.48 1.47 1.47 1.47 1.47 1.42 1.42 1.42 1.42 1.35 1.35 1.35 1.35 1.37 1.37 1.37 1.37 1.42 1.42 1.42 1.42 1.45 1.45 1.45 1.45 1.39 1.39 1.39 1.39 1.35 1.35 1.35 1.35 1.35 1.35 1.35 1.35
1.39 1.39 1.39 1.39 1.40 1.40 1.40 1.40 1.40 1.40 1.40 1.40 1.50 1.50 1.50 1.50 1.53 1.53 1.53 1.53 1.49 1.49 1.49 1.49 1.43 1.43 1.43 1.43 1.45 1.45 1.45 1.45 1.39 1.39 1.39 1.39 1.39 1.39 1.39 1.39 1.42 1.42 1.42 1.42 1.48 1.48 1.48 1.48 1.47 1.47 1.47 1.47 1.42 1.42 1.42 1.42 1.35 1.35 1.35 1.35 1.37 1.37 1.37 1.37 1.42 1.42 1.42 1.42 1.45 1.45 1.45 1.45 1.39 1.39 1.39 1.39 1.35 1.35 1.35 1.35 1.35 1.35 1.35 1.35
1.39 1.39 1.39 1.39 1.40 1.40 1.40 1.40 1.40 1.40 1.40 1.40 1.50 1.50 1.50 1.50 1.53 1.53 1.53 1.53 1.49 1.49 1.49 1.49 1.43 1.43 1.43 1.43 1.45 1.45 1.45 1.45 1.39 1.39 1.39 1.39 1.39 1.39 1.39 1.39 1.42 1.42 1.42 1.42 1.48 1.48 1.48 1.48 1.47 1.47 1.47 1.47 1.42 1.42 1.42 1.42 1.35 1.35 1.35 1.35 1.37 1.37 1.37 1.37 1.42 1.42 1.42 1.42 1.45 1.45 1.45 1.45 1.39 1.39 1.39 1.39 1.35 1.35 1.35 1.35 1.35 1.35 1.35 1.35
1.47 1.47 1.47 1.47 1.46 1.46 1.46 1.46 1.47 1.47 1.47 1.47 1.54 1.54 1.54 1.54 1.47 1.47 1.47 1.47 1.38 1.38 1.38 1.38 1.34 1.34 1.34 1.34 1.35 1.35 1.35 1.35 1.35 1.35 1.35 1.35 1.41 1.41 1.41 1.41 1.42 1.42 1.42 1.42 1.41 1.41 1.41 1.41 1.36 1.36 1.36 1.36 1.31 1.31 1.31 1.31 1.26 1.26 1.26 1.26 1.30 1.30 1.30 1.30 1.39 1.39 1.39 1.39 1.43 1.43 1.43 1.43 1.35 1.35 1.35 1.35 1.32 1.32 1.32 1.32 1.30 1.30 1.30 1.30
1.47 1.47 1.47 1.47 1.46 1.46 1.46 1.46 1.47 1.47 1.47 1.47 1.54 1.54 1.54 1.54 1.47 1.47 1.47 1.47 1.38 1.38 1.38 1.38 1.34 1.34 1.34 1.34 1.35 1.35 1.35 1.35 1.35 1.35 1.35 1.35 1.41 1.41 1.41 1.41 1.42 1.42 1.42 1.42 1.41 1.41 1.41 1.41 1.36 1.36 1.36 1.36 1.31 1.31 1.31 1.31 1.26 1.26 1.26 1.26 1.30 1.30 1.30 1.30 1.39 1.39 1.39 1.39 1.43 1.43 1.43 1.43 1.35 1.35 1.35 1.35 1.32 1.32 1.32 1.32 1.30 1.30 1.30 1.30
1.47 1.47 1.47 1.47 1.46 1.46 1.46 1.46 1.47 1.47 1.47 1.47 1.54 1.54 1.54 1.54 1.47 1.47 1.47 1.47 1.38 1.38 1.38 1.38 1.34 1.34 1.34 1.34 1.35 1.35 1.35 1.35 1.35 1.35 1.35 1.35 1.41 1.41 1.41 1.41 1.42 1.42 1.42 1.42 1.41 1.41 1.41 1.41 1.36 1.36 1.36 1.36 1.31 1.31 1.31 1.31 1.26 1.26 1.26 1.26 1.30 1.30 1.30 1.30 1.39 1.39 1.39 1.39 1.43 1.43 1.43 1.43 1.35 1.35 1.35 1.35 1.32 1.32 1.32 1.32 1.30 1.30 1.30 1.30
1.47 1.47 1.47 1.47 1.46 1.46 1.46 1.46 1.47 1.47 1.47 1.47 1.54 1.54 1.54 1.54 1.47 1.47 1.47 1.47 1.38 1.38 1.38 1.38 1.34 1.34 1.34 1.34 1.35 1.35 1.35 1.35 1.35 1.35 1.35 1.35 1.41 1.41 1.41 1.41 1.42 1.42 1.42 1.42 1.41 1.41 1.41 1.41 1.36 1.36 1.36 1.36 1.31 1.31 1.31 1.31 1.26 1.26 1.26 1.26 1.30 1.30 1.30 1.30 1.39 1.39 1.39 1.39 1.43 1.43 1.43 1.43 1.35 1.35 1.35 1.35 1.32 1.32 1.32 1.32 1.30 1.30 1.30 1.30
1.50 1.50 1.50 1.50 1.47 1.47 1.47 1.47 1.45 1.45 1.45 1.45 1.47 1.47 1.47 1.47 1.35 1.35 1.35 1.35 1.29 1.29 1.29 1.29 1.25 1.25 1.25 1.25 1.29 1.29 1.29 1.29 1.36 1.36 1.36 1.36 1.39 1.39 1.39 1.39 1.39 1.39 1.39 1.39 1.37 1.37 1.37 1.37 1.29 1.29 1.29 1.29 1.24 1.24 1.24 1.24 1.22 1.22 1.22 1.22 1.30 1.30 1.30 1.30 1.42 1.42 1.42 1.42 1.43 1.43 1.43 1.43 1.36 1.36 1.36 1.36 1.32 1.32 1.32 1.32 1.26 1.26 1.26 1.26
1.75 1.75 1.50 1.50 1.47 1.47 1.47 1.47 1.45 1.45 1.45 1.45 1.47 1.47 1.47 1.47 1.35 1.35 1.35 1.35 1.29 1.29 1.29 1.29 1.25 1.25 1.25 1.25 1.29 1.29 1.29 1.29 1.36 1.36 1.36 1.36 1.39 1.39 1.39 1.39 1.39 1.39 1.39 1.39 1.37 1.37 1.37 1.37 1.29 1.29 1.29 1.29 1.24 1.24 1.24 1.24 1.22 1.22 1.22 1.22 1.30 1.30 1.30 1.30 1.42 1.42 1.42 1.42 1.43 1.43 1.43 1.43 1.36 1.36 1.36 1.36 1.32 1.32 1.32 1.32 1.26 1.26 1.26 1.26
1.72 1.72 1.72 1.72 1.69 1.69 1.43 1.43 1.41 1.41 1.41 1.41 1.41 1.41 1.41 1.41 1.30 1.30 1.30 1.30 1.24 1.24 1.24 1.24 1.21 1.21 1.21 1.21 1.24 1.24 1.24 1.24 1.30 1.30 1.30 1.30 1.33 1.33 1.33 1.33 1.32 1.32 1.32 1.32 1.33 1.33 1.33 1.33 1.26 1.26 1.26 1.26 1.21 1.21 1.21 1.21 1.19 1.19 1.19 1.19 1.27 1.27 1.27 1.27 1.38 1.38 1.38 1.38 1.39 1.39 1.39 1.39 1.32 1.32 1.32 1.32 1.29 1.29 1.29 1.29 1.24 1.24 1.24 1.24
1.72 1.72 1.72 1.72 1.69 1.69 1.69 1.69 1.67 1.41 1.41 1.41 1.41 1.41 1.41 1.41 1.30 1.30 1.30 1.30 1.24 1.24 1.24 1.24 1.21 1.21 1.21 1.21 1.24 1.24 1.24 1.24 1.30 1.30 1.30 1.30 1.33 1.33 1.33 1.33 1.32 1.32 1.32 1.32 1.33 1.33 1.33 1.33 1.26 1.26 1.26 1.26 1.21 1.21 1.21 1.21 1.19 1.19 1.19 1.19 1.27 1.27 1.27 1.27 1.38 1.38 1.38 1.38 1.39 1.39 1.39 1.39 1.32 1.32 1.32 1.32 1.29 1.29 1.29 1.29 1.24 1.24 1.24 1.24
1.70 1.70 1.70 1.70 1.66 1.66 1.66 1.66 1.65 1.65 1.65 1.65 1.37 1.37 1.37 1.37 1.27 1.27 1.27 1.27 1.19 1.19 1.19 1.19 1.15 1.15 1.15 1.15 1.23 1.23 1.23 1.23 1.33 1.33 1.33 1.33 1.33 1.33 1.33 1.33 1.31 1.31 1.31 1.31 1.34 1.34 1.34 1.34 1.24 1.24 1.24 1.24 1.18 1.18 1.18 1.18 1.21 1.21 1.21 1.21 1.33 1.33 1.33 1.33 1.41 1.41 1.41 1.41 1.40 1.40 1.40 1.40 1.36 1.36 1.36 1.36 1.31 1.31 1.31 1.31 1.21 1.21 1.21 1.21
1.70 1.70 1.70 1.70 1.66 1.66 1.66 1.66 1.65 1.65 1.65 1.65 1.63 1.63 1.63 1.37 1.27 1.27 1.27 1.27 1.19 1.19 1.19 1.19 1.15 1.15 1.15 0.88 1.23 1.23 1.23 1.23 1.33 1.33 1.33 1.33 1.33 1.33 1.33 1.33 1.31 1.31 1.31 1.31 1.34 1.34 1.34 1.34 1.24 1.24 1.24 1.24 1.18 1.18 1.18 0.00 1.21 1.21 1.21 1.21 1.33 1.33 1.33 1.33 1.41 1.41 1.41 1.41 1.40 1.40 1.40 1.40 1.36 1.36 1.36 1.36 1.31 1.31 1.31 1.31 1.21 1.21 1.21 1.21
1.70 1.70 1.70 1.70 1.66 1.66 1.66 1.66 1.65 1.65 1.65 1.65 1.63 1.63 1.63 1.63 1.52 1.52 1.52 1.27 1.19 1.19 1.19 1.19 1.15 1.15 1.15 0.00 0.00 0.00 1.23 0.00 1.33 1.33 1.33 1.33 1.33 1.33 1.33 1.33 1.31 1.31 1.31 1.31 1.34 1.34 1.34 1.34 1.24 1.24 1.24 1.24 1.18 1.18 1.18 1.18 1.21 1.21 1.21 1.21 1.33 1.33 1.33 1.33 1.41 1.41 1.41 1.41 1.40 1.40 1.40 1.40 1.36 1.36 1.36 1.36 1.31 1.31 1.31 1.31 1.21 1.21 1.21 1.21
1.70 1.70 1.70 1.70 1.66 1.66 1.66 1.66 1.65 1.65 1.65 1.65 1.63 1.63 1.63 1.63 1.52 1.52 1.52 1.52 1.44 1.44 1.19 1.19 1.15 1.15 1.15 0.00 0.00 0.00 0.00 1.23 1.33 1.33 1.33 1.33 1.33 1.33 1.33 1.33 1.31 1.31 1.31 1.31 1.34 1.34 1.34 1.34 1.24 1.24 1.24 1.24 1.18 1.18 1.18 1.18 1.21 1.21 1.21 1.21 1.33 1.33 1.33 1.33 1.41 1.41 1.41 1.41 1.40 1.40 1.40 1.40 1.36 1.36 1.36 1.36 1.31 1.31 1.31 1.31 1.21 1.21 1.21 1.21
1.70 1.70 1.70 1.70 1.65 1.65 1.65 1.65 1.65 1.65 1.65 1.65 1.63 1.63 1.63 1.63 1.50 1.50 1.50 1.50 1.41 1.41 1.41 1.41 1.41 1.15 0.00 0.00 0.00 0.00 1.26 1.26 1.34 1.34 1.34 1.34 1.33 1.33 1.33 1.33 1.31 1.31 1.31 1.31 1.37 1.37 1.37 1.37 1.28 1.28 1.28 1.28 1.19 1.19 1.19 1.19 1.25 1.25 1.25 1.25 1.37 1.37 1.37 1.37 1.40 1.40 1.40 1.40 1.41 1.41 1.41 1.41 1.40 1.40 1.40 1.40 1.32 1.32 1.32 1.32 1.23 1.23 1.23 1.23
1.70 1.70 1.70 1.70 1.65 1.65 1.65 1.65 1.65 1.65 1.65 1.65 1.63 1.63 1.63 1.63 1.50 1.50 1.50 1.50 1.41 1.41 1.41 1.41 0.00 1.41 1.41 0.00 0.00 0.00 1.26 1.26 1.34 1.34 1.34 1.34 1.33 1.33 1.33 1.33 1.31 1.31 1.31 1.31 1.37 1.37 1.37 1.37 1.28 1.28 1.28 1.28 1.19 1.19 0.00 0.00 1.25 1.25 1.25 1.25 1.37 1.37 1.37 1.37 1.40 1.40 1.40 1.40 1.41 1.41 1.41 1.41 1.40 1.40 1.40 1.40 1.32 1.32 1.32 1.32 1.23 1.23 1.23 1.23
1.70 1.70 1.70 1.70 1.65 1.65 1.65 1.65 1.65 1.65 1.65 1.65 1.63 1.63 1.63 1.63 1.50 1.50 1.50 1.50 1.41 0.00 0.00 0.00 0.00 1.41 1.41 0.00 1.51 1.23 1.51 1.51 1.34 1.34 1.34 1.34 1.33 1.33 1.33 1.33 1.31 1.31 1.31 1.31 1.37 1.37 1.37 1.37 1.28 1.28 1.28 1.28 1.19 1.19 0.00 0.00 1.25 1.25 1.25 1.25 1.37 1.37 1.37 1.37 1.40 1.40 1.40 1.40 1.41 1.41 1.41 1.41 1.40 1.40 1.40 1.40 1.32 1.32 1.32 1.32 1.23 1.23 1.23 1.23
1.70 1.70 1.70 1.70 1.65 1.65 1.65 1.65 1.65 1.65 1.65 1.65 1.63 1.63 1.63 1.63 1.50 1.50 1.50 1.50 0.00 0.00 0.00 0.00 0.00 1.41 1.41 1.41 1.51 1.51 1.23 1.51 1.59 1.59 1.59 1.34 1.33 1.33 1.33 1.33 1.31 1.31 1.31 1.31 1.37 1.37 1.37 1.37 1.28 1.28 1.28 1.28 1.19 1.19 1.19 0.00 1.25 1.25 1.25 1.25 1.37 1.37 1.37 1.37 1.40 1.02 1.02 1.40 1.41 1.41 1.41 1.41 1.40 1.40 1.40 1.40 1.32 1.32 1.32 1.32 1.23 1.23 1.23 1.23
1.68 1.68 1.68 1.68 1.65 1.65 1.65 1.65 1.65 1.65 1.65 1.65 1.62 1.62 1.62 1.62 1.51 1.51 1.51 1.51 0.00 0.00 0.00 0.00 0.00 1.41 1.41 1.41 1.23 1.50 0.00 1.50 1.58 1.58 1.58 1.58 1.57 1.57 1.32 1.32 1.30 1.30 1.30 1.30 1.39 1.39 1.39 1.39 1.34 1.34 1.34 1.34 0.00 0.00 1.24 0.00 1.29 1.29 1.29 1.29 1.37 1.37 1.37 1.37 1.38 0.00 0.00 1.38 1.43 1.43 1.43 1.43 1.44 1.44 1.44 1.44 1.32 1.32 1.32 1.32 1.23 1.23 1.23 1.23
1.68 1.68 1.68 1.68 1.65 1.65 1.65 1.65 1.65 1.65 1.65 1.65 0.00 1.62 1.62 1.62 1.51 1.51 1.51 1.51 0.00 0.00 0.00 0.00 0.00 0.00 0.00 0.00 0.00 1.50 0.00 1.50 1.58 1.58 1.58 1.58 1.57 0.00 1.57 1.57 1.55 1.55 1.30 1.30 1.39 1.39 1.39 1.39 1.34 1.34 1.34 1.34 1.24 0.00 0.00 0.00 1.29 1.29 1.29 1.29 1.37 1.00 1.37 1.37 1.38 1.38 1.38 1.38 1.43 1.43 1.43 1.43 1.44 1.44 1.44 1.44 1.32 1.32 1.32 1.32 1.23 1.23 1.23 1.23
1.68 1.68 1.29 0.00 1.65 1.65 1.65 1.65 1.65 1.65 1.65 1.65 1.62 0.00 0.00 0.00 0.00 0.00 0.00 1.51 0.00 0.00 0.00 0.00 0.00 0.00 0.00 0.00 0.00 0.00 1.50 1.50 1.58 1.58 1.58 1.58 1.57 0.00 0.00 1.57 1.55 1.55 1.55 1.55 1.62 1.39 1.39 1.39 1.34 1.34 1.34 1.34 1.24 0.00 0.00 0.00 1.29 1.29 1.29 0.95 1.00 1.00 1.00 1.00 1.38 1.38 1.38 1.38 1.43 1.43 1.43 1.43 1.44 1.44 1.44 1.44 1.32 1.32 1.32 1.32 1.23 1.23 1.23 1.23
1.29 0.00 0.00 0.00 1.65 1.65 1.65 1.65 1.65 1.65 1.65 1.65 1.62 1.62 0.00 0.00 0.00 0.00 1.51 0.00 0.00 0.00 0.00 0.00 0.00 0.00 0.00 0.00 0.00 0.00 0.00 1.50 1.58 1.58 1.58 0.00 0.00 0.00 0.00 0.00 1.55 1.55 0.00 0.00 1.62 1.62 1.62 1.62 1.34 1.34 1.34 1.34 1.24 0.00 0.00 0.00 1.29 1.29 1.29 1.29 1.00 1.00 0.00 1.00 1.38 1.38 1.38 1.38 1.43 1.43 1.43 1.43 1.44 1.44 1.44 1.44 1.32 1.32 1.32 1.32 1.23 1.23 1.23 1.23
1.66 0.00 0.00 0.00 1.65 1.65 1.65 1.65 1.66 1.66 1.66 1.66 1.60 1.60 1.60 1.60 0.00 1.51 0.00 0.00 0.00 0.00 0.00 0.00 0.00 0.00 0.00 0.00 0.00 0.00 0.00 1.54 1.56 1.56 1.56 0.00 0.00 0.00 0.00 0.00 1.57 1.57 0.00 0.00 0.00 1.63 1.63 1.63 1.61 1.61 1.61 1.39 1.30 1.30 0.00 0.00 0.95 1.29 1.29 1.29 1.35 0.99 1.35 1.35 1.38 1.38 1.38 1.38 1.45 1.45 1.45 1.45 1.45 1.45 1.45 1.45 1.33 1.33 1.33 1.33 1.20 1.20 1.20 1.20
0.00 1.28 0.00 0.00 0.00 1.65 1.65 0.00 1.66 1.66 1.66 1.66 1.60 1.60 1.60 1.60 1.51 1.51 1.51 1.51 0.00 0.00 0.00 0.00 0.00 0.00 0.00 0.00 0.00 0.00 0.00 1.54 1.56 1.56 1.56 1.56 0.00 0.00 0.00 0.00 1.57 0.00 0.00 0.00 0.00 0.00 1.63 1.63 1.61 1.61 1.61 1.61 1.53 1.53 1.53 0.00 0.00 0.00 1.29 1.29 0.99 0.00 1.35 1.35 1.38 1.38 1.38 1.01 1.45 1.45 1.45 1.45 1.45 1.45 1.45 1.45 1.33 1.33 1.33 1.33 1.20 1.20 1.20 0.00
0.00 0.00 0.00 0.00 1.23 1.59 1.59 1.59 1.60 1.60 1.60 1.60 1.55 1.55 1.55 1.55 1.47 1.47 0.00 0.00 0.00 0.00 0.00 0.00 0.00 0.00 0.00 0.00 0.00 0.00 0.00 0.00 0.00 0.00 1.51 1.51 1.53 1.53 1.53 0.00 1.51 1.51 0.00 0.00 0.00 0.00 1.57 1.57 1.55 1.55 1.55 1.55 1.48 1.48 1.48 0.00 0.00 0.00 1.21 1.21 1.28 1.28 1.28 1.28 1.30 1.30 1.30 1.30 1.37 1.37 1.37 1.37 1.37 1.37 1.37 1.37 1.29 1.29 1.29 1.29 1.17 1.17 0.00 0.00
0.00 0.00 0.00 0.00 0.00 1.59 1.59 1.59 1.60 1.60 1.60 1.60 1.55 0.00 0.00 0.00 0.00 0.00 0.00 0.00 0.00 0.00 0.00 0.00 0.00 0.00 0.00 0.00 0.00 0.00 0.00 0.00 0.00 0.00 0.00 1.51 1.53 0.00 0.00 0.00 1.51 0.00 0.00 0.00 0.00 0.00 1.57 1.57 1.55 1.55 1.55 1.55 1.48 1.48 1.48 0.00 0.00 0.00 0.00 1.47 1.53 1.28 1.28 1.28 1.30 1.30 1.30 1.30 1.37 1.37 1.37 1.37 1.37 1.37 1.37 0.00 1.29 1.29 1.29 1.29 1.17 1.17 1.17 1.17
0.00 0.00 0.00 0.00 1.25 1.62 1.62 1.62 1.61 1.61 1.61 1.61 0.00 0.00 0.00 0.00 0.00 0.00 0.00 0.00 0.00 0.00 0.00 0.00 0.00 0.00 0.00 0.00 0.00 0.00 0.00 0.00 0.00 0.00 0.00 1.52 1.56 0.00 0.00 0.00 1.54 0.00 0.00 0.00 0.00 0.00 0.00 1.57 1.57 1.57 1.57 1.57 1.51 1.51 1.51 0.00 0.00 0.00 0.00 1.49 1.55 0.00 0.00 1.55 1.33 1.33 1.33 1.33 1.37 1.37 1.37 1.37 1.36 1.36 1.36 1.36 1.33 1.33 1.33 1.33 1.21 1.21 0.00 0.00
1.62 0.00 0.00 0.00 1.62 1.62 1.62 1.62 1.61 1.61 1.61 1.61 0.00 0.00 0.00 0.00 0.00 0.00 0.00 0.00 0.00 0.00 0.00 0.00 0.00 0.00 0.00 0.00 0.00 0.00 0.00 0.00 0.00 0.00 0.00 0.00 1.56 0.00 0.00 0.00 0.00 0.00 0.00 0.00 0.00 0.00 0.00 1.57 1.57 1.57 1.57 1.57 1.51 1.51 1.51 1.51 0.00 0.00 1.49 1.49 1.55 0.00 1.25 0.00 1.27 1.58 1.58 1.58 1.37 1.37 1.37 1.37 1.36 1.36 1.36 1.36 0.97 1.33 1.33 1.33 1.21 0.00 0.00 0.00
1.62 1.62 1.62 1.62 1.62 1.62 1.62 0.00 1.61 1.61 1.24 1.61 1.54 0.00 0.00 0.00 0.00 0.00 0.00 0.00 0.00 0.00 0.00 0.00 0.00 0.00 0.00 0.00 0.00 0.00 0.00 0.00 0.00 0.00 0.00 0.00 1.56 1.56 0.00 0.00 0.00 0.00 0.00 0.00 0.00 0.00 0.00 1.57 1.57 1.57 1.57 1.25 1.22 1.51 1.51 0.00 0.00 0.00 1.49 1.49 1.55 0.00 1.25 0.00 0.00 1.58 1.58 1.58 1.62 1.62 1.62 1.37 1.36 1.36 1.36 1.36 1.33 1.33 1.33 1.33 1.21 1.21 0.00 0.00
1.62 1.62 1.62 0.00 0.00 0.00 1.62 1.62 0.00 1.61 1.61 1.61 0.00 0.00 0.00 0.00 0.00 0.00 0.00 0.00 0.00 0.00 0.00 0.00 0.00 0.00 0.00 0.00 0.00 0.00 0.00 0.00 0.00 0.00 0.00 0.00 0.00 0.00 0.00 0.00 0.00 0.00 0.00 0.00 0.00 0.00 0.00 0.00 1.57 1.57 1.57 1.25 0.00 1.51 1.40 0.00 0.00 1.49 1.49 1.49 0.00 1.25 0.00 0.00 0.00 0.00 1.58 1.58 1.29 1.62 1.62 1.62 1.61 1.61 1.36 1.36 1.33 1.33 1.33 1.33 1.21 1.21 1.21 0.00
1.62 1.62 1.62 0.00 0.00 0.00 1.63 1.63 1.63 0.00 0.00 0.00 0.00 0.00 0.00 0.00 0.00 0.00 0.00 0.00 0.00 0.00 0.00 0.00 0.00 0.00 0.00 0.00 0.00 0.00 0.00 0.00 0.00 0.00 0.00 1.57 0.00 0.00 0.00 0.00 0.00 0.00 0.00 0.00 0.00 0.00 1.59 1.59 1.58 1.58 1.58 0.00 0.00 1.52 1.22 0.00 0.00 0.00 1.52 1.52 1.58 0.00 0.00 0.00 0.00 0.00 1.59 1.59 1.60 1.60 1.60 1.60 1.61 1.61 1.61 1.61 1.60 1.60 1.37 1.37 1.28 1.28 1.28 0.00
1.62 1.62 1.62 1.62 0.00 0.00 1.63 1.63 1.63 1.63 0.00 0.00 0.00 0.00 0.00 0.00 0.00 0.00 0.00 0.00 0.00 0.00 0.00 0.00 0.00 0.00 0.00 0.00 0.00 0.00 0.00 0.00 0.00 1.57 0.00 0.00 0.00 0.00 1.60 1.60 1.56 0.00 0.00 0.00 0.00 1.59 1.59 1.59 1.58 1.58 1.58 0.00 0.00 1.52 1.52 0.00 0.00 0.00 1.52 1.52 1.58 1.58 0.00 0.00 1.27 0.00 1.59 1.59 1.60 1.60 1.60 1.60 1.61 1.61 1.61 1.61 1.60 1.60 1.60 1.60 1.51 1.28 1.28 0.00
