New_Model_Runs/8_Future_Present_Scn1_out/post_prcessed_with_MFR/Monthly_summaries/interception_monthly_JUN.asc
NCOLS 700
NROWS 400
XLLCENTER 515000.000000
YLLCENTER 8409000.000000
CELLSIZE 50.000000
NODATA_value -999.000000
[rows 190 to 227 of 400, columns 252 to 335 of 700]
1.17 1.17 1.17 1.17 1.12 1.12 1.12 1.12 1.18 1.18 1.18 1.18 1.32 1.32 1.32 1.32 1.43 1.43 1.43 1.43 1.49 1.49 1.49 1.49 1.42 1.42 1.42 1.42 1.20 1.20 1.20 1.20 1.00 1.00 1.00 1.00 0.74 0.74 0.74 0.74 0.69 0.69 0.69 0.69 0.87 0.87 0.87 0.87 1.29 1.29 1.29 1.29 1.65 1.65 1.65 1.65 1.51 1.51 1.51 1.51 1.29 1.29 1.29 1.29 1.15 1.15 1.15 1.15 1.04 1.04 1.04 1.04 1.06 1.06 1.06 1.06 1.13 1.13 1.13 1.13 1.26 1.26 0.00 0.00
1.17 1.17 1.17 1.17 1.12 1.12 1.12 1.12 1.18 1.18 1.18 1.18 1.32 1.32 1.32 1.32 1.43 1.43 1.43 1.43 1.49 1.49 1.49 1.49 1.42 1.42 1.42 1.42 1.20 1.20 1.20 1.20 1.00 1.00 1.00 1.00 0.91 0.91 0.74 0.74 0.69 0.69 0.69 0.69 0.87 0.87 0.87 0.87 1.29 1.29 1.29 1.29 1.65 1.65 1.65 1.65 1.51 1.51 1.51 1.51 1.29 1.29 1.29 1.29 1.15 1.15 1.15 1.15 1.04 1.04 1.04 1.04 1.06 1.06 1.06 1.06 1.13 1.13 1.13 1.13 1.26 1.26 1.26 1.26
1.28 1.28 1.28 1.28 1.33 1.33 1.33 1.33 1.52 1.52 1.52 1.52 1.69 1.69 1.69 1.69 1.62 1.62 1.62 1.62 1.51 1.51 1.51 1.51 1.40 1.40 1.40 1.40 1.36 1.36 1.36 1.36 1.31 1.31 1.31 1.31 1.28 1.28 1.28 1.11 1.12 1.12 1.12 1.12 1.34 1.34 1.34 1.34 1.56 1.56 1.56 1.56 1.57 1.57 1.57 1.57 1.38 1.38 1.38 1.38 1.22 1.22 1.22 1.22 1.06 1.06 1.06 1.06 0.96 0.96 0.96 0.96 0.91 0.91 0.91 0.91 0.87 0.87 0.87 0.87 1.05 1.05 1.05 1.05
1.28 1.28 1.28 1.28 1.33 1.33 1.33 1.33 1.52 1.52 1.52 1.52 1.69 1.69 1.69 1.69 1.62 1.62 1.62 1.62 1.51 1.51 1.51 1.51 1.40 1.40 1.40 1.40 1.36 1.36 1.36 1.36 1.31 1.31 1.31 1.31 1.28 1.28 1.28 1.28 1.29 1.12 1.12 1.12 1.34 1.34 1.34 1.34 1.56 1.56 1.56 1.56 1.57 1.57 1.57 1.57 1.38 1.38 1.38 1.38 1.22 1.22 1.22 1.22 1.06 1.06 1.06 1.06 0.96 0.96 0.96 0.96 0.91 0.91 0.91 0.91 0.87 0.87 0.87 0.87 1.05 1.05 1.05 1.05
1.33 1.33 1.33 1.33 1.37 1.37 1.37 1.37 1.58 1.58 1.58 1.58 1.76 1.76 1.76 1.76 1.68 1.68 1.68 1.68 1.53 1.53 1.53 1.53 1.42 1.42 1.42 1.42 1.38 1.38 1.38 1.38 1.33 1.33 1.33 1.33 1.29 1.29 1.29 1.29 1.30 1.30 1.13 1.13 1.36 1.36 1.36 1.36 1.58 1.58 1.58 1.58 1.55 1.55 1.55 1.55 1.37 1.37 1.37 1.37 1.21 1.21 1.21 1.21 1.05 1.05 1.05 1.05 0.92 0.92 0.92 0.92 0.87 0.87 0.87 0.87 0.83 0.63 0.83 0.83 1.00 1.00 1.00 1.00
1.33 1.33 1.33 1.33 1.37 1.37 1.37 1.37 1.58 1.58 1.58 1.58 1.76 1.76 1.76 1.76 1.68 1.68 1.68 1.68 1.53 1.53 1.53 1.53 1.42 1.42 1.42 1.42 1.38 1.38 1.38 1.38 1.33 1.33 1.33 1.33 1.29 1.29 1.29 1.29 1.30 1.30 1.30 1.13 1.36 1.36 1.36 1.36 1.58 1.58 1.58 1.58 1.55 1.55 1.55 1.55 1.37 1.37 0.91 1.37 1.21 1.21 1.21 1.21 1.05 1.05 1.05 1.05 0.92 0.92 0.92 0.92 0.87 0.87 0.87 0.87 0.83 0.83 0.83 0.83 1.00 1.00 1.00 1.00
1.36 1.36 1.36 1.36 1.62 1.62 1.62 1.62 1.82 1.82 1.82 1.82 1.60 1.60 1.60 1.60 1.28 1.28 1.28 1.28 1.25 1.25 1.25 1.25 1.24 1.24 1.24 1.24 1.23 1.23 1.23 1.23 1.22 1.22 1.22 1.22 1.32 1.32 1.32 1.32 1.50 1.50 1.50 1.50 1.64 1.47 1.47 1.47 1.53 1.53 1.53 1.53 1.44 1.44 1.44 1.44 1.31 1.31 1.31 1.31 1.20 1.20 1.20 1.20 1.03 1.03 1.03 1.03 0.87 0.87 0.87 0.87 0.71 0.71 0.71 0.71 0.69 0.69 0.69 0.69 0.97 0.97 0.97 0.97
1.36 1.36 1.36 1.36 1.62 1.62 1.62 1.62 1.82 1.82 1.82 1.82 1.60 1.60 1.60 1.60 1.28 1.28 1.28 1.28 1.25 1.25 1.25 1.25 1.24 1.24 1.24 1.24 1.23 1.23 1.23 1.23 1.22 1.22 1.22 1.22 1.32 1.32 1.32 1.32 1.50 1.50 1.50 1.50 1.64 1.64 1.47 1.47 1.53 1.53 1.53 1.53 1.44 1.44 1.44 1.44 0.00 0.00 1.31 1.31 1.20 1.20 1.20 1.20 1.03 1.03 1.03 1.03 0.87 0.87 0.87 0.87 0.71 0.71 0.71 0.71 0.69 0.69 0.69 0.69 0.97 0.97 0.97 0.97
1.36 1.36 1.36 1.36 1.62 1.62 1.62 1.62 1.82 1.82 1.82 1.82 1.60 1.60 1.60 1.60 1.28 1.28 1.28 1.28 1.25 1.25 1.25 1.25 1.24 1.24 1.24 1.24 1.23 1.23 1.23 1.23 1.22 1.22 1.22 1.22 1.32 1.32 1.32 1.32 1.50 1.50 1.50 1.50 1.64 1.64 1.64 1.64 1.53 1.53 1.53 1.53 1.44 1.44 1.44 1.44 1.31 1.31 1.31 1.31 1.20 1.20 1.20 1.20 1.03 1.03 1.03 1.03 0.87 0.87 0.87 0.87 0.71 0.71 0.71 0.71 0.69 0.69 0.69 0.69 0.97 0.97 0.97 0.97
1.36 1.36 1.36 1.36 1.62 1.62 1.62 1.62 1.82 1.82 1.82 1.82 1.60 1.60 1.60 1.60 1.28 1.28 1.28 1.28 1.25 1.25 1.25 1.25 1.24 1.24 1.24 1.24 1.23 1.23 1.23 1.23 1.22 1.22 1.22 1.22 1.32 1.32 1.32 1.32 1.50 1.50 1.50 1.50 1.64 1.64 1.64 1.64 1.69 1.53 1.53 1.53 1.44 1.44 1.44 1.44 1.31 1.31 1.31 1.31 1.20 1.20 1.20 1.20 1.03 1.03 1.03 1.03 0.87 0.87 0.87 0.87 0.71 0.71 0.71 0.71 0.69 0.69 0.69 0.69 0.97 0.97 0.97 0.97
1.44 1.44 1.44 1.44 1.77 1.77 1.77 1.77 1.68 1.68 1.68 1.68 1.21 1.21 1.21 1.21 0.96 0.96 0.96 0.96 1.00 1.00 1.00 1.00 1.03 1.03 1.03 1.03 0.96 0.96 0.96 0.96 0.95 0.95 0.95 0.95 1.18 1.18 1.18 1.18 1.43 1.43 1.43 1.43 1.62 1.62 1.62 1.62 1.65 1.65 1.65 1.48 1.26 1.26 1.26 1.26 1.14 1.14 1.14 1.14 1.13 1.13 1.13 1.13 1.04 1.04 1.04 1.04 0.85 0.85 0.85 0.85 0.71 0.71 0.71 0.71 0.74 0.74 0.74 0.74 1.05 1.05 1.05 1.05
1.44 1.44 1.44 1.44 1.77 1.77 1.77 1.77 1.68 1.68 1.68 1.68 1.21 1.21 1.21 1.21 0.96 0.96 0.96 0.96 1.00 1.00 1.00 1.00 1.03 1.03 1.03 1.03 0.96 0.96 0.96 0.96 0.95 0.95 0.95 0.95 1.18 1.18 1.18 1.18 1.43 1.43 1.43 1.43 1.62 1.62 1.62 1.62 1.65 1.65 1.65 1.65 1.26 1.26 1.26 1.26 1.14 1.14 1.14 1.14 1.13 1.13 1.13 1.13 1.04 1.04 1.04 1.04 0.85 0.85 0.85 0.85 0.71 0.71 0.71 0.71 0.74 0.74 0.74 0.74 1.05 1.05 1.05 1.05
1.44 1.44 1.44 1.44 1.77 1.77 1.77 1.77 1.68 1.68 1.68 1.68 1.21 1.21 1.21 1.21 0.96 0.96 0.96 0.96 1.00 1.00 1.00 1.00 1.03 1.03 1.03 1.03 0.96 0.96 0.96 0.96 0.95 0.95 0.95 0.95 1.18 1.18 1.18 1.18 1.43 1.43 1.43 1.43 1.62 1.62 1.62 1.62 1.65 1.65 1.65 1.65 1.43 1.26 1.26 1.26 1.14 1.14 1.14 1.14 1.13 1.13 1.13 1.13 1.04 1.04 1.04 1.04 0.85 0.85 0.85 0.85 0.71 0.71 0.71 0.71 0.74 0.74 0.74 0.74 1.05 1.05 1.05 1.05
1.44 1.44 1.44 1.44 1.77 1.77 1.77 1.77 1.68 1.68 1.68 1.68 1.21 1.21 1.21 1.21 0.96 0.96 0.96 0.96 1.00 1.00 1.00 1.00 1.03 1.03 1.03 1.03 0.96 0.96 0.96 0.96 0.95 0.95 0.95 0.95 1.18 1.18 1.18 1.18 1.43 1.43 1.43 1.43 1.62 1.62 1.62 1.62 1.65 1.65 1.65 1.65 1.43 1.43 1.43 1.26 1.14 1.14 1.14 1.14 1.13 1.13 1.13 1.13 1.04 1.04 1.04 1.04 0.85 0.85 0.85 0.85 0.71 0.71 0.71 0.71 0.74 0.74 0.74 0.74 1.05 1.05 1.05 1.05
1.50 1.50 1.50 1.50 1.81 1.81 1.81 1.81 1.54 1.54 1.54 1.54 1.07 1.07 1.07 1.07 0.88 0.88 0.88 0.88 0.87 0.87 0.87 0.87 0.87 0.87 0.87 0.87 0.85 0.85 0.85 0.85 0.98 0.98 0.98 0.98 1.26 1.26 1.26 1.26 1.47 1.47 1.47 1.47 1.64 1.64 1.64 1.64 1.52 1.52 1.52 1.52 1.33 1.33 1.33 1.33 1.04 1.04 1.04 1.04 0.97 0.97 0.97 0.97 0.90 0.90 0.90 0.90 0.78 0.78 0.78 0.78 0.70 0.70 0.70 0.70 0.81 0.81 0.81 0.81 1.14 1.14 1.14 1.14
2.19 1.50 1.50 1.50 1.81 1.81 1.81 1.81 1.54 1.54 1.54 1.54 1.07 1.07 1.07 1.07 0.88 0.88 0.88 0.88 0.87 0.87 0.87 0.87 0.87 0.87 0.87 0.87 0.85 0.85 0.85 0.85 0.98 0.98 0.98 0.98 1.26 1.26 1.26 1.26 1.47 1.47 1.47 1.47 1.64 1.64 1.64 1.64 1.52 1.52 1.52 1.52 1.33 1.33 1.33 1.33 1.22 1.22 1.04 1.04 0.97 0.97 0.97 0.97 0.90 0.90 0.90 0.90 0.78 0.78 0.78 0.78 0.70 0.70 0.70 0.70 0.81 0.81 0.81 0.81 1.14 1.14 1.14 1.14
2.19 1.50 1.50 1.50 1.81 1.81 1.81 1.81 1.54 1.54 1.54 1.54 1.07 1.07 1.07 1.07 0.88 0.88 0.88 0.88 0.87 0.87 0.87 0.87 0.87 0.87 0.87 0.87 0.85 0.85 0.85 0.85 0.98 0.98 0.98 0.98 1.26 1.26 1.26 1.26 1.47 1.47 1.47 1.47 1.64 1.64 1.64 1.64 1.52 1.52 1.52 1.52 1.33 1.33 1.33 1.33 1.22 1.22 1.22 1.04 0.97 0.97 0.97 0.97 0.90 0.90 0.90 0.90 0.78 0.78 0.78 0.78 0.70 0.70 0.70 0.70 0.81 0.81 0.81 0.81 1.14 1.14 1.14 1.14
2.19 1.50 1.50 1.50 1.81 1.81 1.81 1.81 1.54 1.54 1.54 1.54 1.07 1.07 1.07 1.07 0.88 0.88 0.88 0.88 0.87 0.87 0.87 0.87 0.87 0.87 0.87 0.87 0.85 0.85 0.85 0.85 0.98 0.98 0.98 0.98 1.26 1.26 1.26 1.26 1.47 1.47 1.47 1.47 1.64 1.64 1.64 1.64 1.52 1.52 1.52 1.52 1.33 1.33 1.33 1.33 1.22 1.22 1.22 1.22 1.15 0.97 0.97 0.97 0.90 0.90 0.90 0.90 0.78 0.78 0.78 0.78 0.70 0.70 0.00 0.00 0.81 0.81 0.81 0.81 1.14 1.14 1.14 1.14
2.30 2.30 1.61 1.61 1.78 1.78 1.78 1.78 1.29 1.29 1.29 1.29 0.96 0.96 0.96 0.96 0.84 0.84 0.84 0.84 0.80 0.80 0.80 0.80 0.81 0.81 0.81 0.81 0.98 0.98 0.98 0.98 1.22 1.22 1.22 1.22 1.36 1.36 1.36 1.36 1.53 1.53 1.53 1.53 1.59 1.59 1.59 1.59 1.42 1.42 1.42 1.42 1.31 1.31 1.31 1.31 1.15 1.15 1.15 1.15 1.02 1.02 0.84 0.84 0.77 0.77 0.77 0.77 0.65 0.65 0.65 0.65 0.61 0.61 0.00 0.00 0.82 0.82 0.82 0.82 1.19 1.19 1.19 1.19
2.30 2.30 1.61 1.61 1.78 1.78 1.78 1.78 1.29 1.29 1.29 1.29 0.96 0.96 0.96 0.96 0.84 0.84 0.84 0.84 0.80 0.80 0.80 0.80 0.81 0.81 0.81 0.81 0.98 0.98 0.98 0.98 1.22 1.22 1.22 1.22 1.36 1.36 1.36 1.36 1.53 1.53 1.53 1.53 1.59 1.59 1.59 1.59 1.42 1.42 1.42 1.42 1.31 1.31 1.31 1.31 1.15 1.15 1.15 1.15 1.02 1.02 1.02 1.02 0.77 0.77 0.77 0.77 0.65 0.65 0.65 0.65 0.61 0.00 0.00 0.00 0.00 0.82 0.82 0.82 1.19 1.19 1.19 1.19
2.35 2.35 1.65 1.65 1.79 1.79 1.79 1.79 1.30 1.30 1.30 1.30 0.96 0.96 0.96 0.96 0.85 0.85 0.85 0.85 0.80 0.80 0.80 0.80 0.81 0.81 0.81 0.81 0.97 0.97 0.97 0.97 1.21 1.21 1.21 1.21 1.32 1.32 1.32 1.32 1.48 1.48 1.48 1.48 1.54 1.54 1.54 1.54 1.37 1.37 1.37 1.37 1.24 1.24 1.24 1.24 1.09 1.09 1.09 1.09 0.97 0.00 0.97 0.97 0.91 0.73 0.73 0.73 0.62 0.62 0.00 0.00 0.00 0.00 0.00 0.00 0.00 0.77 0.77 0.77 1.10 1.10 1.10 1.10
2.35 2.35 2.35 1.65 1.79 1.79 1.79 1.79 1.30 1.30 1.30 1.30 0.96 0.96 0.96 0.96 0.85 0.85 0.85 0.85 0.80 0.80 0.80 0.80 0.81 0.81 0.81 0.81 0.97 0.97 0.97 0.97 1.21 1.21 1.21 1.21 1.32 1.32 1.32 1.32 1.48 1.48 1.48 1.48 1.54 1.54 1.54 1.54 1.37 1.37 1.37 1.37 1.24 1.24 1.24 1.24 1.09 1.09 1.09 1.09 0.97 0.97 0.97 0.00 0.91 0.91 0.73 0.73 0.62 0.62 0.00 0.00 0.00 0.58 0.58 0.58 0.77 0.77 0.77 0.77 1.10 1.10 1.10 1.10
2.49 2.49 2.49 1.81 1.58 1.58 1.58 1.58 1.04 1.04 1.04 1.04 0.87 0.87 0.87 0.87 0.82 0.82 0.82 0.82 0.81 0.81 0.81 0.81 0.89 0.89 0.89 0.89 1.15 1.15 1.15 1.15 1.28 1.28 1.28 1.28 1.34 1.34 1.34 1.34 1.47 1.47 1.47 1.47 1.42 1.42 1.42 1.42 1.30 1.30 1.30 1.30 1.16 1.16 1.16 1.16 1.08 1.08 1.08 1.08 0.97 0.97 0.97 0.79 0.00 0.89 0.89 0.00 0.00 0.63 0.00 0.00 0.00 0.00 0.68 0.68 0.95 0.95 0.95 0.95 1.13 1.13 1.13 1.13
2.49 2.49 2.49 2.49 1.58 1.58 1.58 1.58 1.04 1.04 1.04 1.04 0.87 0.87 0.87 0.87 0.82 0.82 0.82 0.82 0.81 0.81 0.81 0.81 0.89 0.89 0.89 0.89 1.15 1.15 1.15 1.15 1.28 1.28 1.28 1.28 1.34 1.34 1.34 1.34 1.47 1.47 1.47 1.47 1.42 1.42 1.42 1.42 1.30 1.30 1.30 1.30 1.16 1.16 1.16 1.16 1.08 1.08 1.08 1.08 0.97 0.97 0.97 0.97 0.00 0.89 0.89 0.00 0.00 0.00 0.00 0.00 0.00 0.00 0.68 0.68 0.95 0.95 0.95 0.95 1.13 1.13 1.13 1.13
2.49 2.49 2.49 2.49 1.58 1.58 1.58 1.58 1.04 1.04 1.04 1.04 0.87 0.87 0.87 0.87 0.82 0.82 0.82 0.82 0.81 0.81 0.81 0.81 0.89 0.89 0.89 0.89 1.15 1.15 1.15 1.15 1.28 1.28 1.28 1.28 1.34 1.34 1.34 1.34 1.47 1.47 1.47 1.47 1.42 1.42 1.42 1.42 1.30 1.30 1.30 1.30 1.16 1.16 1.16 1.16 1.08 1.08 1.08 1.08 0.97 0.97 0.97 0.00 0.89 0.89 0.89 0.89 0.00 0.00 0.00 0.00 0.00 0.68 0.68 0.68 0.95 0.95 0.95 0.95 1.13 1.13 1.13 1.13
2.49 2.49 2.49 2.49 1.58 1.58 1.58 1.58 1.04 1.04 1.04 1.04 0.87 0.87 0.87 0.87 0.82 0.82 0.82 0.82 0.81 0.81 0.81 0.81 0.89 0.89 0.89 0.89 1.15 1.15 1.15 1.15 1.28 1.28 1.28 1.28 1.34 1.34 1.34 1.34 1.47 1.47 1.47 1.47 1.42 1.42 1.42 1.42 1.30 1.30 1.30 1.30 1.16 1.16 1.16 1.16 1.08 1.08 1.08 1.08 0.97 0.97 0.97 0.97 0.00 0.89 0.89 0.89 0.80 0.00 0.00 0.00 0.00 0.68 0.00 0.68 0.95 0.95 0.95 0.95 1.13 1.13 1.13 1.13
2.45 2.45 2.45 2.45 1.99 1.29 1.29 1.29 0.86 0.86 0.86 0.86 0.79 0.79 0.79 0.79 0.81 0.81 0.81 0.81 0.84 0.84 0.84 0.84 0.94 0.94 0.94 0.94 1.19 1.19 1.19 1.19 1.31 1.31 1.31 1.31 1.34 1.34 1.34 1.34 1.35 1.35 1.35 1.35 1.34 1.34 1.34 1.34 1.30 0.00 1.30 1.30 1.11 1.11 1.11 1.11 1.05 1.05 1.05 1.05 1.04 1.04 1.04 1.04 0.00 0.00 0.00 0.00 0.00 0.00 0.00 0.00 0.00 0.00 0.00 0.84 0.99 0.99 0.99 0.99 1.02 1.02 1.02 1.02
2.45 2.45 2.45 2.45 1.99 1.29 1.29 1.29 0.86 0.86 0.86 0.86 0.79 0.79 0.79 0.79 0.81 0.81 0.81 0.81 0.84 0.84 0.84 0.84 0.94 0.94 0.00 0.94 1.19 1.19 1.19 1.19 1.31 1.31 1.31 1.31 1.34 1.34 1.34 1.34 1.35 1.35 1.35 1.35 1.34 1.34 1.34 1.34 0.96 1.30 1.30 1.30 1.11 1.11 1.11 1.11 1.05 1.05 1.05 1.05 1.04 1.04 1.04 1.04 0.00 0.00 0.00 0.00 0.00 0.00 0.00 0.00 0.00 0.00 0.00 0.00 0.99 0.99 0.99 0.99 1.02 1.02 1.02 1.14
2.45 2.45 2.45 2.45 1.99 1.99 1.29 1.29 0.86 0.86 0.86 0.86 0.00 0.00 0.00 0.00 0.81 0.81 0.81 0.81 0.84 0.84 0.84 0.00 0.00 0.00 0.00 0.94 1.19 1.19 1.19 1.19 1.31 1.31 1.31 1.31 1.34 1.34 1.34 1.34 1.35 1.35 1.35 1.35 1.34 1.34 1.34 1.34 1.30 1.30 1.30 1.30 1.11 1.11 1.11 1.11 1.05 1.05 1.05 1.05 1.04 1.04 1.04 0.82 0.00 0.00 0.00 0.00 0.00 0.00 0.00 0.00 0.00 0.00 0.00 0.00 0.00 0.00 1.66 1.66 1.69 0.00 0.00 0.00
2.45 2.45 2.45 2.45 1.99 1.99 1.29 1.29 0.86 0.86 0.86 0.86 0.00 0.00 0.00 0.00 0.81 0.81 0.81 0.81 0.84 0.00 0.00 0.00 0.00 0.00 0.00 0.00 0.91 1.19 1.19 1.19 1.31 1.31 1.31 0.97 0.00 0.00 1.34 1.34 1.35 1.35 1.35 1.35 1.34 1.34 1.34 1.34 1.30 1.30 1.30 1.30 1.11 1.11 1.11 1.11 1.05 1.05 1.05 1.05 1.04 1.04 1.04 1.04 0.00 0.00 0.00 0.00 0.00 0.00 0.00 0.00 0.00 0.00 0.00 0.00 0.00 0.00 0.00 0.00 0.00 0.00 0.00 0.00
2.26 2.26 2.26 2.26 1.81 1.81 1.10 1.10 0.81 0.81 0.81 0.81 0.00 0.00 0.00 0.00 0.83 0.83 0.83 0.83 0.85 0.00 0.00 0.00 0.00 0.00 0.00 0.00 0.00 1.29 1.29 1.29 1.47 1.47 1.47 1.47 0.00 0.00 1.28 1.28 1.18 1.18 1.18 1.18 1.30 1.30 1.30 1.30 1.32 1.32 1.32 1.32 1.08 1.08 1.08 1.08 1.01 1.01 1.01 0.81 0.84 1.06 1.06 1.06 0.82 0.00 0.00 0.00 0.00 0.00 0.00 0.00 0.00 0.00 0.00 0.00 0.00 0.00 0.00 0.00 0.00 0.00 0.00 0.00
2.26 2.26 2.26 2.26 1.81 1.81 1.81 1.10 0.81 0.81 0.81 0.81 0.00 0.00 0.00 0.78 0.83 0.83 0.83 0.83 0.85 0.00 0.00 0.00 0.00 0.00 0.00 0.00 0.00 1.29 1.29 1.29 1.47 1.47 1.47 1.47 0.00 0.00 0.95 1.28 1.18 1.18 1.18 1.18 1.30 1.30 1.30 1.30 1.32 1.32 1.32 1.32 1.08 1.08 0.00 0.00 0.00 1.01 0.81 0.00 0.00 0.00 1.06 1.06 1.03 0.00 0.00 0.00 0.00 0.00 0.00 0.00 0.00 0.00 0.00 0.00 0.00 0.00 0.00 0.00 0.00 0.00 0.00 0.00
2.26 2.26 2.26 2.26 1.81 1.81 1.81 1.10 0.81 0.81 0.81 0.81 0.00 0.00 0.00 0.78 0.83 0.83 0.83 0.83 0.85 0.00 0.00 0.00 0.00 0.00 0.00 0.00 1.29 1.29 1.29 1.29 1.05 1.47 1.47 1.47 0.00 0.00 0.00 1.28 1.18 0.90 1.18 1.18 1.30 1.30 1.30 1.30 1.32 1.32 1.32 0.00 1.08 1.08 0.00 0.00 0.00 0.00 0.00 0.00 0.00 0.00 1.06 1.06 1.03 0.00 0.00 0.00 0.00 0.00 0.00 0.00 0.00 0.00 0.00 0.00 0.00 0.00 0.00 0.00 0.00 0.00 0.00 0.00
2.26 2.26 2.26 2.26 1.81 1.81 1.81 1.48 0.81 0.81 0.81 0.77 0.00 0.00 0.00 0.78 0.83 0.83 0.83 0.83 0.85 0.00 0.00 0.00 0.00 0.00 0.94 0.94 1.29 1.29 1.29 1.29 1.05 1.47 1.05 1.47 1.28 1.28 0.00 0.00 0.00 0.00 0.90 1.18 1.30 1.30 1.30 1.30 1.32 1.32 1.32 0.00 1.08 0.00 0.00 0.00 0.00 0.00 0.00 0.00 0.00 0.84 0.00 1.06 0.00 0.00 0.00 0.00 0.00 0.00 0.00 0.00 0.00 0.00 0.00 0.00 0.00 0.00 0.00 0.00 0.00 0.00 0.00 0.00
2.12 2.12 2.12 2.12 1.73 1.73 1.73 1.73 0.80 0.55 0.80 0.00 0.00 0.00 0.00 0.81 0.86 0.86 0.86 0.86 0.88 0.88 0.00 0.00 0.00 1.04 1.04 1.04 1.47 1.47 1.47 1.47 1.09 0.00 0.00 1.56 1.25 1.25 0.00 0.00 0.00 0.00 0.00 1.14 1.29 1.29 1.29 1.29 1.27 1.27 1.27 0.00 0.00 0.00 0.00 0.00 0.00 0.00 0.00 0.00 0.00 0.00 0.00 0.00 0.00 0.00 0.00 0.00 0.00 0.00 0.00 0.00 0.00 0.00 0.00 0.00 0.00 0.00 0.00 0.00 0.00 0.00 0.00 0.00
2.12 2.12 2.12 2.12 1.73 1.73 1.73 1.73 0.00 0.00 0.00 0.00 0.00 0.00 0.81 0.81 0.86 0.86 0.86 0.86 0.88 0.88 0.00 0.00 0.00 1.04 1.04 1.04 1.47 1.47 1.47 0.00 1.56 0.00 0.00 1.56 1.25 1.25 1.25 0.00 0.00 0.00 0.00 1.14 1.29 1.29 1.29 1.29 1.27 1.27 1.27 1.27 1.10 0.00 0.00 0.00 0.00 0.00 0.00 0.00 0.00 0.00 0.00 0.00 0.00 0.00 0.00 0.00 0.00 0.00 0.00 0.00 0.00 0.00 0.00 0.00 0.00 0.00 0.00 0.00 0.00 0.00 0.00 0.00
2.11 2.11 2.11 2.11 1.72 1.72 1.72 1.72 1.50 0.00 0.00 0.00 0.70 0.70 0.70 0.80 0.86 0.86 0.86 0.00 0.87 0.87 0.00 0.00 0.00 1.02 1.02 1.02 1.43 1.43 1.43 0.00 0.00 0.00 0.00 1.52 1.20 1.20 1.20 1.20 0.00 0.00 0.00 0.00 0.00 1.23 1.23 1.23 0.00 1.22 0.92 0.00 1.05 0.00 0.00 0.00 0.00 0.00 0.00 0.00 0.00 0.00 0.00 0.00 0.00 0.00 0.00 0.00 0.00 0.00 0.00 0.00 0.00 0.00 0.00 0.00 0.00 0.00 0.00 0.00 0.00 0.00 0.00 0.00
2.11 2.11 2.11 2.11 1.72 1.72 1.72 1.72 1.50 0.00 0.00 0.00 0.00 0.00 0.70 0.80 0.86 0.86 0.00 0.00 0.00 0.00 0.00 0.00 1.02 1.02 1.02 1.02 1.43 1.43 1.43 0.00 0.00 0.00 0.00 0.00 1.20 1.20 1.20 0.00 0.00 0.00 0.00 0.00 1.23 1.23 1.23 1.23 0.92 0.00 0.58 0.00 0.00 0.00 0.00 0.00 0.00 0.00 0.00 0.00 0.00 0.00 0.00 0.00 0.00 0.00 0.00 0.00 0.00 0.00 0.00 0.00 0.00 0.00 0.00 0.00 0.00 0.00 0.00 0.00 0.00 0.00 0.00 0.00
