New_Model_Runs/8_Future_Present_Scn1_out/post_prcessed_with_MFR/Monthly_summaries/interception_monthly_OCT.asc
NCOLS 700
NROWS 400
XLLCENTER 515000.000000
YLLCENTER 8409000.000000
CELLSIZE 50.000000
NODATA_value -999.000000
[rows 114 to 151 of 400, columns 420 to 503 of 700]
1.06 1.06 1.06 1.06 1.01 1.01 1.01 1.07 1.08 1.08 1.08 1.08 1.05 1.05 1.05 1.05 0.88 0.88 0.88 0.88 0.72 0.72 0.00 0.00 0.00 0.00 0.00 0.00 0.00 0.00 0.00 0.00 0.00 0.00 1.01 1.01 1.07 1.07 1.07 1.07 1.18 1.18 1.18 1.18 1.31 1.31 1.31 1.31 1.30 1.30 1.30 1.30 1.11 1.11 1.11 1.11 0.00 0.00 0.00 0.00 0.00 0.00 0.95 0.95 0.98 0.00 0.00 0.00 0.00 0.00 0.94 1.08 1.23 1.23 1.23 1.23 1.17 1.17 1.17 1.17 1.04 1.04 1.04 1.04
1.06 1.06 1.06 1.06 1.01 1.01 1.01 1.01 1.08 1.08 1.08 1.08 1.05 1.05 1.05 1.05 0.88 0.88 0.88 0.88 0.72 0.72 0.72 0.72 0.70 0.00 0.00 0.70 0.00 0.00 0.00 0.00 0.00 0.00 0.00 1.01 1.07 1.07 1.07 1.07 1.18 1.18 1.18 1.18 1.31 1.31 1.31 1.31 1.30 1.30 1.30 1.30 1.11 1.11 1.11 1.11 0.00 0.00 0.00 0.00 0.00 0.00 0.95 0.95 0.98 0.00 0.00 0.00 0.00 0.00 0.00 1.08 1.23 1.23 1.23 1.23 1.17 1.17 1.17 1.17 1.04 1.04 1.04 1.04
0.90 0.90 0.90 0.90 0.85 0.85 0.85 0.85 0.96 0.96 0.96 0.96 0.96 0.96 0.96 0.96 0.90 0.90 0.90 0.90 0.79 0.79 0.79 0.79 0.77 0.77 0.77 0.77 0.76 0.76 0.00 0.00 0.00 0.00 0.00 1.01 1.04 1.04 1.04 1.04 1.13 1.13 1.13 1.13 1.27 1.27 1.27 1.27 1.28 1.28 1.28 1.28 1.13 1.13 1.13 1.13 0.00 0.00 0.00 0.00 0.00 0.00 0.99 0.99 1.04 1.04 1.04 1.04 0.95 0.00 0.00 1.12 1.25 1.25 1.25 1.25 1.20 1.20 1.20 1.20 1.20 1.20 1.20 1.20
0.90 0.90 0.90 0.90 0.85 0.85 0.85 0.85 0.90 0.96 0.96 0.96 0.96 0.96 0.96 0.96 0.90 0.90 0.90 0.90 0.79 0.79 0.79 0.79 0.77 0.77 0.77 0.00 0.76 0.00 0.00 0.00 0.00 0.00 0.00 0.00 0.00 1.04 1.04 1.04 1.13 1.13 1.13 1.13 1.27 1.27 1.27 1.27 1.28 1.28 1.28 1.28 1.13 1.13 1.13 1.13 1.01 1.01 1.01 1.01 0.99 0.99 0.87 0.99 1.04 1.04 1.04 1.04 1.15 1.15 1.12 1.12 1.25 1.25 1.25 1.25 1.20 1.20 1.20 1.20 1.20 1.20 1.20 1.20
0.90 0.90 0.90 0.90 0.85 0.85 0.85 0.85 0.90 0.96 0.96 0.96 0.96 0.96 0.96 0.96 0.90 0.90 0.90 0.90 0.79 0.79 0.79 0.79 0.77 0.77 0.77 0.77 0.00 0.00 0.00 0.00 0.00 0.00 0.00 1.01 1.04 1.04 1.04 1.04 1.13 1.13 1.13 1.13 1.27 1.27 1.27 1.27 1.28 1.28 1.28 1.28 1.13 1.13 1.13 1.13 1.01 1.01 1.01 1.01 0.99 0.99 0.87 0.99 1.04 1.04 1.04 1.04 1.15 1.15 1.12 1.12 1.25 1.25 1.25 1.25 1.20 1.20 1.20 1.20 1.20 1.20 1.20 1.20
0.90 0.90 0.90 0.90 0.85 0.85 0.85 0.85 0.90 0.96 0.96 0.96 0.96 0.96 0.96 0.96 0.90 0.90 0.90 0.90 0.79 0.79 0.79 0.79 0.77 0.77 0.77 0.77 0.76 0.00 1.02 1.02 1.01 0.00 1.01 1.01 1.04 1.04 1.04 1.04 1.13 1.13 1.13 1.13 1.27 1.27 1.27 1.27 1.28 1.28 1.28 1.28 1.13 1.13 1.13 1.13 1.01 1.01 1.01 1.01 0.99 0.99 0.99 0.99 1.04 1.04 1.04 1.04 1.15 1.15 1.12 1.12 1.25 1.25 1.25 1.25 1.20 1.20 1.20 1.20 1.20 1.20 1.20 1.20
0.67 0.67 0.67 0.67 0.68 0.68 0.68 0.68 0.72 0.72 0.78 0.78 0.83 0.83 0.83 0.83 0.92 0.92 0.92 0.92 0.93 0.93 0.93 0.93 0.85 0.85 0.85 0.85 0.78 1.03 1.03 0.00 0.00 0.00 0.00 1.01 1.07 1.07 1.07 1.07 1.16 1.16 1.16 1.16 1.24 1.24 1.24 1.24 1.24 1.24 1.24 1.24 1.19 1.19 1.19 1.19 1.13 1.13 1.13 1.13 1.08 1.08 1.08 1.08 1.16 1.16 1.16 1.16 1.25 1.25 1.23 1.23 1.30 1.30 1.30 1.30 1.32 1.32 1.32 1.32 1.37 1.37 1.37 1.37
0.67 0.67 0.67 0.67 0.68 0.68 0.68 0.68 0.72 0.72 0.78 0.78 0.83 0.83 0.83 0.83 0.92 0.92 0.92 0.92 0.93 0.93 0.93 0.93 0.85 0.85 0.85 0.85 0.78 1.03 1.03 0.00 0.00 0.00 0.00 1.01 1.07 1.07 1.07 1.07 1.16 1.16 1.16 1.16 1.24 1.24 1.24 1.24 1.24 1.24 1.24 1.24 1.19 1.19 1.19 1.19 1.13 1.13 1.13 1.13 1.08 1.08 1.08 1.08 1.16 1.16 1.16 1.16 1.25 1.25 1.23 1.23 1.30 1.30 1.30 1.30 1.32 1.32 1.32 1.32 1.37 1.37 1.37 1.37
0.67 0.67 0.67 0.67 0.68 0.68 0.68 0.60 0.72 0.72 0.72 0.78 0.83 0.83 0.83 0.83 0.92 0.92 0.92 0.92 0.93 0.93 0.93 0.93 0.85 0.85 0.85 0.85 0.78 1.03 0.89 0.00 0.00 0.00 0.00 1.01 1.07 1.07 1.07 1.07 1.16 1.16 1.16 1.16 1.24 1.24 1.24 1.24 1.24 1.24 1.24 1.24 1.19 1.19 1.19 1.19 1.13 1.13 1.13 1.13 1.08 1.08 1.08 1.08 1.16 1.16 1.16 1.16 1.25 1.25 1.23 1.23 1.30 1.30 1.30 1.30 1.32 1.32 1.32 1.32 1.37 1.37 1.37 1.37
0.67 0.67 0.67 0.67 0.68 0.68 0.68 0.68 0.00 0.72 0.72 0.78 0.83 0.83 0.83 0.83 0.92 0.92 0.92 0.92 0.93 0.93 0.93 0.93 0.85 0.85 0.85 0.85 0.78 1.03 1.03 0.00 0.00 0.00 0.00 0.00 1.07 1.07 1.07 1.07 1.16 1.16 1.16 1.16 1.24 1.24 1.24 1.24 1.24 1.24 1.24 1.24 1.19 1.19 1.19 1.19 1.13 1.13 1.13 1.13 1.08 1.08 1.08 1.08 1.16 1.16 1.16 1.16 1.25 1.25 1.23 1.23 1.30 1.30 1.30 1.30 1.32 1.32 1.32 1.32 1.37 1.37 1.37 1.37
0.62 0.62 0.00 0.62 0.60 0.60 0.60 0.00 0.00 0.00 0.00 0.61 0.72 0.72 0.72 0.72 0.80 0.80 0.80 0.80 0.93 0.93 0.00 0.93 0.94 0.94 0.94 0.94 0.85 1.10 1.10 0.00 0.00 0.00 0.00 0.00 1.09 1.09 1.09 1.09 1.14 1.14 1.14 1.14 1.17 1.17 1.17 1.17 1.23 1.23 1.23 1.23 1.25 1.25 1.25 1.25 1.22 1.22 1.22 1.22 1.22 1.22 1.22 1.22 1.30 1.30 1.30 1.30 1.34 1.34 1.32 1.32 1.33 1.33 1.33 1.33 1.30 1.30 1.30 1.30 1.29 1.29 1.29 1.29
0.57 0.00 0.62 0.00 0.60 0.00 0.00 0.56 0.00 0.00 0.00 0.00 0.00 0.72 0.72 0.72 0.00 0.80 0.80 0.00 0.76 0.93 0.93 0.93 0.94 0.94 0.94 0.94 0.85 1.10 1.10 1.10 0.00 0.00 0.00 0.00 1.09 1.09 1.09 1.09 1.14 1.14 1.14 1.14 1.17 1.17 1.17 1.17 1.23 1.23 1.23 1.23 1.25 1.25 1.25 1.25 1.22 1.22 1.22 1.22 1.22 1.22 1.22 1.22 1.30 1.30 1.30 1.30 1.34 1.34 1.32 1.32 1.33 1.33 1.33 1.33 1.30 1.30 1.30 1.30 1.29 1.29 1.29 1.29
0.00 0.00 0.00 0.00 0.00 0.00 0.60 0.60 0.00 0.00 0.00 0.00 0.00 0.00 0.00 0.00 0.00 0.00 0.00 0.00 0.93 0.93 0.93 0.93 0.94 0.94 0.94 0.94 0.85 1.10 1.10 1.10 1.06 0.00 0.00 0.00 0.00 1.09 1.09 1.09 1.14 1.14 1.14 1.14 1.17 1.17 1.17 1.17 1.23 1.23 1.23 1.23 1.25 1.25 1.25 1.25 1.22 1.22 1.22 1.22 1.22 1.22 1.22 1.22 1.30 1.30 1.30 1.30 1.34 1.34 1.32 1.32 1.33 1.33 1.33 1.33 1.30 1.30 1.30 1.30 1.29 1.29 1.29 1.29
0.00 0.00 0.00 0.00 0.00 0.00 0.00 0.00 0.00 0.00 0.00 0.00 0.00 0.00 0.00 0.72 0.80 0.00 0.80 0.00 0.00 0.00 0.93 0.93 0.94 0.94 0.94 0.94 0.85 1.10 1.10 1.10 1.06 1.06 1.06 0.00 0.00 1.09 1.09 1.09 1.14 1.14 1.14 1.14 1.17 1.17 1.17 1.17 1.23 1.23 1.23 1.23 1.25 1.25 1.25 1.25 1.22 1.22 1.22 1.22 1.22 1.22 1.22 1.22 1.30 1.30 1.30 1.30 1.34 1.34 1.32 1.32 1.33 1.33 1.33 1.33 1.30 1.30 1.30 1.30 1.29 1.29 1.29 1.29
0.63 0.00 0.00 0.00 0.00 0.00 0.00 0.00 0.00 0.00 0.00 0.00 0.00 0.00 0.00 0.00 0.76 0.76 0.00 0.00 0.00 0.74 0.74 0.89 1.00 1.00 0.00 1.00 0.96 1.21 1.21 1.21 1.10 1.10 1.10 0.00 0.00 0.00 1.07 1.07 1.10 1.10 1.10 0.92 1.14 1.14 1.14 1.14 1.22 1.22 1.22 1.22 1.29 1.29 1.29 1.29 1.32 1.32 1.32 1.32 1.30 1.30 1.30 1.30 1.27 1.27 1.27 1.27 1.27 1.27 1.25 1.25 1.25 1.25 1.25 1.25 1.18 1.18 1.18 1.18 1.15 1.15 1.15 1.15
0.00 0.00 0.00 0.00 0.00 0.00 0.00 0.00 0.00 0.00 0.00 0.00 0.00 0.00 0.00 0.69 0.76 0.00 0.00 0.00 0.00 0.74 0.89 0.89 1.00 0.00 0.00 0.00 1.21 1.21 1.21 1.21 1.10 1.10 1.10 0.00 0.00 0.00 1.07 1.07 1.10 1.10 1.10 1.10 1.14 1.14 1.14 1.14 1.22 1.22 1.22 1.22 1.29 1.29 1.29 1.29 1.32 1.32 1.32 1.32 1.30 1.30 1.30 1.30 1.27 1.27 1.27 1.27 1.27 1.27 1.25 1.25 1.25 1.25 1.25 1.25 1.18 1.18 1.18 1.18 1.15 1.15 1.15 1.15
0.00 0.00 0.00 0.00 0.00 0.00 0.00 0.00 0.00 0.00 0.00 0.00 0.00 0.00 0.00 0.69 0.75 0.75 0.00 0.75 0.74 0.88 0.88 0.88 0.00 0.00 0.00 0.00 0.00 1.21 1.21 1.21 1.09 1.09 1.09 1.09 1.07 1.07 1.07 1.07 1.09 1.09 1.09 1.09 1.14 1.14 1.14 1.14 1.22 1.22 1.22 1.22 1.30 1.30 1.30 1.30 1.32 1.32 1.32 1.32 1.28 1.28 1.28 1.28 1.25 1.25 1.25 1.25 1.25 1.25 1.23 1.23 1.23 1.23 1.23 1.23 1.15 1.15 1.15 1.15 1.12 1.12 1.12 1.12
0.00 0.00 0.00 0.00 0.00 0.00 0.00 0.00 0.00 0.00 0.00 0.60 0.00 0.00 0.00 0.00 0.75 0.75 0.75 0.75 0.88 0.88 0.88 0.88 0.00 0.00 0.00 0.00 0.00 1.21 1.21 1.21 1.09 1.09 1.09 1.09 1.07 1.07 1.07 1.07 1.09 1.09 1.09 1.09 1.14 1.14 1.14 1.14 1.22 1.22 1.22 1.22 1.30 1.30 1.30 1.30 1.32 1.32 1.32 1.32 1.28 1.28 1.28 1.28 1.25 1.25 1.25 1.25 1.00 1.25 1.23 1.23 1.23 1.23 1.23 1.23 1.15 1.15 1.15 1.15 1.12 1.12 1.12 1.12
0.00 0.00 0.00 0.00 0.00 0.00 0.00 0.00 0.00 0.00 0.00 0.62 0.66 0.66 0.00 0.00 0.80 0.80 0.80 0.80 0.95 0.95 0.95 0.95 0.00 0.00 0.00 0.00 0.00 1.29 1.29 1.29 1.17 1.17 1.17 1.17 1.16 1.16 1.16 1.16 1.15 1.15 1.15 1.15 1.19 1.19 1.19 1.19 1.25 1.25 1.25 1.25 1.32 1.32 1.32 1.32 1.33 1.33 1.33 1.33 1.22 1.22 1.22 1.22 1.17 1.17 1.17 1.17 0.00 1.18 1.15 1.15 1.17 1.17 1.17 1.17 1.10 1.10 1.10 1.10 1.08 1.08 1.08 1.08
0.00 0.00 0.00 0.00 0.00 0.00 0.00 0.00 0.00 0.00 0.00 0.00 0.00 0.00 0.66 0.72 0.80 0.80 0.80 0.80 0.95 0.95 0.95 0.95 0.00 0.00 0.00 0.00 0.00 1.29 1.29 1.29 1.17 1.17 1.17 1.17 1.16 1.16 1.16 1.16 1.15 1.15 1.15 1.15 1.19 1.19 1.19 1.19 1.25 1.25 1.25 1.25 1.32 1.32 1.32 1.32 1.33 1.33 1.33 1.33 1.22 1.22 1.22 1.22 1.17 1.17 1.17 1.17 1.18 1.18 1.15 1.15 1.17 1.17 1.17 1.17 1.10 1.10 1.10 1.10 1.08 1.08 1.08 1.08
0.00 0.00 0.00 0.00 0.00 0.00 0.00 0.00 0.00 0.62 0.62 0.62 0.66 0.66 0.66 0.66 0.80 0.80 0.80 0.80 0.95 0.95 0.95 0.95 0.00 0.00 0.00 0.00 0.00 0.00 1.29 1.29 1.17 1.17 1.17 1.17 1.16 1.16 1.16 1.16 1.15 1.15 1.15 1.15 1.19 1.19 1.19 1.19 1.25 1.25 1.25 1.25 1.32 1.32 1.32 1.32 1.33 1.33 1.33 1.33 1.22 1.22 1.22 1.22 1.17 1.17 1.17 1.17 1.18 1.18 1.15 1.15 1.17 1.17 1.17 1.17 1.10 1.10 1.10 1.10 1.08 1.08 1.08 1.08
0.00 0.00 0.00 0.00 0.00 0.00 0.00 0.00 0.60 0.62 0.62 0.62 0.66 0.66 0.66 0.66 0.80 0.80 0.80 0.80 0.95 0.95 0.00 0.00 0.00 0.00 0.00 0.00 0.00 0.00 1.29 1.29 0.00 1.17 1.17 0.00 0.00 0.00 1.16 1.16 1.15 1.15 1.15 1.15 1.19 1.19 1.19 1.19 1.25 1.25 1.25 1.25 1.32 1.32 1.32 1.32 1.33 1.33 1.33 1.33 1.22 1.22 1.22 1.22 1.17 1.17 1.17 1.17 1.18 1.18 1.15 1.15 1.17 1.17 1.17 1.17 1.10 1.10 1.10 1.10 1.08 1.08 1.08 1.08
0.00 0.00 0.00 0.00 0.00 0.00 0.00 0.00 0.69 0.69 0.69 0.69 0.76 0.76 0.76 0.76 0.93 0.93 0.93 0.93 1.06 0.00 0.00 0.00 0.00 0.00 0.00 0.00 0.00 0.00 0.00 0.00 0.00 0.00 0.00 0.00 0.00 1.22 1.22 1.22 1.19 1.19 1.19 1.19 1.23 1.23 1.23 1.23 1.26 1.26 1.26 1.26 1.31 1.31 1.31 1.31 1.31 1.31 1.31 1.31 1.22 1.22 1.22 1.22 1.19 1.19 1.19 1.19 1.17 1.17 1.14 1.14 1.10 1.10 1.10 1.10 1.09 1.09 1.09 1.09 1.09 1.09 1.09 1.09
0.00 0.00 0.00 0.00 0.00 0.00 0.00 0.65 0.69 0.69 0.69 0.69 0.76 0.76 0.76 0.76 0.87 0.93 0.93 0.93 1.06 1.06 0.00 0.00 0.00 0.00 0.00 0.00 0.00 0.00 0.00 0.00 0.00 0.00 0.00 0.00 0.00 0.00 0.00 1.22 1.19 1.19 1.19 1.19 1.23 1.23 1.23 1.23 1.26 1.26 1.26 1.26 1.31 1.31 1.31 1.31 1.31 1.31 1.31 1.31 1.22 1.22 1.22 1.22 1.19 1.19 1.19 1.19 1.17 1.17 1.14 1.14 1.10 1.10 1.10 1.10 1.09 1.09 1.09 1.09 1.09 1.09 1.09 1.09
0.00 0.00 0.00 0.00 0.00 0.00 0.65 0.65 0.69 0.69 0.69 0.69 0.76 0.76 0.76 0.76 0.87 0.93 0.93 0.00 0.00 0.00 0.00 0.00 0.00 0.00 0.00 0.00 0.00 0.00 0.00 0.00 0.00 0.00 0.00 0.00 0.00 0.00 0.00 1.22 1.19 1.19 1.19 1.19 1.23 1.23 1.23 1.23 1.26 1.26 1.26 1.26 1.31 1.31 1.31 1.31 1.31 1.31 1.31 1.31 1.22 1.22 1.22 1.22 1.19 1.19 1.19 1.19 1.17 1.17 1.14 1.14 1.10 1.10 1.10 1.10 1.09 1.09 1.09 1.09 1.09 1.09 1.09 0.00
0.00 0.00 0.00 0.00 0.00 0.00 0.65 0.65 0.69 0.69 0.69 0.69 0.76 0.76 0.76 0.76 0.00 0.00 0.00 0.00 0.00 0.00 0.00 0.00 0.00 0.00 0.00 0.00 0.00 0.00 0.00 0.00 0.00 0.00 0.00 0.00 1.22 1.22 1.22 1.22 1.19 1.19 1.19 1.19 1.23 1.23 1.23 1.23 1.26 1.26 1.26 1.26 1.31 1.31 1.31 1.31 1.31 1.31 1.31 1.31 1.22 1.22 1.22 1.22 1.19 1.19 1.19 1.19 1.17 1.17 1.14 1.14 1.10 1.10 1.10 1.10 1.09 1.09 1.09 1.09 1.09 1.09 1.09 0.95
0.00 0.00 0.00 0.00 0.00 0.71 0.71 0.71 0.75 0.75 0.75 0.75 0.86 0.86 0.86 0.86 1.03 1.03 1.09 0.00 0.00 0.00 0.00 0.00 0.00 0.00 0.00 0.00 0.00 1.01 1.26 0.00 0.00 0.00 0.00 1.23 1.19 1.19 1.19 1.19 1.21 1.21 1.21 1.21 1.25 1.25 1.25 1.25 1.26 1.26 1.26 1.26 1.30 1.30 1.30 1.30 1.28 1.28 1.28 1.28 1.25 1.25 1.25 1.25 1.25 1.25 1.25 1.25 1.18 1.18 1.15 1.15 1.05 1.05 1.05 1.05 1.06 1.06 1.06 1.06 1.11 1.11 1.11 1.11
0.00 0.00 0.00 0.00 0.00 0.71 0.71 0.71 0.75 0.00 0.75 0.75 0.86 0.86 0.86 0.86 1.03 1.03 1.09 1.09 1.13 0.00 0.00 1.13 1.04 0.00 0.00 0.00 0.00 0.00 0.00 0.00 0.00 0.00 1.23 1.23 1.19 1.19 1.19 1.19 1.21 1.21 1.21 1.21 1.25 1.25 1.25 1.25 1.26 1.26 1.26 1.26 1.30 1.30 1.30 1.30 1.28 1.28 1.28 1.28 1.25 1.25 1.25 1.25 1.25 1.25 1.25 1.25 1.18 1.18 1.15 1.15 1.05 1.05 1.05 1.05 1.06 1.06 1.06 1.06 0.00 1.11 1.11 1.11
0.00 0.00 0.00 0.00 0.00 0.71 0.71 0.71 0.00 0.00 0.75 0.75 0.86 0.86 0.86 0.86 1.03 1.03 1.03 1.09 1.13 1.13 1.13 1.13 1.04 1.04 0.00 0.00 0.00 0.00 0.00 0.00 0.00 0.00 0.00 1.23 1.19 1.19 1.19 1.19 1.21 1.21 1.21 1.21 1.25 1.25 1.25 1.25 1.26 1.26 1.26 1.26 1.30 1.30 1.30 1.30 1.28 1.28 1.28 1.28 1.25 1.25 1.25 1.25 1.25 1.25 1.25 1.25 1.18 1.18 1.15 1.15 1.05 1.05 1.05 1.05 1.06 1.06 1.06 1.06 1.11 1.11 1.11 1.11
0.00 0.00 0.00 0.00 0.71 0.71 0.71 0.00 0.00 0.00 0.00 0.64 0.86 0.86 0.86 0.86 1.03 1.03 1.03 1.09 1.13 1.13 1.13 1.13 1.04 1.04 1.04 0.00 0.00 0.00 0.00 0.00 0.00 0.00 0.00 0.00 1.19 1.19 1.19 1.19 1.21 1.21 1.21 1.21 1.25 1.25 1.25 1.25 1.26 1.26 1.26 1.26 1.30 1.30 1.30 1.30 1.28 1.28 1.28 1.28 1.25 1.25 1.25 1.25 1.25 1.25 1.25 1.25 1.18 1.18 1.15 1.15 1.05 1.05 1.05 0.00 0.00 1.06 1.06 1.06 1.11 1.11 0.00 1.11
0.00 0.00 0.00 0.00 0.00 0.00 0.62 0.00 0.00 0.00 0.76 0.76 0.92 0.92 0.92 0.92 1.09 1.09 1.09 1.09 1.03 1.03 1.03 1.03 0.90 0.90 0.90 1.15 1.12 1.12 0.00 0.00 0.00 0.00 0.00 0.00 1.16 1.16 1.16 1.16 1.25 1.25 1.25 1.25 1.27 1.27 1.27 1.27 1.28 1.28 1.28 1.28 1.28 1.28 1.28 1.28 1.21 1.21 1.21 1.21 1.20 1.20 1.20 1.20 1.25 1.25 1.25 1.25 1.19 1.19 1.17 1.17 1.07 1.07 0.00 0.00 0.00 0.00 0.00 0.00 0.95 0.00 0.00 0.00
0.00 0.00 0.00 0.00 0.00 0.00 0.00 0.00 0.00 0.00 0.76 0.76 0.92 0.92 0.92 0.92 1.09 1.09 1.09 1.09 1.03 1.03 1.03 1.03 0.90 0.90 0.90 1.15 1.12 1.12 1.12 0.00 1.12 0.00 1.12 0.00 1.16 1.16 1.16 1.16 1.25 1.25 1.25 1.25 1.27 1.27 1.27 1.27 1.28 1.28 1.28 1.28 1.28 1.28 1.28 1.28 1.21 1.21 1.21 1.21 1.20 1.20 1.20 1.20 1.25 1.25 1.25 1.25 1.19 1.19 1.17 1.17 1.07 1.07 1.07 1.07 0.00 0.00 0.00 0.00 0.00 0.00 0.00 0.00
0.00 0.00 0.00 0.00 0.00 0.00 0.00 0.00 0.75 0.75 0.75 0.75 0.89 0.89 0.89 0.89 1.05 1.05 1.05 1.05 1.00 1.00 1.00 1.00 0.88 0.88 0.88 1.12 1.09 1.09 1.09 1.09 1.09 1.09 1.09 0.00 1.12 1.12 1.12 1.12 1.20 1.20 1.20 1.20 1.21 1.21 1.21 1.21 1.21 1.21 1.21 1.21 1.22 1.22 1.22 1.22 1.15 1.15 1.15 1.15 1.15 1.15 1.15 1.15 1.20 1.20 1.20 1.20 1.15 1.15 1.13 1.13 1.04 1.04 1.04 1.04 1.02 1.02 1.02 0.00 0.00 0.00 0.00 0.00
0.00 0.00 0.00 0.00 0.00 0.00 0.67 0.71 0.00 0.75 0.75 0.75 0.89 0.89 0.89 0.89 1.05 1.05 1.05 1.05 0.94 1.00 1.00 1.00 0.88 0.88 0.88 1.12 1.09 1.09 1.09 1.09 1.09 1.09 1.09 0.00 1.12 1.12 1.12 1.12 1.20 1.20 1.20 1.20 1.21 1.21 1.21 1.21 1.21 1.21 1.21 1.21 1.22 1.22 1.22 1.22 1.15 1.15 1.15 1.15 1.15 1.15 1.15 1.15 1.20 1.20 1.20 1.20 1.15 1.15 1.13 1.13 1.04 1.04 1.04 1.04 1.02 1.02 1.02 0.00 0.00 0.00 0.00 0.00
0.00 0.00 0.00 0.00 0.00 0.62 0.73 0.73 0.81 0.81 0.81 0.81 0.99 0.99 0.99 0.99 1.02 1.02 1.02 1.02 0.83 0.89 0.89 0.89 0.79 0.79 0.79 1.03 1.02 0.88 1.02 1.02 1.05 1.05 1.05 1.05 1.13 1.13 1.13 1.13 1.23 1.23 1.23 1.23 1.23 1.23 1.23 1.23 1.22 1.22 1.22 1.22 1.15 1.15 1.15 1.15 1.05 1.05 1.05 1.05 1.04 1.04 1.04 1.04 1.10 1.10 1.10 1.10 1.17 1.17 1.15 1.15 1.14 1.14 1.14 1.14 1.06 1.06 1.06 0.00 0.00 0.00 0.00 0.00
0.00 0.00 0.00 0.00 0.00 0.73 0.73 0.73 0.81 0.81 0.81 0.81 0.99 0.99 0.99 0.99 1.02 1.02 1.02 1.02 0.83 0.83 0.89 0.89 0.79 0.79 0.79 1.03 1.02 0.88 1.02 1.02 1.05 1.05 1.05 1.05 1.13 1.13 1.13 1.13 1.23 1.23 1.23 1.23 1.23 1.23 1.23 1.23 1.22 1.22 1.22 1.22 1.15 1.15 1.15 1.15 1.05 1.05 1.05 1.05 1.04 1.04 1.04 1.04 1.10 1.10 1.10 1.10 1.17 1.17 1.15 1.15 1.14 1.14 1.14 1.14 1.06 1.06 0.00 0.00 0.00 0.00 0.00 0.00
0.00 0.00 0.00 0.00 0.00 0.00 0.00 0.00 0.81 0.81 0.81 0.81 0.99 0.99 0.99 0.75 1.02 1.02 1.02 1.02 0.83 0.83 0.89 0.89 0.79 0.79 0.79 1.03 1.02 1.02 1.02 1.02 1.05 1.05 1.05 1.05 1.13 1.13 1.13 1.13 1.23 1.23 1.23 1.23 1.23 1.23 1.23 1.23 1.22 1.22 1.22 1.22 1.15 1.15 1.15 1.15 1.05 1.05 1.05 1.05 1.04 1.04 1.04 1.04 1.10 1.10 1.10 1.10 1.17 1.17 1.15 1.15 1.14 1.14 1.14 1.14 1.06 1.06 1.00 0.00 0.00 0.00 0.00 0.00
0.00 0.00 0.00 0.00 0.00 0.00 0.00 0.00 0.81 0.81 0.81 0.81 0.99 0.99 0.99 0.99 1.02 1.02 1.02 1.02 0.83 0.83 0.89 0.89 0.79 0.79 1.03 1.03 1.02 1.02 1.02 1.02 1.05 1.05 1.05 1.05 1.13 1.13 1.13 1.13 1.23 1.23 1.23 1.23 1.23 1.23 1.23 1.23 1.22 1.22 1.22 1.22 1.15 1.15 1.15 1.15 1.05 1.05 1.05 1.05 0.00 0.00 1.04 1.04 0.00 1.10 1.10 1.10 1.17 1.17 1.15 1.15 1.14 1.14 1.14 1.14 1.06 1.06 1.06 0.93 0.00 0.00 0.00 0.00
