New_Model_Runs/8_Future_Present_Scn1_out/post_prcessed_with_MFR/Monthly_summaries/interception_monthly_MAR.asc
NCOLS 700
NROWS 400
XLLCENTER 515000.000000
YLLCENTER 8409000.000000
CELLSIZE 50.000000
NODATA_value -999.000000
[rows 76 to 113 of 400, columns 336 to 419 of 700]
0.00 0.00 0.00 0.00 0.00 0.00 0.00 0.00 0.00 0.00 0.00 0.00 0.00 0.00 0.00 0.00 0.00 0.00 0.00 0.00 0.00 0.00 0.00 0.00 0.00 0.00 0.00 0.00 0.00 0.00 0.00 0.00 0.00 0.00 0.00 0.00 0.00 0.00 0.00 0.00 0.00 0.00 0.00 0.00 0.00 0.00 0.00 0.00 0.00 0.00 0.00 0.00 0.00 0.00 0.00 0.00 0.00 1.63 1.63 1.63 1.62 1.62 1.62 1.62 1.49 1.49 1.49 1.49 1.42 0.00 0.00 0.00 0.00 0.00 0.00 0.00 0.00 0.00 0.00 0.00 0.00 0.00 0.00 0.00
0.00 0.00 0.00 0.00 0.00 0.00 0.00 0.00 0.00 0.00 0.00 0.00 0.00 0.00 0.00 0.00 0.00 0.00 0.00 0.00 0.00 0.00 0.00 0.00 0.00 0.00 0.00 0.00 0.00 0.00 0.00 0.00 0.00 0.00 0.00 0.00 0.00 0.00 0.00 0.00 0.00 0.00 0.00 0.00 0.00 0.00 0.00 0.00 0.00 1.46 1.46 0.00 0.00 0.00 1.53 1.53 1.63 1.63 1.63 1.63 1.62 0.00 0.00 0.00 0.00 0.00 0.00 0.00 0.00 0.00 0.00 0.00 0.00 0.00 0.00 0.00 0.00 0.00 0.00 0.00 0.00 0.00 0.00 0.00
0.00 0.00 0.00 0.00 0.00 0.00 0.00 0.00 0.00 0.00 0.00 0.00 0.00 0.00 0.00 0.00 0.00 0.00 0.00 0.00 0.00 0.00 0.00 0.00 0.00 0.00 0.00 0.00 0.00 0.00 0.00 0.00 0.00 0.00 0.00 0.00 0.00 0.00 0.00 0.00 0.00 0.00 0.00 0.00 0.00 0.00 0.00 0.00 1.46 1.46 1.46 1.46 1.53 1.53 1.53 1.53 1.63 1.63 1.63 1.63 1.62 0.00 0.00 0.00 0.00 0.00 0.00 0.00 0.00 0.00 0.00 0.00 0.00 0.00 0.00 0.00 0.00 0.00 0.00 0.00 0.00 0.00 0.00 0.00
0.00 0.00 0.00 0.00 0.00 0.00 0.00 0.00 0.00 0.00 0.00 0.00 0.00 0.00 0.00 0.00 0.00 0.00 0.00 0.00 0.00 0.00 0.00 0.00 0.00 0.00 0.00 0.00 0.00 0.00 0.00 0.00 0.00 0.00 0.00 0.00 0.00 0.00 0.00 0.00 0.00 0.00 0.00 0.00 0.00 0.00 0.00 0.00 1.46 1.46 1.46 1.46 1.53 1.53 1.53 1.53 1.63 0.00 1.63 1.63 0.00 0.00 0.00 0.00 0.00 0.00 0.00 0.00 0.00 0.00 0.00 0.00 0.00 0.00 0.00 0.00 0.00 0.00 0.00 0.00 0.00 0.00 0.00 0.00
0.00 0.00 0.00 0.00 0.00 0.00 0.00 0.00 0.00 0.00 0.00 0.00 0.00 0.00 0.00 0.00 0.00 0.00 0.00 0.00 0.00 0.00 0.00 0.00 0.00 0.00 0.00 0.00 0.00 0.00 0.00 0.00 0.00 0.00 0.00 0.00 0.00 0.00 0.00 0.00 0.00 0.00 0.00 0.00 0.00 0.00 0.00 1.37 1.49 1.49 1.49 1.49 1.64 1.64 1.64 1.64 1.58 1.58 1.58 1.58 0.00 0.00 1.42 0.00 0.00 0.00 0.00 0.00 0.00 0.00 0.00 0.00 0.00 0.00 0.00 0.00 0.00 0.00 0.00 0.00 0.00 0.00 0.00 0.00
0.00 0.00 0.00 0.00 0.00 0.00 0.00 0.00 0.00 0.00 0.00 0.00 0.00 0.00 0.00 0.00 0.00 0.00 0.00 0.00 0.00 0.00 0.00 0.00 0.00 0.00 0.00 0.00 0.00 0.00 0.00 0.00 0.00 0.00 0.00 0.00 0.00 0.00 0.00 0.00 0.00 0.00 0.00 0.00 0.00 0.00 0.00 1.37 1.49 1.49 1.49 1.49 1.64 1.64 1.64 1.64 1.58 1.24 1.58 1.58 1.42 1.42 1.42 0.00 0.00 0.00 0.00 0.00 0.00 0.00 0.00 0.00 0.00 0.00 0.00 0.00 0.00 0.00 0.00 0.00 0.00 0.00 0.00 0.00
0.00 0.00 0.00 0.00 0.00 0.00 0.00 0.00 0.00 0.00 0.00 0.00 0.00 0.00 0.00 0.00 0.00 0.00 0.00 0.00 0.00 0.00 0.00 0.00 0.00 0.00 0.00 0.00 0.00 0.00 0.00 0.00 0.00 0.00 0.00 0.00 0.00 1.54 1.54 1.54 1.53 0.00 0.00 0.00 0.00 0.00 0.00 1.43 1.58 1.58 1.58 1.58 1.75 1.75 1.75 1.75 0.00 0.00 1.68 1.68 1.50 1.50 0.00 0.00 0.00 0.00 0.00 0.00 0.00 0.00 0.00 0.00 0.00 0.00 0.00 0.00 0.00 0.00 0.00 0.00 0.00 0.00 0.00 1.54
0.00 0.00 0.00 0.00 0.00 0.00 0.00 0.00 0.00 0.00 0.00 0.00 0.00 0.00 0.00 0.00 0.00 0.00 0.00 0.00 0.00 0.00 0.00 0.00 0.00 0.00 0.00 0.00 0.00 0.00 0.00 0.00 0.00 0.00 0.00 0.00 1.54 1.54 1.54 1.54 1.53 1.53 1.53 0.00 0.00 1.43 1.43 1.43 1.58 1.58 1.58 1.58 1.75 1.75 1.75 1.75 1.68 1.68 1.68 1.68 1.50 0.00 0.00 0.00 0.00 0.00 0.00 0.00 0.00 0.00 0.00 0.00 0.00 0.00 0.00 0.00 0.00 0.00 0.00 0.00 1.54 1.54 1.54 1.54
0.00 0.00 0.00 0.00 0.00 0.00 0.00 0.00 0.00 0.00 0.00 0.00 0.00 0.00 0.00 0.00 0.00 0.00 0.00 0.00 0.00 0.00 0.00 0.00 0.00 0.00 0.00 0.00 0.00 0.00 0.00 0.00 0.00 0.00 0.00 1.51 1.57 1.57 1.57 1.57 1.55 1.55 1.55 1.55 1.61 1.56 1.56 1.56 1.72 1.72 1.72 1.72 1.69 1.69 1.69 1.69 1.46 1.46 1.46 1.46 1.38 0.00 0.00 0.00 0.00 0.00 0.00 0.00 0.00 0.00 0.00 0.00 0.00 0.00 0.00 0.00 0.00 0.00 0.00 0.00 1.52 1.52 1.52 1.52
0.00 0.00 0.00 0.00 0.00 0.00 0.00 0.00 0.00 0.00 0.00 0.00 0.00 0.00 0.00 0.00 0.00 0.00 0.00 0.00 0.00 0.00 0.00 0.00 0.00 0.00 0.00 0.00 0.00 0.00 0.00 0.00 0.00 1.51 1.51 1.51 1.57 1.57 1.57 1.57 1.55 1.55 1.55 1.55 1.61 1.61 1.56 1.56 1.72 1.72 1.72 1.72 1.69 1.69 1.69 1.69 1.46 1.46 1.46 0.00 0.00 0.00 0.00 0.00 0.00 0.00 0.00 0.00 0.00 0.00 0.00 0.00 0.00 0.00 0.00 0.00 0.00 0.00 0.00 1.43 1.52 0.00 1.52 1.52
0.00 0.00 0.00 0.00 0.00 0.00 0.00 0.00 0.00 0.00 0.00 0.00 0.00 0.00 0.00 0.00 0.00 0.00 0.00 0.00 0.00 0.00 0.00 0.00 0.00 0.00 0.00 0.00 0.00 0.00 0.00 0.00 0.00 1.51 1.51 1.51 1.57 1.57 1.57 1.57 1.55 1.55 1.55 1.55 1.61 1.61 1.61 1.56 1.72 1.72 1.72 1.72 1.69 1.69 1.69 1.69 1.46 1.46 0.00 0.00 0.00 0.00 0.00 0.00 0.00 0.00 0.00 0.00 0.00 0.00 0.00 0.00 0.00 0.00 0.00 0.00 0.00 0.00 0.00 1.43 1.52 1.52 1.52 1.52
0.00 0.00 0.00 0.00 0.00 0.00 0.00 0.00 0.00 0.00 0.00 0.00 0.00 0.00 0.00 0.00 0.00 0.00 0.00 0.00 0.00 0.00 0.00 0.00 0.00 0.00 0.00 0.00 0.00 0.00 0.00 0.00 0.00 1.51 1.51 1.51 1.57 1.57 1.57 1.57 1.55 1.55 1.55 1.55 1.61 1.61 1.61 1.61 1.72 1.72 1.72 0.00 1.69 1.69 1.69 1.69 1.46 0.00 0.00 0.00 0.00 0.00 0.00 0.00 0.00 0.00 0.00 0.00 0.00 0.00 0.00 0.00 0.00 0.00 0.00 0.00 0.00 0.00 1.43 1.43 1.52 1.52 1.52 1.52
0.00 0.00 0.00 0.00 0.00 0.00 0.00 0.00 0.00 0.00 0.00 0.00 0.00 0.00 0.00 0.00 0.00 0.00 0.00 0.00 0.00 0.00 0.00 0.00 0.00 0.00 0.00 0.00 0.00 0.00 0.00 0.00 0.00 0.00 1.43 1.43 1.53 1.53 1.53 1.53 1.60 1.60 1.60 1.60 1.67 1.67 1.67 0.00 1.37 1.28 1.28 1.62 1.47 1.47 1.47 1.47 1.35 1.35 0.00 0.00 0.00 0.00 0.00 0.00 0.00 0.00 0.00 0.00 0.00 0.00 0.00 0.00 0.00 0.00 0.00 0.00 0.00 1.40 1.40 1.40 1.51 1.51 1.51 1.51
0.00 0.00 0.00 0.00 0.00 0.00 0.00 0.00 0.00 0.00 0.00 0.00 0.00 0.00 0.00 0.00 0.00 0.00 0.00 0.00 0.00 0.00 0.00 0.00 0.00 0.00 0.00 0.00 0.00 0.00 0.00 0.00 0.00 0.00 0.00 1.43 1.53 1.53 1.53 1.53 1.60 1.60 1.60 1.60 1.67 1.67 0.00 0.00 0.00 1.37 1.62 1.62 1.47 1.47 1.47 1.47 1.35 1.35 0.00 0.00 0.00 0.00 0.00 0.00 0.00 0.00 0.00 0.00 0.00 0.00 0.00 0.00 0.00 0.00 0.00 0.00 1.40 1.40 1.40 1.40 1.51 1.51 1.51 1.51
0.00 0.00 0.00 0.00 0.00 0.00 0.00 0.00 0.00 0.00 0.00 0.00 0.00 0.00 0.00 0.00 0.00 0.00 0.00 0.00 0.00 0.00 0.00 0.00 0.00 0.00 0.00 0.00 0.00 0.00 0.00 0.00 0.00 0.00 0.00 1.43 1.53 1.53 1.53 1.53 1.60 1.60 1.60 1.60 1.67 1.67 0.00 0.00 1.67 1.37 1.67 1.62 1.47 1.47 1.47 1.47 1.35 1.35 0.00 0.00 0.00 0.00 0.00 0.00 0.00 0.00 0.00 0.00 0.00 0.00 0.00 0.00 0.00 0.00 0.00 1.33 1.40 1.40 1.40 1.40 1.51 1.51 1.51 1.51
0.00 0.00 0.00 0.00 0.00 0.00 0.00 0.00 0.00 0.00 0.00 0.00 0.00 0.00 0.00 0.00 0.00 0.00 0.00 0.00 0.00 0.00 0.00 1.47 1.48 1.48 0.00 0.00 0.00 0.00 0.00 0.00 0.00 0.00 0.00 0.00 1.53 1.53 1.53 1.53 1.60 1.60 1.60 1.60 1.67 1.67 1.67 1.67 1.67 1.67 1.67 1.67 1.47 1.47 1.47 1.47 1.35 1.35 0.00 0.00 0.00 0.00 0.00 0.00 0.00 0.00 0.00 0.00 0.00 0.00 0.00 0.00 0.00 0.00 0.00 1.33 1.40 1.40 1.40 1.40 1.51 1.51 1.51 1.51
0.00 0.00 0.00 0.00 0.00 0.00 0.00 0.00 0.00 0.00 0.00 0.00 0.00 0.00 0.00 0.00 0.00 0.00 0.00 0.00 0.00 0.00 0.00 1.46 1.47 1.47 1.47 0.00 0.00 0.00 0.00 0.00 0.00 0.00 0.00 0.00 1.49 1.49 1.49 1.49 1.62 1.62 1.62 1.62 1.63 1.63 1.63 1.63 1.56 1.56 1.56 1.56 1.50 1.45 1.45 1.45 1.36 1.36 1.36 0.00 0.00 0.00 0.00 0.00 0.00 0.00 0.00 0.00 0.00 0.00 0.00 0.00 0.00 0.00 1.31 0.00 0.00 1.34 1.14 1.34 1.45 1.45 1.45 1.45
0.00 0.00 0.00 0.00 0.00 0.00 0.00 0.00 0.00 0.00 0.00 0.00 0.00 0.00 0.00 0.00 0.00 0.00 0.00 0.00 0.00 0.00 0.00 1.46 1.47 1.47 1.47 1.47 0.00 0.00 0.00 0.00 0.00 0.00 0.00 0.00 0.00 1.49 1.49 1.49 1.62 1.62 1.62 1.62 1.63 1.63 1.63 1.63 1.56 1.56 1.56 1.56 1.50 1.50 1.45 1.45 1.36 1.36 1.15 0.00 0.00 0.00 1.13 0.00 0.00 0.00 0.00 0.00 1.32 0.00 0.00 0.00 0.00 0.00 0.00 0.00 0.00 1.14 1.14 1.34 1.45 1.45 1.45 1.45
0.00 0.00 0.00 0.00 0.00 0.00 0.00 0.00 0.00 0.00 0.00 0.00 0.00 0.00 0.00 0.00 0.00 0.00 0.00 0.00 0.00 0.00 1.55 1.46 1.47 1.47 1.47 1.47 1.43 0.00 0.00 0.00 0.00 0.00 0.00 0.00 0.00 1.49 1.49 1.49 1.62 1.62 1.62 1.62 1.63 1.63 1.63 1.63 1.56 1.56 1.56 1.56 1.50 1.50 1.50 1.45 1.36 1.36 0.00 0.00 0.00 1.32 1.13 1.32 0.00 0.00 0.00 0.00 1.32 0.00 0.00 0.00 0.00 0.00 0.00 0.00 0.00 1.34 1.34 1.34 1.45 1.45 1.45 1.45
0.00 0.00 0.00 0.00 0.00 0.00 0.00 0.00 0.00 0.00 0.00 0.00 0.00 0.00 0.00 0.00 0.00 0.00 0.00 0.00 0.00 0.00 1.55 1.46 1.47 1.47 1.47 1.47 1.43 1.43 0.00 0.00 0.00 0.00 0.00 0.00 1.49 1.49 1.49 1.49 1.62 1.62 1.62 1.62 1.63 1.63 1.63 1.63 1.56 1.56 1.56 1.56 1.50 1.50 1.50 1.50 1.36 1.36 0.00 0.00 1.13 1.32 1.32 1.32 0.00 0.00 0.00 0.00 1.26 0.00 0.00 1.32 0.00 0.00 0.00 0.00 0.00 0.00 1.34 1.34 1.45 1.45 1.45 1.45
0.00 0.00 0.00 0.00 0.00 0.00 0.00 0.00 0.00 0.00 0.00 0.00 0.00 0.00 0.00 0.00 1.56 0.00 1.56 1.56 1.58 1.58 1.58 1.58 1.50 1.50 1.50 1.50 1.45 1.45 1.45 0.00 0.00 0.00 0.00 0.00 1.51 1.51 1.51 1.51 1.58 1.58 1.58 1.58 1.58 1.58 1.58 1.58 1.58 1.58 1.58 1.58 1.53 1.53 1.53 1.53 1.41 1.41 0.00 0.00 0.00 1.36 0.00 1.36 0.00 0.00 1.36 1.36 1.31 1.31 0.00 0.00 0.00 0.00 0.00 0.00 0.00 0.00 0.00 1.28 0.00 1.36 1.36 1.36
0.00 0.00 0.00 0.00 0.00 0.00 0.00 0.00 1.58 1.58 0.00 0.00 0.00 1.57 1.57 1.57 1.56 1.56 1.56 1.56 1.58 1.58 1.58 1.58 1.50 1.50 1.50 1.50 1.45 1.45 1.45 1.45 1.42 1.42 1.42 1.42 1.51 1.51 1.51 1.51 1.58 1.58 1.58 1.58 1.58 1.58 1.58 1.58 1.58 1.58 1.58 1.58 1.53 1.53 1.53 1.53 1.41 1.41 0.00 1.36 1.36 1.36 0.00 1.15 1.15 1.15 1.36 1.36 1.31 0.00 0.00 0.00 0.00 0.00 0.00 0.00 0.00 0.00 1.28 1.28 1.15 1.15 1.36 1.36
0.00 0.00 0.00 0.00 0.00 0.00 0.00 1.63 1.65 1.65 1.65 1.65 1.64 1.64 1.64 1.64 1.64 1.64 1.64 1.64 1.66 1.66 1.66 1.66 1.58 1.58 1.58 1.58 1.51 1.51 1.51 1.51 1.49 1.49 1.49 1.49 1.59 1.59 1.59 1.59 1.68 1.68 1.68 1.68 1.68 1.68 1.68 1.68 1.67 1.67 1.67 1.67 1.61 1.61 1.61 1.61 1.47 1.47 0.00 1.47 1.42 1.42 0.00 0.00 1.40 1.40 1.40 1.40 1.34 0.00 0.00 0.00 0.00 0.00 0.00 0.00 0.00 0.00 0.00 1.15 1.18 1.40 1.40 1.40
0.00 0.00 0.00 0.00 0.00 0.00 0.00 0.00 1.65 1.65 1.65 1.65 1.64 1.64 1.64 1.64 1.64 1.64 1.64 1.64 1.66 1.66 1.66 1.66 1.68 1.58 1.58 1.58 1.51 1.51 1.51 1.51 1.49 1.49 1.49 1.49 1.59 1.59 1.59 1.59 1.68 1.68 1.68 1.68 1.68 1.68 1.68 1.68 1.67 1.67 1.67 1.67 1.61 1.61 1.61 1.61 1.47 1.47 1.28 1.47 1.48 1.42 1.42 1.42 1.40 1.40 1.40 1.40 1.34 0.00 0.00 0.00 0.00 0.00 0.00 1.31 0.00 0.00 0.00 0.00 1.18 1.40 1.40 1.40
0.00 0.00 0.00 0.00 0.00 0.00 0.00 0.00 1.67 1.67 1.67 1.67 1.71 1.71 1.71 1.71 1.69 1.69 1.69 1.69 1.68 1.68 1.68 1.68 1.71 1.60 1.60 1.60 1.58 1.58 1.58 1.58 1.60 1.60 1.60 1.60 1.63 1.63 1.63 1.63 1.64 1.64 1.64 1.64 1.67 1.67 1.67 1.67 1.70 1.70 1.70 1.70 1.61 1.61 1.61 1.61 1.51 1.51 1.51 1.51 1.54 1.54 1.48 1.48 1.43 1.43 1.43 1.43 1.34 1.34 0.00 0.00 0.00 0.00 1.30 1.30 0.00 0.00 0.00 0.00 0.00 0.00 1.42 1.42
0.00 0.00 0.00 0.00 0.00 0.00 0.00 0.00 1.67 1.67 1.67 1.67 1.71 1.71 1.71 1.71 1.69 1.69 1.69 1.69 1.68 1.68 1.68 1.68 1.71 1.60 1.60 1.60 1.58 1.58 1.58 1.58 1.60 1.60 1.60 1.60 1.63 1.63 1.63 1.63 1.64 1.64 1.64 1.64 1.67 1.67 1.67 1.67 1.70 1.70 1.70 1.70 1.61 1.61 1.61 1.61 1.51 1.51 1.51 1.51 1.54 1.54 1.54 1.48 1.43 1.43 1.43 1.43 1.34 1.34 0.00 0.00 0.00 0.00 0.00 1.30 1.31 0.00 0.00 1.14 1.42 1.42 0.00 1.42
0.00 0.00 0.00 0.00 0.00 0.00 0.00 0.00 1.67 1.67 1.67 1.67 1.71 1.71 1.71 1.71 1.69 1.69 1.69 1.69 1.68 1.68 1.68 1.68 1.71 1.71 1.60 1.60 1.58 1.58 1.58 1.58 1.60 1.60 1.60 1.60 1.63 1.63 1.63 1.63 1.64 1.64 1.64 1.64 1.67 1.67 1.67 1.67 1.70 1.70 1.70 1.70 1.61 1.61 1.61 1.61 1.51 1.51 1.51 1.51 1.54 1.54 1.54 1.54 1.43 1.43 1.43 1.43 1.34 1.34 1.34 1.34 0.00 0.00 0.00 0.00 1.31 1.31 1.14 1.31 1.42 1.42 1.42 1.42
0.00 0.00 0.00 0.00 0.00 0.00 0.00 1.56 1.67 1.67 1.67 1.67 1.71 1.71 1.71 1.71 1.69 1.69 1.69 1.69 1.68 1.68 1.68 1.68 1.71 1.71 1.60 1.60 1.58 1.58 1.58 1.58 1.60 1.60 1.60 1.60 1.63 1.63 1.63 1.63 1.64 1.64 1.64 1.64 1.67 1.67 1.67 1.67 1.70 1.70 1.70 1.70 1.61 1.61 1.61 1.61 1.51 1.51 1.51 1.51 1.54 1.54 1.54 1.54 1.49 1.43 1.43 1.43 1.34 1.34 1.34 1.34 1.30 0.00 0.00 0.00 1.31 1.31 1.14 0.00 1.42 1.42 1.42 1.42
0.00 0.00 0.00 0.00 0.00 0.00 1.57 1.57 1.69 1.69 1.69 1.69 1.74 1.74 1.74 1.74 1.74 1.74 1.74 1.74 1.72 1.72 1.72 1.72 1.72 1.72 1.61 1.61 1.61 1.61 1.61 1.61 1.64 1.64 1.64 1.64 1.66 1.66 1.66 1.66 1.65 1.65 1.65 1.65 1.69 1.69 1.69 1.69 1.72 1.72 1.72 1.72 1.61 1.61 1.61 1.61 1.57 1.57 1.57 1.57 1.60 1.60 1.60 1.60 1.54 1.54 1.48 1.48 1.41 1.41 1.41 1.41 1.37 1.37 0.00 1.17 1.19 1.40 1.40 1.40 1.53 1.53 1.53 1.53
0.00 0.00 0.00 0.00 0.00 0.00 1.57 1.57 1.69 1.69 1.69 1.69 1.74 1.74 1.74 1.74 1.74 1.74 1.74 1.74 1.72 1.72 1.72 1.72 1.72 1.72 1.72 1.61 1.61 1.61 1.61 1.61 1.64 1.64 1.64 1.64 1.66 1.66 1.66 1.66 1.65 1.65 1.65 1.65 1.69 1.69 1.69 1.69 1.72 1.72 1.72 1.72 1.61 1.61 1.61 1.61 1.57 1.57 1.57 1.57 1.60 1.60 1.34 1.60 1.54 1.54 1.54 1.48 1.41 1.41 1.41 1.41 1.37 1.37 0.00 1.17 1.40 1.40 1.40 1.40 1.53 1.53 1.53 1.53
0.00 0.00 0.00 0.00 0.00 0.00 1.57 1.57 1.69 1.69 1.69 1.69 1.74 1.74 1.74 1.74 1.74 1.74 1.74 1.74 1.72 1.72 1.72 1.72 1.72 1.72 1.72 1.61 1.61 1.61 1.61 1.61 1.64 1.64 1.64 1.64 1.66 1.66 1.66 1.66 1.65 1.65 1.65 1.65 1.69 1.69 1.69 1.69 1.72 1.72 1.72 1.72 1.61 1.61 1.61 1.61 1.57 1.57 1.57 1.57 1.60 1.60 1.60 1.60 1.54 1.54 1.54 1.54 1.41 1.41 1.41 1.41 1.37 1.37 1.37 1.37 1.40 1.40 1.40 1.40 1.53 1.53 1.53 1.53
0.00 0.00 0.00 0.00 0.00 1.57 1.57 1.57 1.69 1.69 1.69 1.69 1.74 1.74 1.74 1.74 1.74 1.74 1.74 1.74 1.72 1.72 1.72 1.72 1.72 1.72 1.72 1.72 1.61 1.61 1.61 1.61 1.64 1.64 1.64 1.64 1.66 1.66 1.66 1.66 1.65 1.65 1.65 1.65 1.69 1.69 1.69 1.69 1.72 1.72 1.72 1.72 1.61 1.61 1.61 1.61 1.57 1.57 1.57 1.57 1.60 1.60 1.60 1.60 1.54 1.54 1.54 1.54 1.46 1.41 1.41 1.41 1.37 1.37 1.37 1.37 1.40 1.40 1.40 1.40 1.53 1.53 1.53 1.53
0.00 0.00 0.00 0.00 0.00 1.59 1.59 1.59 1.73 1.73 1.73 1.73 1.76 1.76 1.76 1.76 1.77 1.77 1.77 1.77 1.72 1.72 1.72 1.72 1.70 1.70 1.70 1.70 1.62 1.62 1.62 1.62 1.66 1.66 1.66 1.66 1.68 1.68 1.68 1.68 1.68 1.68 1.68 1.68 1.74 1.74 1.74 1.74 1.75 1.75 1.75 1.75 1.67 1.67 1.67 1.67 1.68 1.68 1.68 1.68 1.68 1.68 1.68 1.68 1.61 1.61 1.61 1.61 1.58 1.58 1.53 1.53 1.51 1.51 1.51 1.51 1.54 1.54 1.54 1.54 1.64 1.64 1.64 1.64
0.00 0.00 0.00 0.00 0.00 1.26 1.59 1.59 1.73 1.73 1.73 1.73 1.76 1.76 1.76 1.76 1.77 1.77 1.77 1.77 1.72 1.72 1.72 1.72 1.70 1.70 1.70 1.70 1.62 1.62 1.62 1.62 1.66 1.66 1.66 1.66 1.68 1.68 1.68 1.68 1.68 1.68 1.68 1.68 1.74 1.74 1.74 1.74 1.75 1.75 1.75 1.75 1.67 1.67 1.67 1.67 1.68 1.68 1.68 1.68 1.68 1.68 1.68 1.68 1.61 1.61 1.61 1.61 1.58 1.58 1.58 1.53 1.51 1.51 1.51 1.10 1.14 1.14 1.14 1.14 1.25 1.25 1.25 1.25
0.00 0.00 0.00 0.00 1.59 1.59 1.59 1.59 1.73 1.73 1.73 1.73 1.76 1.76 1.76 1.76 1.77 1.77 1.77 1.77 1.72 1.72 1.72 1.72 1.70 1.70 1.70 1.70 1.72 1.62 1.62 1.62 1.66 1.66 1.66 1.66 1.68 1.68 1.68 1.68 1.68 1.68 1.68 1.68 1.74 1.74 1.74 1.74 1.75 1.75 1.75 1.75 1.67 1.67 1.67 1.67 1.68 1.68 1.68 1.68 1.68 1.68 1.68 1.68 1.61 1.61 1.61 1.61 1.58 1.58 1.58 1.58 1.10 1.10 1.10 1.10 1.14 1.14 1.14 1.14 1.25 1.25 1.25 1.25
0.00 0.00 0.00 0.00 1.59 1.59 1.59 1.59 1.73 1.73 1.73 1.73 1.76 1.76 1.76 1.76 1.77 1.77 1.77 1.77 1.72 1.72 1.72 1.72 1.70 1.70 1.70 1.70 1.72 1.62 1.62 1.62 1.66 1.66 1.66 1.66 1.68 1.68 1.68 1.68 1.68 1.68 1.68 1.68 1.74 1.74 1.74 1.74 1.75 1.75 1.75 1.75 1.67 1.67 1.67 1.67 1.68 1.68 1.68 1.68 1.68 1.68 1.68 1.68 1.61 1.61 1.61 1.61 1.58 1.58 1.58 1.13 1.10 1.10 1.10 1.10 1.14 1.14 1.14 1.14 1.25 1.25 1.25 1.25
0.00 0.00 0.00 1.53 1.67 1.67 1.67 1.67 1.78 1.78 1.78 1.78 1.78 1.78 1.78 1.78 1.80 1.80 1.80 1.80 1.75 1.75 1.75 1.75 1.73 1.73 1.73 1.73 1.77 1.66 1.66 1.66 1.71 1.71 1.71 1.71 1.73 1.73 1.73 1.73 1.77 1.77 1.77 1.77 1.85 1.85 1.85 1.85 1.85 1.85 1.85 1.85 1.80 1.80 1.80 1.80 1.79 1.79 1.79 1.79 1.77 1.77 1.77 1.77 1.73 1.73 1.73 1.73 1.71 1.71 1.71 1.26 1.24 1.24 1.24 1.24 1.28 1.28 1.28 1.28 1.37 1.37 1.37 1.37
0.00 0.00 0.00 1.53 1.67 1.67 1.67 1.67 1.78 1.78 1.78 1.78 1.78 1.78 1.78 1.78 1.80 1.80 1.80 1.80 1.75 1.75 1.75 1.75 1.73 1.73 1.73 1.73 1.77 1.77 1.66 1.66 1.71 1.71 1.71 1.71 1.73 1.73 1.73 1.73 1.77 1.77 1.77 1.77 1.85 1.85 1.85 1.85 1.85 1.85 1.85 1.85 1.80 1.80 1.80 1.80 1.79 1.79 1.79 1.79 1.77 1.77 1.77 1.77 1.73 1.73 1.73 1.73 1.71 1.71 1.71 1.26 1.24 1.24 1.24 1.24 1.28 1.28 1.28 1.28 1.37 1.37 1.37 1.37
