New_Model_Runs/8_Future_Present_Scn1_out/post_prcessed_with_MFR/Monthly_summaries/interception_monthly_SEP.asc
NCOLS 700
NROWS 400
XLLCENTER 515000.000000
YLLCENTER 8409000.000000
CELLSIZE 50.000000
NODATA_value -999.000000
[rows 228 to 265 of 400, columns 168 to 251 of 700]
2.17 0.00 2.17 2.17 0.00 0.00 0.00 0.00 0.00 0.00 0.00 0.00 0.00 0.00 0.00 0.00 0.00 0.00 0.00 0.00 0.00 0.00 0.00 0.00 0.00 0.00 0.00 0.00 0.00 0.00 0.00 0.00 0.00 0.00 0.00 0.00 0.00 0.00 0.00 0.00 0.00 0.00 0.00 0.00 1.96 0.00 0.00 0.00 0.00 0.00 0.00 0.00 0.00 0.00 0.00 0.00 0.00 1.75 1.67 1.67 1.56 0.00 0.00 1.56 0.00 1.47 1.47 1.47 1.49 1.49 1.49 1.49 1.53 1.53 1.53 1.53 1.67 1.67 1.67 1.67 1.79 1.79 0.00 1.79
2.17 0.00 2.17 2.17 0.00 0.00 0.00 0.00 0.00 0.00 0.00 0.00 0.00 0.00 0.00 0.00 0.00 0.00 0.00 0.00 0.00 0.00 0.00 0.00 0.00 0.00 0.00 0.00 0.00 0.00 0.00 0.00 0.00 0.00 0.00 0.00 0.00 0.00 0.00 0.00 0.00 0.00 0.00 0.00 0.00 0.00 0.00 0.00 0.00 0.00 0.00 0.00 0.00 1.90 1.90 1.90 1.75 1.75 1.67 1.67 1.56 1.56 0.00 1.56 1.47 0.00 1.47 1.47 1.49 1.49 1.49 0.00 0.00 0.00 0.00 1.53 1.67 1.67 1.67 1.67 1.79 0.00 0.00 1.79
2.17 2.17 2.17 2.17 2.12 2.12 2.12 2.12 0.00 0.00 0.00 0.00 0.00 0.00 0.00 0.00 0.00 0.00 0.00 0.00 0.00 0.00 0.00 0.00 0.00 0.00 0.00 0.00 0.00 0.00 0.00 0.00 0.00 0.00 0.00 0.00 0.00 0.00 0.00 0.00 0.00 0.00 0.00 0.00 0.00 0.00 0.00 0.00 0.00 0.00 0.00 0.00 0.00 1.90 1.90 1.90 1.75 1.67 1.67 1.67 1.56 1.56 1.56 1.56 1.47 1.47 1.47 1.47 1.49 1.49 0.00 0.00 0.00 0.00 1.53 1.53 1.67 1.67 1.67 1.67 1.79 0.00 0.00 1.79
2.17 2.17 2.17 2.17 2.12 2.12 2.12 2.12 2.17 2.17 2.17 0.00 0.00 0.00 0.00 0.00 0.00 0.00 0.00 0.00 0.00 0.00 0.00 0.00 0.00 0.00 0.00 0.00 0.00 0.00 0.00 0.00 0.00 0.00 0.00 0.00 0.00 0.00 0.00 0.00 0.00 0.00 0.00 0.00 0.00 0.00 0.00 0.00 0.00 1.96 1.96 0.00 0.00 1.90 1.90 1.90 1.75 1.67 1.67 1.67 1.56 1.56 1.56 1.17 0.00 0.00 0.00 1.47 0.00 1.14 1.49 0.00 0.00 1.53 1.53 1.53 1.67 1.67 1.67 1.67 0.00 0.00 1.79 1.79
2.02 2.02 2.02 2.02 1.99 1.99 1.99 1.99 2.09 0.00 2.09 1.74 0.00 0.00 0.00 0.00 0.00 0.00 0.00 0.00 0.00 0.00 0.00 0.00 0.00 0.00 0.00 0.00 0.00 0.00 0.00 0.00 0.00 0.00 0.00 0.00 0.00 1.93 0.00 0.00 0.00 0.00 0.00 0.00 0.00 0.00 2.39 2.39 2.22 1.77 1.77 1.77 1.70 1.70 1.70 1.70 1.63 1.55 1.55 1.55 1.47 1.47 1.47 0.00 0.00 0.00 0.00 0.00 1.40 1.40 0.00 1.09 1.49 1.49 1.49 1.49 1.68 1.68 1.68 1.68 1.77 1.77 1.77 1.77
2.02 2.02 2.02 2.02 1.99 1.99 1.99 1.99 2.09 2.09 2.09 1.74 1.78 2.17 2.17 1.78 0.00 0.00 0.00 0.00 0.00 0.00 0.00 0.00 0.00 0.00 0.00 0.00 0.00 0.00 0.00 0.00 0.00 0.00 0.00 0.00 0.00 0.00 0.00 0.00 0.00 0.00 2.47 0.00 0.00 0.00 2.39 2.39 2.22 0.00 1.80 2.22 2.15 1.70 1.70 1.70 1.55 1.55 1.55 1.55 1.47 1.47 1.47 1.47 0.00 0.00 0.00 0.00 0.00 0.00 0.00 0.00 0.00 1.49 1.49 1.49 1.68 1.68 1.68 1.68 1.77 1.77 1.77 1.77
2.02 2.02 2.02 2.02 1.99 1.99 1.99 1.99 2.09 2.09 2.09 2.09 2.17 2.17 2.17 0.00 0.00 0.00 0.00 0.00 0.00 0.00 0.00 0.00 0.00 0.00 0.00 0.00 0.00 0.00 0.00 0.00 0.00 0.00 0.00 0.00 0.00 0.00 0.00 0.00 2.47 2.47 2.47 2.47 0.00 2.39 1.89 0.00 0.00 0.00 0.00 0.00 0.00 2.15 2.15 2.15 1.55 1.55 1.55 1.55 1.47 1.47 1.47 1.47 0.00 0.00 0.00 0.00 0.00 0.00 0.00 0.00 0.00 1.49 1.49 1.49 0.00 1.22 1.68 1.68 1.77 1.77 1.77 1.77
2.02 2.02 2.02 2.02 1.99 1.99 1.99 1.99 2.09 2.09 2.09 2.09 2.17 2.17 2.17 2.17 0.00 2.24 0.00 0.00 0.00 0.00 0.00 0.00 0.00 0.00 0.00 0.00 0.00 0.00 1.89 0.00 0.00 2.40 2.40 0.00 0.00 0.00 0.00 0.00 2.47 2.47 2.47 1.93 2.39 2.39 2.39 0.00 0.00 0.00 0.00 0.00 0.00 0.00 0.00 0.00 0.00 0.00 0.00 1.55 1.47 1.47 1.47 1.47 1.38 0.00 0.00 0.00 0.00 0.00 0.00 0.00 1.49 1.49 1.49 0.00 0.00 1.68 1.68 1.68 1.77 1.77 1.77 1.77
1.89 1.89 1.89 1.89 1.86 1.86 1.86 1.86 1.98 1.98 1.98 1.98 2.12 2.12 2.12 2.12 2.25 2.25 0.00 0.00 0.00 0.00 0.00 0.00 0.00 0.00 0.00 0.00 0.00 0.00 0.00 1.91 2.46 2.46 0.00 0.00 0.00 0.00 0.00 0.00 0.00 2.39 2.39 2.39 2.16 2.16 2.16 2.16 0.00 2.08 0.00 0.00 0.00 0.00 0.00 0.00 0.00 0.00 1.46 0.00 1.43 1.43 0.00 0.00 0.00 0.00 0.00 0.00 0.00 0.00 1.44 1.44 1.57 1.57 0.00 1.16 1.73 1.73 1.73 1.73 1.68 1.68 1.68 1.68
1.89 1.89 1.89 1.89 1.86 1.86 1.86 1.86 1.98 1.98 1.98 1.98 2.12 2.12 2.12 2.12 2.25 2.25 0.00 0.00 0.00 0.00 0.00 0.00 0.00 0.00 0.00 0.00 0.00 0.00 0.00 0.00 0.00 0.00 2.46 0.00 0.00 0.00 0.00 1.98 2.39 2.39 2.39 2.39 2.16 2.16 2.16 2.16 1.73 0.00 2.08 0.00 0.00 0.00 0.00 0.00 0.00 0.00 0.00 0.00 0.00 0.00 0.00 0.00 0.00 0.00 0.00 0.00 0.00 0.00 0.00 1.44 1.57 1.57 1.57 1.57 1.73 1.73 1.73 1.73 1.68 1.68 1.68 1.68
1.89 1.89 1.89 1.89 1.86 1.86 1.86 1.86 1.98 1.98 1.98 1.98 2.12 2.12 2.12 2.12 2.25 0.00 0.00 0.00 0.00 0.00 0.00 0.00 0.00 0.00 0.00 2.36 0.00 1.91 0.00 2.40 0.00 0.00 0.00 0.00 2.54 0.00 0.00 0.00 2.39 2.39 2.39 2.39 2.16 2.16 0.00 2.16 2.08 0.00 0.00 0.00 0.00 0.00 0.00 0.00 0.00 0.00 0.00 0.00 0.00 0.00 0.00 0.00 0.00 0.00 0.00 0.00 0.00 0.00 0.00 1.44 0.00 1.57 1.57 1.57 1.73 1.73 1.73 1.73 1.68 1.68 1.68 1.68
1.89 1.89 1.89 1.89 1.86 1.86 1.86 1.86 1.98 1.98 1.98 1.98 2.12 2.12 2.12 2.12 2.25 0.00 0.00 0.00 0.00 0.00 0.00 0.00 0.00 0.00 0.00 2.36 2.40 2.40 2.40 2.40 2.46 0.00 2.46 1.93 2.54 0.00 0.00 2.54 2.39 2.39 2.39 2.39 2.16 0.00 0.00 0.00 0.00 1.73 0.00 2.08 0.00 0.00 0.00 0.00 0.00 0.00 0.00 0.00 0.00 0.00 0.00 0.00 0.00 0.00 0.00 0.00 0.00 0.00 0.00 0.00 0.00 1.57 1.57 1.57 1.73 1.73 1.73 1.73 1.68 1.68 1.68 1.68
1.81 1.81 1.81 1.81 1.85 1.85 1.85 1.85 2.00 2.00 2.00 2.00 2.15 2.15 2.15 2.15 0.00 0.00 0.00 0.00 0.00 2.27 2.27 0.00 0.00 0.00 0.00 2.30 2.35 2.35 2.35 2.35 0.00 0.00 0.00 2.46 2.46 0.00 0.00 2.46 2.22 2.22 2.22 2.22 2.09 0.00 0.00 0.00 0.00 0.00 0.00 0.00 0.00 0.00 0.00 0.00 0.00 0.00 0.00 0.00 0.00 0.00 0.00 0.00 0.00 0.00 0.00 0.00 0.00 0.00 0.00 0.00 0.00 1.61 1.61 1.61 1.67 1.67 1.67 1.67 1.57 1.57 1.57 1.57
1.81 1.81 1.81 1.81 1.85 1.85 1.85 1.85 2.00 2.00 2.00 2.00 2.15 2.15 2.15 2.15 0.00 0.00 0.00 0.00 1.83 2.27 2.27 0.00 2.30 2.30 2.30 2.30 2.35 2.35 2.35 2.35 2.46 2.46 1.93 2.46 2.46 2.46 1.93 2.46 2.22 2.22 2.22 2.22 0.00 0.00 0.00 0.00 0.00 0.00 0.00 0.00 0.00 0.00 0.00 0.00 0.00 0.00 0.00 0.00 0.00 0.00 0.00 0.00 0.00 0.00 0.00 0.00 0.00 0.00 0.00 1.53 1.61 1.61 1.61 1.61 1.67 1.67 1.67 1.67 1.57 1.57 1.57 1.57
1.79 1.79 1.79 1.79 1.82 1.82 1.82 1.82 1.95 1.95 1.95 1.95 2.09 2.09 2.09 2.09 2.21 0.00 0.00 2.21 2.20 2.20 2.20 2.20 2.20 2.20 2.20 2.20 2.25 2.25 2.25 2.25 2.34 2.34 2.34 2.34 2.34 2.34 2.34 2.34 2.13 2.13 2.13 2.13 0.00 0.00 0.00 0.00 0.00 0.00 0.00 0.00 0.00 0.00 0.00 0.00 0.00 0.00 0.00 0.00 0.00 0.00 0.00 0.00 0.00 0.00 0.00 0.00 0.00 0.00 0.00 1.46 1.53 1.53 1.53 1.53 1.59 1.59 1.59 1.59 1.49 1.49 1.49 1.49
1.79 1.79 1.79 1.79 1.82 1.82 1.82 1.82 1.95 1.95 1.95 1.95 2.09 2.09 2.09 2.09 2.21 2.21 0.00 2.21 2.20 2.20 2.20 2.20 2.20 2.20 2.20 2.20 2.25 2.25 2.25 2.25 2.34 2.34 2.34 2.34 2.34 2.34 2.34 2.34 2.13 2.13 2.13 0.00 0.00 0.00 0.00 0.00 0.00 2.05 2.05 0.00 0.00 0.00 0.00 0.00 0.00 0.00 0.00 0.00 0.00 0.00 0.00 0.00 0.00 0.00 0.00 0.00 0.00 0.00 0.00 1.46 1.53 1.53 1.53 1.53 1.59 1.59 1.59 0.00 1.49 1.49 1.49 0.00
1.83 1.83 1.83 1.83 1.95 1.95 1.95 1.95 2.10 2.10 2.10 2.10 2.17 2.17 2.17 2.17 2.21 2.21 0.00 0.00 2.17 2.17 2.17 2.17 2.11 2.11 2.11 2.11 2.15 2.15 2.15 2.15 2.28 2.28 2.28 2.28 2.23 2.23 2.23 2.23 2.11 2.11 2.11 0.00 0.00 0.00 0.00 0.00 2.14 2.14 2.14 2.14 0.00 0.00 0.00 0.00 0.00 0.00 0.00 0.00 0.00 0.00 0.00 0.00 0.00 0.00 0.00 0.00 0.00 0.00 0.00 0.00 0.00 1.49 1.49 1.49 1.52 1.52 0.00 0.00 1.45 1.45 1.45 0.00
1.83 1.83 1.83 1.83 1.95 1.95 1.95 1.95 2.10 2.10 2.10 2.10 2.17 2.17 2.17 2.17 2.21 2.21 2.21 2.21 2.17 2.17 2.17 2.17 2.11 2.11 2.11 2.11 2.15 2.15 2.15 2.15 2.28 2.28 2.28 2.28 2.23 2.23 2.23 1.80 2.11 2.11 0.00 0.00 0.00 0.00 2.12 2.12 2.14 0.00 2.14 2.14 0.00 0.00 0.00 0.00 0.00 0.00 0.00 0.00 0.00 0.00 0.00 0.00 0.00 0.00 0.00 0.00 0.00 0.00 0.00 0.00 0.00 0.00 1.49 1.49 1.52 0.00 0.00 0.00 1.09 1.45 1.45 0.00
1.83 1.83 1.83 1.83 1.95 1.95 1.95 1.95 2.10 2.10 2.10 0.00 0.00 0.00 2.17 2.17 2.21 0.00 0.00 2.21 2.17 2.17 2.17 2.17 2.11 2.11 2.11 2.11 2.15 2.15 2.15 2.15 2.28 2.28 2.28 2.28 2.23 2.23 2.23 2.23 2.11 2.11 0.00 0.00 0.00 2.12 2.12 0.00 0.00 0.00 0.00 2.14 0.00 0.00 0.00 0.00 0.00 0.00 0.00 0.00 0.00 0.00 0.00 0.00 0.00 0.00 0.00 0.00 0.00 0.00 0.00 0.00 0.00 0.00 1.49 1.49 1.52 1.52 1.52 1.52 1.45 1.45 0.00 0.00
1.83 1.83 1.83 1.83 1.95 1.95 1.95 1.95 2.10 2.10 2.10 0.00 0.00 0.00 0.00 2.17 2.21 0.00 0.00 2.21 2.17 2.17 2.17 2.17 2.11 2.11 2.11 2.11 2.15 2.15 2.15 2.15 2.28 2.28 2.28 2.28 2.23 2.23 2.23 2.23 2.11 2.11 2.11 0.00 0.00 0.00 1.73 0.00 0.00 0.00 2.14 0.00 0.00 0.00 1.16 0.00 0.00 0.00 0.00 0.00 0.00 0.00 0.00 0.00 0.00 0.00 0.00 0.00 0.00 0.00 0.00 0.00 0.00 0.00 1.49 1.49 0.00 1.52 1.52 1.52 1.45 1.45 0.00 0.00
1.90 1.90 1.90 1.90 2.03 2.03 2.03 2.03 2.16 2.16 1.76 0.00 2.19 0.00 2.19 2.19 0.00 0.00 1.78 2.20 2.14 2.14 2.14 2.14 2.07 2.07 2.07 2.07 2.12 2.12 2.12 2.12 2.18 2.18 2.18 2.18 2.15 2.15 2.15 2.15 2.15 2.15 2.15 2.15 0.00 0.00 2.20 0.00 0.00 0.00 2.13 0.00 0.00 0.00 0.00 0.00 0.00 0.00 0.00 0.00 0.00 0.00 0.00 0.00 0.00 0.00 0.00 0.00 0.00 0.00 0.00 0.00 0.00 0.00 1.46 0.00 0.00 0.00 0.00 0.00 1.39 1.39 0.00 0.00
1.90 1.90 1.90 1.90 2.03 2.03 2.03 2.03 2.16 2.16 0.00 1.76 2.19 2.19 2.19 2.19 1.78 0.00 0.00 2.20 2.14 2.14 2.14 2.14 2.07 2.07 2.07 2.07 2.12 2.12 2.12 2.12 2.18 2.18 2.18 2.18 2.15 2.15 2.15 2.15 2.15 0.00 0.00 0.00 2.20 2.20 0.00 0.00 0.00 0.00 1.74 2.13 0.00 0.00 0.00 0.00 0.00 0.00 0.00 0.00 0.00 0.00 0.00 0.00 0.00 0.00 0.00 0.00 0.00 0.00 0.00 0.00 0.00 0.00 1.46 0.00 0.00 0.00 0.00 0.00 0.00 1.39 0.00 0.00
1.90 1.90 1.90 1.90 2.03 2.03 2.03 2.03 2.16 2.16 2.16 1.76 1.77 2.19 2.19 0.00 2.20 2.20 1.78 1.78 2.14 2.14 2.14 2.14 2.07 2.07 2.07 2.07 2.12 2.12 2.12 2.12 2.18 2.18 2.18 2.18 2.15 2.15 2.15 2.15 2.15 0.00 0.00 0.00 0.00 0.00 0.00 0.00 0.00 0.00 0.00 0.00 0.00 0.00 0.00 0.00 0.00 0.00 0.00 0.00 0.00 0.00 0.00 0.00 0.00 0.00 0.00 0.00 0.00 0.00 0.00 0.00 0.00 0.00 1.32 0.00 0.00 0.00 0.00 0.00 0.00 0.00 0.00 0.00
1.90 1.90 1.90 1.90 2.03 2.03 2.03 2.03 2.16 2.16 2.16 1.76 1.77 2.19 0.00 1.77 2.20 1.78 1.78 1.78 2.14 2.14 2.14 2.14 2.07 2.07 2.07 2.07 2.12 2.12 2.12 2.12 2.18 2.18 2.18 2.18 2.15 2.15 2.15 2.15 2.15 0.00 0.00 0.00 0.00 0.00 0.00 0.00 0.00 2.13 0.00 0.00 0.00 0.00 0.00 0.00 0.00 0.00 0.00 0.00 0.00 0.00 0.00 0.00 0.00 0.00 0.00 0.00 0.00 0.00 0.00 0.00 0.00 1.46 0.00 0.00 0.00 0.00 0.00 0.00 0.00 0.00 0.00 0.00
1.85 1.85 1.85 1.85 1.96 1.96 1.96 1.96 2.15 2.15 2.15 2.15 2.23 2.23 0.00 2.23 2.23 1.80 1.80 2.23 2.13 2.13 2.13 2.13 2.01 2.01 2.01 2.01 2.02 2.02 2.02 2.02 2.06 2.06 2.06 2.06 2.09 2.09 2.09 2.09 2.20 0.00 0.00 0.00 0.00 0.00 0.00 0.00 2.10 2.10 0.00 0.00 1.68 0.00 0.00 0.00 0.00 0.00 0.00 0.00 0.00 0.00 0.00 0.00 0.00 0.00 0.00 0.00 0.00 0.00 0.00 0.00 0.00 0.00 0.00 0.00 0.00 0.00 0.00 0.00 0.00 0.00 0.00 0.00
1.85 1.85 1.85 1.85 1.96 1.96 1.96 1.96 2.15 2.15 2.15 0.00 1.79 0.00 0.00 0.00 1.80 1.80 1.80 2.23 2.13 2.13 2.13 2.13 2.01 2.01 2.01 2.01 2.02 2.02 2.02 2.02 2.06 2.06 2.06 2.06 2.09 2.09 2.09 2.09 2.20 2.20 0.00 0.00 0.00 0.00 0.00 0.00 2.10 0.00 0.00 0.00 0.00 0.00 0.00 1.15 0.00 0.00 0.00 0.00 0.00 0.00 0.00 0.00 0.00 0.00 0.00 0.00 0.00 0.00 0.00 0.00 0.00 0.00 0.00 0.00 0.00 0.00 0.00 0.00 0.00 0.00 0.00 0.00
1.85 1.85 1.85 1.85 1.96 1.96 1.96 1.96 2.15 2.15 2.15 0.00 1.79 0.00 0.00 0.00 1.80 2.23 1.80 2.23 2.13 2.13 2.13 2.13 2.01 2.01 2.01 2.01 2.02 2.02 2.02 2.02 2.06 2.06 2.06 2.06 2.09 2.09 2.09 2.09 2.20 2.20 0.00 0.00 0.00 0.00 0.00 0.00 2.10 0.00 0.00 0.00 0.00 0.00 0.00 0.00 0.00 0.00 0.00 0.00 0.00 0.00 0.00 0.00 0.00 0.00 0.00 0.00 0.00 0.00 0.00 0.00 0.00 0.00 0.00 0.00 0.00 0.00 0.00 0.00 0.00 0.00 0.00 0.00
0.00 1.85 1.85 1.85 1.96 1.96 1.96 1.96 2.15 2.15 2.15 2.15 0.00 0.00 0.00 0.00 0.00 1.80 2.23 2.23 2.13 2.13 2.13 2.13 2.01 2.01 2.01 2.01 2.02 2.02 2.02 2.02 2.06 2.06 2.06 2.06 2.09 2.09 2.09 2.09 2.20 2.20 0.00 0.00 0.00 2.23 2.23 0.00 0.00 0.00 0.00 0.00 0.00 0.00 0.00 0.00 0.00 0.00 0.00 0.00 0.00 0.00 0.00 0.00 0.00 0.00 0.00 0.00 0.00 0.00 0.00 0.00 0.00 0.00 0.00 0.00 0.00 0.00 0.00 0.00 0.00 0.00 0.00 0.00
0.00 1.79 1.79 1.79 1.95 1.95 1.95 1.95 2.20 2.20 2.20 0.00 0.00 0.00 0.00 0.00 0.00 0.00 2.27 2.27 2.09 2.09 2.09 2.09 1.94 1.94 1.94 1.94 1.90 1.90 1.90 1.90 1.90 1.90 1.90 1.90 2.00 2.00 2.00 2.00 2.25 2.25 2.25 2.25 2.28 2.28 2.28 2.28 0.00 0.00 0.00 0.00 0.00 0.00 0.00 0.00 0.00 0.00 0.00 0.00 0.00 0.00 0.00 0.00 0.00 0.00 0.00 0.00 0.00 0.00 0.00 0.00 0.00 0.00 0.00 0.00 0.00 0.00 0.00 0.00 0.00 0.00 0.00 0.00
0.00 0.00 1.79 1.79 1.95 1.95 1.95 1.95 2.20 2.20 2.20 0.00 0.00 0.00 0.00 0.00 0.00 0.00 0.00 2.27 2.09 2.09 2.09 2.09 1.94 1.94 1.94 1.94 1.90 1.90 1.90 1.90 1.90 1.90 1.90 1.90 2.00 2.00 2.00 2.00 2.25 2.25 2.25 2.25 2.28 2.28 2.28 2.28 0.00 0.00 0.00 0.00 0.00 0.00 0.00 0.00 0.00 0.00 0.00 0.00 0.00 0.00 0.00 0.00 0.00 0.00 0.00 0.00 0.00 0.00 0.00 0.00 0.00 0.00 0.00 0.00 0.00 0.00 0.00 0.00 0.00 0.00 0.00 0.00
0.00 0.00 0.00 1.73 1.88 1.88 1.88 1.88 2.07 2.07 2.07 0.00 0.00 0.00 2.14 2.14 2.13 2.13 2.13 2.13 1.98 1.98 1.98 1.98 1.85 1.85 1.85 1.85 1.81 1.81 1.81 1.81 1.81 1.81 1.81 1.81 1.89 1.89 1.89 1.89 2.11 2.11 2.11 2.11 2.14 2.14 2.14 0.00 0.00 0.00 0.00 0.00 0.00 0.00 0.00 0.00 0.00 0.00 0.00 0.00 0.00 0.00 0.00 0.00 0.00 0.00 0.00 0.00 0.00 0.00 0.00 0.00 0.00 0.00 0.00 0.00 0.00 0.00 0.00 0.00 0.00 0.00 0.00 0.00
0.00 0.00 0.00 1.73 1.88 1.88 1.88 1.88 2.07 2.07 2.07 0.00 0.00 0.00 2.14 2.14 2.13 2.13 2.13 2.13 1.98 1.98 1.98 1.98 1.85 1.85 1.85 1.85 1.81 1.81 1.81 1.81 1.81 1.81 1.81 1.81 1.89 1.89 1.89 1.89 2.11 2.11 2.11 2.11 2.14 2.14 2.14 2.14 0.00 0.00 0.00 0.00 0.00 0.00 0.00 0.00 0.00 0.00 0.00 0.00 0.00 0.00 0.00 0.00 0.00 0.00 0.00 0.00 0.00 0.00 0.00 0.00 0.00 0.00 0.00 0.00 0.00 0.00 0.00 0.00 0.00 0.00 0.00 0.00
0.00 0.00 0.00 1.76 1.91 1.91 1.91 1.91 2.11 2.11 2.11 2.11 2.18 2.18 2.18 2.18 2.14 2.14 2.14 2.14 2.01 2.01 2.01 2.01 1.85 1.85 1.85 1.85 1.77 1.77 1.77 1.77 1.76 1.76 1.76 1.76 1.90 1.90 1.90 1.90 2.12 2.12 2.12 2.12 2.18 1.74 2.18 2.18 2.06 0.00 0.00 0.00 0.00 0.00 0.00 0.00 0.00 0.00 0.00 0.00 0.00 0.00 0.00 0.00 0.00 0.00 0.00 0.00 0.00 0.00 0.00 0.00 0.00 0.00 0.00 0.00 0.00 0.00 0.00 0.00 0.00 0.00 0.00 0.00
0.00 0.00 0.00 0.00 1.91 1.91 1.91 1.91 2.11 2.11 2.11 2.11 2.18 1.74 2.18 2.18 2.14 2.14 2.14 2.14 2.01 2.01 2.01 2.01 1.85 1.85 1.85 1.85 1.77 1.77 1.77 1.77 1.76 1.76 1.76 1.76 1.90 1.90 1.90 1.90 2.12 2.12 2.12 2.12 2.18 2.18 2.18 2.18 2.06 2.06 2.06 1.54 1.43 0.00 0.00 0.00 0.00 0.00 0.00 0.00 0.00 0.00 0.00 0.00 0.00 0.00 0.00 0.00 0.00 0.00 0.00 0.00 0.00 0.00 0.00 0.00 0.00 0.00 0.00 0.00 0.00 0.00 0.00 0.00
0.00 0.00 0.00 0.00 1.91 1.91 1.91 1.91 2.11 2.11 2.11 2.11 1.74 1.74 2.18 2.18 2.14 2.14 2.14 2.14 2.01 2.01 2.01 2.01 1.85 1.85 1.85 1.85 1.77 1.77 1.77 1.77 1.76 1.76 1.76 1.76 1.90 1.90 1.90 1.90 2.12 2.12 2.12 2.12 2.18 2.18 2.18 2.18 2.06 2.06 2.06 1.54 1.43 0.00 0.00 0.00 0.00 0.00 0.00 0.00 0.00 0.00 0.00 0.00 0.00 0.00 0.00 0.00 0.00 0.00 0.00 0.00 0.00 0.00 0.00 0.00 0.00 0.00 0.00 0.00 0.00 0.00 0.00 0.00
0.00 0.00 0.00 1.76 1.91 1.91 1.91 1.91 2.11 2.11 2.11 0.00 2.18 2.18 2.18 2.18 2.14 2.14 2.14 2.14 2.01 2.01 2.01 2.01 1.85 1.85 1.85 1.85 1.77 1.77 1.77 1.77 1.76 1.76 1.76 1.76 1.90 1.90 1.90 1.90 2.12 2.12 2.12 2.12 2.18 2.18 0.00 0.00 0.00 0.00 2.06 1.54 1.43 0.00 0.00 0.00 0.00 0.00 0.00 0.00 0.00 0.00 0.00 0.00 0.00 0.00 0.00 0.00 0.00 0.00 0.00 0.00 0.00 0.00 0.00 0.00 0.00 0.00 0.00 0.00 0.00 0.00 0.00 0.00
0.00 0.00 0.00 0.00 1.90 1.90 1.90 1.90 2.17 2.17 2.17 2.17 2.21 2.21 2.21 2.21 2.11 2.11 2.11 2.11 2.04 2.04 2.04 2.04 1.90 1.90 1.90 1.90 1.77 1.77 1.77 1.77 1.78 1.78 1.78 1.78 1.98 1.98 1.98 1.98 2.14 2.14 2.14 2.14 2.17 2.17 0.00 0.00 0.00 0.00 2.12 0.00 0.00 0.00 0.00 0.00 0.00 0.00 0.00 0.00 0.00 0.00 0.00 0.00 0.00 0.00 0.00 0.00 0.00 0.00 0.00 0.00 0.00 0.00 0.00 0.00 0.00 0.00 0.00 0.00 0.00 0.00 0.00 0.00
0.00 0.00 0.00 0.00 0.00 0.00 1.90 1.90 2.17 2.17 2.17 2.17 2.21 2.21 2.21 2.21 2.11 2.11 2.11 2.11 2.04 2.04 2.04 2.04 1.90 1.90 1.90 1.90 1.77 1.77 0.00 0.00 1.78 1.78 1.78 1.78 1.98 1.98 1.98 1.98 2.14 2.14 2.14 0.00 2.17 2.17 0.00 0.00 0.00 0.00 0.00 0.00 0.00 0.00 0.00 0.00 0.00 0.00 0.00 0.00 0.00 0.00 0.00 0.00 0.00 0.00 0.00 0.00 0.00 0.00 0.00 0.00 0.00 0.00 0.00 0.00 0.00 0.00 0.00 0.00 0.00 0.00 0.00 0.00
