New_Model_Runs/8_Future_Present_Scn1_out/post_prcessed_with_MFR/Monthly_summaries/net_infiltration_monthly_NOV.asc
NCOLS 700
NROWS 400
XLLCENTER 515000.000000
YLLCENTER 8409000.000000
CELLSIZE 50.000000
NODATA_value -999.000000
[rows 152 to 189 of 400, columns 252 to 335 of 700]
0.00 0.00 0.00 0.00 0.00 0.00 0.00 0.00 0.00 0.00 0.00 0.00 0.00 0.00 0.00 0.00 0.00 0.00 0.00 0.00 0.00 0.00 0.00 0.00 0.00 0.00 0.00 0.00 0.00 0.00 0.00 0.00 0.00 0.00 0.00 0.00 0.00 0.00 0.00 0.00 0.00 0.00 0.00 0.00 0.00 0.00 0.00 4.31 4.26 4.55 4.26 4.26 4.01 4.01 4.01 4.01 4.27 3.98 3.98 3.98 4.00 4.00 4.00 4.00 4.07 4.07 4.07 4.07 4.43 4.43 4.43 4.43 4.48 3.93 4.76 3.77 7.06 7.49 4.02 4.02 3.88 3.12 4.24 3.80
0.00 0.00 0.00 0.00 0.00 0.00 0.00 0.00 0.00 0.00 0.00 0.00 0.00 0.00 0.00 0.00 0.00 0.00 0.00 0.00 0.00 0.00 0.00 0.00 0.00 0.00 0.00 0.00 0.00 0.00 0.00 0.00 0.00 0.00 0.00 0.00 0.00 0.00 0.00 0.00 0.00 0.00 0.00 0.00 0.00 0.00 4.31 4.31 4.26 4.26 4.26 4.26 4.01 4.01 4.01 4.01 3.98 3.98 3.98 3.98 4.00 4.00 4.00 4.00 4.07 4.07 4.07 4.07 4.43 4.43 4.29 4.43 3.90 4.33 4.45 3.98 7.92 6.01 3.12 3.12 6.63 8.23 3.77 4.15
0.00 0.00 0.00 0.00 0.00 0.00 0.00 0.00 0.00 0.00 0.00 0.00 0.00 0.00 0.00 0.00 0.00 0.00 0.00 0.00 0.00 0.00 0.00 0.00 0.00 0.00 0.00 0.00 0.00 0.00 0.00 0.00 0.00 0.00 0.00 0.00 0.00 0.00 0.00 0.00 0.00 0.00 0.00 0.00 0.00 4.60 4.31 4.31 4.26 4.26 4.26 4.26 4.01 4.01 4.01 4.01 3.98 3.98 3.98 3.98 4.00 4.00 4.00 4.00 4.07 4.07 4.07 4.07 4.43 5.23 4.29 4.29 4.19 3.98 4.41 4.84 6.16 8.35 9.47 7.10 3.34 1.38 4.36 4.36
0.00 0.00 0.00 0.00 0.00 0.00 0.00 0.00 0.00 0.00 0.00 0.00 0.00 0.00 0.00 0.00 0.00 0.00 0.00 0.00 0.00 0.00 0.00 0.00 0.00 0.00 0.00 0.00 0.00 0.00 0.00 0.00 0.00 0.00 0.00 0.00 0.00 0.00 0.00 0.00 0.00 0.00 0.00 0.00 0.00 4.31 4.31 4.31 4.26 4.26 4.26 4.26 4.01 4.01 4.01 4.01 3.98 3.98 3.98 3.98 4.00 4.00 4.00 4.00 4.07 4.07 4.07 4.07 4.43 5.23 5.23 4.29 4.19 3.98 4.45 1.79 8.35 4.41 3.77 3.90 4.92 4.92 3.90 3.93
0.00 0.00 0.00 0.00 0.00 0.00 0.00 0.00 0.00 0.00 0.00 0.00 0.00 0.00 0.00 0.00 0.00 0.00 0.00 0.00 0.00 0.00 0.00 0.00 0.00 0.00 0.00 0.00 0.00 0.00 0.00 0.00 0.00 0.00 0.00 0.00 0.00 0.00 0.00 0.00 0.00 0.00 0.00 0.00 2.59 4.30 4.30 4.30 4.29 4.29 4.29 4.29 4.07 4.07 4.07 4.07 4.06 4.06 4.06 4.06 4.06 4.06 4.06 4.06 4.08 4.08 4.38 4.08 4.72 5.23 5.23 5.23 4.29 4.29 3.98 5.73 4.41 4.33 3.34 3.93 3.93 3.90 4.51 4.47
0.00 0.00 0.00 0.00 0.00 0.00 0.00 0.00 0.00 0.00 0.00 0.00 0.00 0.00 0.00 0.00 0.00 0.00 0.00 0.00 0.00 0.00 0.00 0.00 0.00 0.00 0.00 0.00 0.00 0.00 0.00 0.00 0.00 0.00 0.00 0.00 0.00 0.00 0.00 0.00 0.00 0.00 0.00 0.00 3.92 4.30 4.30 4.30 4.29 4.29 4.29 4.29 4.07 4.07 4.07 4.07 4.06 4.06 4.06 4.06 4.06 4.06 4.06 4.36 4.08 4.08 4.08 4.08 4.43 4.43 5.23 4.19 4.19 4.72 4.66 7.06 4.41 5.29 4.52 4.48 3.90 3.90 4.47 3.93
0.00 0.00 0.00 0.00 0.00 0.00 0.00 0.00 0.00 0.00 0.00 0.00 0.00 0.00 0.00 0.00 0.00 0.00 0.00 0.00 0.00 0.00 0.00 0.00 0.00 0.00 0.00 4.16 0.00 0.00 0.00 0.00 0.00 0.00 0.00 0.00 0.00 0.00 0.00 0.00 0.00 0.00 0.00 0.00 4.30 4.30 4.30 4.30 4.29 4.29 4.29 4.29 4.07 4.07 4.07 4.07 4.06 4.06 4.06 4.06 4.06 4.06 4.06 4.06 4.08 4.08 4.08 4.08 4.43 4.43 4.19 4.19 4.19 4.45 7.49 3.55 3.98 4.29 4.48 4.48 4.47 3.90 4.47 3.93
0.00 0.00 0.00 0.00 0.00 0.00 0.00 0.00 0.00 0.00 0.00 0.00 0.00 0.00 0.00 0.00 0.00 0.00 0.00 0.00 0.00 0.00 0.00 0.00 0.00 0.00 4.44 4.16 0.00 0.00 0.00 0.00 0.00 0.00 0.00 0.00 0.00 0.00 0.00 0.00 0.00 0.00 0.00 0.00 0.00 0.00 0.00 4.30 4.29 4.29 4.29 4.29 4.07 4.07 4.07 4.07 4.06 4.06 4.06 4.06 4.06 4.60 4.06 4.06 4.08 4.08 4.08 4.08 4.43 4.43 5.23 4.19 4.62 7.49 6.63 3.98 3.98 4.19 4.19 4.48 4.47 4.47 4.47 4.47
0.00 0.00 0.00 0.00 0.00 0.00 0.00 0.00 0.00 0.00 0.00 0.00 0.00 0.00 0.00 0.00 0.00 0.00 0.00 0.00 0.00 0.00 0.00 0.00 0.00 4.17 4.17 4.17 4.16 0.00 0.00 0.00 0.00 0.00 0.00 0.00 0.00 0.00 0.00 0.00 0.00 0.00 0.00 0.00 0.00 0.00 0.00 0.00 4.36 4.36 4.27 4.32 4.15 4.15 4.15 4.15 4.14 4.14 4.14 4.14 4.10 4.10 4.10 4.10 4.08 4.08 4.08 4.08 4.41 4.41 4.19 3.12 6.63 7.06 4.45 0.94 4.72 3.28 3.55 4.90 4.44 4.44 4.44 4.44
0.00 0.00 0.00 0.00 0.00 0.00 0.00 0.00 0.00 0.00 0.00 0.00 0.00 0.00 0.00 0.00 0.00 0.00 0.00 0.00 0.00 0.00 0.00 0.00 0.00 4.17 4.17 4.17 4.16 4.16 4.16 0.00 0.00 0.00 0.00 0.00 0.00 0.00 0.00 0.00 0.00 0.00 0.00 0.00 0.00 0.00 0.00 0.00 0.00 0.00 4.62 5.80 4.46 4.15 4.15 4.15 4.14 4.14 4.14 4.14 4.10 4.10 4.10 4.10 4.81 4.08 4.08 4.08 4.41 5.24 4.29 3.12 3.55 4.88 7.10 6.63 4.29 4.29 3.55 5.28 4.44 4.44 4.44 4.44
0.00 0.00 0.00 0.00 0.00 0.00 0.00 0.00 0.00 0.00 0.00 0.00 0.00 0.00 0.00 0.00 0.00 0.00 0.00 0.00 0.00 0.00 0.00 0.00 0.00 4.33 4.66 4.33 4.31 4.31 4.31 0.00 0.00 0.00 0.00 0.00 0.00 0.00 0.00 0.00 0.00 0.00 0.00 0.00 0.00 0.00 0.00 0.00 0.00 0.00 7.29 4.89 4.38 4.38 4.38 4.38 4.37 4.37 4.37 4.37 5.30 4.33 4.33 5.30 5.27 4.31 2.78 4.31 7.81 4.76 4.68 4.76 4.68 4.68 4.68 6.87 4.28 4.71 5.19 4.76 4.57 4.57 4.57 4.57
0.00 0.00 0.00 0.00 0.00 0.00 0.00 0.00 0.00 0.00 0.00 0.00 0.00 0.00 0.00 0.00 0.00 0.00 0.00 0.00 0.00 0.00 0.00 0.00 4.33 4.33 4.33 4.33 4.31 4.63 4.31 4.31 4.32 0.00 4.32 0.00 0.00 0.00 0.00 0.00 0.00 0.00 0.00 0.00 0.00 0.00 0.00 0.00 0.00 0.00 4.94 5.32 4.81 4.81 4.38 4.38 4.37 4.37 4.37 5.35 5.30 6.12 5.30 5.30 4.31 4.82 4.61 4.31 8.05 4.30 4.76 4.68 5.11 5.11 4.68 6.87 3.36 3.79 4.21 5.16 4.57 5.03 4.57 4.57
0.00 0.00 0.00 0.00 0.00 0.00 0.00 0.00 0.00 0.00 0.00 0.00 0.00 0.00 0.00 0.00 0.00 0.00 0.00 0.00 0.00 0.00 4.37 4.37 4.61 4.29 4.29 4.29 4.26 4.26 4.26 4.59 4.32 4.32 3.78 3.78 4.42 0.00 0.00 0.00 0.00 0.00 0.00 0.00 0.00 0.00 0.00 0.00 0.00 0.00 0.00 7.72 4.33 2.63 5.17 4.32 5.43 5.43 5.43 5.43 5.37 5.37 5.37 4.38 4.31 4.31 2.78 4.31 4.51 8.02 7.81 7.84 3.79 7.72 7.45 8.71 3.79 5.73 5.11 4.76 4.33 4.58 4.58 4.58
0.00 0.00 0.00 0.00 0.00 0.00 0.00 0.00 0.00 0.00 0.00 0.00 0.00 0.00 0.00 0.00 0.00 0.00 0.00 0.00 4.37 4.37 4.37 4.37 4.29 4.29 4.29 4.29 4.26 4.58 4.26 4.58 2.26 4.18 3.78 3.78 4.42 4.42 4.42 0.00 0.00 0.00 0.00 0.00 0.00 0.00 0.00 0.00 0.00 0.00 0.00 6.23 4.34 5.62 5.19 3.90 4.81 4.38 4.38 5.43 5.37 4.38 4.38 4.38 4.31 4.31 4.31 4.31 4.51 4.51 8.02 4.33 7.81 7.84 4.80 5.93 5.92 4.60 4.60 4.30 5.15 4.58 4.58 4.58
0.00 0.00 0.00 0.00 0.00 0.00 0.00 0.00 0.00 0.00 0.00 0.00 0.00 0.00 0.00 0.00 1.51 4.15 0.00 0.00 4.37 4.37 4.37 4.37 4.61 4.61 4.29 4.29 4.59 4.26 4.26 4.58 4.32 3.79 4.32 4.32 4.42 4.86 4.22 4.22 4.52 0.00 0.00 0.00 0.00 0.00 0.00 0.00 0.00 0.00 0.00 7.09 8.28 8.27 9.13 9.13 3.47 4.32 4.38 5.43 5.37 4.75 4.69 4.38 4.31 4.31 4.62 4.31 4.51 4.96 4.51 4.51 4.33 4.33 4.73 4.21 5.06 4.60 4.60 4.60 4.30 4.58 4.58 4.58
0.00 0.00 0.00 0.00 0.00 0.00 0.00 0.00 0.00 0.00 0.00 0.00 0.00 0.00 0.00 0.00 4.15 4.15 4.15 4.15 4.37 4.69 4.70 4.37 4.29 4.29 4.29 4.29 4.26 4.26 4.26 4.26 4.32 4.32 4.32 4.32 4.42 4.22 4.42 4.22 4.45 0.00 0.00 0.00 0.00 0.00 0.00 0.00 0.00 0.00 0.00 7.09 5.63 4.77 8.27 8.27 4.74 3.98 3.98 4.43 4.38 4.38 4.38 4.38 4.31 4.31 4.62 4.31 4.51 4.51 4.51 4.51 4.33 4.33 4.30 4.57 4.60 4.60 4.60 4.60 4.30 4.58 5.03 4.58
0.00 0.00 0.00 0.00 0.00 0.00 0.00 0.00 0.00 0.00 0.00 0.00 0.00 1.51 4.15 4.15 4.13 4.13 4.13 4.13 4.32 4.32 4.32 4.32 4.23 4.23 4.23 4.23 4.58 4.26 4.26 4.26 4.36 4.36 4.36 4.36 4.47 4.47 4.90 4.90 4.94 0.00 0.00 0.00 0.00 0.00 0.00 0.00 0.00 0.00 6.38 8.37 9.70 8.71 8.70 5.62 3.90 3.98 4.45 4.45 4.41 4.41 4.41 4.41 4.33 4.33 4.33 4.33 4.48 4.48 4.48 4.48 5.28 4.33 4.33 4.52 4.57 4.57 4.57 4.57 4.30 4.57 4.57 4.57
0.00 0.00 0.00 0.00 0.00 0.00 0.00 0.00 0.00 0.00 0.00 0.00 1.51 4.15 4.15 4.15 4.13 4.13 4.13 4.13 4.32 4.32 4.32 4.32 4.92 4.66 4.23 4.23 4.26 4.26 4.26 4.26 4.36 4.36 4.36 4.36 2.67 5.44 6.30 4.21 0.86 0.00 0.00 0.00 0.00 0.00 0.00 0.00 0.00 4.52 4.51 4.94 8.78 7.84 7.98 3.90 5.17 3.98 4.38 4.88 5.18 4.76 4.41 4.41 4.33 4.33 4.33 4.33 4.48 4.48 4.48 4.48 4.52 4.52 4.33 4.52 4.57 4.57 4.57 4.57 4.57 5.03 4.57 5.03
0.00 0.00 0.00 0.00 0.00 0.00 0.00 0.00 0.00 0.00 0.00 0.00 4.15 4.15 4.15 4.15 4.13 4.13 4.13 4.13 4.32 4.32 4.32 4.32 4.55 4.23 4.55 4.23 4.26 4.26 4.26 4.26 4.36 4.36 4.36 4.36 4.22 4.63 5.06 3.15 8.15 0.00 0.00 0.00 0.00 0.00 0.00 0.00 4.94 4.51 4.51 4.51 3.98 3.95 7.42 7.41 6.98 4.32 4.74 5.60 4.41 4.41 4.41 4.41 4.33 4.33 4.33 4.33 4.48 4.48 4.48 4.48 4.52 4.52 4.52 4.52 4.57 4.57 4.57 4.57 4.57 4.57 4.57 4.57
0.00 0.00 0.00 0.00 0.00 0.00 0.00 0.00 0.00 0.00 0.00 1.51 4.15 4.15 4.15 4.15 4.13 4.13 4.44 4.13 4.32 4.32 4.32 4.32 4.23 4.23 4.23 4.23 4.26 4.26 4.26 4.26 4.36 4.36 2.26 4.36 5.44 5.49 4.38 2.64 4.21 6.86 0.00 0.00 0.00 0.00 0.00 5.37 6.35 4.51 4.51 4.51 4.44 3.98 5.46 4.33 4.33 3.47 3.04 1.77 4.25 3.98 4.41 4.71 4.33 4.33 4.33 5.00 5.09 4.48 4.48 4.48 4.52 4.52 4.52 5.45 4.57 4.57 4.57 4.57 4.57 4.57 4.57 4.57
0.00 0.00 0.00 0.00 0.00 0.00 0.00 0.00 0.00 0.00 4.17 4.17 4.44 4.13 4.13 4.13 4.08 4.38 4.08 4.08 4.24 4.24 4.24 4.24 4.23 4.23 4.23 4.23 4.36 4.36 4.36 4.36 4.44 4.44 4.44 4.44 4.51 5.06 4.65 2.67 4.21 1.86 5.37 4.94 0.00 3.94 5.80 3.15 5.44 4.51 4.51 4.51 4.42 4.42 4.32 4.33 5.17 4.32 3.69 5.17 4.84 4.41 4.73 4.42 4.36 4.36 4.36 4.74 4.46 4.90 4.46 4.46 4.90 4.46 4.90 4.91 4.52 4.52 4.52 4.52 4.51 4.51 4.51 4.51
0.00 0.00 0.00 0.00 0.00 0.00 0.00 0.00 0.00 0.00 4.92 4.55 4.13 4.13 4.44 4.13 4.08 4.08 4.08 4.08 4.24 4.24 4.24 4.24 4.23 4.23 4.23 4.23 4.36 4.36 4.36 4.36 4.44 4.44 4.44 4.44 4.51 5.50 4.63 4.22 7.46 6.23 4.86 8.37 4.01 4.14 3.15 4.63 5.06 5.50 4.22 4.22 4.42 4.42 4.42 3.95 4.32 4.32 5.86 5.86 5.42 4.39 4.42 4.42 4.36 4.67 4.36 4.36 4.46 4.46 4.46 4.46 4.46 4.46 4.46 4.46 4.52 4.52 4.52 4.52 4.51 4.51 4.51 4.51
0.00 0.00 0.00 0.00 0.00 0.00 0.00 0.00 0.00 0.00 0.00 4.55 4.51 4.13 4.13 4.13 4.08 4.08 4.08 4.08 4.24 4.24 4.24 4.24 4.23 4.23 4.23 4.23 4.36 4.36 4.36 4.36 4.44 4.44 4.44 4.44 4.51 4.51 5.50 4.63 5.73 6.35 7.94 8.80 5.22 5.92 4.96 4.53 4.63 4.63 4.22 4.22 4.42 4.42 4.42 4.42 3.98 3.98 4.32 5.43 5.42 4.42 4.42 4.42 4.36 4.36 4.36 4.36 4.46 4.46 4.46 4.46 4.46 4.46 4.46 4.46 4.52 4.52 4.52 4.52 4.51 4.51 4.51 4.51
0.00 0.00 0.00 0.00 0.00 0.00 0.00 0.00 0.00 0.00 0.00 4.55 4.51 4.51 4.51 4.13 4.08 4.08 4.08 4.08 4.24 4.24 4.24 4.24 4.23 4.23 4.23 4.23 4.36 4.36 4.36 4.36 4.44 4.44 4.44 4.44 4.51 4.51 4.63 8.14 4.65 5.20 5.06 3.96 5.08 4.65 4.53 4.53 4.53 4.53 4.63 4.22 4.42 4.42 4.42 4.42 4.43 3.98 4.32 4.32 4.38 5.80 4.42 4.42 4.36 4.36 4.36 4.74 4.46 4.46 4.46 4.46 4.46 4.46 4.46 4.46 4.52 4.52 4.52 4.52 4.51 4.51 4.51 4.51
0.00 0.00 0.00 0.00 0.00 0.00 0.00 0.00 0.00 0.00 0.00 4.55 4.51 4.51 4.51 4.51 4.04 4.04 4.04 4.04 4.54 4.22 4.22 4.22 4.31 4.31 5.11 5.11 5.26 5.26 4.44 4.44 4.48 4.48 3.46 5.32 5.53 5.53 4.63 7.73 3.10 3.35 3.78 3.53 4.22 4.22 4.22 4.53 5.50 4.53 4.53 5.50 4.41 4.41 4.41 4.41 4.39 4.39 5.37 5.37 4.32 5.38 5.38 4.39 4.34 4.34 4.34 4.34 4.42 4.42 4.42 4.42 4.42 4.42 4.42 4.42 4.49 4.49 4.49 4.49 4.49 4.49 4.49 4.49
0.00 0.00 0.00 0.00 0.00 0.00 0.00 0.00 0.00 0.00 0.00 4.55 4.51 4.51 4.51 4.51 4.41 4.34 4.04 4.04 4.75 4.22 4.22 4.22 4.31 5.11 5.11 5.11 5.26 5.26 4.44 4.44 4.48 5.32 3.46 5.32 3.91 5.06 5.92 9.43 6.31 4.53 3.78 3.53 4.22 4.22 4.22 4.22 4.51 4.22 4.63 4.51 4.41 4.41 4.41 4.41 4.39 4.39 4.39 4.39 4.39 4.39 4.39 4.39 4.34 4.34 4.34 4.34 4.42 4.42 4.42 4.42 4.42 4.42 4.42 4.42 4.49 4.49 4.49 4.99 4.49 4.49 4.49 4.49
0.00 0.00 0.00 0.00 5.13 0.00 0.00 0.00 0.00 0.00 0.00 5.11 5.07 5.07 5.07 5.07 4.97 4.97 4.97 4.34 4.43 4.43 4.43 4.43 4.44 5.52 5.52 5.52 5.68 6.09 5.68 5.68 5.74 5.74 5.74 5.66 6.02 5.54 6.40 8.25 5.54 5.02 5.11 3.70 5.71 4.65 4.65 4.82 4.80 4.80 4.80 4.80 4.84 4.84 5.33 4.84 4.82 4.82 4.82 4.82 4.83 4.83 4.83 4.83 5.25 4.78 4.78 4.78 5.38 4.90 4.90 4.90 4.90 4.90 4.90 4.90 4.97 4.97 4.97 4.97 4.97 4.97 4.97 4.97
0.00 0.00 0.00 4.79 5.13 5.13 0.00 0.00 0.00 5.11 5.11 5.11 5.07 5.07 5.07 5.07 4.97 4.97 4.97 4.97 4.43 4.43 4.43 4.43 4.44 5.52 5.52 5.52 5.68 5.68 5.68 6.09 5.74 5.74 5.74 4.60 4.83 5.11 5.54 9.05 5.11 5.02 5.02 5.02 5.02 5.02 4.82 4.82 4.80 4.80 4.80 4.80 4.84 4.84 5.32 4.84 4.82 4.82 4.82 5.29 4.83 4.83 4.83 4.83 4.78 4.78 4.78 4.78 4.90 4.90 4.90 4.90 4.90 6.37 4.90 4.90 4.97 4.97 4.97 4.97 4.97 4.97 4.97 4.97
4.79 4.79 4.79 4.79 5.12 5.12 5.57 5.57 5.13 5.13 5.46 5.13 5.10 5.10 5.10 5.10 5.01 5.43 5.01 5.01 5.12 5.12 4.47 4.47 4.47 5.55 5.55 5.55 5.69 6.09 5.69 5.69 5.75 5.75 4.62 4.62 4.65 5.02 5.54 7.64 5.45 6.20 5.11 5.02 5.02 5.02 4.83 5.30 4.79 5.26 5.26 4.79 4.80 4.80 4.80 4.80 4.72 4.72 4.72 4.72 4.69 4.69 4.69 4.69 5.12 4.66 4.66 5.14 5.34 4.87 6.33 6.33 6.40 6.40 4.92 4.92 4.94 4.94 4.94 4.94 4.96 5.45 4.96 4.96
4.79 4.79 4.79 5.25 5.12 5.12 5.12 5.12 5.13 5.58 5.13 5.13 5.10 5.10 5.10 5.10 5.01 5.01 5.01 5.01 5.12 5.12 5.12 4.47 4.47 4.47 5.55 5.55 5.69 5.69 5.69 5.69 4.62 4.62 4.62 4.62 5.02 5.02 5.11 5.47 7.64 5.54 5.66 5.02 5.53 5.11 4.83 4.83 4.79 4.79 4.79 4.79 4.80 4.80 5.28 5.45 5.19 4.72 4.72 4.72 4.69 4.69 4.69 4.69 4.66 4.66 4.66 4.66 4.87 4.87 6.33 4.87 6.40 4.56 4.92 4.92 4.94 4.94 4.94 6.43 4.96 4.96 4.96 4.56
4.79 4.79 5.20 4.79 5.12 5.12 5.12 5.12 5.13 5.13 5.58 5.13 5.10 5.10 5.10 5.10 5.01 5.01 5.01 5.01 5.12 5.12 5.12 5.12 5.20 4.47 5.55 5.55 4.57 4.57 4.57 4.57 4.62 4.62 4.62 4.77 5.02 5.02 5.11 3.70 7.21 4.65 4.65 4.67 5.11 5.11 4.67 4.83 4.79 4.79 4.79 4.79 4.80 4.80 4.80 4.80 4.72 4.72 4.72 4.72 4.69 4.69 4.69 4.69 4.66 4.66 4.66 5.12 4.87 4.87 4.87 4.87 4.92 4.92 4.92 4.92 4.94 4.94 4.94 6.43 4.96 4.96 4.56 5.05
4.79 4.79 4.79 4.79 5.12 5.12 5.12 5.12 5.13 5.13 5.13 5.13 5.10 5.10 5.10 5.10 5.01 5.01 5.01 5.01 5.12 5.12 5.12 5.12 5.20 5.20 4.47 4.47 4.57 4.57 4.57 4.57 4.62 4.62 4.62 4.77 4.84 4.84 5.77 4.37 3.70 4.65 4.84 4.67 4.65 5.02 5.02 4.83 4.79 4.79 4.79 4.79 5.26 4.80 4.80 4.80 4.72 4.72 4.72 4.72 4.69 4.69 4.69 4.69 4.66 4.66 4.66 4.66 4.87 4.87 4.87 4.87 4.92 4.92 4.92 4.92 4.94 4.94 4.56 4.56 4.96 4.96 4.56 4.56
4.77 4.77 5.18 4.77 5.10 5.10 5.10 5.10 5.11 5.11 5.11 5.11 5.10 5.54 5.10 5.10 5.05 5.05 5.05 5.05 5.16 5.16 5.16 5.16 5.16 5.16 5.16 5.16 4.55 4.55 4.55 4.55 4.61 4.61 5.75 6.50 5.31 4.83 4.65 4.97 4.65 5.32 4.84 4.65 4.67 5.12 5.11 6.02 6.32 5.90 4.74 4.74 4.69 4.69 4.69 4.69 4.62 4.62 4.62 4.62 4.63 4.63 4.63 4.63 4.66 4.66 4.66 4.66 4.94 4.94 4.94 4.94 4.97 4.97 4.97 4.97 5.43 4.95 6.44 6.44 4.56 4.56 4.56 4.56
4.77 4.77 4.77 4.77 5.10 5.54 5.10 5.10 5.11 5.11 5.11 5.11 5.10 5.10 5.10 5.53 5.05 5.05 5.05 5.05 5.16 5.16 5.16 5.16 5.16 5.16 5.16 5.16 5.29 4.55 4.55 4.55 4.61 5.75 5.75 4.61 4.83 4.83 4.65 4.37 5.02 5.11 4.84 4.67 4.67 4.67 4.67 6.02 5.90 4.74 4.74 4.74 4.69 4.69 4.69 4.69 4.62 4.62 4.62 4.62 4.63 4.63 4.63 4.63 4.66 4.66 4.66 4.66 4.94 4.94 4.94 4.94 4.97 4.97 4.97 4.97 4.95 5.43 4.95 4.95 4.56 4.56 4.56 4.56
4.77 4.77 4.77 4.77 5.10 5.10 5.10 5.10 5.11 5.11 5.11 5.11 5.10 5.10 5.10 5.10 5.05 5.05 5.05 5.05 5.16 5.16 5.16 5.61 5.16 5.16 5.16 5.16 5.29 5.29 4.55 4.55 5.06 5.75 5.75 5.60 5.31 4.83 6.03 5.61 5.43 5.11 5.00 4.67 4.82 5.30 4.82 4.82 4.74 4.74 4.74 4.74 4.69 4.69 4.69 5.21 4.62 4.62 4.62 4.62 4.63 4.63 4.63 4.63 4.66 4.66 4.66 4.66 4.94 4.94 4.94 4.94 4.97 4.97 4.97 4.97 4.95 4.95 4.95 4.95 4.56 4.56 4.56 4.56
4.77 4.77 4.77 4.77 5.10 5.92 5.10 5.10 5.11 5.11 5.11 5.11 5.10 5.10 5.10 5.10 5.05 5.05 5.05 5.05 5.16 5.16 5.16 5.16 5.16 5.16 5.16 5.16 5.29 5.29 5.29 5.75 4.61 5.75 4.61 5.10 4.83 4.83 6.03 5.02 5.02 5.02 6.04 5.32 4.82 4.82 4.82 4.82 4.74 4.74 5.21 4.74 4.92 6.13 6.13 7.03 4.62 4.62 4.62 4.62 4.63 4.63 4.63 4.63 4.66 4.66 4.66 4.66 4.94 4.94 4.94 4.94 4.97 5.46 4.97 4.97 4.95 4.95 4.95 4.95 4.56 4.56 4.56 4.56
4.73 4.73 4.73 5.13 5.07 5.07 5.51 5.07 5.05 5.05 5.05 5.62 5.00 5.00 5.00 5.00 4.96 4.96 4.96 4.96 5.13 5.13 5.13 5.13 5.15 5.15 5.15 5.15 5.23 6.19 5.23 5.23 5.31 4.56 5.01 4.56 4.79 4.79 5.26 4.79 4.65 5.98 5.98 4.80 5.22 4.75 4.75 5.22 4.63 4.63 4.63 4.63 6.02 6.40 4.09 6.02 6.07 4.65 4.65 4.65 4.71 4.71 4.71 4.71 4.75 4.75 4.75 4.75 5.00 5.00 5.00 5.00 5.00 5.00 5.00 5.00 4.98 4.98 4.98 4.98 4.56 4.56 4.56 4.56
4.73 4.73 4.73 4.73 5.07 5.51 5.07 5.07 5.05 5.05 5.05 5.05 5.43 5.00 5.00 5.00 4.96 4.96 5.38 4.96 5.13 5.13 5.13 5.13 5.15 5.15 5.15 5.15 5.68 5.23 5.23 5.23 5.31 5.31 5.31 4.56 4.79 4.79 4.79 4.79 4.80 4.80 4.80 4.80 4.75 4.75 4.75 4.75 4.63 4.63 4.63 4.63 6.02 6.02 6.02 6.02 4.65 4.65 4.65 4.65 4.71 4.71 4.71 4.71 4.75 4.75 4.75 4.75 5.00 5.00 5.00 5.00 5.00 5.48 5.00 5.00 4.98 4.98 4.98 4.98 4.94 4.56 4.56 4.56
