New_Model_Runs/8_Future_Present_Scn1_out/post_prcessed_with_MFR/Monthly_summaries/net_infiltration_monthly_MAR.asc
NCOLS 700
NROWS 400
XLLCENTER 515000.000000
YLLCENTER 8409000.000000
CELLSIZE 50.000000
NODATA_value -999.000000
[rows 228 to 265 of 400, columns 84 to 167 of 700]
6.82 7.05 6.82 6.82 6.83 6.83 6.83 6.83 7.05 6.82 6.82 6.82 7.23 7.23 7.23 7.23 7.13 7.13 7.13 7.13 7.11 7.11 7.11 7.11 7.18 7.18 7.18 7.18 7.58 7.65 7.36 7.36 7.40 7.40 7.40 7.40 7.46 7.46 7.46 7.46 7.48 7.48 7.48 7.48 7.67 7.67 7.67 7.67 7.62 7.62 7.62 7.62 7.63 7.94 7.63 7.63 7.65 7.65 7.65 7.65 8.12 8.12 7.54 7.25 8.65 8.65 8.65 8.75 7.25 7.25 7.25 7.25 6.96 8.11 8.11 8.11 8.62 8.62 8.62 9.24 7.39 9.22 9.22 6.87
6.82 6.82 6.82 6.82 6.83 6.83 6.83 6.83 6.82 6.82 7.05 6.82 7.23 7.23 7.23 7.23 7.13 7.13 7.13 7.13 7.11 7.11 7.11 7.36 7.18 7.18 7.18 7.18 7.58 7.36 7.36 7.36 7.40 7.40 7.40 7.40 8.06 7.46 7.46 7.46 7.48 7.48 7.48 7.48 7.67 7.67 7.67 7.67 7.62 7.62 7.62 7.62 7.63 7.63 7.63 7.63 7.65 7.65 7.65 7.65 8.12 8.12 7.54 7.54 8.65 6.96 8.09 8.65 8.62 7.25 7.25 7.25 6.96 8.11 8.11 8.11 8.62 8.62 8.62 8.62 8.60 8.59 9.22 9.22
6.82 6.82 6.82 6.82 6.83 6.83 6.83 6.83 6.82 6.82 6.82 6.82 7.23 7.41 7.23 7.40 7.13 7.38 7.13 7.13 7.11 7.36 7.11 7.11 7.18 7.18 7.18 7.18 7.88 7.36 7.36 7.36 7.40 7.40 7.40 7.40 7.46 7.46 7.46 7.46 7.48 7.79 7.79 7.48 7.67 7.67 7.67 7.67 7.99 7.62 7.62 7.62 7.63 7.63 7.63 7.63 7.65 7.65 7.65 7.65 8.12 8.12 8.12 8.12 8.34 6.96 7.54 7.54 8.06 8.06 7.25 7.25 6.96 8.11 8.11 8.11 8.62 8.62 8.62 8.62 8.60 8.60 8.60 8.60
6.82 6.82 6.82 6.82 6.83 6.83 6.83 6.83 6.82 6.82 6.82 6.82 7.23 7.23 7.23 7.23 7.13 7.13 7.13 7.38 7.36 7.11 7.11 7.11 7.18 7.18 7.18 7.18 7.36 7.36 7.36 7.36 7.40 7.40 7.40 7.40 7.46 7.46 7.46 7.46 7.48 7.48 7.78 7.48 7.67 7.67 7.67 7.67 7.62 7.99 7.62 7.62 7.63 7.63 7.63 7.63 7.65 7.65 7.65 7.65 8.12 8.12 8.12 8.12 8.09 8.09 8.65 8.09 8.06 8.06 7.25 6.96 6.96 6.96 8.11 8.11 8.62 8.62 8.62 8.62 8.60 8.60 8.60 8.60
6.73 6.73 6.96 6.96 6.72 6.72 6.72 6.72 6.71 6.71 6.71 6.71 7.09 7.09 7.09 7.34 7.04 7.04 7.04 7.04 7.10 7.10 7.10 7.10 7.18 7.18 7.18 7.18 7.37 7.37 7.37 7.37 7.44 7.44 7.44 7.44 7.44 7.44 7.44 7.44 7.41 7.41 7.41 7.41 7.61 7.61 7.61 7.61 7.61 7.61 7.61 7.61 7.67 7.67 7.67 7.67 7.75 7.75 7.75 7.75 8.18 8.18 8.18 8.18 8.12 8.12 8.12 8.12 8.09 8.09 6.96 8.09 8.16 8.16 8.16 8.16 8.69 8.69 9.10 8.69 8.69 8.69 8.69 8.69
6.73 6.73 6.73 6.73 6.72 6.72 6.72 6.72 6.71 7.14 6.71 6.71 7.09 7.09 7.09 7.09 7.04 7.04 7.04 7.04 7.10 7.10 7.10 7.10 7.18 7.18 7.18 7.18 7.37 7.37 7.37 7.37 7.44 7.44 7.44 7.44 7.44 7.44 7.44 8.05 7.41 7.41 7.41 7.41 7.61 7.61 7.61 7.61 7.61 7.61 7.61 7.61 7.67 7.67 7.67 7.67 7.75 7.75 7.75 7.75 8.18 8.18 8.95 8.18 8.12 8.12 8.12 8.12 8.50 8.09 8.09 8.09 8.16 8.16 8.16 8.16 8.69 8.69 8.69 8.69 8.69 8.69 8.69 8.69
6.96 6.73 6.73 6.73 6.72 6.72 6.72 6.72 6.71 6.71 6.71 6.71 7.09 7.09 7.09 7.09 7.04 7.04 7.04 7.04 7.10 7.10 7.10 7.10 7.18 7.18 7.18 7.18 7.37 7.37 7.37 7.37 7.44 7.44 7.44 7.44 8.33 7.74 7.96 7.44 7.41 7.71 7.41 7.41 7.61 7.61 7.61 7.61 7.61 7.61 7.61 7.61 7.67 7.67 7.67 7.67 7.75 7.75 7.75 7.75 8.18 8.18 8.18 8.94 8.12 8.12 8.12 8.12 8.09 8.09 8.09 8.09 8.16 8.16 8.16 8.16 8.69 8.69 8.69 8.69 8.69 8.69 8.69 8.69
6.89 6.73 6.73 6.73 6.72 6.72 6.88 6.72 6.71 6.71 6.71 6.71 7.09 7.09 7.09 7.09 7.04 7.04 7.04 7.04 7.10 7.10 7.10 7.10 7.18 7.18 7.18 7.18 7.37 7.37 7.37 7.37 7.44 7.44 7.44 8.05 7.44 7.44 7.44 7.44 7.41 7.41 7.41 7.41 7.61 7.61 7.61 7.61 7.61 7.61 7.61 7.61 7.67 7.67 7.67 7.67 7.75 7.75 7.75 7.75 8.18 8.18 8.18 8.18 8.12 8.12 8.12 8.12 8.09 8.09 8.09 8.09 8.16 8.16 8.16 8.16 8.69 8.69 8.69 8.69 8.69 8.69 8.69 8.69
6.77 6.77 6.77 6.78 6.78 6.78 6.78 6.78 6.76 6.76 6.76 6.76 7.04 7.04 7.04 7.04 7.13 7.13 7.13 7.13 7.25 7.25 7.25 7.25 7.22 7.22 7.22 7.22 7.48 7.48 7.48 7.48 7.49 7.49 7.49 7.78 7.42 7.42 7.42 7.42 7.40 7.40 7.40 7.40 7.68 7.68 7.68 7.68 7.74 7.74 7.74 7.74 7.80 7.80 7.80 7.80 7.85 7.85 7.85 7.85 8.26 8.26 8.26 8.67 8.15 8.57 8.15 8.15 8.12 8.12 8.12 8.12 8.20 8.20 8.20 8.20 8.72 8.72 8.72 8.72 8.74 8.74 8.74 8.74
6.77 6.77 6.77 6.77 6.78 6.78 6.78 6.78 6.76 6.76 6.77 6.76 7.04 7.04 7.04 7.04 7.13 7.13 7.13 7.13 7.25 7.25 7.25 7.25 7.22 7.22 7.22 7.22 7.48 7.48 7.48 7.48 7.49 7.49 7.49 7.49 7.42 7.42 7.42 7.42 7.40 7.40 7.40 7.40 7.68 7.68 7.68 7.68 7.74 7.74 7.74 7.74 7.80 7.80 7.80 7.80 7.85 7.85 7.85 7.85 8.26 8.26 8.26 8.26 8.15 8.15 8.15 8.15 8.12 8.12 8.12 8.12 8.20 8.20 8.20 8.20 8.72 8.72 8.72 8.72 8.74 9.17 8.74 8.74
6.77 6.77 6.78 6.77 6.78 6.78 6.78 6.78 6.76 6.76 6.76 6.76 7.04 7.04 7.04 7.04 7.13 7.13 7.13 7.13 7.25 7.25 7.25 7.25 7.22 7.22 7.22 7.22 7.48 7.48 7.48 7.48 7.49 7.49 7.49 7.49 7.42 7.42 7.42 7.42 7.40 7.40 7.40 7.40 7.68 7.68 7.68 7.68 7.74 7.74 7.74 7.74 7.80 7.80 7.80 7.80 7.85 7.85 7.85 7.85 8.26 8.26 8.26 8.26 8.15 8.15 8.15 8.57 8.12 8.12 8.12 8.12 8.20 8.20 8.20 8.20 8.72 8.72 8.72 8.72 8.74 9.17 8.74 8.74
6.77 6.77 6.77 6.77 6.78 6.78 6.78 6.78 6.93 6.76 6.76 6.76 7.04 7.04 7.04 7.04 7.13 7.13 7.13 7.13 7.25 7.25 7.25 7.25 7.22 7.22 7.22 7.22 7.48 7.48 7.48 7.48 7.49 8.10 7.49 7.78 7.42 7.42 7.42 7.42 7.40 7.40 7.40 7.40 7.68 7.68 7.68 7.68 7.74 7.74 7.74 7.74 7.80 7.80 7.80 7.80 7.85 7.85 7.85 7.85 8.26 8.26 9.04 8.26 8.15 9.19 8.15 8.15 8.12 8.12 8.12 8.12 8.20 8.20 8.20 8.20 8.72 8.72 8.72 8.72 8.74 8.74 9.17 8.74
6.73 6.73 6.73 6.73 6.77 6.77 6.77 6.77 6.80 6.80 6.80 6.80 7.13 7.13 7.13 7.13 7.20 7.20 7.20 7.20 7.29 7.29 7.29 7.29 7.34 7.34 7.34 7.34 7.55 7.55 7.55 7.55 7.47 7.47 7.47 7.47 7.43 7.43 7.43 7.43 7.44 7.44 7.44 7.44 7.73 7.73 7.73 7.73 7.82 7.82 7.82 7.82 7.88 7.88 7.88 7.88 7.90 7.90 7.90 7.90 8.25 8.25 8.25 8.66 8.54 8.12 8.12 8.12 8.11 8.11 8.11 8.11 8.19 8.19 8.19 8.19 8.73 8.73 8.73 8.73 8.78 8.78 8.78 8.78
6.86 6.66 6.73 6.73 6.77 6.77 6.77 6.77 6.81 6.80 6.80 6.80 7.13 7.13 7.13 7.13 7.20 7.20 7.20 7.20 7.29 7.29 7.29 7.29 7.34 7.34 7.34 7.34 7.55 7.55 7.55 7.55 8.09 7.78 7.47 7.47 7.43 7.43 7.43 7.43 7.44 7.44 7.44 7.44 7.73 7.73 7.73 7.73 7.82 7.82 7.82 7.82 7.88 7.88 7.88 7.88 7.90 7.90 7.90 7.90 8.25 8.25 8.25 8.25 8.12 8.12 8.12 8.12 8.11 8.11 8.11 8.11 8.19 8.19 8.19 8.19 8.73 8.73 8.73 8.73 8.78 8.78 8.78 8.78
6.05 6.05 6.05 6.05 6.09 6.09 6.29 6.29 6.32 6.51 6.32 6.32 6.50 6.50 6.50 6.50 6.65 6.65 6.65 6.65 6.73 6.73 6.73 6.73 6.78 6.78 6.78 6.78 6.55 6.55 6.55 6.55 6.62 6.63 6.62 6.62 6.58 6.58 6.58 6.58 6.59 6.59 6.81 6.59 6.87 6.87 6.87 6.87 6.96 6.96 6.96 6.96 7.01 7.01 7.01 7.01 7.03 7.03 7.03 7.28 7.32 7.32 7.32 7.32 7.20 7.60 7.20 7.20 7.19 7.19 7.19 7.19 7.27 7.27 7.27 7.27 8.04 8.04 8.04 8.04 8.10 8.10 8.10 8.10
6.05 6.05 6.05 6.05 6.09 6.09 6.09 6.09 6.11 6.32 6.32 6.32 6.50 6.50 6.50 6.50 6.65 6.65 6.65 6.65 6.73 6.73 6.73 6.73 6.78 6.78 6.78 6.78 6.55 6.55 6.55 6.55 6.62 6.62 6.62 6.62 6.58 6.58 6.58 6.58 6.60 6.60 6.59 6.59 6.87 6.87 6.87 6.87 6.96 6.96 6.96 6.96 7.01 7.01 7.01 7.01 7.03 7.03 7.03 7.03 7.32 7.32 7.32 7.32 7.20 7.20 7.20 7.20 7.19 7.19 7.19 7.19 7.27 7.27 7.27 7.27 8.04 8.45 8.04 8.04 8.10 8.10 8.10 8.10
6.07 6.07 6.07 6.07 6.12 6.12 6.12 6.12 6.13 6.65 6.13 6.13 6.56 6.56 6.56 6.56 6.70 6.70 6.70 6.70 6.66 6.66 6.66 6.66 6.70 6.70 6.70 6.70 6.55 6.55 6.55 6.55 6.58 6.58 6.58 6.58 6.58 6.58 6.58 6.58 6.60 6.60 6.60 6.60 6.86 6.86 6.86 6.86 6.97 6.97 6.97 6.97 7.05 7.05 7.05 7.05 7.01 7.01 7.01 7.01 7.25 7.25 7.25 7.25 7.17 7.17 7.17 7.17 7.17 7.17 7.17 7.17 7.22 7.22 7.22 7.22 8.02 8.02 8.02 8.43 8.13 8.13 8.13 8.13
6.07 6.07 6.07 6.07 6.12 6.12 6.12 6.12 6.13 6.13 6.13 6.13 6.32 6.32 6.32 6.56 6.70 6.70 6.70 6.70 6.66 6.66 6.66 6.66 6.70 6.70 6.70 6.42 6.55 6.55 6.55 6.55 6.58 6.58 6.58 6.58 6.58 6.58 6.58 6.58 6.60 6.60 6.60 6.60 6.86 6.86 6.86 6.86 7.40 6.97 6.97 6.97 7.05 7.05 7.05 4.56 7.01 7.01 7.01 7.01 7.25 7.25 7.25 7.54 7.17 7.17 7.17 7.17 7.17 7.17 7.17 7.17 7.22 7.22 7.22 7.22 8.02 8.43 8.02 8.02 8.88 8.13 8.13 8.13
6.07 6.07 6.07 6.07 6.12 6.12 6.12 6.12 6.13 6.13 6.13 6.13 6.32 6.32 6.32 6.32 6.44 6.44 6.44 6.70 6.66 6.66 6.66 6.66 6.70 6.70 6.70 5.41 4.86 4.79 6.55 5.11 6.58 6.58 6.58 6.58 6.58 6.58 6.58 6.58 6.60 6.60 6.60 6.60 6.86 6.86 6.86 6.86 7.21 6.97 6.97 6.97 7.05 7.05 7.05 7.05 7.01 7.01 7.01 7.01 7.25 7.25 7.25 7.54 7.17 7.17 7.17 7.17 7.17 7.17 7.17 7.17 7.22 7.22 7.22 7.22 8.02 8.02 8.02 8.02 8.13 8.13 8.13 8.13
6.07 6.07 6.07 6.07 6.48 6.12 6.12 6.12 6.13 6.49 6.13 6.13 6.32 6.32 6.32 6.32 6.44 6.44 6.44 6.44 6.53 6.53 6.66 6.66 6.70 6.93 6.75 5.09 4.79 4.79 4.79 6.55 6.58 6.58 6.58 6.58 6.58 6.58 6.58 6.58 6.94 6.60 6.60 6.61 6.86 6.86 6.86 6.86 6.97 6.97 6.97 7.22 7.05 7.05 7.05 7.30 7.01 7.01 7.01 7.01 7.25 7.25 7.25 7.25 7.17 7.17 7.17 7.17 7.17 7.17 7.17 7.17 7.51 7.22 7.22 7.22 8.02 8.02 8.02 8.02 8.13 8.13 8.13 8.13
6.08 6.08 6.08 6.08 6.13 6.13 6.13 6.13 6.14 6.14 6.14 6.14 6.32 6.32 6.32 6.32 6.46 6.46 6.46 6.46 6.57 6.57 6.57 6.57 6.90 6.70 5.41 5.09 4.79 4.79 6.68 6.67 6.56 6.56 6.56 6.56 6.58 6.58 6.80 6.80 6.96 6.61 6.61 6.61 6.82 6.82 6.82 6.82 6.93 6.93 6.93 7.17 7.03 7.03 7.03 7.48 6.96 6.96 6.96 6.96 7.21 7.21 7.21 7.21 7.17 7.17 7.17 7.46 7.16 7.16 7.16 7.16 7.47 7.17 7.17 7.17 8.00 8.00 8.00 8.00 8.11 8.11 8.11 8.53
6.08 6.08 6.08 6.08 6.13 6.13 6.13 6.13 6.14 6.14 6.14 6.14 6.32 6.32 6.32 6.32 6.46 7.19 6.46 6.46 6.57 6.57 6.57 6.57 6.25 6.57 6.57 6.25 4.79 4.07 6.67 6.67 6.56 6.56 6.56 6.56 6.58 6.58 6.80 6.80 6.82 6.82 6.62 6.61 6.82 6.82 6.82 6.82 6.93 6.93 6.93 6.93 7.03 7.03 5.31 5.31 6.96 7.21 6.96 7.31 7.21 7.21 7.21 7.21 7.17 7.17 7.17 7.17 7.16 7.16 7.16 7.16 7.17 7.17 7.17 7.17 8.00 8.00 8.00 8.00 8.11 8.11 8.11 8.11
6.08 6.08 6.08 6.08 6.13 6.13 6.13 6.13 6.14 6.14 6.14 6.14 6.32 6.32 6.32 6.32 6.46 6.46 6.46 6.46 6.57 6.25 6.25 6.86 6.25 6.57 6.57 6.25 6.43 6.58 6.43 6.43 6.56 6.56 6.56 6.56 6.58 6.58 6.58 6.80 6.82 6.82 6.82 6.61 6.82 6.82 6.82 6.82 6.93 6.93 6.93 6.93 7.03 7.28 5.31 5.31 6.96 6.96 6.96 6.96 7.21 7.21 7.21 7.21 7.17 7.17 7.17 7.17 7.16 7.16 7.16 7.16 7.17 7.17 7.17 7.17 8.00 8.00 8.00 8.00 8.11 8.11 8.11 8.53
6.08 6.08 6.08 6.08 6.13 6.13 6.13 6.13 6.14 6.14 6.50 6.14 6.32 6.32 6.32 6.32 6.46 7.19 6.46 6.46 6.25 6.25 6.18 6.18 6.02 6.57 6.57 6.57 6.43 6.43 6.67 7.35 6.34 6.34 6.34 6.56 6.58 6.58 6.58 6.80 6.82 6.83 6.82 6.82 7.25 6.82 6.82 6.82 6.93 6.93 6.93 6.93 7.03 7.03 7.03 5.40 6.96 6.96 6.96 6.96 7.21 7.21 7.21 7.21 7.17 7.04 7.04 7.17 7.16 7.16 7.16 7.16 7.17 7.17 7.17 7.17 8.00 8.00 8.00 8.00 8.11 8.11 8.11 8.53
6.10 6.10 6.10 6.10 6.14 6.14 6.14 6.14 6.14 6.14 6.50 6.14 6.33 6.33 6.33 6.33 6.45 6.45 6.45 6.45 6.25 6.62 6.17 6.18 6.18 7.45 7.01 6.57 6.67 6.44 5.78 6.44 6.35 6.35 6.35 6.35 6.92 6.92 6.80 6.80 6.83 6.84 6.84 6.62 6.80 6.80 6.80 6.80 6.86 6.86 6.86 6.86 5.31 5.31 6.98 5.66 6.92 6.92 6.92 6.92 7.21 7.21 7.51 7.21 7.20 5.75 5.75 7.20 7.14 7.14 7.44 7.14 7.13 7.13 7.13 7.13 8.00 8.00 8.00 8.00 8.12 8.12 8.12 8.12
6.10 6.10 6.10 6.10 6.14 6.14 6.14 6.14 6.14 6.14 6.14 6.14 6.25 6.33 6.33 6.33 6.45 6.45 6.45 6.45 6.25 7.94 8.38 7.94 7.50 4.68 4.24 3.36 6.71 6.44 5.78 6.44 6.35 6.35 6.35 6.35 6.36 5.78 6.36 6.92 6.95 6.95 6.83 6.62 6.80 6.80 6.80 6.80 6.86 6.86 6.86 6.86 6.98 5.31 5.31 5.66 6.92 6.92 6.92 6.92 7.21 7.06 7.21 7.21 7.20 7.20 7.20 7.20 7.14 7.14 7.14 7.14 7.13 7.13 7.13 7.13 8.00 8.00 8.00 8.00 8.12 8.12 8.12 8.53
6.10 6.10 6.47 5.88 6.14 6.82 6.14 6.50 6.14 6.14 6.14 6.14 6.33 6.02 6.02 6.02 6.02 6.25 6.25 6.45 7.14 5.57 5.13 8.83 8.31 10.24 11.12 10.68 7.32 6.71 7.32 6.44 6.35 6.35 6.35 6.35 6.36 5.78 5.78 6.36 6.95 6.95 7.11 6.95 7.26 6.80 6.80 6.80 6.86 6.86 6.86 6.86 6.98 5.31 5.31 5.63 6.92 6.92 6.92 6.67 7.06 7.06 7.06 7.06 7.20 7.20 7.20 7.20 7.14 7.14 7.14 7.14 7.13 7.13 7.13 7.13 8.00 8.00 8.00 8.00 8.12 8.12 8.12 8.12
6.39 5.88 5.88 5.88 6.14 6.50 6.14 6.14 6.14 6.14 6.14 6.14 6.33 6.33 6.25 6.02 6.02 6.02 6.45 6.25 8.02 5.57 7.43 9.35 0.00 0.00 0.00 0.00 0.00 9.45 2.81 7.32 6.35 6.35 6.35 6.03 5.78 5.78 5.78 6.03 6.39 6.95 6.28 6.28 7.26 6.66 6.66 6.66 6.86 6.86 6.86 6.86 6.98 5.64 5.31 5.29 6.92 6.92 6.92 6.92 7.06 7.06 4.89 7.06 7.20 7.20 7.20 7.20 7.14 7.14 7.14 7.14 7.13 7.13 7.13 7.13 8.00 8.00 8.00 8.00 8.12 8.12 8.12 8.12
6.12 5.88 5.88 5.88 6.49 6.13 6.13 6.13 6.13 6.13 6.13 6.13 6.35 6.72 6.35 6.35 6.25 6.45 6.25 6.25 10.24 7.43 0.00 0.00 0.00 0.00 0.00 0.00 0.00 0.00 9.45 7.13 6.37 6.37 6.37 6.03 6.03 5.78 5.78 6.03 6.36 6.93 6.56 6.28 6.37 7.25 6.65 6.65 6.67 6.67 6.67 6.80 6.91 7.49 5.64 5.29 7.17 6.92 6.92 6.92 7.23 7.07 7.23 7.23 7.20 7.20 7.49 7.20 7.11 7.11 7.40 7.80 7.40 7.11 7.11 7.11 8.00 8.00 8.00 8.00 8.14 8.14 8.14 8.14
5.88 6.48 5.88 5.88 6.12 6.13 6.13 5.88 6.13 6.13 6.13 6.13 6.35 6.35 6.35 6.35 6.45 6.45 6.45 10.08 0.44 0.00 0.00 0.00 0.00 0.00 0.00 0.00 0.00 0.00 0.00 11.93 8.27 6.37 6.37 6.37 6.03 5.78 5.78 5.78 6.36 6.28 6.28 5.94 6.08 6.37 7.06 6.65 6.67 6.67 6.67 6.67 6.76 6.76 6.76 5.31 5.29 5.29 6.92 6.92 7.07 5.75 7.23 7.23 7.20 7.49 7.20 7.05 7.11 7.11 7.11 7.11 7.11 7.11 7.11 7.11 8.00 8.00 8.00 8.00 8.14 8.14 8.14 7.08
6.29 6.29 6.29 6.29 6.12 5.78 5.78 5.78 6.07 5.77 5.77 5.77 5.91 5.91 5.91 5.91 6.00 6.00 9.51 0.00 0.00 0.00 0.00 0.00 0.00 0.00 0.00 0.00 0.00 0.00 0.00 4.51 7.58 7.14 6.45 6.00 6.15 5.98 5.98 6.39 5.99 5.99 6.59 7.00 5.28 5.67 5.85 5.85 5.87 5.87 5.87 5.87 5.96 5.96 5.96 5.14 5.14 5.41 6.12 6.27 6.50 6.50 6.50 6.50 6.47 6.47 6.47 6.47 6.39 6.39 6.39 6.39 6.39 6.39 6.39 6.39 7.04 7.04 7.04 7.04 7.10 7.10 5.71 6.16
6.29 6.29 6.29 6.29 6.29 5.78 5.78 5.78 5.77 5.77 5.77 5.77 5.91 6.64 6.64 7.89 7.66 9.96 0.00 0.00 0.00 0.00 0.00 0.00 0.00 0.00 0.00 0.00 0.00 0.00 0.00 0.00 7.14 4.84 7.84 6.45 5.98 6.39 6.39 6.24 5.99 6.39 6.37 6.59 5.67 5.67 5.85 5.85 5.87 5.87 5.87 5.87 5.96 5.96 5.96 5.14 5.46 5.14 5.14 5.96 6.30 6.50 6.50 6.50 6.63 6.47 6.48 6.47 6.39 6.39 6.39 6.39 6.39 6.39 6.39 4.56 7.04 7.04 7.04 7.04 7.10 7.10 7.10 7.54
6.29 6.42 6.29 6.29 6.10 5.74 5.74 5.74 5.76 5.76 5.76 5.76 6.64 6.64 6.64 8.23 12.30 0.00 0.00 0.00 0.00 0.00 0.00 0.00 0.00 0.00 0.00 0.00 0.00 0.00 0.00 0.00 7.14 8.03 7.58 6.43 5.94 6.39 6.39 6.24 5.96 6.39 6.39 6.59 5.67 5.28 5.86 6.34 5.85 5.85 5.85 5.85 5.92 5.92 5.92 5.14 4.18 5.34 5.46 5.94 6.28 5.84 5.84 6.43 6.43 6.43 6.43 6.43 6.39 6.39 6.39 6.39 6.40 6.40 6.40 6.40 6.98 6.98 6.98 6.98 7.05 7.05 5.71 5.71
5.74 6.29 6.29 6.29 5.74 5.74 5.74 5.74 5.76 5.76 5.76 5.76 6.64 6.64 7.08 11.42 10.53 0.00 0.00 0.00 0.00 0.00 0.00 0.00 0.00 0.00 0.00 0.00 0.00 0.00 0.00 0.00 7.14 7.58 7.13 6.81 5.94 6.39 6.39 6.39 6.39 6.39 6.39 6.59 5.28 5.28 5.28 6.34 5.85 5.85 5.85 5.85 5.92 5.92 5.92 5.92 1.24 5.87 5.94 6.34 6.28 5.84 7.59 5.84 6.40 6.24 6.24 6.24 6.39 6.39 6.39 6.39 6.40 6.40 6.40 6.40 6.73 6.98 6.98 6.98 7.05 6.13 6.13 5.71
5.74 5.74 5.74 5.74 5.74 5.74 6.03 6.29 5.76 5.76 6.11 5.76 6.36 7.08 10.04 9.53 0.00 0.00 0.00 0.00 0.00 0.00 0.00 0.00 0.00 0.00 0.00 0.00 0.00 0.00 0.00 0.00 10.32 7.14 8.03 7.03 6.39 5.94 6.24 6.24 6.39 6.39 6.24 6.37 4.39 5.28 5.28 6.34 5.85 5.85 5.85 5.98 6.02 5.92 5.92 5.59 4.59 5.68 5.94 5.94 6.28 5.84 6.42 5.84 5.84 6.24 6.24 6.24 6.20 6.20 6.20 6.39 6.40 6.40 6.40 6.40 6.98 6.98 6.98 6.98 7.27 7.05 5.71 5.40
5.74 5.74 5.74 6.29 6.73 6.29 5.74 5.74 6.29 5.76 5.76 5.76 6.87 5.97 10.09 0.00 0.00 0.00 0.00 0.00 0.00 0.00 0.00 0.00 0.00 0.00 0.00 0.00 0.00 0.00 0.00 0.00 5.81 11.65 7.25 6.86 6.39 6.24 6.24 6.24 6.39 6.24 6.24 6.37 6.19 5.28 5.79 5.67 5.85 5.85 5.85 5.98 5.46 5.92 5.85 2.13 7.34 6.39 6.30 5.94 5.84 6.42 5.84 5.84 5.84 5.84 6.95 6.24 6.38 6.20 6.20 6.20 6.21 6.21 6.40 6.40 6.98 6.98 6.98 6.98 7.05 7.05 7.05 5.40
5.75 5.75 5.75 6.46 6.73 6.73 5.74 5.74 5.73 6.29 6.29 6.82 6.85 10.09 0.00 0.00 0.00 0.00 0.00 0.00 0.00 0.00 0.00 0.00 0.00 0.00 0.00 0.00 0.00 0.00 0.00 0.00 0.00 8.17 9.72 5.93 6.39 6.63 6.39 6.39 6.39 6.24 6.24 6.25 5.22 5.28 5.83 5.83 5.84 5.84 5.84 5.46 5.14 5.91 6.45 3.90 8.13 5.66 5.91 5.91 6.24 5.84 5.84 6.43 5.84 5.55 6.23 6.23 6.22 6.22 6.22 6.22 6.22 6.22 6.22 6.22 6.80 6.80 6.93 6.93 7.05 7.05 7.05 5.71
9.38 9.38 9.38 6.64 7.50 7.50 6.18 5.74 5.73 5.73 6.29 7.18 10.53 0.00 0.00 0.00 0.00 0.00 0.00 0.00 0.00 0.00 0.00 0.00 0.00 0.00 0.00 0.00 0.00 0.00 0.00 0.00 0.00 5.93 10.61 7.08 6.39 6.39 5.90 5.90 5.94 6.39 9.87 6.25 5.22 6.32 6.28 5.83 5.84 5.84 5.84 5.46 5.14 6.35 8.56 4.79 5.67 7.43 6.26 5.91 6.24 6.24 5.84 5.84 6.52 5.55 6.23 6.23 6.22 6.22 6.22 6.22 6.22 6.22 6.22 6.22 6.80 6.80 6.80 6.80 6.90 7.05 7.05 5.71
