New_Model_Runs/8_Future_Present_Scn1_out/post_prcessed_with_MFR/Monthly_summaries/net_infiltration_monthly_FEB.asc
NCOLS 700
NROWS 400
XLLCENTER 515000.000000
YLLCENTER 8409000.000000
CELLSIZE 50.000000
NODATA_value -999.000000
[rows 152 to 189 of 400, columns 336 to 419 of 700]
1.86 3.17 4.79 4.30 2.33 2.74 2.33 2.33 2.33 4.22 4.18 4.18 4.13 4.13 4.08 4.08 4.16 4.16 4.22 4.16 4.27 4.27 4.27 4.27 4.36 7.64 3.91 3.91 4.71 4.71 5.51 4.31 3.96 3.96 4.36 2.68 2.28 7.29 3.93 4.33 4.70 7.24 7.18 6.57 6.57 6.06 1.25 0.85 4.14 0.00 0.00 0.00 0.00 0.00 0.00 0.00 0.00 0.00 0.00 0.00 0.00 0.00 0.00 0.00 0.00 0.00 0.00 0.00 0.00 0.00 0.00 0.00 0.00 0.00 0.00 0.00 0.00 0.00 0.00 0.00 0.00 0.00 0.00 0.00
2.24 2.34 1.98 2.15 3.13 2.38 2.36 2.42 2.42 4.22 4.22 4.18 4.08 4.08 4.08 4.08 4.16 4.16 4.16 4.16 4.27 4.27 4.27 4.27 4.36 2.11 5.39 5.39 3.91 5.85 4.71 3.91 5.96 6.42 5.56 5.16 7.01 5.28 4.49 4.33 4.30 7.24 5.91 2.84 6.12 0.85 1.25 1.25 4.14 0.00 0.00 0.00 0.00 0.00 0.00 0.00 0.00 0.00 0.00 0.00 0.00 0.00 0.00 0.00 0.00 0.00 0.00 0.00 0.00 0.00 0.00 0.00 0.00 0.00 0.00 0.00 0.00 0.00 0.00 0.00 0.00 0.00 0.00 0.00
2.55 2.24 1.84 1.75 2.57 3.27 4.27 4.27 4.22 4.22 4.22 4.18 4.08 4.08 4.08 4.14 4.16 4.16 4.16 4.16 4.27 4.27 4.27 4.27 7.71 7.71 7.71 8.19 5.39 5.39 5.39 5.39 4.36 6.36 6.52 7.72 5.24 8.21 3.69 3.56 4.30 6.91 6.91 2.84 4.53 3.24 2.84 2.84 4.14 2.86 0.00 0.00 0.00 0.00 0.00 0.00 0.00 0.00 0.00 0.00 0.00 0.00 0.00 0.00 0.00 0.00 0.00 0.00 0.00 0.00 0.00 0.00 0.00 0.00 0.00 0.00 0.00 0.00 0.00 0.00 0.00 0.00 0.00 0.00
2.15 1.75 2.37 1.75 1.75 2.33 2.42 4.27 4.22 4.22 4.22 4.22 4.13 4.08 4.08 4.08 4.16 4.16 4.16 4.16 4.27 4.27 4.27 4.27 7.64 4.36 4.36 4.76 2.99 6.19 4.71 2.54 6.12 6.12 6.12 7.41 7.71 4.36 3.96 4.33 3.56 6.61 4.13 2.84 4.53 1.25 2.72 2.72 4.14 6.02 0.00 0.00 0.00 0.00 0.00 0.00 0.00 0.00 0.00 0.00 0.00 0.00 0.00 0.00 0.00 0.00 0.00 0.00 0.00 0.00 0.00 0.00 0.00 0.00 0.00 0.00 0.00 0.00 0.00 0.00 0.00 0.00 0.00 0.00
2.15 1.75 1.83 2.74 2.74 2.74 2.33 4.26 4.21 4.21 4.21 4.21 4.32 4.11 4.06 4.06 4.17 4.17 4.17 4.17 4.26 4.26 4.26 7.54 4.30 4.30 4.30 4.30 3.43 3.34 6.90 2.57 3.04 6.12 6.12 2.75 3.56 4.28 4.28 4.28 6.84 3.34 4.13 3.34 6.12 4.13 2.84 0.85 0.86 4.54 0.40 0.00 0.00 0.00 0.00 0.00 0.00 0.00 0.00 0.00 0.00 0.00 0.00 0.00 0.00 0.00 0.00 0.00 0.00 0.00 0.00 0.00 0.00 0.00 0.00 0.00 0.00 0.00 0.00 0.00 0.00 0.00 0.00 0.00
2.33 2.33 4.27 2.33 4.26 4.26 4.26 4.26 4.21 4.30 4.21 4.21 4.10 4.10 4.06 4.06 4.17 4.17 4.17 4.17 4.32 4.26 4.26 7.54 4.30 4.30 4.32 3.15 3.15 4.34 7.18 6.37 6.12 6.42 3.69 3.29 4.28 4.28 4.28 4.28 3.56 3.29 6.12 4.13 4.13 4.13 0.85 2.84 0.86 4.54 1.35 0.00 0.00 0.00 0.00 0.00 0.00 0.00 0.00 0.00 0.00 0.00 0.00 0.00 0.00 0.00 0.00 0.00 0.00 0.00 0.00 0.00 0.00 0.00 0.00 0.00 0.00 0.00 0.00 0.00 0.00 0.00 0.00 0.00
2.33 2.42 2.33 4.27 4.26 4.26 4.26 2.33 2.33 4.21 4.21 4.21 4.18 4.10 4.06 4.06 4.17 4.17 4.17 4.23 4.26 4.26 7.54 4.29 4.32 4.32 4.32 4.32 4.34 4.34 6.71 3.83 3.56 3.56 4.36 3.56 4.28 4.28 4.28 4.28 4.34 2.75 4.13 4.13 6.12 6.12 0.85 1.25 1.26 4.54 6.94 0.00 0.00 0.00 0.00 0.00 0.00 0.00 0.00 0.00 0.00 0.00 0.00 0.00 0.00 0.00 0.00 0.00 0.00 0.00 0.00 0.00 0.00 0.00 0.00 0.00 0.00 0.00 0.00 0.00 0.00 0.00 0.00 0.00
4.27 4.27 2.42 4.27 4.26 4.26 2.33 2.33 4.36 4.21 4.21 4.21 4.10 4.10 4.10 4.06 4.17 4.17 4.17 4.17 4.26 7.62 7.56 4.29 4.32 4.38 4.32 4.32 4.34 4.34 3.15 4.40 4.36 4.36 4.36 4.36 4.28 4.28 4.28 4.28 4.34 2.75 4.13 6.12 6.12 6.12 4.13 4.13 4.94 5.34 4.54 0.00 0.00 0.00 0.00 0.00 0.00 0.00 0.00 0.00 0.00 0.00 0.00 0.00 0.00 0.00 0.00 0.00 0.00 0.00 0.00 0.00 0.00 0.00 0.00 0.00 0.00 0.00 0.00 0.00 0.00 0.00 0.00 0.00
4.24 4.27 2.33 4.24 4.24 4.24 2.33 2.33 4.19 4.19 4.19 4.19 4.08 4.08 4.08 4.08 4.15 4.15 4.17 4.17 4.22 7.50 4.22 4.22 4.24 4.24 4.24 4.24 4.24 4.30 4.24 4.24 4.28 4.28 4.28 4.42 4.30 4.30 4.30 4.30 4.35 6.02 2.75 3.63 6.79 3.52 4.43 6.12 4.05 4.85 5.36 4.96 0.00 0.00 0.00 0.00 0.00 0.00 0.00 0.00 0.00 0.00 0.00 0.00 0.00 0.00 0.00 0.00 0.00 0.00 0.00 0.00 0.00 0.00 0.00 0.00 0.00 0.00 0.00 0.00 0.00 0.00 0.00 0.00
4.24 2.46 2.46 4.24 4.24 4.24 2.33 2.33 2.33 4.19 4.19 2.11 4.08 4.08 4.08 4.08 4.17 4.17 4.17 4.17 7.50 4.22 4.22 4.22 4.24 4.32 4.24 4.24 4.24 4.32 4.24 4.24 4.28 4.28 4.34 4.34 4.30 4.30 4.30 4.30 3.45 3.29 3.45 3.56 3.96 4.76 4.36 3.56 3.58 3.64 8.46 8.14 4.94 4.94 4.59 3.28 0.00 0.00 0.00 0.00 0.00 0.00 0.00 0.00 0.00 0.00 0.00 0.00 0.00 0.00 0.00 0.00 0.00 0.00 0.00 0.00 0.00 0.00 0.00 0.00 0.00 0.00 0.00 0.00
5.24 5.64 5.24 4.84 4.84 4.84 4.84 4.95 3.38 4.79 4.79 4.79 4.67 4.67 4.67 4.67 4.67 4.74 4.67 4.67 4.72 4.72 4.72 4.72 4.74 4.81 4.74 4.74 4.81 4.74 5.03 4.74 4.20 4.20 4.20 4.20 4.21 4.21 4.21 4.33 4.27 4.27 4.27 3.63 4.31 4.25 4.25 4.25 4.03 3.24 4.04 7.41 6.61 5.24 2.01 4.04 4.04 4.04 4.04 4.04 0.00 0.00 0.00 0.00 0.00 0.00 0.00 0.00 0.00 0.00 0.00 0.00 0.00 0.00 0.00 0.00 0.00 0.00 0.00 0.00 0.00 0.00 0.00 0.00
5.24 6.15 6.15 5.24 4.84 4.84 4.84 4.84 4.79 4.79 4.79 4.79 4.76 4.67 4.67 4.67 4.67 4.67 4.67 4.67 4.72 4.72 4.72 4.72 4.74 4.74 4.74 4.74 4.74 4.74 4.81 4.74 4.20 4.20 4.20 4.20 4.21 4.21 4.33 4.21 4.27 4.27 4.27 4.27 4.25 4.25 4.25 4.25 4.03 4.03 4.43 6.46 5.81 2.53 5.24 5.24 4.84 4.14 4.14 4.44 6.21 0.00 0.00 0.00 0.00 0.00 0.00 0.00 0.00 0.00 0.00 0.00 0.00 0.00 0.00 0.00 0.00 0.00 0.00 0.00 0.00 0.00 0.00 0.00
4.80 5.20 5.71 5.20 4.74 4.74 4.74 4.74 4.76 4.66 4.66 4.76 4.61 4.61 4.61 4.57 4.71 4.71 4.71 4.71 4.75 4.75 4.75 4.75 4.74 4.74 4.74 4.74 4.72 4.72 4.72 4.72 4.21 4.21 4.21 4.21 4.23 4.23 4.23 4.23 4.22 4.22 4.22 4.22 4.20 4.29 4.20 4.20 4.02 4.02 3.24 2.53 5.81 2.53 1.96 5.64 4.88 3.95 3.95 4.76 4.81 5.72 4.07 3.28 0.00 0.00 0.00 0.00 0.00 0.00 0.00 0.00 0.00 0.00 0.00 0.00 0.00 0.00 0.00 0.00 0.00 0.00 0.00 0.00
4.80 4.80 4.80 4.80 4.74 4.74 4.74 4.74 4.66 4.66 4.66 4.66 4.61 4.61 4.61 4.57 4.71 4.71 4.71 4.71 4.75 4.75 4.75 4.75 4.74 4.74 4.74 4.74 4.72 4.72 4.72 4.72 4.21 4.21 4.21 4.21 4.23 4.23 4.23 4.23 4.22 4.22 4.22 4.22 4.20 4.32 4.20 4.20 4.02 3.24 3.24 2.53 2.53 4.04 4.44 2.93 3.95 3.95 3.95 3.95 4.35 7.22 3.95 7.22 0.00 0.00 0.00 0.00 0.00 0.00 0.00 0.00 0.00 0.00 0.00 0.00 0.00 0.00 0.00 0.00 0.00 0.00 0.00 0.00
4.91 4.80 4.80 4.91 4.74 4.74 4.74 4.74 4.66 4.66 4.66 4.66 4.61 4.61 4.61 4.57 4.71 4.71 4.71 4.71 4.75 4.75 4.75 4.75 4.74 4.74 4.74 4.74 4.72 4.72 4.72 4.72 4.21 4.21 4.21 4.21 4.23 4.23 4.23 4.23 4.22 4.22 4.22 4.22 4.20 4.20 4.20 4.20 3.24 2.96 2.96 2.44 2.53 3.70 3.70 3.30 3.95 3.95 3.95 3.24 3.95 7.62 4.35 3.95 0.00 0.00 0.00 0.00 0.00 0.00 0.00 0.00 0.00 0.00 0.00 0.00 0.00 0.00 0.00 0.00 0.00 0.00 0.00 0.00
4.80 4.80 4.80 4.80 4.74 4.84 4.74 4.74 4.66 4.66 4.66 4.66 4.61 4.61 4.57 4.57 4.71 4.71 4.71 4.71 4.75 4.75 4.75 4.75 4.74 4.74 4.74 4.74 4.72 4.72 4.72 4.72 4.21 4.21 4.21 4.21 4.23 4.23 4.23 4.23 4.22 4.22 4.22 4.22 4.20 4.20 4.20 4.20 3.24 3.24 3.78 4.18 3.30 4.10 4.10 3.30 3.95 3.95 4.76 3.64 3.76 5.95 4.43 7.22 0.00 0.00 0.00 0.00 0.00 0.00 0.00 0.00 0.00 0.00 0.00 0.00 0.00 0.00 0.00 0.00 0.00 0.00 0.00 0.00
4.74 4.74 4.74 4.74 4.64 4.64 4.73 4.64 4.65 4.65 4.65 4.65 4.74 4.74 4.70 4.70 4.80 4.80 4.80 4.80 4.79 4.79 4.79 4.87 4.79 4.79 4.79 4.79 4.80 4.80 4.80 4.80 4.30 4.30 4.30 4.30 4.29 4.29 4.29 4.29 3.48 3.48 3.48 4.26 4.24 4.24 4.24 3.48 3.24 3.37 4.00 4.00 3.98 3.98 3.98 3.98 3.95 3.95 3.24 4.44 4.56 5.21 0.00 0.00 0.00 0.00 0.00 0.00 0.00 0.00 0.00 0.00 0.00 0.00 0.00 0.00 0.00 0.00 0.00 0.00 0.00 0.00 0.00 0.00
4.74 4.74 4.74 4.74 4.64 4.64 4.64 4.64 4.65 4.65 4.65 4.65 4.74 4.74 4.70 4.70 4.80 4.80 4.80 4.80 4.79 4.79 4.79 4.79 4.79 4.79 4.79 4.79 4.80 4.80 4.80 4.80 4.30 4.30 4.30 4.30 4.29 4.29 4.29 4.29 3.21 3.21 3.48 3.48 4.24 4.24 4.24 4.24 4.00 4.00 4.00 4.00 3.98 3.98 3.98 4.06 4.04 3.24 3.24 3.24 0.00 0.00 0.00 0.00 0.00 0.00 0.00 0.00 0.00 0.00 0.00 0.00 0.00 0.00 0.00 0.00 0.00 0.00 0.00 0.00 0.00 0.00 0.00 0.00
4.74 4.74 4.74 4.74 4.64 4.64 4.64 4.64 4.65 4.65 4.65 4.65 4.74 4.70 4.70 4.70 4.80 4.80 4.80 4.80 4.79 4.79 4.79 4.79 4.79 4.79 4.79 2.70 4.60 4.80 4.80 4.80 4.30 4.30 4.30 4.30 4.29 4.29 4.29 5.09 3.21 4.01 3.48 4.26 3.88 4.24 4.24 4.24 4.00 4.00 4.00 4.00 3.98 3.24 3.24 3.64 3.64 3.95 3.95 5.72 0.00 0.00 0.00 0.00 0.00 0.00 0.00 0.00 0.00 0.00 0.00 0.00 0.00 0.00 0.00 0.00 0.00 0.00 0.00 0.00 0.00 0.00 0.00 0.00
4.74 4.74 4.74 4.74 4.64 4.64 4.64 4.64 4.65 4.65 4.65 4.65 4.74 4.70 4.70 4.70 4.80 4.89 4.89 5.11 4.79 4.79 4.79 4.79 4.79 4.79 4.79 2.70 2.70 4.80 4.80 4.80 4.30 4.30 4.30 4.30 4.29 4.29 3.87 3.87 4.26 2.67 4.26 4.66 3.47 3.48 4.24 4.24 4.00 4.00 4.00 4.00 3.98 3.64 2.84 5.64 5.24 4.44 0.00 0.00 0.00 0.00 0.00 0.00 0.00 0.00 0.00 0.00 0.00 0.00 0.00 0.00 0.00 0.00 0.00 0.00 0.00 0.00 0.00 0.00 0.00 0.00 0.00 0.00
4.67 4.67 4.67 4.67 4.69 4.69 4.69 4.69 4.77 4.77 4.77 4.77 4.76 4.72 4.72 4.93 4.82 4.75 4.75 4.82 4.78 4.78 4.87 4.78 4.82 4.82 4.82 2.70 2.70 5.25 5.44 5.44 4.51 4.36 4.36 4.36 4.35 4.35 4.00 3.88 4.32 4.32 4.32 4.72 4.75 4.45 4.68 4.28 4.04 3.24 3.24 4.04 3.24 5.21 6.04 3.96 3.56 1.56 0.00 0.00 0.00 0.00 0.00 0.00 0.00 0.00 0.00 0.00 0.00 0.00 0.00 0.00 0.00 0.00 0.00 0.00 0.00 0.00 0.00 0.00 0.00 0.00 0.00 0.00
4.67 4.67 4.67 4.67 4.69 4.69 4.69 4.69 4.77 4.77 4.77 4.77 4.76 4.72 4.80 4.72 4.75 4.75 4.75 4.75 4.78 4.78 4.78 4.78 4.90 4.91 4.82 3.57 2.70 4.47 4.87 7.35 2.63 5.01 4.91 4.51 4.35 4.35 4.75 2.67 3.25 4.32 4.32 4.32 3.83 5.24 4.28 4.28 3.24 2.96 3.24 3.30 5.81 3.33 2.76 4.13 1.60 0.00 0.00 0.00 0.00 0.00 0.00 0.00 0.00 0.00 0.00 0.00 0.00 0.00 0.00 0.00 0.00 0.00 0.00 0.00 0.00 0.00 0.00 0.00 0.00 0.00 0.00 0.00
4.67 4.67 4.67 4.67 4.69 4.69 4.69 4.69 4.77 4.77 4.77 4.77 4.72 4.89 4.72 4.80 4.75 4.75 4.75 4.75 4.78 4.78 4.78 4.86 4.82 4.82 4.91 4.82 4.85 5.25 4.85 8.28 6.85 3.58 4.51 4.51 4.50 4.35 6.75 6.84 6.04 3.55 3.48 4.32 2.03 3.96 4.43 4.28 3.24 3.24 3.30 5.81 0.00 0.00 0.00 0.00 0.00 0.00 0.00 0.00 0.00 0.00 0.00 0.00 0.00 0.00 0.00 0.00 0.00 0.00 0.00 0.00 0.00 0.00 0.00 0.00 0.00 0.00 0.00 0.00 0.00 0.00 0.00 0.00
4.67 4.67 4.67 4.67 4.69 4.69 4.69 4.69 4.77 4.77 4.77 4.77 4.72 4.79 4.72 4.72 4.90 4.75 4.75 4.75 4.78 4.78 4.86 4.78 4.82 4.82 4.82 4.82 4.85 4.94 4.94 4.27 4.11 4.51 4.53 4.51 4.11 4.11 0.83 6.44 4.11 4.11 4.11 7.75 1.63 3.16 3.96 5.23 4.04 5.81 5.81 0.00 0.00 0.00 0.00 0.00 0.00 0.00 0.00 0.00 0.00 0.00 0.00 0.00 0.00 0.00 0.00 0.00 0.00 0.00 0.00 0.00 0.00 0.00 0.00 0.00 0.00 0.00 0.00 0.00 0.00 0.00 0.00 0.00
4.74 4.74 3.29 3.29 4.78 4.78 4.78 4.78 4.75 4.75 4.75 4.75 4.62 4.62 4.62 4.62 4.76 4.69 4.69 4.69 4.76 4.76 4.76 4.76 4.79 4.79 4.79 4.79 4.84 4.84 4.84 4.84 2.76 2.76 4.51 7.43 3.35 2.63 2.95 6.04 4.51 4.51 4.11 4.11 4.51 6.44 4.51 4.91 4.04 5.81 0.00 0.00 0.00 0.00 0.00 0.00 0.00 0.00 0.00 0.00 0.00 0.00 0.00 0.00 0.00 0.00 0.00 0.00 0.00 0.00 0.00 0.00 0.00 0.00 0.00 0.00 0.00 0.00 0.00 0.00 0.00 0.00 0.00 0.00
4.74 4.74 4.74 3.29 3.29 4.78 4.78 4.78 4.75 4.75 5.07 4.87 4.78 4.78 4.62 4.62 4.69 4.69 4.69 4.69 4.76 4.76 4.92 4.76 4.79 4.79 4.79 4.79 4.84 4.84 4.84 4.84 4.77 3.16 2.76 4.91 3.60 4.16 4.36 6.84 4.51 4.51 4.51 4.51 2.43 4.36 1.23 4.11 5.81 0.00 0.00 0.00 0.00 0.00 0.00 0.00 0.00 0.00 0.00 0.00 0.00 0.00 0.00 0.00 0.00 0.00 0.00 0.00 0.00 0.00 0.00 0.00 0.00 0.00 0.00 0.00 0.00 0.00 0.00 0.00 0.00 0.00 0.00 0.00
5.11 5.11 5.11 5.11 5.15 5.15 4.01 4.01 4.99 5.12 5.12 5.09 5.00 5.00 5.00 5.00 5.09 5.09 5.09 5.09 5.15 5.15 5.15 5.15 5.20 5.20 5.20 5.20 5.25 5.25 5.25 5.25 4.43 4.83 3.13 6.18 3.31 4.81 6.01 3.90 5.01 4.61 4.26 5.01 4.70 4.70 3.50 4.21 0.00 0.00 0.00 0.00 0.00 0.00 0.00 0.00 0.00 0.00 0.00 0.00 0.00 0.00 0.00 0.00 0.00 0.00 0.00 0.00 0.00 0.00 0.00 0.00 0.00 0.00 0.00 0.00 0.00 0.00 0.00 0.00 0.00 0.00 0.00 0.00
5.11 5.11 5.11 4.01 4.01 4.01 4.01 4.01 4.01 4.01 5.12 5.09 5.00 5.00 5.00 5.00 5.09 5.09 5.09 5.09 5.15 5.15 5.15 5.15 5.20 5.20 5.20 5.20 5.25 5.25 5.25 5.25 4.43 4.43 4.43 4.43 4.41 4.41 4.41 4.41 5.18 3.90 3.50 1.33 3.73 3.50 4.21 0.93 0.00 0.00 0.00 0.00 0.00 0.00 0.00 0.00 0.00 0.00 0.00 0.00 0.00 0.00 0.00 0.00 0.00 0.00 0.00 0.00 0.00 0.00 0.00 0.00 0.00 0.00 0.00 0.00 0.00 0.00 0.00 0.00 0.00 0.00 0.00 0.00
5.10 4.01 4.01 4.01 4.01 4.14 4.01 4.01 4.01 4.01 4.10 5.24 5.17 4.96 4.96 4.96 5.13 5.13 5.13 5.13 5.16 5.16 5.16 5.16 5.18 5.18 5.41 5.41 5.22 5.22 5.22 5.22 4.38 4.50 4.38 4.38 4.34 4.34 4.34 4.34 4.32 4.84 4.32 3.41 1.33 2.13 3.90 4.21 0.00 0.00 0.00 0.00 0.00 0.00 0.00 0.00 0.00 0.00 0.00 0.00 0.00 0.00 0.00 0.00 0.00 0.00 0.00 0.00 0.00 0.00 0.00 0.00 0.00 0.00 0.00 0.00 0.00 0.00 0.00 0.00 0.00 0.00 0.00 0.00
4.01 4.01 4.01 4.01 4.01 4.01 4.01 4.14 4.01 4.01 4.10 4.10 4.29 4.96 4.96 4.96 5.13 5.13 5.13 5.13 5.16 5.16 5.16 5.16 5.18 5.18 5.41 5.18 5.22 5.22 5.22 5.51 3.47 4.38 4.38 4.38 4.34 4.34 4.34 4.34 4.32 4.32 4.44 4.32 3.86 4.21 4.61 3.53 5.80 4.03 2.53 0.00 0.00 0.00 0.00 0.00 0.00 0.00 0.00 0.00 0.00 0.00 0.00 0.00 0.00 0.00 0.00 0.00 0.00 0.00 0.00 0.00 0.00 0.00 0.00 0.00 0.00 0.00 0.00 0.00 0.00 0.00 0.00 0.00
4.01 4.01 4.01 4.01 4.01 4.01 4.01 4.01 4.01 4.01 4.10 4.92 4.96 4.96 4.96 4.96 5.13 5.13 5.13 5.13 5.16 5.16 5.16 5.16 5.18 5.18 5.18 5.18 5.22 5.22 5.45 5.22 3.47 4.38 4.50 4.38 4.34 4.34 4.11 4.34 4.32 4.32 4.32 4.32 4.32 4.32 4.32 4.32 3.53 4.03 4.03 2.27 0.00 0.00 0.00 0.00 0.00 0.00 0.00 0.00 0.00 0.00 0.00 0.00 0.00 0.00 0.00 0.00 0.00 0.00 0.00 0.00 0.00 0.00 0.00 0.00 0.00 0.00 0.00 0.00 0.00 0.00 0.00 0.00
4.01 4.01 4.01 4.01 4.01 4.01 4.01 4.14 4.01 4.01 4.10 4.92 4.96 4.96 4.96 4.96 5.13 5.13 5.13 5.13 5.16 5.16 5.16 5.16 5.18 5.18 5.18 5.18 5.22 5.22 5.22 5.22 4.38 4.38 4.38 4.38 4.34 4.34 4.46 4.34 4.32 4.32 4.32 4.32 4.32 4.32 4.44 4.32 4.25 2.47 4.03 4.03 5.55 2.27 0.00 0.00 0.00 0.00 0.00 0.00 0.00 0.00 0.00 0.00 0.00 0.00 0.00 0.00 0.00 0.00 0.00 0.00 0.00 0.00 0.00 0.00 0.00 0.00 0.00 0.00 0.00 0.00 0.00 0.00
4.01 4.01 4.01 4.14 4.01 4.01 4.01 4.01 4.01 4.10 4.94 5.16 5.03 5.03 5.03 5.03 5.16 5.16 5.16 5.16 5.17 5.47 5.39 5.39 5.41 5.46 5.18 5.18 5.18 5.18 5.41 5.41 4.43 4.31 4.31 4.31 4.41 4.29 4.29 4.29 4.27 4.38 4.27 4.27 4.27 4.27 4.27 4.27 3.81 3.87 3.25 3.33 4.83 4.03 5.74 5.74 0.00 0.00 0.00 0.00 0.00 0.00 0.00 0.00 0.00 0.00 0.00 0.00 0.00 0.00 0.00 0.00 0.00 0.00 0.00 0.00 0.00 0.00 0.00 0.00 0.00 0.00 0.00 0.00
4.01 4.01 4.01 4.14 4.01 4.01 4.01 4.01 5.23 5.24 5.24 5.24 5.03 5.03 5.03 5.03 5.16 5.16 5.16 5.16 5.17 5.17 5.17 5.17 5.18 5.46 5.46 5.18 5.18 5.18 5.18 5.18 4.31 4.31 4.31 4.31 4.29 4.29 4.29 4.29 4.27 4.27 4.27 4.27 4.27 4.27 4.27 4.27 3.81 3.81 3.81 3.53 3.93 3.86 3.77 3.77 3.70 5.74 0.00 0.00 0.00 0.00 0.00 0.00 0.00 0.00 0.00 0.00 0.00 0.00 0.00 0.00 0.00 0.00 0.00 0.00 0.00 0.00 0.00 0.00 0.00 0.00 0.00 0.00
4.01 4.01 4.01 4.01 4.01 4.01 4.01 5.20 5.23 5.24 5.24 5.24 5.03 5.03 5.03 5.03 5.16 5.16 5.16 5.16 5.17 5.17 5.17 5.17 5.41 5.18 5.46 5.46 5.46 5.18 5.18 5.18 4.31 4.31 4.31 4.31 4.29 4.29 4.29 4.29 4.27 4.27 4.27 4.27 4.27 4.27 4.27 4.27 3.81 3.81 3.81 3.81 2.85 3.13 3.77 3.77 3.70 3.70 3.70 6.97 0.00 0.00 0.00 0.00 0.00 0.00 0.00 0.00 0.00 0.00 0.00 0.00 0.00 0.00 0.00 0.00 0.00 0.00 0.00 0.00 0.00 0.00 0.00 0.00
4.01 4.01 4.01 4.01 4.01 4.01 4.01 5.20 5.24 5.24 5.24 5.24 5.34 5.03 5.03 5.03 5.16 5.16 5.16 5.16 5.17 5.17 5.17 5.17 5.41 5.41 5.41 5.49 5.49 5.46 5.18 5.18 4.31 4.31 4.31 4.31 4.29 4.29 4.29 4.29 4.27 4.27 4.27 4.27 4.27 4.27 4.27 4.27 3.81 3.81 3.81 3.90 3.77 3.77 3.77 3.77 3.70 3.70 3.70 3.70 5.74 0.00 0.00 0.00 0.00 0.00 0.00 0.00 0.00 0.00 0.00 0.00 0.00 0.00 0.00 0.00 0.00 0.00 0.00 0.00 0.00 0.00 0.00 0.00
4.01 4.01 4.01 4.01 4.01 4.01 4.01 5.24 5.02 5.02 5.02 5.02 5.06 5.06 4.10 5.06 5.15 5.15 5.15 5.15 5.16 5.16 5.16 5.16 5.17 5.17 5.45 5.82 5.22 5.17 5.17 5.17 4.31 4.31 4.31 4.31 4.30 4.30 4.30 4.30 4.29 4.29 4.29 4.29 4.26 4.26 4.26 4.26 3.75 3.75 3.75 3.75 3.72 3.72 3.72 3.72 3.71 3.71 3.71 2.47 5.80 0.00 0.00 0.00 0.00 0.00 0.00 0.00 0.00 0.00 0.00 0.00 0.00 0.00 0.00 0.00 0.00 0.00 0.00 0.00 0.00 0.00 0.00 0.00
4.01 4.01 4.01 4.01 4.01 4.01 4.01 4.01 5.02 5.02 5.02 5.02 5.06 5.06 5.06 5.06 5.15 5.15 5.15 5.15 5.16 5.16 5.16 5.16 5.17 5.40 5.40 5.17 5.40 5.17 5.40 5.40 4.31 4.31 4.31 4.31 4.30 4.30 4.30 4.30 4.29 4.29 4.29 4.29 4.26 4.26 4.26 4.26 3.75 3.75 3.75 3.75 3.72 3.13 3.72 3.72 3.71 3.71 2.47 4.03 0.00 0.00 0.00 0.00 0.00 0.00 0.00 0.00 0.00 0.00 0.00 0.00 0.00 0.00 0.00 0.00 0.00 0.00 0.00 0.00 0.00 0.00 0.00 0.00
