New_Model_Runs/8_Future_Present_Scn1_out/post_prcessed_with_MFR/Monthly_summaries/net_infiltration_monthly_NOV.asc
NCOLS 700
NROWS 400
XLLCENTER 515000.000000
YLLCENTER 8409000.000000
CELLSIZE 50.000000
NODATA_value -999.000000
[rows 185 to 221 of 400, columns 252 to 335 of 700]
7.34 7.34 7.34 7.34 7.72 8.70 7.72 7.72 7.73 7.73 7.73 7.73 7.72 7.72 7.72 8.68 7.65 7.65 7.65 7.65 7.79 7.79 7.79 7.79 7.79 7.79 7.79 7.79 7.94 6.94 6.94 6.94 7.02 9.43 9.43 7.02 7.28 7.28 8.16 8.24 9.25 9.27 7.29 8.42 8.42 8.42 8.42 9.78 9.62 7.16 7.16 7.16 7.10 7.10 7.10 7.10 7.02 7.02 7.02 7.02 7.04 7.04 7.04 7.04 7.07 7.07 7.07 7.07 7.39 7.39 7.39 7.39 7.43 7.43 7.43 7.43 7.40 8.28 7.40 7.40 7.72 7.72 7.72 7.72
7.34 7.34 7.34 7.34 7.72 7.72 7.72 7.72 7.73 7.73 7.73 7.73 7.72 7.72 7.72 7.72 7.65 7.65 7.65 7.65 7.79 7.79 7.79 8.78 7.79 7.79 7.79 7.79 7.94 7.94 6.94 6.94 7.85 9.43 9.43 8.85 8.16 7.28 9.79 10.52 10.15 9.27 7.61 8.42 7.27 8.15 7.27 7.27 7.16 7.16 7.16 7.16 7.10 7.10 7.10 8.06 7.02 7.02 7.02 7.02 7.04 7.04 7.04 7.04 7.07 7.07 7.07 7.07 7.39 7.39 7.39 7.39 7.43 7.43 7.43 7.43 7.40 7.40 7.40 7.40 7.72 7.72 7.72 7.72
7.34 7.34 7.34 7.34 7.72 9.50 7.72 7.72 7.73 7.73 7.73 7.73 7.72 7.72 7.72 7.72 7.65 7.65 7.65 7.65 7.79 7.79 7.79 7.79 7.79 7.79 7.79 7.79 7.94 7.94 7.94 8.95 7.02 9.43 7.02 7.91 7.28 7.28 9.79 9.25 9.25 9.25 9.81 8.17 7.27 7.27 7.27 7.27 7.16 7.16 8.03 7.16 7.53 10.24 10.24 12.05 7.02 7.02 7.02 7.02 7.04 7.04 7.04 7.04 7.07 7.07 7.07 7.07 7.39 7.39 7.39 7.39 7.43 8.32 7.43 7.43 7.40 7.40 7.40 7.40 7.72 7.72 7.72 7.72
7.29 7.29 7.29 8.20 7.68 7.68 8.65 7.68 7.66 7.66 7.66 8.99 7.59 7.59 7.59 7.59 7.54 7.54 7.54 7.54 7.75 7.75 7.75 7.75 7.78 7.78 7.78 7.78 7.88 10.04 7.88 7.88 7.96 6.95 7.79 6.95 7.22 7.22 8.10 7.22 8.16 9.73 9.73 7.24 8.04 7.18 7.18 8.04 7.03 7.03 7.03 7.03 10.08 10.90 7.15 10.08 10.16 7.06 7.06 7.06 7.13 7.13 7.13 7.13 7.18 7.18 7.18 7.18 7.47 7.47 7.47 7.47 7.46 7.46 7.46 7.46 7.43 7.43 7.43 7.43 7.72 7.72 7.72 7.72
7.29 7.29 7.29 7.29 7.68 8.65 7.68 7.68 7.66 7.66 7.66 7.66 8.55 7.59 7.59 7.59 7.54 7.54 8.49 7.54 7.75 7.75 7.75 7.75 7.78 7.78 7.78 7.78 8.86 7.88 7.88 7.88 7.96 7.96 7.96 6.95 7.22 7.22 7.22 7.22 7.24 7.24 7.24 7.24 7.18 7.18 7.18 7.18 7.03 7.03 7.03 7.03 10.08 10.08 10.08 10.08 7.06 7.06 7.06 7.06 7.13 7.13 7.13 7.13 7.18 7.18 7.18 7.18 7.47 7.47 7.47 7.47 7.46 8.35 7.46 7.46 7.43 7.43 7.43 7.43 7.39 7.72 7.72 7.72
7.29 7.29 7.29 7.29 7.68 7.68 8.65 7.68 7.66 7.66 7.66 7.66 7.59 7.59 7.59 7.59 7.54 7.54 7.54 8.49 7.75 9.14 7.75 7.75 8.77 7.78 7.78 7.78 7.88 7.88 7.88 7.88 7.96 7.96 7.96 7.96 7.22 7.22 7.22 7.22 7.24 7.24 7.24 7.24 7.18 7.18 7.18 7.18 7.03 7.03 7.03 10.09 10.08 10.08 10.08 10.08 7.06 7.06 7.06 7.06 7.13 7.13 7.13 8.00 8.05 8.05 7.18 7.18 7.47 7.47 7.47 7.47 7.46 7.46 7.46 7.46 7.43 7.43 7.43 7.43 7.39 7.39 7.72 7.72
7.29 7.29 7.29 8.19 7.68 7.68 7.68 7.68 7.66 7.66 7.66 7.66 7.59 7.59 7.59 7.59 8.47 7.54 7.54 7.54 7.75 7.75 8.74 7.75 7.78 7.78 7.78 8.77 7.88 7.88 7.88 8.87 7.96 7.96 7.96 7.96 8.26 8.26 7.22 7.22 7.24 7.24 7.24 7.24 7.18 7.18 7.18 7.18 7.03 7.03 10.09 10.09 10.08 10.08 10.08 7.01 7.06 7.06 7.06 7.91 7.98 8.00 7.13 7.13 8.04 7.18 7.18 7.18 7.47 7.47 7.47 7.47 7.46 7.46 7.46 7.46 7.43 7.43 7.43 8.32 7.39 7.39 7.39 7.39
7.24 7.24 7.24 7.24 7.59 9.00 7.59 7.59 8.44 7.50 7.50 7.50 7.43 7.43 7.43 7.43 7.46 8.39 7.46 7.46 7.74 7.74 7.74 7.74 7.79 7.79 7.79 7.79 7.81 7.81 7.81 7.81 7.83 7.83 7.83 7.83 8.11 8.11 8.11 7.09 7.09 7.09 7.09 7.09 7.01 7.01 7.01 7.01 6.93 9.93 9.93 9.93 10.13 10.13 10.13 7.04 7.10 7.10 7.10 7.96 7.16 7.16 7.16 7.16 7.21 8.09 7.21 7.21 7.49 7.49 7.49 7.49 7.51 7.51 7.51 7.51 7.52 7.52 7.52 7.52 8.33 7.46 7.46 7.46
7.24 7.24 7.24 7.24 7.59 8.70 7.59 7.59 7.50 7.50 7.50 7.50 7.43 7.43 7.43 7.43 7.46 7.46 7.46 7.46 7.74 7.74 7.74 7.74 7.79 7.79 7.79 7.79 7.81 7.81 7.81 8.85 7.83 7.83 7.83 7.83 8.11 8.11 8.11 8.11 8.11 7.09 7.09 7.09 7.01 7.01 10.06 10.06 6.93 9.93 9.93 9.93 10.13 10.13 10.13 7.04 7.10 7.10 8.57 7.10 7.16 7.16 7.16 7.16 7.21 7.21 7.21 7.21 7.49 7.49 7.49 7.49 7.51 7.51 7.51 7.51 7.52 7.52 7.52 7.52 7.46 7.46 7.46 7.46
7.99 7.99 7.99 7.99 8.18 9.23 8.18 8.18 8.09 8.09 9.13 8.09 8.01 8.01 9.03 8.01 8.04 8.04 8.04 8.04 7.98 7.98 7.98 7.98 8.03 8.03 8.03 8.03 8.04 8.04 8.04 8.04 8.06 8.06 8.06 8.06 8.07 8.07 8.07 8.07 8.07 8.07 7.05 7.05 6.97 10.02 10.02 10.02 9.89 9.89 9.89 9.89 10.05 10.05 10.05 7.24 7.10 7.94 7.10 7.10 7.15 7.15 7.15 7.15 8.05 7.21 7.21 7.21 6.96 6.96 7.78 6.96 6.98 6.98 6.98 6.98 6.99 8.47 6.99 6.99 6.93 6.93 7.89 6.93
7.99 7.99 7.99 7.99 8.18 8.18 9.20 8.18 8.09 8.09 8.09 8.09 8.01 8.01 8.01 8.01 8.04 8.04 8.04 8.04 7.98 7.98 7.98 7.98 8.03 8.03 8.03 8.03 8.04 8.04 8.04 8.04 8.06 8.06 8.06 8.06 8.07 8.07 8.07 8.07 8.07 8.07 8.07 7.05 10.02 10.02 10.02 6.97 6.90 9.89 9.89 6.90 7.04 10.05 10.05 10.05 7.10 7.10 8.74 7.10 7.15 7.15 7.15 7.15 7.21 7.21 7.21 8.07 6.96 6.96 6.96 7.78 6.98 6.98 6.98 6.98 6.99 6.99 8.45 6.99 6.93 7.75 6.93 6.93
9.01 9.01 9.01 7.98 8.07 8.07 8.07 8.07 7.98 7.98 9.00 7.98 8.08 8.08 8.08 8.08 8.22 8.22 8.22 8.22 8.10 8.10 8.10 8.10 8.10 8.10 8.10 8.10 8.11 8.11 8.11 8.11 8.11 8.11 8.11 8.11 8.06 8.06 8.06 8.06 7.99 7.99 7.99 7.99 7.93 6.93 6.93 6.93 6.91 6.91 6.91 6.91 10.11 10.11 10.11 10.11 7.12 8.15 7.12 7.12 7.16 7.16 7.16 7.16 7.21 7.21 7.21 7.21 6.98 6.98 6.98 6.98 7.85 7.04 7.04 7.04 7.04 7.04 7.04 7.04 6.95 6.95 6.95 6.95
7.98 7.98 7.98 9.01 8.07 8.07 8.07 8.07 7.98 7.98 7.98 7.98 8.08 8.08 8.08 8.08 8.22 8.22 8.22 8.22 8.10 8.10 8.10 8.10 8.10 8.10 8.10 8.10 8.11 8.11 8.11 8.11 8.11 8.11 8.11 8.11 8.06 8.06 8.06 8.06 7.99 7.99 7.99 7.99 7.93 7.93 6.93 6.93 6.91 6.91 6.91 6.91 10.11 10.11 10.11 10.11 7.36 7.36 7.12 7.12 7.16 7.16 7.16 7.16 7.21 7.21 7.21 7.21 6.98 6.98 6.98 6.98 7.04 7.04 7.04 7.04 7.04 7.04 7.04 7.04 6.95 6.95 6.95 6.95
7.98 7.98 7.98 9.01 8.07 8.07 8.07 8.07 7.98 7.98 7.98 7.98 8.08 8.08 8.08 8.08 8.22 8.22 8.22 8.22 8.10 8.10 8.10 8.10 8.10 8.10 8.10 8.10 8.11 8.11 8.11 8.11 8.11 8.11 8.11 8.11 8.06 8.06 8.06 8.06 7.99 7.99 7.99 7.99 7.93 7.93 7.93 7.93 6.91 6.91 6.91 6.91 10.11 10.11 7.07 10.11 10.19 10.19 7.12 7.12 7.16 7.16 7.16 7.16 7.21 7.21 7.21 7.21 6.98 6.98 6.98 6.98 7.04 7.04 7.04 7.04 7.04 7.04 7.87 7.85 6.95 6.95 6.95 7.66
7.98 7.98 7.98 7.98 8.07 8.07 8.07 8.07 9.00 7.98 7.98 7.98 8.08 8.08 8.08 8.08 8.22 8.22 8.22 8.22 8.10 8.10 8.10 8.10 8.10 8.10 8.10 8.10 8.11 8.11 8.11 8.11 8.11 8.11 8.11 8.11 8.06 8.06 8.06 8.06 7.99 7.99 7.99 7.99 7.93 7.93 7.93 7.93 7.91 6.91 6.91 6.91 7.07 7.07 7.07 7.07 7.12 7.12 7.12 7.12 7.16 7.16 7.16 7.16 7.21 7.21 7.21 7.21 7.86 7.80 7.80 7.80 7.04 7.04 7.04 7.04 7.04 7.87 7.04 7.04 6.95 6.95 6.95 6.95
7.94 7.94 7.94 7.94 8.01 8.01 8.01 8.01 9.91 8.04 8.04 8.04 8.25 8.25 8.25 8.25 8.36 8.36 8.36 8.36 8.21 8.21 8.21 8.21 8.19 8.19 8.19 8.19 8.22 8.22 8.22 8.22 8.23 8.23 8.23 8.23 8.12 8.12 8.12 8.12 8.02 8.02 9.05 8.02 7.94 7.94 8.96 7.94 7.93 7.93 7.93 6.93 7.14 7.14 7.14 7.14 7.18 7.18 7.18 7.18 7.18 7.18 7.18 7.18 7.21 7.21 7.21 7.21 8.23 6.99 6.99 6.99 7.04 7.04 7.04 7.04 7.85 7.03 7.03 7.03 6.92 6.92 6.92 7.92
7.94 7.94 7.94 7.94 8.01 9.03 9.03 8.01 8.04 8.04 8.04 8.04 8.25 8.25 8.25 8.25 8.36 8.36 8.36 8.36 8.21 8.21 8.21 8.21 8.19 8.19 8.19 8.19 8.22 8.22 8.22 8.22 8.23 8.23 8.23 8.23 8.12 8.12 9.17 8.12 9.05 9.05 8.02 8.02 7.94 7.94 7.94 7.94 7.93 7.93 10.61 7.93 7.14 7.14 7.14 7.14 7.18 7.18 7.18 7.18 7.18 7.18 7.18 7.18 7.21 7.21 7.21 8.07 6.99 6.99 6.99 6.99 7.04 7.04 7.04 7.04 7.03 7.03 7.03 7.85 8.36 8.06 7.73 7.63
7.94 7.94 7.94 7.94 8.01 8.01 8.01 8.01 8.04 8.04 8.04 8.04 8.25 8.25 8.25 8.25 8.36 8.36 8.36 10.70 8.21 8.21 8.21 8.21 8.19 8.19 8.19 8.19 8.22 8.22 8.22 8.22 8.23 8.23 8.23 9.27 8.12 8.12 8.12 8.12 8.02 8.02 8.02 8.02 7.94 7.94 7.94 7.94 7.93 7.93 10.61 7.93 8.13 7.14 7.14 7.14 7.18 7.18 7.18 7.18 7.18 7.18 7.18 7.18 7.21 7.21 7.21 7.21 6.99 6.99 6.99 6.99 7.04 7.04 7.04 7.04 7.03 7.85 7.03 7.03 6.92 6.92 7.73 6.92
7.94 8.97 8.97 8.96 8.01 8.01 8.01 8.01 8.04 8.04 8.04 8.04 8.25 9.33 8.25 8.25 8.36 8.36 8.36 10.70 12.48 8.21 8.21 8.21 8.19 8.19 8.19 8.19 8.22 8.22 8.22 8.22 8.23 10.50 8.23 8.23 8.12 8.12 8.12 8.12 8.02 8.02 8.02 8.02 8.96 7.94 7.94 7.94 7.93 7.93 7.93 7.93 8.13 8.13 8.13 7.14 7.18 7.18 8.03 7.18 7.18 7.18 7.18 7.18 7.21 7.21 7.21 7.21 6.99 6.99 6.99 6.99 7.04 7.04 7.04 8.50 7.03 7.03 7.85 7.03 6.92 6.92 6.92 6.92
7.92 7.92 7.92 7.92 7.99 7.99 7.99 7.99 8.11 8.11 8.11 8.11 8.31 8.31 8.31 8.31 8.39 8.39 8.39 10.75 10.55 8.26 9.32 8.26 8.26 8.26 8.26 8.26 8.27 8.27 8.27 10.56 10.48 8.56 8.21 8.21 8.09 8.09 8.09 8.09 8.00 8.00 8.00 8.00 8.95 7.93 7.93 7.93 7.98 7.98 7.98 7.98 8.17 8.17 8.17 8.17 7.21 7.21 7.21 7.21 7.23 7.23 7.23 7.23 7.26 7.26 7.26 7.26 7.01 7.01 7.01 7.01 7.04 7.04 7.04 7.87 7.00 7.00 7.00 7.00 6.89 6.89 6.89 6.89
7.15 7.92 7.92 7.92 7.99 7.99 7.99 7.99 9.15 8.11 8.11 8.11 8.31 8.31 8.31 8.31 8.39 8.39 10.75 10.75 11.39 8.26 8.26 8.26 8.26 8.26 10.55 8.26 8.27 8.27 10.56 10.56 11.27 8.21 8.21 8.21 8.09 8.09 8.09 8.09 8.00 8.00 8.00 8.00 7.93 7.93 7.93 7.93 7.98 7.98 7.98 7.98 8.17 8.17 8.17 8.17 8.21 8.21 7.21 7.21 7.23 7.23 7.23 7.23 7.26 7.26 7.26 7.26 7.01 7.01 7.01 7.01 7.04 7.04 7.04 7.04 7.00 7.00 7.00 7.00 6.89 6.89 6.89 6.89
7.15 7.92 7.92 7.92 7.99 7.99 7.99 7.99 8.11 8.11 8.11 8.11 8.31 8.31 8.31 8.31 8.39 8.39 10.75 10.75 10.55 8.26 8.26 8.26 8.26 10.55 10.55 10.55 10.56 10.56 10.56 10.56 8.21 8.21 9.27 8.21 8.09 8.09 9.13 8.09 8.00 8.00 9.03 8.00 7.93 7.93 7.93 7.93 7.98 7.98 7.98 7.98 8.17 8.17 8.17 8.17 8.21 9.92 8.21 7.21 7.23 7.23 7.23 7.23 7.26 7.26 7.26 7.26 7.01 7.01 7.01 7.01 7.04 7.04 7.04 7.04 7.00 7.00 7.00 7.00 6.89 6.89 6.89 6.89
7.15 7.92 7.92 7.92 7.99 7.99 7.99 7.99 8.11 8.11 8.11 8.11 8.31 8.31 8.31 8.31 8.39 8.39 10.75 10.75 10.55 10.55 8.26 8.26 8.26 10.55 10.55 10.55 10.56 10.56 11.37 8.27 8.21 8.21 8.21 8.21 8.09 8.09 8.09 8.09 8.00 8.00 9.03 9.01 7.93 7.93 7.93 7.93 7.98 7.98 7.98 7.98 8.17 8.17 8.17 8.17 8.21 8.21 8.21 8.21 8.24 7.23 7.23 7.23 7.26 7.26 7.26 7.26 7.01 7.01 7.01 7.01 7.04 7.04 8.01 10.05 7.00 7.00 7.00 7.00 6.89 8.31 6.89 6.89
7.10 7.10 7.87 7.87 8.00 8.00 8.00 8.00 8.21 8.21 8.21 8.21 8.36 8.36 8.36 8.36 8.41 8.41 10.78 10.78 10.59 10.59 8.29 8.29 10.58 10.58 15.15 10.58 10.48 13.49 9.27 8.21 8.11 8.11 8.11 8.11 8.05 8.05 8.05 8.05 7.98 7.98 7.98 7.98 7.95 7.95 7.95 7.95 8.02 8.02 8.02 8.02 8.18 8.18 8.18 8.18 8.24 8.24 8.24 8.24 8.30 8.30 7.28 7.28 7.30 7.30 7.30 7.30 7.06 7.06 7.06 7.06 7.07 7.07 9.48 8.67 7.00 9.32 9.32 7.00 6.87 6.87 6.87 6.87
7.10 8.95 7.87 7.87 8.00 8.00 8.00 8.00 8.21 8.21 8.21 8.21 8.36 8.36 8.36 8.36 8.41 8.41 10.78 10.78 10.59 10.59 10.59 10.59 10.58 15.15 16.22 10.58 10.48 8.21 8.21 9.51 8.11 8.11 8.11 8.11 8.05 8.05 8.05 8.05 7.98 7.98 7.98 7.98 7.95 7.95 7.95 7.95 8.02 8.02 8.02 8.02 8.18 8.18 8.18 8.18 8.24 8.24 8.24 8.24 8.30 8.30 8.30 8.30 7.30 7.30 7.30 7.30 7.06 7.06 7.49 10.27 10.29 7.29 6.86 9.01 9.05 9.32 9.32 9.32 6.87 6.87 6.87 6.87
7.79 7.79 8.47 8.47 8.13 8.13 8.13 8.13 8.35 8.35 8.35 8.35 8.50 8.50 8.50 8.50 8.55 8.55 10.96 10.96 9.96 11.50 14.70 14.70 14.69 14.69 14.69 9.95 9.85 7.76 7.76 7.76 8.63 7.66 7.66 7.66 7.43 7.43 7.43 7.43 8.28 7.36 7.36 7.36 7.34 7.34 7.34 7.34 7.41 7.41 7.41 7.41 7.33 7.33 7.33 7.33 7.39 7.39 7.39 7.39 7.44 5.62 7.44 7.44 7.46 6.55 6.55 6.55 6.23 6.66 2.87 2.87 2.44 5.70 7.56 9.09 7.51 8.14 8.14 8.14 6.33 6.33 6.33 6.33
7.79 8.44 7.79 8.47 8.13 8.13 8.13 8.13 8.35 8.35 8.35 8.35 8.50 8.50 8.50 8.50 8.55 10.96 10.96 10.96 9.96 14.70 14.70 14.70 14.69 15.69 9.95 9.95 7.76 7.76 7.76 7.76 7.66 7.66 7.66 7.66 7.43 7.43 7.43 7.43 7.36 8.28 7.36 7.36 7.34 7.34 7.34 7.34 7.41 7.41 7.41 7.41 7.33 7.33 7.33 7.33 7.39 7.39 7.39 7.39 8.36 7.44 7.44 5.62 7.46 7.46 6.55 6.55 8.22 6.23 8.31 11.02 8.78 10.47 8.67 8.24 6.17 6.17 6.17 6.17 6.33 6.33 6.33 6.33
8.65 7.72 7.72 8.41 8.23 8.23 8.23 8.23 8.46 8.46 8.46 8.46 8.53 8.53 8.53 8.53 8.56 10.98 10.98 10.98 9.95 14.69 14.69 14.69 14.66 14.66 7.79 7.79 7.68 7.68 7.68 7.68 7.63 7.63 7.63 7.63 7.42 7.42 7.42 8.34 7.37 7.37 7.37 7.37 7.39 7.39 7.39 7.39 7.44 7.44 7.44 7.44 7.36 7.36 7.36 7.36 7.39 7.39 7.39 7.39 7.44 7.44 7.44 8.69 5.62 7.47 7.47 8.58 7.51 8.65 7.98 11.39 9.34 7.94 8.19 6.21 6.39 6.39 6.39 6.73 6.31 6.31 6.31 6.31
7.72 8.36 7.72 7.72 8.23 8.23 8.23 8.23 8.46 8.46 8.46 8.46 8.53 8.53 8.53 8.53 8.56 10.98 10.98 10.98 9.95 14.69 14.69 14.69 14.66 7.79 7.79 7.79 7.68 7.68 7.68 7.68 7.63 7.63 7.63 7.63 9.17 7.42 7.42 7.42 7.37 7.37 7.37 7.37 7.39 7.39 7.39 7.39 7.44 7.44 7.44 7.44 7.36 7.36 7.36 7.36 7.39 7.39 7.39 7.39 7.44 7.44 9.35 7.44 5.62 7.47 7.47 6.66 8.40 5.70 5.70 10.96 7.88 8.31 8.19 6.21 6.39 6.39 6.39 6.39 6.31 6.31 6.31 6.31
7.72 7.72 7.72 7.72 8.23 8.23 8.23 8.23 8.46 8.46 8.46 8.46 8.53 8.53 8.53 8.53 8.56 10.98 10.98 10.98 9.95 14.69 14.69 14.69 14.66 7.79 8.79 7.79 7.68 7.68 8.66 7.68 7.63 7.63 7.63 7.63 8.41 7.42 7.42 7.42 8.29 7.37 7.37 7.37 7.39 7.39 7.39 7.39 7.44 7.44 7.44 7.44 7.36 7.36 7.36 7.36 7.39 7.39 7.39 7.39 7.44 7.44 7.44 9.21 9.40 7.47 7.47 7.47 8.40 6.15 6.15 10.32 7.94 7.35 6.21 6.21 6.39 6.39 6.39 6.39 6.31 6.31 6.31 6.31
7.72 7.72 7.72 7.72 8.23 8.23 8.23 8.23 8.46 8.46 8.46 8.46 8.53 8.53 8.53 8.53 8.56 10.98 10.98 10.98 14.69 14.69 14.69 14.69 15.65 9.90 8.79 7.79 7.68 7.68 8.66 7.68 7.63 7.63 7.63 7.63 9.82 7.42 7.42 7.42 7.37 7.37 7.37 7.37 7.39 7.39 7.39 7.39 7.44 7.44 7.44 7.44 7.36 7.36 7.36 7.36 7.39 7.39 7.39 7.39 7.44 7.44 7.44 11.09 9.79 7.47 7.47 7.47 8.87 7.85 6.15 7.85 10.16 8.19 6.82 6.21 6.39 6.39 6.39 6.39 6.31 6.31 6.31 6.31
8.38 7.74 7.74 7.74 7.67 8.35 8.35 8.35 8.54 8.54 8.54 8.54 8.57 8.57 8.57 8.57 8.56 10.98 10.98 15.42 14.68 14.68 14.68 15.68 14.96 9.87 9.87 7.77 7.66 7.66 7.66 7.66 7.61 7.61 7.61 9.37 7.42 7.42 7.42 7.42 7.42 7.42 7.42 7.42 7.42 7.42 7.42 7.42 7.44 5.61 7.44 7.44 7.38 7.38 7.38 7.38 7.40 7.40 7.40 7.40 7.41 8.33 7.41 9.32 9.21 11.27 9.53 9.01 7.93 9.21 7.83 6.15 12.45 7.01 7.45 6.15 6.37 6.37 6.37 6.37 6.36 6.36 6.36 6.36
7.74 7.74 7.74 7.74 7.67 8.35 8.35 8.35 8.54 8.54 8.54 8.54 8.57 8.57 8.57 11.00 10.98 10.98 15.42 15.42 14.68 14.68 14.68 14.68 14.64 9.87 8.95 8.73 7.66 7.66 7.66 7.66 7.61 7.61 7.61 7.61 7.42 7.42 7.42 7.42 7.42 7.42 7.42 7.42 7.42 7.42 7.42 7.42 8.77 7.44 7.44 7.44 7.38 7.38 8.29 7.38 7.40 7.40 7.40 7.40 7.41 7.41 7.41 9.32 9.21 8.46 7.09 7.52 8.82 7.44 7.83 9.66 3.23 8.79 7.93 5.70 8.61 6.37 6.37 8.18 8.17 8.17 6.36 6.39
7.74 7.74 7.74 7.74 7.67 7.67 8.35 8.35 8.54 8.54 8.54 8.54 10.99 10.99 10.99 10.99 10.98 10.98 15.42 15.42 14.68 14.68 14.68 15.81 15.81 9.64 9.53 7.77 9.71 9.71 7.66 7.66 7.61 7.61 7.61 7.61 7.42 7.42 7.42 7.42 7.42 7.42 7.42 7.42 7.42 7.42 7.42 7.42 7.44 7.44 7.44 7.44 7.38 7.38 7.38 7.38 7.40 7.40 7.40 7.40 7.41 7.41 9.32 9.62 9.21 8.58 7.01 6.66 7.93 6.15 7.40 10.95 7.01 6.15 6.58 6.66 2.30 8.34 8.65 8.65 8.63 6.78 5.27 4.89
7.74 7.74 7.74 7.74 7.67 7.67 8.35 8.35 8.54 8.54 8.54 8.54 10.99 10.99 10.99 10.93 10.98 15.42 15.42 15.42 14.68 15.68 16.35 15.81 15.81 15.68 9.64 9.64 10.09 9.71 9.71 7.66 7.61 7.61 7.61 7.76 9.23 9.10 7.42 7.42 7.42 7.42 7.42 7.42 7.42 7.42 7.42 8.35 7.44 7.44 7.44 7.44 7.38 7.38 8.29 7.38 7.40 7.40 7.40 7.40 7.41 7.41 9.32 9.32 8.46 8.58 6.66 6.66 8.36 6.58 6.58 11.34 6.15 6.15 1.87 5.81 5.38 5.38 5.38 9.74 5.38 6.23 1.87 6.23
7.83 7.83 7.83 7.83 7.76 7.76 8.43 8.43 8.56 8.56 8.56 8.56 10.99 10.93 10.93 10.93 15.42 15.42 15.42 15.42 14.68 15.68 15.81 15.81 9.53 9.53 9.64 9.64 10.21 10.37 11.49 8.59 7.55 7.55 7.55 7.55 2.74 9.01 7.45 7.45 7.49 7.49 7.49 7.49 7.44 7.44 7.44 7.44 7.43 7.43 7.43 7.43 7.39 7.39 9.29 7.39 7.42 7.42 7.42 8.68 8.67 7.40 9.30 9.30 9.63 8.58 6.66 2.00 6.15 8.36 6.58 10.09 6.15 5.38 5.81 1.87 6.23 6.23 3.16 0.00 5.38 9.74 5.38 5.38
7.83 7.83 7.83 7.83 7.76 7.76 7.76 8.43 8.56 8.56 8.56 8.56 14.50 10.93 10.99 15.44 15.42 15.42 15.42 15.42 14.68 15.81 16.58 15.81 9.96 8.17 11.68 10.07 9.64 11.47 9.65 7.63 7.55 7.55 7.55 7.55 6.65 5.99 11.33 8.39 7.49 7.49 7.49 7.49 7.44 7.44 7.44 7.44 7.43 7.43 7.43 7.43 7.39 7.39 9.21 9.21 7.96 7.42 7.51 5.62 5.62 6.30 7.40 9.30 9.75 7.09 7.80 2.00 1.85 2.70 3.13 5.36 9.74 5.81 6.66 6.23 6.23 6.65 3.16 0.00 0.00 0.00 6.23 10.04
