New_Model_Runs/8_Future_Present_Scn1_out/post_prcessed_with_MFR/Monthly_summaries/net_infiltration_monthly_JUL.asc
NCOLS 700
NROWS 400
XLLCENTER 515000.000000
YLLCENTER 8409000.000000
CELLSIZE 50.000000
NODATA_value -999.000000
[rows 228 to 265 of 400, columns 252 to 335 of 700]
3.71 3.71 3.71 3.71 3.63 3.63 3.63 3.63 4.67 8.65 8.65 7.25 7.48 7.03 7.10 7.10 7.08 7.08 7.25 7.47 5.72 7.59 4.93 4.43 4.30 4.36 4.36 4.30 4.22 4.18 4.18 3.55 3.55 3.55 3.55 3.55 4.22 4.22 4.22 4.11 4.15 3.69 7.32 4.15 4.59 4.66 3.64 4.21 4.20 4.59 4.59 3.71 3.44 6.86 4.52 4.52 0.89 0.89 2.96 2.96 2.98 3.24 3.24 6.57 6.57 2.37 0.48 0.00 2.34 0.00 0.00 0.00 0.00 0.00 0.00 0.00 0.00 0.00 0.00 0.00 0.00 0.00 0.00 0.00
3.71 3.71 3.71 3.71 3.63 3.63 4.08 4.27 4.52 4.83 8.65 7.25 7.25 7.25 7.10 7.10 6.80 7.08 7.96 7.03 7.59 4.43 4.43 4.43 4.30 4.30 4.36 4.36 4.22 4.18 4.18 4.18 4.24 4.24 4.24 4.24 4.22 4.22 4.22 5.23 6.81 5.48 7.35 7.33 4.17 4.15 4.11 4.66 4.20 5.48 2.44 3.69 4.96 4.52 7.48 3.41 0.89 3.85 1.77 2.96 2.96 2.96 3.42 1.62 0.48 0.00 0.00 0.00 0.00 0.00 0.00 0.00 0.00 0.00 0.00 0.00 0.00 0.00 0.00 0.00 0.00 0.00 0.00 0.00
3.71 3.71 3.71 3.71 3.63 3.63 3.63 4.27 4.33 4.52 8.43 6.59 6.59 6.80 7.10 6.80 6.59 6.80 6.97 10.52 7.18 4.43 4.43 4.43 4.30 4.30 4.30 4.35 4.18 4.18 4.18 4.18 4.24 4.24 4.24 4.24 4.22 4.22 4.22 5.48 6.37 5.48 1.56 4.73 7.32 4.13 4.59 4.15 4.20 6.07 6.06 7.76 6.29 5.40 1.77 3.41 3.24 3.41 3.85 2.96 2.96 2.96 2.09 1.36 1.36 0.00 0.00 0.00 0.00 0.00 0.00 0.00 0.00 0.00 0.00 0.00 0.00 0.00 0.00 0.00 0.00 0.00 0.00 0.00
3.71 3.71 3.71 3.71 3.63 3.63 3.63 3.63 3.68 4.33 8.15 7.47 7.47 6.80 7.10 6.45 6.80 6.59 6.90 10.77 4.43 4.43 4.43 4.43 4.30 4.30 4.30 4.30 4.18 4.18 4.18 4.18 4.24 4.24 4.24 4.30 4.27 4.22 4.22 4.71 3.71 3.64 3.64 1.11 7.32 7.32 1.11 4.73 7.34 4.74 3.20 4.57 4.29 2.96 6.59 2.96 2.98 2.33 2.96 2.96 2.96 2.96 2.44 0.00 0.00 0.00 0.00 0.00 0.00 0.00 0.00 2.34 0.00 0.00 0.00 0.00 0.00 0.00 0.00 0.00 0.00 0.00 0.00 0.00
3.72 3.72 3.72 3.72 3.63 3.63 3.63 3.63 3.67 4.11 8.15 7.47 7.47 6.59 6.59 7.47 7.48 6.59 6.60 8.45 3.61 4.35 4.40 4.35 4.23 4.23 4.23 4.23 4.20 4.20 4.20 4.20 4.30 4.30 4.30 3.82 3.66 3.66 3.90 3.71 3.71 3.69 3.69 1.56 5.18 4.73 4.73 4.73 4.13 1.55 3.66 3.69 2.33 0.89 6.59 2.96 2.33 2.33 2.77 2.77 2.96 2.88 2.53 0.48 0.00 0.00 0.00 0.00 0.00 0.00 0.00 2.34 0.00 0.00 0.00 0.00 0.00 0.00 0.00 0.00 0.00 0.00 0.00 0.00
3.72 3.72 3.72 3.72 3.63 3.63 3.63 3.63 3.67 3.67 8.15 6.80 6.81 6.80 6.59 7.04 7.48 6.14 6.14 8.45 4.35 4.40 4.35 4.35 4.23 4.23 4.23 4.23 4.20 4.20 4.20 4.20 4.30 4.30 4.30 4.30 4.24 3.90 3.90 3.90 5.47 3.20 3.20 5.18 7.83 1.11 3.69 3.20 5.02 1.55 4.13 4.13 0.89 0.89 4.52 4.52 3.41 3.41 3.41 3.42 3.16 2.88 2.97 2.89 0.00 0.92 0.00 0.00 0.00 0.00 2.34 2.34 2.34 0.00 0.00 0.00 0.00 0.00 0.00 0.00 0.00 0.00 0.00 0.00
3.72 3.72 3.72 3.72 3.63 3.63 3.63 3.63 3.67 3.67 8.30 6.55 7.25 6.80 7.25 7.93 7.48 6.80 10.22 5.69 4.79 4.35 4.35 4.35 4.23 4.23 4.23 4.23 4.20 4.10 4.20 4.20 4.30 4.30 4.30 4.35 4.24 3.90 3.90 5.47 5.47 6.51 4.73 1.11 3.69 3.69 3.69 3.90 4.34 3.90 3.90 3.90 2.96 2.96 1.33 4.96 3.41 2.96 2.96 2.97 2.97 2.88 3.85 2.89 3.33 0.48 0.48 0.00 0.00 0.00 0.00 0.00 0.00 0.00 0.00 0.00 0.00 0.00 0.00 0.00 0.00 0.00 0.00 0.00
3.72 3.72 3.72 3.72 3.63 3.63 3.63 3.63 4.33 4.67 9.67 6.55 6.80 7.25 7.48 7.93 7.69 6.80 10.31 5.25 4.79 4.79 3.72 5.36 4.23 4.23 4.23 4.23 4.20 4.20 4.20 4.20 4.30 4.30 4.30 4.30 4.29 3.90 5.68 4.98 6.51 9.10 5.47 4.98 5.44 3.66 3.69 4.11 3.90 3.90 3.66 3.66 3.42 3.41 2.96 2.96 4.96 3.41 2.97 0.82 3.41 3.43 3.33 2.89 0.48 0.48 0.48 0.00 0.00 0.00 0.00 0.00 0.00 0.00 0.00 0.00 0.00 0.00 0.00 0.00 0.00 0.00 0.00 0.00
3.77 3.77 3.77 3.77 3.63 3.63 3.63 3.63 4.33 4.52 8.94 6.11 6.11 7.04 3.67 3.67 6.80 6.80 10.43 10.60 5.28 4.16 6.61 6.16 4.71 4.27 4.71 4.27 4.26 4.31 4.26 4.26 4.29 4.29 4.29 4.29 4.34 5.68 5.68 9.54 8.61 9.54 6.35 5.89 5.89 5.48 3.66 4.11 4.34 3.90 3.66 3.66 3.87 3.85 3.41 2.96 7.03 3.16 2.97 0.00 0.00 0.00 0.48 0.48 0.00 0.48 0.48 0.00 0.00 0.00 0.00 0.00 0.00 0.00 0.00 0.00 0.00 0.00 0.00 0.00 0.00 0.00 0.00 0.00
3.77 3.77 3.77 3.77 3.63 3.63 3.63 3.63 3.65 6.05 9.67 9.74 9.74 6.80 3.67 3.67 3.22 6.80 10.43 10.23 6.46 3.72 3.27 5.72 4.32 4.27 4.71 4.71 4.26 4.26 4.26 4.26 4.29 4.29 4.29 4.29 4.15 10.05 9.10 5.91 5.91 2.89 7.40 3.77 6.80 6.35 5.47 3.69 3.69 3.66 3.90 3.66 3.42 3.85 2.77 2.33 2.96 6.07 0.82 0.00 0.00 0.00 0.00 0.00 0.00 0.00 0.00 0.00 0.00 0.00 0.00 0.00 0.00 0.00 0.00 0.00 0.00 0.00 0.00 0.00 0.00 0.00 0.00 0.00
3.77 3.77 3.77 3.77 3.63 3.63 3.63 3.63 4.52 10.12 8.94 10.18 6.11 6.80 6.80 3.67 6.85 6.85 10.23 6.14 8.91 6.46 6.46 5.37 4.27 4.27 3.56 3.97 3.56 4.32 4.26 4.26 4.29 4.29 4.29 4.00 5.18 6.51 5.91 3.33 5.47 5.42 5.47 9.10 3.34 6.35 6.80 5.91 1.55 3.69 3.66 3.66 2.96 2.98 2.96 3.43 2.30 0.80 5.76 0.00 0.00 0.00 0.00 0.00 0.00 0.00 0.00 0.00 0.00 0.00 0.00 0.00 0.00 0.00 0.00 0.00 0.00 0.00 0.00 0.00 0.00 0.00 0.00 0.00
3.77 3.77 3.77 3.77 3.63 3.63 4.08 4.67 4.60 9.38 7.80 4.61 6.49 9.74 10.43 6.85 10.23 6.14 6.60 6.80 5.60 5.32 8.91 9.35 7.95 7.15 7.59 7.09 3.52 3.52 1.06 3.97 4.41 4.29 4.29 9.35 6.96 6.51 5.87 6.35 3.33 3.33 5.47 6.51 6.51 4.21 9.90 5.99 7.24 3.64 3.69 3.90 2.96 2.96 3.57 3.54 2.12 1.64 6.60 2.25 0.00 0.00 0.00 0.00 0.00 0.00 0.00 0.00 0.00 0.00 0.00 0.00 0.00 0.00 0.00 0.00 0.00 0.00 0.00 0.00 0.00 0.00 0.00 0.00
3.79 3.79 3.79 3.79 3.64 3.64 4.18 4.60 4.18 6.05 6.91 4.17 6.47 6.91 6.59 3.22 6.60 6.80 6.80 6.80 5.60 5.60 5.18 5.72 4.74 4.74 8.93 8.81 8.81 8.36 8.91 6.46 9.79 8.91 8.91 5.72 3.33 9.10 5.42 5.91 5.47 5.47 2.89 2.89 6.51 4.21 7.68 6.35 6.31 5.47 3.69 3.72 3.43 3.43 7.05 7.26 4.30 3.14 6.16 6.16 0.00 0.00 0.00 0.00 0.00 0.00 0.00 0.00 0.00 0.00 0.00 0.00 0.00 0.00 0.00 0.00 0.00 0.00 0.00 0.00 0.00 0.00 0.00 0.00
3.79 3.79 3.79 3.79 3.64 4.09 4.62 5.12 4.71 6.05 10.12 6.91 6.47 4.17 7.22 7.04 6.80 6.80 6.80 6.80 5.60 5.60 5.60 6.10 4.74 4.36 9.23 6.05 5.18 4.73 5.32 1.06 6.16 5.62 5.28 5.72 3.33 9.54 5.47 5.47 4.98 5.47 5.47 5.47 9.55 3.77 6.35 5.42 5.44 5.47 4.13 2.00 7.51 6.37 4.02 4.30 6.60 7.09 2.97 6.16 5.88 0.00 0.00 0.00 0.00 0.00 0.00 0.00 0.00 0.00 0.00 0.00 0.00 0.00 0.00 0.00 0.00 0.00 0.00 0.00 0.00 0.00 0.00 0.00
3.95 3.95 3.48 3.48 3.21 3.83 3.10 4.86 3.53 2.28 6.66 8.10 8.10 9.87 3.92 6.93 5.64 5.64 5.64 3.86 3.50 3.50 3.50 2.70 2.70 3.50 8.91 5.28 5.28 3.50 3.50 3.23 3.59 5.17 5.28 5.28 5.80 3.63 8.80 5.17 5.17 4.98 4.98 4.98 4.98 6.37 5.46 5.17 4.98 5.17 3.16 4.55 4.79 6.43 7.31 7.75 4.12 7.75 6.43 6.42 6.42 1.91 0.00 0.00 0.00 0.00 0.00 0.00 0.00 0.00 0.00 0.00 0.00 0.00 0.00 0.00 0.00 0.00 0.00 0.00 0.00 0.00 0.00 0.00
4.33 3.95 3.48 3.48 4.01 1.33 6.25 5.89 3.53 8.10 6.66 4.92 4.47 8.99 10.32 6.93 6.08 5.64 5.64 5.64 3.23 3.50 3.50 2.70 3.14 3.94 6.86 4.97 3.23 3.23 3.23 3.23 3.23 3.23 2.70 3.23 4.11 6.31 9.50 5.17 5.17 5.62 4.94 4.91 4.98 6.38 4.98 4.98 3.16 3.16 3.39 2.93 2.84 6.87 6.44 7.75 8.19 8.19 7.31 6.43 5.98 5.98 2.35 0.00 0.00 0.00 0.00 0.00 0.00 0.00 0.00 0.00 0.00 0.00 0.00 0.00 0.00 0.00 0.00 0.00 0.00 0.00 0.00 0.00
3.95 3.95 3.95 3.92 5.80 9.87 3.03 4.47 8.10 8.10 5.45 5.20 5.20 6.08 9.71 6.53 5.64 5.64 5.64 5.64 5.01 3.50 3.50 3.50 3.94 7.13 6.86 5.01 3.23 3.23 3.23 3.23 3.23 3.23 3.23 3.23 4.98 5.83 8.10 8.10 4.98 4.91 5.36 4.91 4.98 8.61 5.42 5.45 3.39 3.23 3.74 4.63 4.61 2.05 6.42 6.48 7.31 7.75 7.31 2.85 6.42 6.87 4.78 2.35 0.00 0.00 0.00 0.00 0.00 0.00 0.00 0.00 0.00 0.00 0.00 0.00 0.00 0.00 0.00 0.00 0.00 0.00 0.00 0.00
3.95 3.95 3.95 3.52 8.43 4.36 8.99 6.22 8.10 4.92 5.45 5.45 6.53 6.25 11.04 10.76 7.41 5.64 5.64 5.64 3.23 3.50 3.50 3.50 3.94 6.77 6.33 3.67 4.12 3.68 3.23 3.23 3.23 3.23 3.23 3.23 7.20 10.80 10.82 4.98 4.94 4.47 4.94 4.98 4.98 8.61 5.20 4.07 5.89 3.41 4.26 5.51 4.89 5.68 5.98 7.32 6.92 6.87 8.64 7.75 6.42 6.48 4.33 0.71 0.00 0.00 0.00 0.00 0.00 0.00 0.00 0.00 0.00 0.00 0.00 0.00 0.00 0.00 0.00 0.00 0.00 0.00 0.00 2.22
3.95 4.39 7.57 6.33 5.45 6.25 7.54 8.10 5.45 5.80 5.89 5.36 5.80 5.80 6.25 6.25 10.41 6.08 3.86 3.86 3.24 3.50 3.50 3.50 3.24 7.57 6.86 3.67 3.67 3.67 0.97 3.23 3.23 0.97 3.23 3.23 6.37 10.80 7.20 4.98 4.98 5.17 5.17 5.17 5.00 6.81 3.63 5.42 3.48 3.04 4.51 4.26 7.35 5.23 1.15 5.98 6.47 6.43 8.19 7.31 6.42 6.42 6.42 5.54 0.00 0.00 0.00 0.00 0.00 0.00 0.00 0.00 0.00 0.00 0.00 0.00 0.00 0.00 0.00 0.00 0.00 0.00 0.00 2.22
4.83 5.44 6.77 5.24 5.01 8.54 8.10 4.92 5.79 6.23 5.79 3.47 3.47 5.64 5.64 6.08 8.99 5.64 3.87 3.86 3.24 3.50 3.50 3.67 3.67 6.86 6.86 3.50 3.50 3.23 3.23 3.23 3.23 6.86 6.86 4.60 5.48 2.30 3.67 4.94 4.94 4.47 5.17 2.74 2.74 6.37 3.63 4.37 1.77 0.88 6.81 4.51 0.72 1.15 1.15 2.86 6.47 6.42 7.75 7.31 6.42 6.87 5.66 5.24 2.80 2.80 0.00 0.00 0.00 0.00 0.00 0.00 0.00 0.00 0.00 0.00 0.00 0.00 0.00 0.00 0.00 0.00 0.00 2.22
4.03 7.66 3.59 5.24 6.22 4.92 5.89 4.92 5.89 6.34 5.20 5.31 5.64 5.76 5.45 5.35 5.76 5.60 5.60 3.87 3.24 3.50 3.50 3.68 3.67 6.86 6.86 3.50 3.24 3.68 4.12 3.23 3.23 3.23 6.86 6.86 3.23 3.67 5.42 4.98 5.17 5.17 5.42 3.63 3.23 6.37 4.19 2.25 1.32 4.51 4.51 0.84 1.15 1.15 1.15 6.11 6.87 6.09 6.87 6.87 7.75 7.75 2.48 2.03 5.22 2.80 0.00 0.00 0.00 0.00 0.00 0.00 0.00 0.00 0.00 0.00 0.00 0.00 0.00 0.00 0.00 0.00 0.00 0.00
7.21 3.14 3.14 6.33 8.10 4.92 5.76 3.47 5.79 5.89 5.64 5.20 5.20 5.64 4.92 5.36 5.76 5.31 3.87 3.86 3.24 3.50 3.50 3.24 3.23 6.86 6.33 3.50 3.50 3.94 4.56 4.12 0.97 3.23 2.70 6.86 3.23 2.70 3.18 2.74 4.98 4.98 4.95 3.18 3.85 6.56 6.56 1.77 4.95 1.77 1.29 1.29 2.79 2.03 6.87 5.22 3.24 6.42 6.02 7.31 8.19 6.11 6.11 2.92 5.22 5.54 0.00 0.00 0.00 0.00 0.00 0.00 0.00 0.00 0.00 0.00 0.00 0.00 0.00 0.00 0.00 0.00 0.00 0.00
9.81 8.48 6.33 5.24 8.10 8.94 6.20 5.80 4.47 5.64 5.64 5.20 3.49 3.49 3.98 5.20 4.92 5.31 4.12 4.12 3.50 3.50 3.24 3.23 3.23 6.33 2.70 3.50 3.50 3.23 2.70 3.14 3.23 2.70 2.70 6.86 3.23 2.70 3.67 4.98 2.74 4.98 8.61 6.79 7.00 7.89 5.39 6.56 3.26 1.73 2.17 4.59 2.48 7.31 7.31 3.24 2.80 1.59 5.98 6.87 7.31 2.03 6.55 2.92 5.22 5.54 0.00 0.00 0.00 0.00 0.00 0.00 0.00 0.00 0.00 0.00 0.00 0.00 0.00 0.00 0.00 0.00 0.00 0.00
8.92 8.48 4.85 5.24 5.20 4.47 9.83 5.31 5.20 5.20 5.20 5.31 3.53 3.53 3.53 3.53 3.93 3.49 5.64 3.86 3.24 3.23 3.23 3.23 3.14 7.30 3.23 3.50 3.24 6.86 6.86 6.86 6.86 4.60 4.60 6.86 6.85 6.85 6.85 6.85 6.85 6.33 6.33 6.56 4.95 5.39 5.39 4.47 3.26 1.73 2.62 5.36 5.66 5.22 5.98 4.78 6.42 5.22 4.33 5.22 6.11 5.22 4.78 5.66 6.42 1.91 2.35 0.00 0.00 0.00 0.00 0.00 0.00 0.00 0.00 0.00 0.00 0.00 0.00 0.00 0.00 0.00 0.00 0.00
4.85 5.24 5.74 5.64 5.64 5.31 2.70 8.63 8.94 5.20 5.20 5.20 3.53 3.53 3.53 3.53 3.53 3.49 3.49 3.86 3.68 3.50 3.23 0.97 7.01 7.30 5.04 4.60 4.60 5.04 4.03 1.85 0.97 1.41 1.41 3.14 3.67 3.23 3.23 3.23 3.23 1.41 4.26 5.39 2.21 1.32 1.32 1.77 6.44 4.47 5.36 2.17 2.48 1.59 2.03 2.03 1.59 5.22 4.78 4.78 5.22 5.98 5.54 5.54 1.91 1.91 1.91 0.00 0.00 0.00 0.00 0.00 0.00 0.00 0.00 0.00 0.00 0.00 0.00 0.00 0.00 0.00 0.00 0.00
4.85 5.74 5.24 6.08 5.64 3.49 3.84 3.53 3.53 8.83 8.83 5.20 3.49 3.53 3.53 3.53 3.53 3.49 3.53 3.86 3.64 3.67 3.24 6.86 4.60 4.60 3.14 0.97 0.97 3.67 3.59 4.12 3.23 1.85 1.41 3.23 0.97 3.67 7.30 3.67 2.70 2.21 3.54 3.09 2.65 2.21 2.21 2.21 4.95 6.44 2.49 2.17 2.48 1.59 2.48 2.03 6.11 5.66 4.78 5.22 5.22 6.42 5.98 5.54 5.54 1.91 1.91 1.91 0.00 0.00 0.00 0.00 0.00 0.00 0.00 0.00 0.00 0.00 0.00 0.00 0.00 0.00 0.00 0.00
4.85 2.70 4.85 5.24 4.47 3.14 3.58 2.70 2.70 3.49 7.12 6.85 3.49 3.49 3.53 3.53 3.53 3.53 3.53 3.53 1.40 3.14 6.86 6.86 0.97 4.60 0.97 1.41 1.85 1.41 3.23 3.23 3.23 3.67 1.85 1.41 3.23 6.85 3.23 3.67 2.96 2.93 2.21 3.82 1.77 2.21 1.77 1.77 0.88 6.56 2.49 1.29 1.59 1.15 2.03 6.11 5.66 1.59 1.15 2.53 6.16 5.22 1.59 2.79 6.43 2.35 1.91 1.91 2.91 2.91 0.00 0.00 0.00 0.00 0.00 0.00 0.00 0.00 0.00 0.00 0.00 0.00 0.00 0.00
4.85 5.64 4.85 3.46 2.70 3.58 3.93 3.49 3.23 2.70 3.49 6.85 3.84 3.49 3.49 3.49 3.53 3.53 4.12 4.16 6.86 6.86 3.23 4.02 4.01 0.97 4.60 0.97 1.86 0.97 2.71 3.23 2.70 3.23 3.23 3.23 3.23 6.33 3.23 3.67 3.38 2.93 1.32 1.32 3.38 1.32 0.88 0.88 0.88 2.93 6.44 2.82 6.42 5.98 5.98 5.98 5.98 5.98 5.98 5.98 5.98 1.91 1.91 2.35 6.43 1.91 1.91 1.91 3.36 3.36 2.91 2.91 2.91 2.91 2.91 2.95 2.91 2.91 2.91 2.95 2.91 2.95 2.91 2.95
8.87 5.12 5.07 3.57 3.14 4.29 3.49 3.97 3.97 3.93 3.93 3.14 6.32 3.49 3.53 3.53 4.12 4.12 4.12 7.37 6.86 4.00 2.70 4.00 3.99 3.99 4.60 6.86 0.97 3.23 2.70 2.70 3.23 3.23 3.23 3.23 3.23 6.85 3.23 2.93 2.51 3.30 3.04 3.30 3.38 3.38 3.70 3.68 2.52 0.88 0.88 6.44 2.79 2.79 1.91 1.91 1.91 1.91 1.91 1.91 1.91 1.91 1.91 1.91 5.54 0.71 0.71 0.71 1.58 1.58 1.14 1.14 1.14 1.14 1.14 1.14 1.14 1.14 1.14 1.14 1.14 1.14 1.14 1.14
5.64 8.48 5.24 3.07 3.93 3.93 3.23 3.97 4.41 1.85 4.11 3.67 3.67 8.19 3.75 4.12 4.12 3.97 7.75 6.85 3.54 4.00 4.00 3.38 3.67 1.41 0.97 6.86 0.97 4.60 6.33 6.86 4.60 4.59 4.59 4.59 0.97 6.33 6.44 6.44 2.82 3.26 3.04 3.30 2.93 4.33 4.12 2.21 1.77 0.88 3.06 6.15 5.54 1.91 1.91 1.91 1.91 1.91 1.91 1.91 1.91 1.91 1.91 1.91 5.54 1.91 2.35 0.71 1.14 3.80 3.80 3.80 3.80 3.80 3.80 3.80 3.80 3.80 3.80 3.80 3.80 3.80 3.80 3.80
5.08 5.33 5.33 2.80 3.20 3.67 3.67 3.67 0.89 1.78 3.85 3.55 3.41 7.04 2.97 3.78 4.11 7.62 6.59 2.97 3.38 3.82 3.05 3.50 4.25 4.25 3.81 3.81 4.54 2.42 2.42 3.05 0.92 3.04 0.91 3.04 4.53 6.46 2.83 2.83 2.18 4.16 2.83 0.86 1.75 1.31 2.19 2.64 4.94 4.49 4.49 4.49 4.74 1.76 1.76 1.76 1.76 2.18 1.76 1.76 1.76 1.76 1.76 1.76 5.39 1.76 2.18 0.65 0.74 1.93 1.93 1.93 1.93 1.93 1.93 1.93 1.93 1.93 1.93 1.93 1.93 1.93 1.93 1.93
5.33 5.33 3.62 3.62 3.55 3.99 1.33 2.97 0.89 3.41 3.99 2.97 2.97 6.59 6.59 6.59 7.18 4.22 7.41 4.52 2.77 2.77 3.05 3.50 3.81 3.81 3.81 3.81 6.68 3.05 6.68 6.68 4.54 4.54 6.67 3.04 0.85 4.48 2.83 2.83 3.27 3.72 3.27 0.86 1.75 1.75 5.38 5.38 3.34 2.88 0.86 1.31 1.55 4.74 1.76 1.76 1.76 2.18 2.18 1.76 1.76 1.76 1.76 1.76 5.81 0.65 0.65 0.65 0.74 1.93 0.00 0.00 0.00 0.00 0.00 0.00 0.00 0.00 0.00 0.00 0.00 0.00 0.00 0.00
5.77 3.62 2.80 2.80 3.55 2.97 3.41 0.89 3.41 3.41 3.41 3.78 3.78 3.67 3.41 3.41 7.41 3.78 2.97 6.59 0.83 2.77 3.05 3.80 3.79 3.79 3.79 3.79 6.68 6.05 2.42 2.42 2.42 3.04 2.39 6.18 4.48 4.48 6.46 0.85 2.83 3.27 3.27 0.86 3.33 5.38 1.31 1.31 0.86 2.97 3.33 1.75 3.10 2.66 5.85 2.18 1.76 1.76 1.76 1.76 1.76 1.10 1.54 1.10 5.39 0.65 1.10 1.10 0.74 0.74 0.00 0.00 0.00 0.00 0.00 0.00 0.00 0.00 0.00 0.00 0.00 0.00 0.00 0.00
5.47 4.06 3.62 2.80 3.55 2.97 2.97 2.97 3.85 1.78 1.78 4.11 2.97 3.78 3.41 7.05 6.59 2.97 6.59 7.41 3.38 3.63 3.80 3.80 3.79 3.79 3.79 3.79 7.41 6.05 2.42 2.42 2.42 3.04 5.93 6.18 5.94 6.46 2.75 4.92 6.46 2.83 0.86 2.88 4.49 0.86 3.33 2.88 2.97 2.97 2.97 2.75 3.55 1.55 4.29 1.10 2.62 1.76 1.76 5.39 5.81 5.17 7.58 5.17 4.28 4.72 1.54 1.54 0.74 0.74 0.74 0.00 0.00 0.00 0.00 0.00 0.00 0.00 0.00 0.00 0.00 0.00 0.00 0.00
5.52 4.06 2.80 2.73 2.97 2.97 2.97 0.89 0.89 3.55 3.67 2.97 0.89 3.78 2.97 6.59 3.78 7.41 6.59 3.55 3.38 3.63 3.63 3.80 3.79 3.79 3.79 3.32 6.68 4.99 7.12 4.99 7.12 6.18 2.55 0.76 2.83 6.46 2.75 3.27 2.83 6.46 6.51 5.38 1.75 0.86 1.31 1.31 2.31 2.31 3.27 3.77 1.11 4.74 4.72 1.54 3.51 3.06 5.83 5.39 3.06 1.98 1.41 1.10 0.65 6.05 2.87 1.10 0.74 0.76 0.74 0.00 0.00 0.00 0.00 0.00 0.00 0.00 0.00 0.00 0.00 0.00 1.93 2.48
3.69 3.25 2.73 3.34 2.97 2.97 2.97 3.55 2.97 3.78 3.78 3.78 3.78 3.41 3.85 6.59 7.41 7.41 3.78 2.97 3.38 3.63 3.63 3.80 3.79 3.79 3.32 3.32 4.54 1.80 3.94 3.05 1.69 1.21 0.76 0.76 0.85 6.46 2.31 0.85 0.85 3.27 0.86 4.94 1.31 2.88 3.20 3.72 3.27 3.27 3.72 2.18 1.11 5.85 2.65 1.98 2.42 6.72 2.21 2.18 2.65 1.54 2.21 2.18 0.65 4.72 7.38 2.42 0.74 0.74 0.74 0.74 0.00 0.00 0.00 0.00 0.00 0.00 0.00 0.00 1.93 1.98 0.74 0.74
3.69 3.60 3.17 4.56 3.67 3.67 2.97 3.67 3.67 3.78 3.78 3.78 3.78 3.85 5.40 6.59 4.52 0.89 2.97 3.78 3.62 3.62 3.62 3.62 3.78 3.78 3.32 3.05 4.54 3.50 1.36 0.80 1.25 3.12 2.68 2.68 2.88 6.51 6.51 2.31 0.86 3.33 3.77 4.94 3.33 3.33 3.72 3.20 2.75 3.27 2.83 3.27 4.28 6.25 2.21 1.98 4.20 3.51 2.62 1.54 5.17 2.21 1.76 1.76 5.81 4.72 1.98 3.51 0.74 1.93 0.00 0.74 0.74 0.00 0.00 0.00 0.00 0.00 0.00 1.93 0.74 0.74 0.74 2.48
3.64 4.08 4.56 4.56 4.11 3.67 3.67 3.55 3.67 3.78 3.78 3.78 2.97 1.33 4.96 2.97 6.59 2.97 2.97 4.22 3.21 0.76 0.76 0.76 3.04 3.48 3.48 3.04 4.54 6.67 2.99 2.99 2.55 2.68 2.68 2.68 6.51 6.51 4.49 6.51 6.51 6.51 6.51 6.51 6.71 3.53 3.53 2.75 2.31 2.31 2.75 4.16 7.13 2.18 2.62 2.42 2.87 1.98 2.62 4.39 5.61 2.18 5.39 5.81 5.39 1.76 1.76 1.76 0.74 0.00 0.00 0.00 0.74 0.74 0.00 0.00 0.00 1.98 0.74 0.74 0.74 2.48 2.48 0.00
