New_Model_Runs/8_Future_Present_Scn1_out/post_prcessed_with_MFR/Monthly_summaries/net_infiltration_monthly_DEC.asc
NCOLS 700
NROWS 400
XLLCENTER 515000.000000
YLLCENTER 8409000.000000
CELLSIZE 50.000000
NODATA_value -999.000000
[rows 228 to 265 of 400, columns 168 to 251 of 700]
7.50 6.17 7.74 7.90 6.17 6.17 6.17 6.17 6.43 6.43 6.43 6.43 6.43 6.43 6.73 7.67 6.18 9.81 6.41 10.25 8.92 9.37 8.92 8.92 6.16 7.65 7.51 8.09 7.07 7.65 8.09 7.71 6.82 7.26 8.53 10.15 8.44 8.44 8.44 8.44 8.51 8.51 8.51 8.51 8.54 8.95 9.40 8.21 9.84 8.51 8.51 8.51 8.95 8.65 8.51 7.62 7.66 7.93 6.94 6.94 7.00 6.37 6.37 7.00 4.78 6.77 6.77 6.77 7.04 7.04 7.04 7.04 6.28 6.28 6.28 6.28 6.19 6.19 6.19 6.19 6.12 6.12 5.13 6.12
7.50 6.17 7.50 7.50 6.17 6.17 6.17 6.17 6.45 6.73 6.43 6.73 6.73 6.43 6.43 6.43 6.43 6.43 6.87 11.38 10.25 3.23 9.37 8.48 6.16 11.02 9.94 10.00 11.65 10.45 10.45 10.00 5.72 7.05 7.26 6.82 6.38 7.65 7.24 8.82 8.51 8.51 8.51 8.51 8.51 8.77 9.98 8.21 8.65 8.21 8.51 8.51 8.51 6.97 6.97 6.97 6.50 6.50 6.94 6.94 7.00 7.00 6.13 7.00 6.77 4.78 6.77 6.77 7.04 7.04 7.04 6.13 5.13 5.13 5.13 6.28 6.19 6.19 6.19 6.19 6.12 5.13 5.13 6.12
6.27 6.27 6.27 6.27 6.30 6.30 6.30 7.54 6.73 6.43 6.43 6.43 6.73 6.43 6.43 6.43 6.73 6.43 6.43 6.43 9.37 9.37 6.62 7.51 7.95 6.82 11.14 11.14 6.82 10.09 6.60 2.53 6.38 11.58 10.70 5.75 10.00 2.98 8.84 5.93 6.47 7.29 8.51 8.51 8.51 2.51 12.28 11.40 11.40 8.65 8.51 8.62 8.62 8.58 8.58 6.97 6.50 6.94 6.94 6.94 7.00 7.00 7.00 7.00 6.77 6.77 6.77 6.77 7.04 7.04 6.37 6.37 5.13 5.13 6.28 6.28 6.19 6.19 6.19 6.19 6.12 5.36 5.13 6.12
6.27 6.27 6.27 6.27 6.30 6.30 6.30 6.36 6.50 7.81 7.81 6.43 6.43 6.43 6.43 6.73 6.43 6.43 6.43 7.23 4.85 6.43 9.81 5.00 8.59 7.70 6.38 7.70 3.86 11.33 7.52 3.42 6.82 7.26 6.38 10.25 10.90 10.89 7.05 10.00 6.47 8.17 6.47 6.47 7.59 10.10 10.95 11.40 10.95 8.54 8.54 8.62 8.62 8.58 8.58 8.58 7.93 6.94 6.94 6.94 7.00 7.00 7.00 7.02 6.13 6.11 6.13 6.77 6.75 7.45 7.04 6.13 5.13 6.28 6.28 6.28 6.19 6.19 6.19 6.19 5.13 5.13 6.12 6.51
6.35 6.35 6.35 6.35 6.36 6.36 6.71 6.34 6.53 5.85 6.53 8.09 6.43 6.43 5.90 6.45 6.43 6.43 6.43 6.43 6.73 6.43 6.25 9.81 11.72 11.79 9.56 11.72 9.56 10.45 10.45 7.05 10.43 11.14 9.56 10.26 6.60 9.35 8.17 10.89 9.65 9.65 11.22 10.10 10.78 10.54 9.68 11.98 8.46 8.65 8.65 8.65 8.69 8.69 8.69 8.69 8.00 7.64 7.10 7.12 7.17 6.77 7.17 6.13 6.71 6.11 5.05 6.13 6.81 7.25 6.35 7.07 6.30 6.30 6.30 6.30 6.19 6.19 6.19 6.57 6.14 6.14 6.14 6.14
6.35 6.35 6.35 6.35 6.36 7.03 6.36 6.36 6.53 6.53 6.53 7.05 7.03 6.50 6.50 8.07 6.73 6.43 6.43 6.43 6.43 6.43 6.80 7.31 7.21 7.27 6.63 7.21 6.63 5.47 11.28 2.98 8.09 5.72 5.27 8.46 10.26 5.80 5.80 6.36 6.91 6.03 8.75 5.58 7.59 6.91 8.35 11.98 8.46 6.29 8.36 8.46 8.50 8.69 8.69 8.69 7.64 7.64 7.64 7.01 6.77 6.77 6.77 6.77 6.13 5.92 7.64 6.57 6.53 5.92 5.92 5.49 5.13 6.30 6.30 6.30 6.19 6.19 7.05 6.57 6.14 6.14 6.14 6.14
6.34 6.34 6.34 6.34 6.36 7.03 6.36 6.36 6.53 6.53 6.53 6.53 6.50 6.50 6.66 6.64 6.43 6.43 6.43 6.43 6.43 8.79 5.74 7.22 7.21 7.21 7.21 7.21 7.21 5.93 7.71 9.56 7.17 5.53 6.63 7.07 9.87 8.46 7.27 7.27 8.30 8.30 8.30 8.30 6.47 9.24 8.31 8.46 8.46 7.29 6.51 6.51 5.20 7.50 8.50 8.50 7.64 7.64 7.64 7.64 6.77 6.77 6.77 6.77 6.13 7.00 5.48 9.11 9.11 9.54 7.01 7.41 5.13 6.30 6.30 6.30 5.13 6.57 6.19 6.19 6.14 6.14 6.14 6.14
6.34 6.34 6.34 6.34 6.36 6.73 6.36 6.36 6.53 6.53 6.53 6.53 6.50 6.50 6.50 7.81 6.43 7.77 6.43 6.43 6.43 6.43 6.43 6.43 7.21 7.27 7.09 7.21 7.21 5.93 8.27 7.27 7.27 8.34 6.93 6.60 6.62 8.46 7.27 7.27 8.74 8.84 8.30 8.82 8.79 8.79 8.35 5.58 8.46 10.92 10.92 6.51 2.31 5.64 7.15 6.95 7.25 6.81 6.36 7.64 6.77 6.77 6.77 6.77 6.82 6.56 8.89 5.04 7.25 6.38 5.93 6.13 6.70 6.70 6.30 5.13 5.13 6.19 6.19 6.57 6.14 6.14 6.14 6.14
6.41 6.41 6.41 6.41 6.42 6.42 6.42 6.42 6.58 6.58 6.58 6.58 6.52 6.52 6.52 6.52 6.46 7.76 6.43 6.43 6.43 6.43 6.43 6.43 7.21 7.27 7.27 7.27 7.21 7.27 4.75 8.26 8.31 8.31 7.27 7.07 6.24 10.25 7.27 7.71 6.47 9.35 8.34 8.34 8.49 8.49 8.49 8.49 5.58 8.54 8.18 10.92 9.71 6.62 6.09 6.53 6.80 6.97 6.78 6.13 6.79 6.79 6.81 5.49 7.25 9.11 1.95 6.81 6.48 7.41 7.23 6.79 6.26 6.26 5.65 6.98 6.16 6.16 6.16 6.16 6.19 6.19 6.19 6.19
6.41 6.41 6.41 6.41 6.42 7.09 6.42 6.42 6.58 6.58 6.58 6.58 6.52 6.52 6.52 6.52 6.46 8.06 6.45 6.43 6.43 6.43 6.43 6.43 7.21 7.21 7.27 7.27 7.21 7.27 4.75 6.18 7.21 7.21 8.31 7.27 7.07 6.63 10.90 8.22 9.35 8.91 8.34 8.34 8.49 8.49 8.49 8.49 8.85 6.03 8.54 7.37 9.27 9.27 8.39 11.09 6.36 6.36 6.97 6.57 6.57 6.08 6.11 6.55 6.81 5.58 2.40 5.48 5.40 5.47 6.81 7.11 6.26 6.26 6.26 6.26 6.55 6.16 6.16 6.16 6.19 6.19 6.19 6.19
6.41 6.41 6.41 6.41 6.42 6.42 6.42 6.42 6.58 6.58 6.58 6.58 6.52 6.52 6.52 6.52 6.60 6.43 6.45 6.43 6.43 6.43 6.43 6.73 7.21 7.21 7.28 8.36 7.21 8.65 4.75 9.15 7.21 7.09 7.21 7.27 8.53 6.63 5.93 5.49 8.91 8.34 8.34 8.34 8.49 8.49 7.29 8.49 8.99 7.81 7.37 7.37 5.58 7.40 7.40 7.22 9.75 9.54 5.47 6.97 6.81 6.81 7.25 5.47 9.71 5.23 5.48 5.60 6.48 6.53 6.37 6.76 5.13 6.65 6.26 6.26 6.16 6.16 6.16 6.16 7.27 6.19 6.19 6.19
6.41 6.41 6.41 6.41 6.42 6.42 6.42 6.42 6.58 6.58 6.58 6.58 6.52 6.52 6.52 6.52 6.46 6.43 6.43 6.43 6.43 6.43 6.43 5.85 6.62 7.21 7.27 8.36 8.34 8.34 8.34 8.34 8.31 7.21 8.58 8.25 6.86 7.65 7.76 8.81 8.34 8.34 8.34 8.34 8.49 7.29 7.29 6.47 8.62 9.29 5.58 8.54 6.03 6.47 7.73 6.88 6.53 6.08 8.66 8.85 5.47 7.25 5.92 5.92 9.10 6.37 5.26 5.92 7.44 6.53 6.39 6.13 5.13 6.26 6.26 6.26 6.16 6.16 6.16 6.16 6.19 6.19 6.19 6.19
6.44 6.44 6.44 6.44 6.42 7.10 6.42 6.42 6.57 6.57 6.57 6.57 6.51 6.51 6.51 6.51 5.76 5.76 6.43 5.76 6.45 6.45 6.45 5.85 6.62 6.62 7.27 8.40 8.37 8.37 8.37 8.37 4.75 4.75 4.75 8.31 8.31 8.40 7.26 8.31 8.45 8.45 8.45 8.45 8.53 7.29 7.37 8.17 3.45 3.00 7.15 6.71 6.91 6.91 7.73 8.36 6.08 6.08 6.53 6.81 9.99 10.43 6.80 7.25 11.04 3.01 6.59 7.00 6.93 6.08 6.13 6.35 5.13 6.23 6.23 6.23 6.19 6.19 6.19 6.58 6.26 6.26 6.26 6.26
6.44 6.38 6.44 6.44 6.42 6.42 6.42 6.42 6.57 6.57 6.57 6.50 6.51 6.51 6.51 6.51 5.76 5.76 5.76 5.76 7.01 6.45 6.45 5.85 6.97 6.97 8.40 8.40 8.37 8.37 8.37 8.37 8.31 8.31 8.24 8.31 8.31 8.31 8.24 8.31 8.45 8.45 8.45 8.45 7.37 7.29 7.29 7.29 7.73 6.47 6.47 7.81 6.03 6.47 7.73 8.30 6.36 6.20 7.41 7.85 4.17 5.05 11.32 10.87 10.03 6.80 5.92 6.11 6.08 6.08 6.13 7.02 6.62 6.23 6.23 6.23 6.19 6.19 6.19 6.19 6.26 6.26 6.26 6.26
6.37 6.37 6.37 6.37 6.36 6.30 6.30 6.60 6.41 6.41 6.90 6.34 6.35 6.35 6.35 6.35 6.29 5.47 5.47 6.29 6.29 6.29 6.29 6.29 6.52 6.52 6.52 6.52 7.80 7.80 7.80 7.80 7.74 7.74 7.74 7.74 7.74 7.74 7.74 7.74 7.68 7.68 7.68 7.68 6.41 6.83 6.83 6.58 7.17 5.30 5.30 4.86 6.39 6.39 6.39 6.48 5.66 5.39 6.72 6.18 6.62 5.31 7.51 5.74 8.48 8.06 5.43 6.14 5.70 5.70 5.44 6.47 5.73 5.73 5.73 5.73 5.69 5.69 5.69 5.69 5.75 5.75 5.75 5.75
6.37 6.37 6.37 6.37 6.36 6.36 6.36 6.36 6.41 6.41 6.41 6.41 6.29 6.29 6.29 6.28 6.29 6.29 5.47 6.29 6.29 6.29 6.29 6.29 6.52 6.52 6.52 6.52 6.49 6.49 7.80 7.80 7.74 7.74 7.74 7.74 7.74 7.74 7.74 7.74 7.68 7.68 7.68 6.85 6.27 6.39 6.85 5.06 5.83 7.73 8.17 6.85 6.39 6.39 6.47 6.47 5.66 5.66 5.83 5.83 6.62 7.95 6.18 5.41 4.96 8.03 5.83 5.83 5.70 6.14 5.70 6.47 5.73 5.73 5.73 5.73 5.69 5.69 5.69 4.49 5.75 5.75 5.75 4.49
6.36 6.36 6.56 7.02 6.29 6.52 6.29 6.29 6.34 6.34 6.34 6.34 6.31 6.31 6.31 6.31 6.29 6.29 5.47 5.47 6.31 6.31 6.31 6.31 6.56 6.56 6.56 6.56 6.54 6.54 6.54 7.86 7.78 7.78 7.78 7.78 7.81 7.81 7.81 7.81 7.70 7.70 7.70 6.39 6.41 6.41 6.41 6.41 7.68 7.68 8.12 8.12 4.86 4.86 6.47 6.47 5.66 5.66 5.39 5.83 6.18 5.85 5.70 4.96 8.48 6.14 5.83 5.39 5.70 6.14 6.14 5.70 4.76 5.75 5.75 5.75 5.73 5.73 4.49 4.49 5.77 5.77 5.77 4.49
6.36 6.36 6.36 6.36 6.29 6.29 6.97 6.29 6.34 6.34 6.34 6.34 6.31 6.31 6.31 6.31 6.29 6.29 6.56 6.29 6.31 6.31 6.31 6.31 6.56 6.56 6.56 6.56 6.54 6.54 6.54 7.86 7.78 7.78 7.78 7.78 7.81 7.81 7.81 7.64 7.70 7.70 6.39 6.39 6.39 6.13 7.69 7.69 7.68 4.17 7.68 8.12 2.34 5.30 6.92 6.47 5.66 5.66 5.83 5.29 5.29 4.52 5.70 6.14 9.77 6.14 6.14 4.41 5.70 5.70 5.70 4.85 5.20 4.41 6.42 5.75 5.73 4.49 4.68 4.49 5.81 5.77 5.77 4.49
6.36 6.56 6.36 6.36 6.29 6.29 6.97 6.29 6.34 6.34 6.34 5.60 5.47 5.47 6.31 6.31 6.29 5.60 5.60 6.29 6.31 6.31 6.31 6.31 6.56 6.56 6.56 6.56 6.54 6.54 6.54 6.54 7.78 7.78 7.78 7.78 7.81 7.81 7.81 7.81 7.70 7.70 6.41 6.68 6.39 7.69 7.69 4.17 4.17 4.17 4.17 8.12 6.19 6.63 2.52 6.47 5.66 5.66 4.52 5.41 5.41 4.41 5.29 8.92 8.15 4.96 6.14 5.70 5.70 5.70 4.41 4.85 3.37 3.37 5.75 5.75 5.73 6.08 5.73 5.73 5.77 5.77 4.49 4.49
6.36 6.36 6.36 6.36 6.29 6.29 6.29 6.29 6.34 6.34 6.34 5.60 5.47 5.47 5.47 6.31 6.47 5.60 5.60 6.29 6.31 6.31 6.31 6.31 6.56 6.56 6.56 6.56 6.54 6.48 6.54 6.54 6.48 7.78 8.20 7.78 7.81 7.81 7.81 7.81 7.70 7.70 7.70 6.39 6.87 6.41 8.54 4.17 4.17 4.17 7.68 6.27 5.30 2.79 7.82 6.76 5.66 5.39 5.39 6.14 5.70 5.70 1.76 9.36 4.52 4.41 4.52 6.37 6.14 5.70 4.41 4.43 4.76 4.99 5.75 5.75 4.76 5.73 5.73 5.73 5.77 5.77 4.49 4.49
6.32 6.32 6.99 6.32 6.26 6.26 6.26 6.26 6.31 6.31 6.79 6.20 6.30 5.47 6.30 6.30 6.07 5.60 6.98 6.29 6.32 6.32 6.32 6.55 6.58 6.58 6.58 6.58 6.49 6.55 6.55 6.55 6.53 7.85 7.85 7.85 7.86 7.86 7.86 7.86 7.67 7.67 7.67 7.67 6.41 6.39 8.39 4.17 4.17 4.17 7.68 6.83 6.71 7.36 6.47 6.76 5.39 5.39 5.39 5.39 5.29 5.29 1.76 5.84 5.29 5.29 4.52 5.39 4.85 4.41 5.83 5.83 4.76 4.76 5.77 4.76 5.15 4.76 4.76 4.49 5.81 5.81 4.49 5.37
6.32 6.32 6.32 6.32 6.26 6.26 6.26 6.26 6.31 6.31 5.93 7.33 7.57 7.57 8.86 6.30 6.78 6.04 4.39 6.29 6.32 6.32 6.32 6.32 6.58 6.58 6.58 6.58 6.55 6.55 6.55 6.55 6.53 7.85 7.85 7.85 7.86 7.86 7.86 7.86 7.67 4.17 4.17 4.17 7.64 8.39 4.28 4.17 4.17 4.17 7.52 7.68 6.27 7.36 6.47 6.76 5.70 5.39 5.39 5.39 4.85 5.41 1.76 8.48 4.96 5.83 4.41 5.39 5.62 5.39 5.39 5.83 4.41 3.50 5.77 3.94 5.75 8.77 5.15 4.76 4.76 5.81 4.49 4.38
6.32 6.32 6.32 6.32 6.26 6.26 6.26 6.92 6.31 7.58 7.58 7.33 7.32 7.57 7.97 6.20 7.56 6.29 6.78 6.78 6.32 6.32 6.32 6.32 6.58 6.58 6.58 6.58 6.55 6.55 6.55 6.55 6.53 6.53 7.85 7.85 7.86 7.86 7.86 7.86 7.67 4.17 4.17 4.17 4.17 4.17 4.17 4.17 4.17 4.17 6.41 6.41 6.85 6.47 6.47 6.92 8.59 5.70 5.39 4.41 4.85 4.85 5.29 8.48 5.39 5.39 5.39 5.39 5.62 5.39 5.39 5.39 4.41 3.48 5.89 3.94 9.61 5.15 8.77 5.15 3.50 3.50 3.50 6.47
6.32 6.32 6.32 6.32 6.26 6.26 6.92 6.26 6.31 6.31 7.58 7.33 7.32 7.57 6.20 7.32 7.56 7.32 6.78 6.78 6.32 6.32 6.32 6.32 6.58 6.58 6.58 6.52 6.50 6.55 6.55 6.55 6.53 7.85 7.85 7.85 7.86 7.86 7.86 7.86 7.67 4.17 4.17 4.17 4.17 4.17 4.17 4.17 4.17 7.68 6.41 6.41 6.39 6.47 6.92 6.34 10.21 9.02 4.41 4.85 2.21 4.85 4.41 8.48 4.96 6.28 5.39 5.39 5.39 5.39 5.39 5.39 4.49 5.77 4.76 3.48 8.61 5.15 5.15 8.77 5.15 5.15 4.99 6.86
6.35 6.35 6.35 6.35 6.29 6.29 6.29 6.29 6.32 6.32 6.32 7.59 7.55 7.55 6.20 7.79 7.54 7.31 7.31 6.28 6.33 6.33 6.33 6.33 6.49 6.61 6.61 6.50 6.60 6.60 6.60 6.60 6.59 7.92 7.92 7.92 7.90 7.90 7.90 7.90 7.64 4.17 4.17 4.17 4.86 4.86 6.27 5.83 7.70 7.70 6.41 6.41 7.54 6.47 6.92 6.92 5.83 5.39 9.02 5.29 5.74 4.85 8.03 4.96 5.41 6.29 6.72 5.39 5.39 5.39 5.39 5.39 4.76 4.49 4.49 4.41 5.15 4.99 4.99 8.77 5.15 2.79 6.42 8.77
6.35 6.35 6.35 6.35 6.29 6.29 6.96 6.29 6.32 6.32 6.48 6.21 7.31 6.20 6.21 6.50 7.31 7.31 7.31 6.28 6.33 6.33 6.33 6.33 6.52 6.61 6.50 6.61 6.60 6.60 6.60 6.60 6.59 7.92 7.92 7.92 7.90 7.90 7.90 7.90 7.64 8.39 4.17 4.86 4.86 6.41 6.85 6.41 7.70 6.41 6.41 6.39 6.41 5.46 5.90 7.83 5.66 5.66 5.39 9.36 9.36 5.84 9.36 6.28 5.83 7.16 5.83 5.39 5.39 5.39 5.39 5.62 4.49 4.76 3.37 3.37 3.37 6.99 8.77 6.99 8.77 6.42 2.79 2.79
6.35 6.35 6.35 6.35 6.29 6.29 6.29 6.29 6.26 6.32 6.32 6.21 7.31 6.20 6.20 6.20 7.31 7.54 7.31 6.28 6.33 6.33 6.33 6.33 6.61 6.61 6.61 6.61 6.60 6.60 6.60 6.60 6.59 7.92 7.92 7.92 7.90 7.90 7.90 8.33 7.64 8.39 4.17 6.41 6.41 6.41 6.41 6.41 7.70 6.41 6.39 6.39 6.47 6.47 6.47 6.47 6.10 8.05 7.17 5.29 4.85 5.85 10.69 6.62 5.74 6.18 6.18 5.83 5.83 5.39 5.39 5.39 4.49 4.49 3.37 3.37 3.37 3.14 3.37 3.37 9.22 5.15 5.15 2.79
5.16 6.79 6.35 6.35 6.29 6.29 6.29 6.29 6.99 6.32 6.32 7.59 4.65 6.20 6.34 6.20 6.49 7.31 7.54 6.28 6.33 6.33 6.33 6.33 6.61 6.61 6.61 6.61 6.60 6.60 6.60 6.60 7.92 7.92 7.92 7.92 7.90 7.90 8.33 7.90 7.64 7.64 4.17 6.41 6.39 7.62 7.62 6.41 6.41 6.39 6.39 6.39 6.47 6.47 6.47 7.99 8.05 7.07 7.61 4.41 1.32 5.29 6.72 9.36 10.69 9.81 6.28 9.48 9.36 9.02 9.02 9.02 4.76 3.37 3.37 3.37 3.37 3.37 6.83 6.99 6.86 9.22 8.77 5.15
5.56 6.38 6.38 6.38 6.30 6.67 6.30 6.98 6.29 6.29 6.29 6.21 6.20 6.20 6.20 6.21 6.21 6.21 7.52 6.26 6.35 6.35 6.35 6.35 7.99 6.64 6.64 6.64 6.66 6.66 8.02 8.02 8.02 8.02 8.02 8.02 7.96 7.96 7.96 7.96 7.61 7.61 7.61 7.61 7.58 7.58 7.58 7.58 6.41 6.41 6.39 6.41 6.47 6.47 6.47 7.99 9.81 11.24 11.24 8.59 8.03 8.59 8.92 8.92 7.06 6.72 5.83 6.28 4.85 5.39 5.39 5.39 3.37 3.37 3.37 3.37 4.41 4.76 4.76 3.37 6.86 5.59 5.54 8.77
4.34 4.30 6.32 6.38 6.30 6.30 6.30 6.81 6.29 6.29 6.29 6.21 6.20 6.20 6.21 6.21 6.21 6.21 6.21 6.26 6.35 6.35 6.35 7.63 7.99 8.43 6.64 6.64 8.02 8.02 8.02 8.02 8.02 8.02 8.02 8.02 7.96 7.96 7.96 7.96 7.61 7.61 7.61 7.61 7.58 7.58 7.58 7.58 6.39 6.39 6.39 6.39 6.47 6.47 7.99 10.59 10.26 11.26 7.07 5.29 4.87 5.73 10.25 8.92 6.29 5.29 5.39 5.39 5.39 5.39 5.39 5.39 3.37 3.37 3.37 3.14 4.76 5.20 3.81 3.37 9.22 5.36 5.15 6.19
4.27 4.13 5.01 6.34 6.46 5.82 5.82 5.82 5.89 5.89 7.19 5.32 5.32 5.32 6.85 6.85 6.86 6.86 6.86 5.86 5.69 5.69 5.69 6.83 7.03 7.03 6.03 6.03 7.06 7.82 7.06 7.06 7.06 7.06 7.06 7.06 7.00 7.00 7.00 7.16 6.53 6.63 6.63 6.63 6.61 6.61 6.61 4.83 4.83 4.83 4.83 4.83 6.12 5.15 9.75 9.22 10.09 6.38 5.93 4.46 4.83 5.34 9.34 7.87 8.23 5.48 4.90 4.46 4.83 4.46 4.83 4.46 3.67 3.67 3.67 4.11 4.20 4.64 2.78 4.56 8.18 8.18 4.56 4.39
4.27 3.64 4.52 5.90 5.82 5.82 5.82 5.82 5.89 6.90 6.90 5.32 5.32 5.32 6.85 6.85 6.86 6.86 6.86 6.86 5.69 5.69 5.69 6.83 7.03 7.03 7.03 7.03 7.06 7.06 7.06 7.06 7.06 7.06 7.06 7.06 7.27 7.00 7.00 7.00 6.63 6.63 6.63 6.63 6.61 6.61 6.61 6.61 4.87 4.83 4.83 6.12 6.12 5.15 6.56 10.11 6.82 7.94 7.12 4.46 4.90 4.83 4.83 5.34 7.87 8.23 5.34 4.90 4.46 4.83 4.46 4.46 3.67 2.61 4.11 4.11 3.66 2.78 2.78 4.56 6.24 8.18 4.56 5.45
4.57 4.57 8.64 6.32 5.80 5.80 5.80 6.34 5.87 7.15 6.88 6.88 6.83 6.83 6.83 6.83 7.13 7.13 6.86 6.86 5.67 5.67 6.29 6.81 8.06 7.30 7.03 7.03 7.09 7.09 7.09 7.09 7.22 7.09 7.09 7.09 7.26 6.99 6.99 6.99 6.63 6.63 6.63 6.63 6.58 6.03 6.58 6.58 6.67 4.83 4.83 4.64 4.64 4.97 5.15 10.19 6.68 7.12 3.80 4.46 6.68 6.24 4.46 5.34 5.48 8.67 5.04 4.90 4.46 4.46 4.46 4.46 3.67 3.67 2.61 3.05 4.55 3.67 2.78 4.56 8.63 4.56 5.45 5.45
5.02 4.79 8.34 5.01 5.80 6.20 5.80 5.80 5.87 6.88 6.88 6.88 6.83 6.33 6.83 6.83 6.86 7.20 7.13 6.86 6.81 5.67 5.67 5.67 7.03 7.03 7.03 8.68 7.09 7.22 7.09 7.09 7.09 7.09 7.09 7.09 6.99 6.99 6.99 6.99 6.63 6.63 6.63 6.63 6.58 6.58 6.58 6.58 6.67 6.67 6.57 6.22 6.29 4.18 5.85 5.59 6.24 5.58 6.24 6.24 6.24 6.24 4.46 5.34 4.68 7.87 5.48 3.71 4.83 4.46 4.90 4.90 3.67 3.67 3.67 3.67 3.67 2.78 2.78 8.18 8.63 5.44 5.89 6.42
4.65 5.01 8.28 4.57 5.80 5.80 5.80 5.80 5.87 5.87 6.88 6.88 6.33 6.33 7.10 6.83 6.86 6.86 6.86 6.86 6.81 5.67 5.67 5.67 6.02 7.03 7.03 8.52 8.57 8.57 7.09 7.09 7.09 7.09 7.22 7.09 6.99 7.26 6.99 6.99 6.63 6.63 6.63 6.63 6.58 6.58 6.58 6.58 6.67 6.67 6.67 6.22 6.29 5.38 6.56 5.59 6.24 5.58 6.68 6.24 6.68 6.68 5.27 5.27 3.80 6.98 5.93 5.34 4.46 4.83 6.16 4.16 3.67 3.67 3.67 3.67 4.11 2.78 4.56 6.24 4.56 5.89 5.72 5.89
4.65 4.65 4.57 9.51 5.80 5.80 6.44 5.80 5.87 5.87 6.88 4.50 6.83 6.83 6.83 6.83 6.86 6.86 6.86 6.86 6.81 6.81 5.67 5.67 6.40 7.03 7.03 7.03 8.57 8.57 8.57 7.09 7.09 7.09 7.09 7.09 6.99 6.99 6.99 6.99 6.54 6.53 6.63 6.63 6.58 6.58 4.87 4.87 4.87 4.87 6.67 6.22 6.29 4.94 6.12 6.12 6.24 6.24 6.68 6.68 7.26 6.82 4.68 5.34 5.34 8.67 5.48 5.34 4.90 5.71 5.93 3.80 2.78 2.57 3.67 2.78 4.55 2.61 8.63 4.56 4.56 5.44 5.44 7.22
4.57 4.57 5.03 6.82 6.25 6.25 5.81 5.81 5.84 5.84 6.84 6.84 6.80 6.80 6.80 6.80 6.87 6.87 6.87 6.87 6.79 6.79 6.79 5.65 6.00 6.99 6.99 6.99 7.21 8.56 8.56 7.09 7.08 7.08 7.08 7.08 6.94 6.94 6.94 6.94 6.61 6.61 6.61 6.61 6.59 6.59 4.87 4.83 4.83 4.83 6.63 4.64 4.64 4.64 6.12 6.12 6.24 6.24 5.93 6.82 6.82 6.68 4.90 5.34 5.34 8.23 4.16 4.90 4.68 5.48 5.04 4.90 2.61 2.78 3.67 3.22 4.11 5.44 9.96 5.44 4.83 8.90 4.39 4.21
4.57 4.65 4.65 6.82 4.51 4.51 5.81 5.81 6.13 5.84 6.84 6.84 6.80 6.80 6.80 6.80 6.87 6.87 6.87 6.87 6.79 6.79 6.79 5.65 6.00 6.99 6.99 6.99 7.09 7.09 7.08 5.37 7.08 7.08 7.08 7.08 6.94 7.27 7.21 6.94 6.61 6.61 6.61 4.87 6.59 6.59 4.87 4.83 4.83 4.83 4.64 4.64 4.64 6.12 6.12 6.31 6.24 6.24 6.24 5.58 5.93 6.24 6.68 5.48 5.13 5.27 7.78 4.16 5.04 5.04 4.46 4.90 4.11 3.67 3.67 2.78 5.44 9.07 9.51 5.44 4.56 5.45 3.28 4.21
