New_Model_Runs/8_Future_Present_Scn1_out/post_prcessed_with_MFR/Monthly_summaries/net_infiltration_monthly_MAY.asc
NCOLS 700
NROWS 400
XLLCENTER 515000.000000
YLLCENTER 8409000.000000
CELLSIZE 50.000000
NODATA_value -999.000000
[rows 259 to 295 of 400, columns 252 to 335 of 700]
16.22 16.22 9.13 9.13 9.35 9.79 2.82 7.94 2.38 8.38 9.79 7.94 7.94 11.56 11.56 11.56 12.98 10.37 13.56 6.01 7.68 7.68 6.96 7.41 9.58 9.58 9.58 9.58 10.59 6.96 10.59 10.59 5.72 5.55 10.05 6.42 2.24 5.86 7.45 7.45 7.89 8.34 7.89 2.41 3.30 3.30 6.92 6.92 9.20 8.03 2.41 2.85 3.15 6.33 8.03 8.03 8.03 6.97 6.97 8.03 8.03 8.03 8.03 8.03 10.59 2.09 2.09 2.09 2.19 8.35 0.00 0.00 0.00 0.00 0.00 0.00 0.00 0.00 0.00 0.00 0.00 0.00 0.00 0.00
16.67 9.13 7.29 7.29 9.35 7.94 8.38 2.38 8.38 8.38 8.38 9.93 9.93 9.58 8.38 8.38 13.56 9.93 7.94 11.56 2.30 7.68 6.96 9.57 9.54 9.54 9.54 9.54 10.59 11.38 7.76 7.76 7.76 6.42 7.27 10.78 5.86 5.86 11.08 2.24 7.45 7.89 7.89 2.41 8.48 6.92 2.85 2.85 2.41 9.37 8.48 3.30 8.42 7.97 11.16 6.97 8.03 8.03 8.03 8.03 8.03 2.53 2.98 2.53 11.66 2.09 2.53 2.53 2.19 2.19 0.00 0.00 0.00 0.00 0.00 0.00 0.00 0.00 0.00 0.00 0.00 0.00 0.00 0.00
15.27 9.57 9.13 7.29 9.35 7.94 7.94 7.94 8.82 3.27 3.27 10.03 7.94 9.93 8.38 12.57 11.56 7.94 11.56 13.56 9.58 9.32 9.57 9.57 9.54 9.54 9.54 9.54 13.17 11.38 7.76 7.76 7.76 6.42 11.95 10.78 12.20 11.08 9.01 6.31 11.08 7.45 2.41 8.03 6.04 2.41 8.48 8.03 9.37 9.37 9.37 9.45 8.86 3.15 5.89 2.53 7.41 8.03 8.03 11.66 10.59 6.60 12.37 6.60 5.72 6.16 2.98 2.98 2.19 2.19 2.19 0.00 0.00 0.00 0.00 0.00 0.00 0.00 0.00 0.00 0.00 0.00 0.00 0.00
16.14 9.57 7.29 6.96 7.94 7.94 7.94 2.38 2.38 9.35 9.58 7.94 2.38 9.93 7.94 11.56 9.93 13.56 11.56 9.35 9.58 9.32 9.32 9.57 9.54 9.54 9.54 8.62 10.59 6.16 11.03 6.16 11.03 10.78 7.15 2.15 7.45 11.08 8.70 7.89 7.45 11.08 11.66 6.92 3.30 2.41 2.85 2.85 9.01 8.57 7.89 8.92 2.70 6.33 6.16 2.98 8.29 7.85 12.10 11.66 7.85 3.42 3.30 2.53 2.09 7.49 4.30 2.53 2.19 2.43 2.19 0.00 0.00 0.00 0.00 0.00 0.00 0.00 0.00 0.00 0.00 0.00 8.35 7.32
8.18 7.73 6.96 8.45 7.94 7.94 7.94 9.35 7.94 9.93 9.93 9.93 9.93 8.38 8.82 11.56 13.56 13.56 9.93 7.94 9.58 9.32 9.32 9.57 9.54 9.54 8.62 8.62 5.72 2.97 7.85 6.96 3.21 2.59 2.15 2.15 2.24 11.08 8.57 2.24 2.25 7.89 2.41 6.48 2.85 8.03 9.90 8.34 7.89 7.89 8.34 3.56 2.70 11.16 8.92 3.42 3.86 12.99 8.48 6.97 8.92 2.98 8.48 6.97 2.09 6.16 8.82 3.86 2.19 2.19 2.19 2.19 0.00 0.00 0.00 0.00 0.00 0.00 0.00 0.00 8.35 9.80 2.19 2.19
8.18 8.69 7.40 10.65 9.58 9.58 7.94 9.58 9.58 9.93 9.93 9.93 9.93 8.82 6.89 11.56 6.01 2.38 7.94 9.93 9.31 9.31 9.31 9.31 9.53 9.53 8.62 6.96 5.72 7.41 2.53 2.33 2.77 8.20 7.75 7.75 8.03 11.66 11.66 9.01 2.41 8.48 8.92 6.48 8.48 8.48 8.34 9.46 9.01 7.89 7.45 7.89 5.72 11.04 8.48 3.42 5.63 8.29 7.41 2.98 6.60 8.48 8.03 8.39 10.59 6.16 3.42 8.29 2.19 8.35 0.00 2.19 2.19 0.00 0.00 0.00 0.00 0.00 0.00 8.35 2.19 2.19 2.19 7.32
8.97 9.41 10.65 10.65 10.03 9.58 9.58 9.35 9.58 9.93 9.93 9.93 7.94 2.82 6.45 7.94 11.56 7.94 7.94 10.37 8.12 2.11 2.11 2.11 6.42 6.86 6.86 6.42 5.55 10.05 7.60 7.60 7.15 7.75 7.75 7.75 11.66 11.66 6.04 11.66 11.66 11.66 11.66 11.66 13.19 9.49 9.49 9.01 8.57 8.57 9.01 8.78 11.92 6.97 7.41 3.86 4.30 3.42 7.41 9.18 7.05 6.97 11.66 10.59 11.66 8.03 8.03 8.03 2.19 0.00 0.00 0.00 2.19 2.19 0.00 0.00 0.00 9.80 2.19 2.19 2.19 7.32 7.32 0.00
8.50 8.50 10.56 11.00 9.58 9.58 9.58 9.58 9.84 9.58 2.38 7.94 7.94 8.38 12.45 7.94 12.01 7.94 7.94 8.38 8.56 2.55 8.40 8.40 10.05 10.49 10.05 5.55 10.05 6.22 6.22 5.77 5.77 11.23 11.83 11.38 3.30 12.55 8.03 8.03 8.03 8.03 8.03 2.41 11.66 9.57 9.05 8.57 8.57 8.57 9.01 9.46 7.85 5.72 7.85 7.41 2.53 7.41 9.36 12.81 6.16 11.04 11.04 8.03 6.97 8.03 8.03 8.03 2.19 0.00 0.00 0.00 0.00 2.19 2.19 8.35 7.32 2.19 2.19 2.19 7.32 0.00 0.00 0.00
8.50 10.56 10.56 10.56 9.93 9.58 9.58 9.58 9.58 9.58 7.94 9.35 11.56 15.23 13.01 12.84 12.01 7.94 7.94 8.38 9.87 2.11 8.40 8.40 12.03 1.93 1.93 6.42 6.22 2.59 7.15 7.15 7.15 8.20 8.20 7.75 8.48 6.92 2.41 9.01 8.03 8.03 8.03 2.41 6.04 9.80 8.94 9.05 8.57 8.48 8.48 8.92 6.97 5.72 2.98 7.85 2.09 6.97 8.48 11.04 10.59 11.04 7.41 8.03 8.48 8.48 8.03 8.03 2.19 0.00 0.00 0.00 0.00 8.35 2.19 2.19 2.19 2.19 7.32 0.00 0.00 0.00 0.00 0.00
8.50 10.56 11.10 9.34 9.58 9.58 9.58 9.58 10.03 10.03 8.94 11.56 13.56 10.37 11.12 15.33 6.01 11.56 9.35 8.82 9.29 2.11 2.55 2.55 2.11 1.93 1.93 2.15 5.77 7.15 7.15 8.65 2.77 3.21 8.64 8.64 8.03 8.03 2.41 8.03 8.03 2.41 8.03 6.04 11.08 11.08 7.89 9.01 9.05 8.44 8.44 8.44 8.03 8.03 11.04 2.09 6.97 10.59 5.72 2.09 2.09 7.41 11.04 6.97 8.48 8.03 8.03 2.09 7.32 0.00 0.00 0.00 8.35 2.19 2.19 2.19 7.32 7.32 0.00 0.00 0.00 0.00 0.00 0.00
8.90 10.21 11.10 10.94 9.58 9.58 12.34 13.42 12.67 12.45 11.56 11.56 8.77 10.37 10.15 10.91 9.35 8.38 8.82 8.38 8.40 8.95 3.08 7.03 7.03 2.11 7.15 7.15 5.77 7.15 8.33 7.15 2.77 8.20 3.21 6.84 2.41 8.03 8.03 8.03 2.41 5.86 5.86 5.86 5.86 3.12 9.49 9.05 9.05 9.05 8.44 8.93 8.03 8.03 11.66 5.72 5.72 2.09 2.09 2.09 2.09 2.53 2.53 8.03 8.03 8.03 8.03 2.09 8.35 0.00 8.35 2.19 2.19 2.19 7.32 7.32 8.35 0.00 0.00 0.00 0.00 0.00 0.00 0.00
11.00 10.21 10.21 10.56 10.16 10.16 12.06 8.88 8.88 7.94 9.21 9.71 10.68 8.38 9.26 2.82 11.55 9.79 10.68 9.26 8.77 8.40 8.40 8.40 7.28 7.03 7.15 2.15 11.95 7.15 7.15 7.15 7.75 8.79 7.75 12.41 8.03 8.03 8.03 2.41 5.86 5.86 5.86 11.08 7.45 9.93 8.34 10.90 9.49 8.44 8.84 8.93 8.03 8.03 11.66 5.72 2.09 2.09 2.09 2.09 8.03 2.09 2.09 6.97 8.03 2.09 2.09 8.03 8.35 7.32 2.19 2.19 2.19 7.32 0.00 0.00 7.76 7.76 0.00 0.00 0.00 0.00 0.00 0.00
10.56 10.56 10.21 6.96 12.06 8.44 8.44 7.71 6.53 7.94 8.38 4.15 11.12 9.35 7.94 7.94 9.58 9.93 9.93 10.37 7.03 7.03 8.84 8.84 8.40 7.60 2.59 6.03 8.33 8.33 7.15 7.75 7.75 2.33 7.75 5.95 6.04 6.04 11.08 5.86 5.86 11.08 7.45 7.45 8.57 9.05 2.24 7.89 9.01 8.57 8.44 8.93 9.79 5.72 2.53 2.09 2.09 6.97 8.03 2.09 2.09 8.03 6.97 2.09 2.09 6.97 8.03 8.03 2.19 2.19 2.19 7.32 0.00 0.00 0.00 0.00 0.00 0.00 0.00 0.00 0.00 0.00 0.00 0.00
10.56 10.56 11.87 12.59 8.44 8.44 8.44 6.53 7.94 8.38 2.38 2.82 2.38 2.38 8.38 8.38 9.93 9.93 7.94 7.94 7.03 7.03 7.47 2.11 7.47 8.04 2.59 5.77 2.40 7.15 2.15 7.15 7.75 2.33 9.11 11.38 6.04 2.24 7.89 7.89 7.45 8.92 7.45 7.45 7.89 7.89 8.57 8.57 7.45 7.45 12.20 11.08 6.97 2.53 2.98 2.53 8.03 8.03 2.09 2.09 2.09 8.03 2.09 2.09 6.97 8.03 2.09 2.09 2.43 7.32 2.19 0.00 0.00 0.00 0.00 0.00 0.00 0.00 0.00 0.00 0.00 0.00 0.00 0.00
10.56 11.87 12.59 8.97 8.88 8.88 8.44 9.58 7.94 8.82 8.82 8.38 7.94 9.26 8.82 8.38 9.93 7.94 2.38 9.09 7.03 7.47 9.29 8.40 7.60 8.77 8.33 10.78 7.15 7.15 7.15 7.15 7.75 2.33 9.11 8.79 11.66 7.45 7.90 7.90 2.24 8.92 9.05 8.46 9.49 7.90 8.57 3.12 11.97 11.08 7.45 8.34 6.97 2.09 2.09 2.09 6.97 8.03 2.09 6.97 2.09 2.09 8.03 8.03 2.09 2.09 2.09 6.97 7.32 0.00 0.00 0.00 0.00 0.00 0.00 0.00 0.00 0.00 0.00 0.00 0.00 0.00 0.00 0.00
9.16 12.61 8.99 8.54 6.85 9.13 9.54 9.35 9.35 8.21 9.99 9.99 8.21 8.65 8.65 7.77 7.77 2.33 7.77 9.00 8.73 9.21 4.74 7.38 9.17 9.17 8.61 12.36 8.73 10.68 7.05 7.05 7.05 8.60 7.63 8.60 11.70 11.52 8.37 6.90 7.93 6.90 8.13 8.13 8.49 6.90 6.90 6.58 10.97 7.54 7.98 6.99 8.00 2.40 8.00 2.40 2.40 8.97 2.40 2.40 8.97 8.97 8.00 2.40 2.40 2.40 8.00 8.00 0.00 0.00 0.00 0.00 0.00 0.00 0.00 0.00 0.00 0.00 0.00 0.00 0.00 0.00 0.00 0.00
13.23 10.71 12.61 10.27 7.54 7.54 9.54 9.10 7.77 9.10 9.54 9.10 9.10 9.10 13.17 13.17 11.39 12.73 10.74 13.07 8.96 8.26 8.71 7.94 9.02 9.05 12.01 6.19 6.19 7.50 7.05 7.23 2.12 7.05 8.92 8.60 8.98 11.52 8.37 8.33 8.49 8.52 6.90 8.33 8.33 10.52 10.52 7.54 7.54 6.10 6.10 6.10 7.22 2.40 2.40 8.00 8.00 2.40 8.00 8.97 8.00 2.40 2.40 2.40 8.00 8.97 8.11 8.82 0.00 0.00 0.00 0.00 0.00 0.00 0.00 0.00 0.00 0.00 0.00 0.00 0.00 0.00 0.00 0.00
11.90 7.83 6.64 10.27 10.03 10.03 12.28 13.17 12.28 12.73 11.84 11.84 12.73 13.17 10.43 9.99 8.21 8.51 8.51 11.18 11.45 11.45 7.88 7.50 11.57 12.45 12.45 11.57 3.00 3.00 8.16 7.50 7.50 7.05 7.05 7.63 7.45 7.45 10.52 7.93 6.90 8.37 8.93 10.52 10.52 8.49 6.90 6.10 6.10 7.93 6.10 6.10 8.97 8.00 8.00 2.40 2.40 8.97 8.97 2.40 2.40 2.40 8.00 8.97 8.10 8.82 8.82 7.22 0.00 0.00 0.00 0.00 0.00 0.00 0.00 0.00 0.00 0.00 0.00 0.00 0.00 0.00 0.00 0.00
12.17 6.64 1.99 9.31 9.13 13.13 13.61 13.17 9.54 7.77 8.21 9.60 13.17 14.20 9.54 7.77 9.79 9.35 7.77 7.77 6.93 6.93 12.20 10.68 10.68 11.57 11.57 6.19 2.12 2.56 2.12 8.29 7.05 7.05 8.16 7.05 8.34 7.89 8.34 10.52 10.97 7.78 10.97 5.70 6.10 6.10 6.10 6.10 6.10 6.90 6.90 2.07 2.40 2.40 2.40 2.40 8.97 2.40 2.40 2.40 8.00 8.00 8.82 8.82 7.22 7.22 7.22 0.00 0.00 0.00 0.00 0.00 0.00 0.00 0.00 0.00 0.00 0.00 0.00 0.00 0.00 0.00 0.00 0.00
12.17 8.54 8.99 9.43 8.25 14.02 8.62 12.05 11.81 7.77 9.10 9.54 9.54 9.68 12.72 2.77 9.10 7.77 7.77 7.77 7.56 7.63 8.92 12.20 7.05 2.12 10.68 5.99 5.99 5.74 5.74 5.74 8.16 8.16 8.16 8.16 2.95 2.95 7.45 6.90 10.97 6.14 6.90 6.90 6.10 6.10 6.10 6.10 6.90 2.07 2.07 6.90 8.97 8.97 8.97 2.40 2.40 2.40 2.40 8.00 8.82 8.82 7.22 0.00 0.00 0.00 0.00 0.00 0.00 0.00 0.00 0.00 0.00 0.00 0.00 0.00 0.00 0.00 0.00 0.00 0.00 0.00 0.00 0.00
6.64 11.46 11.16 7.53 11.36 7.29 11.12 10.42 14.94 9.54 9.35 9.35 9.68 9.35 8.21 11.84 7.77 7.77 9.35 9.10 8.44 8.52 8.92 11.26 11.26 5.74 7.05 2.12 11.26 11.26 10.68 7.05 10.68 11.79 8.16 8.16 7.34 2.07 5.70 10.52 6.90 2.07 6.90 6.10 6.10 6.10 6.90 2.07 2.07 6.90 7.93 7.93 8.97 8.97 2.40 2.40 2.40 8.00 8.00 8.82 8.82 7.22 0.00 0.00 0.00 0.00 0.00 0.00 0.00 0.00 0.00 0.00 0.00 0.00 0.00 0.00 0.00 0.00 0.00 0.00 0.00 0.00 0.00 0.00
6.64 6.64 10.27 10.27 11.81 9.13 9.54 5.87 9.50 8.18 6.41 9.35 9.10 11.17 7.77 2.33 11.39 9.35 9.35 7.77 8.52 8.96 7.63 2.29 7.63 11.94 8.08 2.29 7.63 7.63 7.63 2.29 2.73 6.63 8.16 8.16 10.97 6.14 2.07 6.90 2.07 2.07 2.07 6.10 6.10 6.90 2.07 2.07 7.93 7.93 7.93 7.93 2.40 2.40 2.40 2.40 8.00 7.22 8.37 7.22 7.22 0.00 0.00 0.00 0.00 0.00 0.00 0.00 0.00 0.00 0.00 0.00 0.00 0.00 0.00 0.00 0.00 0.00 0.00 0.00 0.00 0.00 0.00 0.00
8.12 8.12 8.12 6.64 13.62 9.10 7.77 7.77 5.96 1.92 6.41 7.77 7.45 10.03 12.73 12.73 11.39 9.10 9.10 9.10 7.63 2.73 2.29 7.63 11.26 11.70 3.18 2.73 2.29 9.37 8.08 2.29 8.52 3.18 10.68 10.68 11.15 9.73 7.93 6.90 2.07 2.07 2.07 6.90 2.07 2.07 7.93 7.93 7.93 7.93 2.07 2.07 2.40 2.40 8.00 7.22 0.00 0.00 0.00 0.00 0.00 0.00 0.00 0.00 0.00 0.00 0.00 0.00 0.00 0.00 0.00 0.00 0.00 0.00 0.00 0.00 0.00 0.00 0.00 0.00 0.00 0.00 0.00 0.00
6.64 9.01 8.72 7.83 9.10 11.39 11.39 6.41 5.55 10.03 6.41 1.92 7.85 7.85 7.85 7.77 11.39 2.33 9.10 7.85 11.26 6.36 11.26 7.63 5.92 7.63 8.08 2.29 8.08 9.37 8.08 7.63 2.73 6.36 11.12 9.49 3.40 8.33 6.90 6.90 6.90 7.93 7.93 7.93 2.07 2.07 2.07 6.90 6.90 2.07 2.07 2.07 8.00 8.00 0.00 0.00 0.00 0.00 0.00 0.00 0.00 0.00 0.00 0.00 0.00 0.00 0.00 0.00 0.00 0.00 0.00 0.00 0.00 0.00 0.00 0.00 0.00 0.00 0.00 0.00 0.00 0.00 0.00 0.00
8.54 8.54 8.72 7.83 7.54 10.13 11.84 10.03 11.17 11.17 10.03 6.41 7.85 7.85 9.68 8.65 11.39 12.28 11.39 5.98 11.26 7.63 7.63 8.32 11.26 2.29 7.63 8.32 8.08 9.37 8.92 11.26 11.26 8.16 2.56 7.94 8.63 7.93 8.78 6.90 6.90 7.93 7.93 7.93 6.90 2.07 2.07 2.07 2.07 2.07 6.90 6.90 7.22 0.00 0.00 0.00 0.00 0.00 0.00 0.00 0.00 0.00 0.00 0.00 0.00 0.00 0.00 0.00 0.00 0.00 0.00 0.00 0.00 0.00 0.00 0.00 0.00 0.00 0.00 0.00 0.00 0.00 0.00 0.00
8.99 12.61 11.90 11.46 11.17 10.03 11.61 7.54 7.54 7.54 7.54 10.03 6.41 7.85 9.60 8.65 7.73 5.87 4.13 2.80 7.63 7.63 7.63 7.63 7.63 6.13 11.70 8.52 8.08 11.26 5.92 8.16 7.05 7.85 7.85 7.05 6.90 6.90 8.14 7.34 6.90 7.93 7.93 7.93 7.93 2.07 2.07 2.07 6.90 6.90 7.95 0.00 0.00 0.00 0.00 0.00 0.00 0.00 0.00 0.00 0.00 0.00 0.00 0.00 0.00 0.00 0.00 0.00 0.00 0.00 0.00 0.00 0.00 0.00 0.00 0.00 0.00 0.00 0.00 0.00 0.00 0.00 0.00 0.00
8.72 8.72 8.99 11.46 11.17 7.54 7.54 7.54 7.54 4.16 7.54 7.54 10.92 11.81 10.03 12.28 10.87 14.50 9.79 8.29 9.49 8.08 7.63 7.63 7.63 7.63 7.63 6.80 11.70 12.23 7.05 2.12 7.05 7.05 7.05 7.05 2.07 7.93 7.93 7.93 2.07 2.07 6.90 2.07 2.07 2.07 6.90 7.93 7.95 6.10 0.00 0.00 0.00 0.00 0.00 0.00 0.00 0.00 0.00 0.00 0.00 0.00 0.00 0.00 0.00 0.00 0.00 0.00 0.00 0.00 0.00 0.00 0.00 0.00 0.00 0.00 0.00 0.00 0.00 0.00 0.00 0.00 0.00 0.00
8.61 11.46 11.46 7.83 7.54 7.54 7.54 7.54 7.54 8.33 7.54 7.54 12.05 13.65 7.29 3.22 7.77 7.85 11.48 8.29 9.81 9.37 8.92 8.92 7.63 8.60 11.26 11.26 2.29 7.05 8.57 2.56 2.56 7.05 7.05 8.16 7.93 7.93 7.93 2.07 2.07 2.07 2.07 2.07 2.07 6.90 8.37 8.40 0.00 0.00 0.00 0.00 0.00 0.00 0.00 0.00 0.00 0.00 0.00 0.00 0.00 0.00 0.00 0.00 0.00 0.00 0.00 0.00 0.00 0.00 0.00 0.00 0.00 0.00 0.00 0.00 0.00 0.00 0.00 0.00 0.00 0.00 0.00 0.00
11.79 8.17 7.83 7.83 7.54 7.54 7.54 7.54 7.54 7.54 7.54 7.54 7.54 10.03 9.13 7.54 7.77 8.90 8.90 11.92 8.08 8.92 8.92 8.92 12.55 11.26 8.92 2.29 7.63 7.05 8.57 7.50 8.61 8.16 8.16 8.16 7.93 7.93 7.93 2.31 2.07 2.07 2.07 7.93 6.90 6.90 2.51 7.95 0.00 0.00 0.00 0.00 0.00 0.00 0.00 0.00 0.00 0.00 0.00 0.00 0.00 0.00 0.00 0.00 0.00 0.00 0.00 0.00 0.00 0.00 0.00 0.00 0.00 0.00 0.00 0.00 0.00 0.00 0.00 0.00 0.00 0.00 0.00 0.00
8.17 8.17 7.83 7.83 7.54 7.54 7.54 7.54 7.54 7.54 7.54 7.54 7.54 11.17 10.92 7.29 7.97 9.55 9.22 8.29 11.70 5.92 12.55 11.26 11.26 8.08 7.63 2.29 2.73 8.08 8.16 8.16 8.16 8.16 8.16 8.16 7.93 7.93 2.07 2.07 2.07 7.93 7.93 7.93 7.93 10.53 12.11 8.62 7.36 0.00 0.00 0.00 0.00 0.00 0.00 0.00 0.00 0.00 0.00 0.00 0.00 0.00 0.00 0.00 0.00 0.00 0.00 0.00 0.00 0.00 0.00 0.00 0.00 0.00 0.00 0.00 0.00 0.00 0.00 0.00 0.00 0.00 0.00 0.00
7.83 7.83 7.83 7.83 7.54 7.54 7.54 7.54 7.54 7.54 7.54 7.54 7.54 7.54 10.92 8.87 9.55 9.55 7.85 8.74 14.57 11.26 11.26 12.67 11.70 4.06 10.29 8.96 11.02 8.52 8.16 8.16 8.16 8.16 8.16 8.16 7.93 7.93 6.90 6.90 7.93 7.93 7.93 7.93 10.97 7.93 7.89 2.68 7.36 0.00 0.00 0.00 0.00 0.00 0.00 0.00 0.00 0.00 0.00 0.00 0.00 0.00 0.00 0.00 0.00 0.00 0.00 0.00 0.00 0.00 0.00 0.00 0.00 0.00 0.00 0.00 0.00 0.00 0.00 0.00 0.00 0.00 0.00 0.00
7.82 7.82 7.82 7.82 7.59 7.59 7.59 8.47 9.36 7.59 7.59 4.21 7.59 7.59 8.38 13.03 7.90 7.90 7.90 10.70 11.21 8.85 9.17 10.47 11.19 14.31 14.31 12.99 9.36 8.91 8.53 8.10 8.10 8.10 8.10 8.10 7.75 8.08 7.75 7.75 7.75 7.75 5.66 6.55 8.64 7.31 8.14 8.59 7.20 0.00 0.00 0.00 0.00 0.00 0.00 0.00 0.00 0.00 0.00 0.00 0.00 0.00 0.00 0.00 0.00 0.00 0.00 0.00 0.00 0.00 0.00 0.00 0.00 0.00 0.00 0.00 0.00 0.00 0.00 0.00 0.00 0.00 0.00 0.00
7.82 7.82 7.82 7.82 7.59 7.59 7.59 8.47 8.23 7.59 7.59 7.59 7.59 7.59 7.59 12.58 12.28 11.53 5.62 1.99 7.22 8.85 9.29 11.95 11.57 10.69 6.26 8.56 12.99 9.11 7.59 8.10 8.10 8.10 8.10 8.10 7.75 7.75 7.75 7.75 7.75 10.40 6.10 11.82 12.26 12.66 8.59 7.31 7.20 0.00 0.00 0.00 0.00 0.00 0.00 0.00 0.00 0.00 0.00 0.00 0.00 0.00 0.00 0.00 0.00 0.00 0.00 0.00 0.00 0.00 0.00 0.00 0.00 0.00 0.00 0.00 0.00 0.00 0.00 0.00 0.00 0.00 0.00 0.00
7.82 7.82 7.82 7.82 7.59 7.59 7.59 7.59 11.22 7.59 7.59 7.59 7.59 7.59 7.63 10.25 10.70 2.87 1.99 6.62 6.38 7.59 8.85 9.29 8.91 4.49 11.13 10.24 9.80 14.76 14.31 11.92 8.10 8.10 8.10 8.10 7.75 7.75 11.38 11.38 10.40 10.84 11.38 12.71 13.10 13.18 8.64 7.75 7.64 0.00 0.00 0.00 0.00 0.00 0.00 0.00 0.00 0.00 0.00 0.00 0.00 0.00 0.00 0.00 0.00 0.00 0.00 0.00 0.00 0.00 0.00 0.00 0.00 0.00 0.00 0.00 0.00 0.00 0.00 0.00 0.00 0.00 0.00 0.00
7.82 7.82 7.82 7.82 7.59 7.59 7.59 7.59 7.59 11.22 7.59 7.59 7.59 11.22 10.25 12.14 9.22 8.45 6.62 7.63 7.30 7.30 8.85 8.85 9.07 8.47 9.29 8.43 9.03 4.93 5.38 13.05 12.16 11.73 11.73 11.73 11.38 11.38 7.75 7.22 8.19 8.64 12.39 13.72 12.26 9.03 9.45 9.47 8.19 0.00 0.00 0.00 0.00 0.00 0.00 0.00 0.00 0.00 0.00 0.00 0.00 0.00 0.00 0.00 0.00 0.00 0.00 0.00 0.00 0.00 0.00 0.00 0.00 0.00 0.00 0.00 0.00 0.00 0.00 0.00 0.00 0.00 0.00 0.00
7.82 7.82 7.82 7.82 7.59 7.59 7.59 7.59 7.59 11.22 7.59 7.59 11.22 10.25 10.25 12.02 11.58 10.70 5.62 6.62 6.38 6.38 8.43 8.85 8.85 8.03 7.30 7.99 8.16 7.74 6.38 8.97 8.03 8.10 8.10 8.10 7.75 7.75 7.22 8.77 10.36 11.38 8.77 8.77 9.00 8.56 8.56 9.00 8.59 0.00 0.00 0.00 0.00 0.00 0.00 0.00 0.00 0.00 0.00 0.00 0.00 0.00 0.00 0.00 0.00 0.00 0.00 0.00 0.00 0.00 0.00 0.00 0.00 0.00 0.00 0.00 0.00 0.00 0.00 0.00 0.00 0.00 0.00 0.00
7.82 7.82 7.82 7.82 7.59 7.59 7.59 7.59 7.59 11.22 10.09 10.09 8.29 8.34 10.25 7.51 9.67 7.07 10.25 11.14 12.66 11.34 8.88 8.88 8.43 7.71 7.71 8.88 6.82 7.99 7.99 8.43 7.14 7.59 8.10 8.10 6.77 8.30 7.75 8.64 8.64 12.39 7.75 2.64 8.56 8.56 8.56 8.56 8.59 0.00 0.00 0.00 0.00 0.00 0.00 0.00 0.00 0.00 0.00 0.00 0.00 0.00 0.00 0.00 0.00 0.00 0.00 0.00 0.00 0.00 0.00 0.00 0.00 0.00 0.00 0.00 0.00 0.00 0.00 0.00 0.00 0.00 0.00 0.00
