New_Model_Runs/8_Future_Present_Scn1_out/post_prcessed_with_MFR/Monthly_summaries/net_infiltration_monthly_JAN.asc
NCOLS 700
NROWS 400
XLLCENTER 515000.000000
YLLCENTER 8409000.000000
CELLSIZE 50.000000
NODATA_value -999.000000
[rows 152 to 189 of 400, columns 252 to 335 of 700]
0.00 0.00 0.00 0.00 0.00 0.00 0.00 0.00 0.00 0.00 0.00 0.00 0.00 0.00 0.00 0.00 0.00 0.00 0.00 0.00 0.00 0.00 0.00 0.00 0.00 0.00 0.00 0.00 0.00 0.00 0.00 0.00 0.00 0.00 0.00 0.00 0.00 0.00 0.00 0.00 0.00 0.00 0.00 0.00 0.00 0.00 0.00 4.11 4.05 4.34 4.05 4.05 3.67 3.67 3.67 3.67 3.93 3.63 3.63 3.63 3.66 3.66 3.66 3.66 3.74 3.74 3.74 3.74 4.17 4.17 4.17 4.17 4.23 3.21 4.07 3.10 6.52 6.97 3.33 3.33 3.23 2.45 3.49 3.16
0.00 0.00 0.00 0.00 0.00 0.00 0.00 0.00 0.00 0.00 0.00 0.00 0.00 0.00 0.00 0.00 0.00 0.00 0.00 0.00 0.00 0.00 0.00 0.00 0.00 0.00 0.00 0.00 0.00 0.00 0.00 0.00 0.00 0.00 0.00 0.00 0.00 0.00 0.00 0.00 0.00 0.00 0.00 0.00 0.00 0.00 4.11 4.11 4.05 4.05 4.05 4.05 3.67 3.67 3.67 3.67 3.63 3.63 3.63 3.63 3.66 3.66 3.66 3.66 3.74 3.74 3.74 3.74 4.17 4.17 3.55 4.17 3.18 3.62 3.77 3.34 7.41 5.32 2.45 2.45 6.08 7.62 3.10 3.49
0.00 0.00 0.00 0.00 0.00 0.00 0.00 0.00 0.00 0.00 0.00 0.00 0.00 0.00 0.00 0.00 0.00 0.00 0.00 0.00 0.00 0.00 0.00 0.00 0.00 0.00 0.00 0.00 0.00 0.00 0.00 0.00 0.00 0.00 0.00 0.00 0.00 0.00 0.00 0.00 0.00 0.00 0.00 0.00 0.00 4.40 4.11 4.11 4.05 4.05 4.05 4.05 3.67 3.67 3.67 3.67 3.63 3.63 3.63 3.63 3.66 3.66 3.66 3.66 3.74 3.74 3.74 3.74 4.17 4.85 3.55 3.55 3.43 3.34 3.78 4.22 6.14 7.85 8.80 6.52 2.66 1.21 3.66 3.66
0.00 0.00 0.00 0.00 0.00 0.00 0.00 0.00 0.00 0.00 0.00 0.00 0.00 0.00 0.00 0.00 0.00 0.00 0.00 0.00 0.00 0.00 0.00 0.00 0.00 0.00 0.00 0.00 0.00 0.00 0.00 0.00 0.00 0.00 0.00 0.00 0.00 0.00 0.00 0.00 0.00 0.00 0.00 0.00 0.00 4.11 4.11 4.11 4.05 4.05 4.05 4.05 3.67 3.67 3.67 3.67 3.63 3.63 3.63 3.63 3.66 3.66 3.66 3.66 3.74 3.74 3.74 3.74 4.17 4.85 4.85 3.55 3.43 3.34 3.77 1.62 7.85 3.78 3.10 3.18 4.68 4.68 3.18 3.21
0.00 0.00 0.00 0.00 0.00 0.00 0.00 0.00 0.00 0.00 0.00 0.00 0.00 0.00 0.00 0.00 0.00 0.00 0.00 0.00 0.00 0.00 0.00 0.00 0.00 0.00 0.00 0.00 0.00 0.00 0.00 0.00 0.00 0.00 0.00 0.00 0.00 0.00 0.00 0.00 0.00 0.00 0.00 0.00 2.07 4.09 4.09 4.09 4.08 4.08 4.08 4.08 3.74 3.74 3.74 3.74 3.73 3.73 3.73 3.73 3.73 3.73 3.73 3.73 3.74 3.74 4.05 3.74 4.46 4.84 4.84 4.84 3.55 3.55 3.34 5.69 3.78 3.62 2.66 3.21 3.21 3.18 4.38 4.21
0.00 0.00 0.00 0.00 0.00 0.00 0.00 0.00 0.00 0.00 0.00 0.00 0.00 0.00 0.00 0.00 0.00 0.00 0.00 0.00 0.00 0.00 0.00 0.00 0.00 0.00 0.00 0.00 0.00 0.00 0.00 0.00 0.00 0.00 0.00 0.00 0.00 0.00 0.00 0.00 0.00 0.00 0.00 0.00 3.37 4.09 4.09 4.09 4.08 4.08 4.08 4.08 3.74 3.74 3.74 3.74 3.73 3.73 3.73 3.73 3.73 3.73 3.73 4.03 3.74 3.74 3.74 3.74 4.17 4.17 4.84 3.43 3.43 3.99 3.94 6.52 3.78 4.92 4.39 4.23 3.18 3.18 4.21 3.21
0.00 0.00 0.00 0.00 0.00 0.00 0.00 0.00 0.00 0.00 0.00 0.00 0.00 0.00 0.00 0.00 0.00 0.00 0.00 0.00 0.00 0.00 0.00 0.00 0.00 0.00 0.00 3.87 0.00 0.00 0.00 0.00 0.00 0.00 0.00 0.00 0.00 0.00 0.00 0.00 0.00 0.00 0.00 0.00 4.09 4.09 4.09 4.09 4.08 4.08 4.08 4.08 3.74 3.74 3.74 3.74 3.73 3.73 3.73 3.73 3.73 3.73 3.73 3.73 3.74 3.74 3.74 3.74 4.17 4.17 3.43 3.43 3.43 3.77 6.97 2.89 3.34 3.55 4.23 4.23 4.21 3.18 4.21 3.21
0.00 0.00 0.00 0.00 0.00 0.00 0.00 0.00 0.00 0.00 0.00 0.00 0.00 0.00 0.00 0.00 0.00 0.00 0.00 0.00 0.00 0.00 0.00 0.00 0.00 0.00 4.15 3.87 0.00 0.00 0.00 0.00 0.00 0.00 0.00 0.00 0.00 0.00 0.00 0.00 0.00 0.00 0.00 0.00 0.00 0.00 0.00 4.09 4.08 4.08 4.08 4.08 3.74 3.74 3.74 3.74 3.73 3.73 3.73 3.73 3.73 4.26 3.73 3.73 3.74 3.74 3.74 3.74 4.17 4.17 4.84 3.43 3.88 6.97 6.08 3.34 3.34 3.31 3.43 4.23 4.21 4.21 4.21 4.21
0.00 0.00 0.00 0.00 0.00 0.00 0.00 0.00 0.00 0.00 0.00 0.00 0.00 0.00 0.00 0.00 0.00 0.00 0.00 0.00 0.00 0.00 0.00 0.00 0.00 3.89 3.89 3.89 3.87 0.00 0.00 0.00 0.00 0.00 0.00 0.00 0.00 0.00 0.00 0.00 0.00 0.00 0.00 0.00 0.00 0.00 0.00 0.00 4.16 4.16 3.73 3.87 3.83 3.83 3.83 3.83 3.82 3.82 3.82 3.82 3.78 3.78 3.78 3.78 3.75 3.75 3.75 3.75 4.14 4.14 3.43 2.45 6.08 6.52 4.36 0.74 3.99 2.59 2.89 4.66 4.18 4.18 4.18 4.18
0.00 0.00 0.00 0.00 0.00 0.00 0.00 0.00 0.00 0.00 0.00 0.00 0.00 0.00 0.00 0.00 0.00 0.00 0.00 0.00 0.00 0.00 0.00 0.00 0.00 3.89 3.89 3.89 3.87 3.87 3.87 0.00 0.00 0.00 0.00 0.00 0.00 0.00 0.00 0.00 0.00 0.00 0.00 0.00 0.00 0.00 0.00 0.00 0.00 0.00 4.08 5.59 4.14 3.83 3.83 3.83 3.82 3.82 3.82 3.82 3.78 3.78 3.78 3.78 4.37 3.75 3.75 3.75 4.14 4.90 3.55 2.45 2.89 4.81 6.52 6.08 3.55 3.55 2.89 4.90 4.18 4.18 4.18 4.18
0.00 0.00 0.00 0.00 0.00 0.00 0.00 0.00 0.00 0.00 0.00 0.00 0.00 0.00 0.00 0.00 0.00 0.00 0.00 0.00 0.00 0.00 0.00 0.00 0.00 3.73 4.02 3.73 3.71 3.71 3.71 0.00 0.00 0.00 0.00 0.00 0.00 0.00 0.00 0.00 0.00 0.00 0.00 0.00 0.00 0.00 0.00 0.00 0.00 0.00 6.59 4.67 4.03 4.03 4.03 4.03 4.02 4.02 4.02 4.02 4.65 3.98 3.98 4.65 4.61 3.94 2.02 3.94 6.82 3.55 3.47 3.55 3.47 3.47 3.47 6.08 3.13 3.57 4.00 3.55 4.30 4.30 4.30 4.30
0.00 0.00 0.00 0.00 0.00 0.00 0.00 0.00 0.00 0.00 0.00 0.00 0.00 0.00 0.00 0.00 0.00 0.00 0.00 0.00 0.00 0.00 0.00 0.00 3.73 3.73 3.73 3.73 3.71 4.00 3.71 3.71 3.71 0.00 3.71 0.00 0.00 0.00 0.00 0.00 0.00 0.00 0.00 0.00 0.00 0.00 0.00 0.00 0.00 0.00 4.83 5.11 4.48 4.48 4.03 4.03 4.02 4.02 4.02 4.70 4.65 5.28 4.65 4.65 3.94 4.41 4.26 3.94 7.88 3.19 3.55 3.47 3.92 3.92 3.47 6.08 2.45 2.90 3.34 3.82 4.30 4.42 4.30 4.30
0.00 0.00 0.00 0.00 0.00 0.00 0.00 0.00 0.00 0.00 0.00 0.00 0.00 0.00 0.00 0.00 0.00 0.00 0.00 0.00 0.00 0.00 3.77 3.77 3.98 3.68 3.68 3.68 3.65 3.65 3.65 3.76 3.71 3.71 2.75 2.75 4.17 0.00 0.00 0.00 0.00 0.00 0.00 0.00 0.00 0.00 0.00 0.00 0.00 0.00 0.00 7.04 3.59 2.45 4.12 3.23 4.78 4.78 4.78 4.78 4.71 4.71 4.71 4.04 3.95 3.95 2.02 3.95 4.22 7.85 6.82 6.83 2.90 6.97 6.72 7.94 2.90 4.99 3.92 3.55 3.20 4.30 4.30 4.30
0.00 0.00 0.00 0.00 0.00 0.00 0.00 0.00 0.00 0.00 0.00 0.00 0.00 0.00 0.00 0.00 0.00 0.00 0.00 0.00 3.77 3.77 3.77 3.77 3.68 3.68 3.68 3.68 3.65 3.94 3.65 3.94 1.51 3.11 2.75 2.75 4.17 4.17 4.17 0.00 0.00 0.00 0.00 0.00 0.00 0.00 0.00 0.00 0.00 0.00 0.00 6.16 4.22 4.67 4.48 3.15 3.69 3.25 3.25 4.78 4.71 3.25 3.25 4.04 3.95 3.95 3.95 3.95 4.22 4.22 7.85 3.20 6.82 6.83 3.97 5.11 5.62 4.13 4.13 3.19 3.80 4.30 4.30 4.30
0.00 0.00 0.00 0.00 0.00 0.00 0.00 0.00 0.00 0.00 0.00 0.00 0.00 0.00 0.00 0.00 0.98 3.55 0.00 0.00 3.77 3.77 3.77 3.77 3.98 3.98 3.68 3.68 3.95 3.65 3.65 3.94 3.71 2.81 3.71 3.71 4.17 4.33 3.28 3.28 4.40 0.00 0.00 0.00 0.00 0.00 0.00 0.00 0.00 0.00 0.00 7.04 8.29 7.67 8.55 8.55 2.71 3.23 3.25 4.78 4.71 4.08 4.36 4.04 3.95 3.95 4.27 3.95 4.22 4.55 4.22 4.22 3.20 3.20 3.63 3.34 4.56 4.13 4.13 4.13 3.19 4.30 4.30 4.30
0.00 0.00 0.00 0.00 0.00 0.00 0.00 0.00 0.00 0.00 0.00 0.00 0.00 0.00 0.00 0.00 3.55 3.55 3.55 3.55 3.77 4.06 4.07 3.77 3.68 3.68 3.68 3.68 3.65 3.65 3.65 3.65 3.71 3.71 3.71 3.71 4.17 3.33 4.17 3.28 4.20 0.00 0.00 0.00 0.00 0.00 0.00 0.00 0.00 0.00 0.00 7.04 5.55 4.67 7.67 7.41 3.68 2.97 2.97 4.09 4.04 4.04 4.04 4.04 3.95 3.95 4.27 3.95 4.22 4.22 4.22 4.22 3.20 3.20 3.19 4.30 4.13 4.13 4.13 4.13 3.19 4.30 4.42 4.30
0.00 0.00 0.00 0.00 0.00 0.00 0.00 0.00 0.00 0.00 0.00 0.00 0.00 0.98 3.55 3.55 3.53 3.53 3.53 3.53 3.72 3.72 3.72 3.72 3.61 3.61 3.61 3.61 3.94 3.65 3.65 3.65 3.76 3.76 3.76 3.76 4.23 4.23 4.67 4.67 4.72 0.00 0.00 0.00 0.00 0.00 0.00 0.00 0.00 0.00 6.28 8.37 9.75 8.74 8.11 4.67 3.15 2.97 4.11 4.11 4.07 4.07 4.07 4.07 3.97 3.97 3.97 3.97 4.18 4.18 4.18 4.18 3.86 3.20 3.20 4.23 4.29 4.29 4.29 4.29 3.19 4.30 4.30 4.30
0.00 0.00 0.00 0.00 0.00 0.00 0.00 0.00 0.00 0.00 0.00 0.00 0.98 3.55 3.55 3.55 3.53 3.53 3.53 3.53 3.72 3.72 3.72 3.72 4.31 4.05 3.61 3.61 3.65 3.65 3.65 3.65 3.76 3.76 3.76 3.76 1.98 4.91 5.80 3.41 0.89 0.00 0.00 0.00 0.00 0.00 0.00 0.00 0.00 4.39 4.28 4.72 7.93 7.22 7.33 3.15 4.12 2.97 3.34 4.56 4.55 4.10 4.07 4.07 3.97 3.97 3.97 3.97 4.18 4.18 4.18 4.18 4.23 4.23 3.20 4.23 4.29 4.29 4.29 4.29 4.30 4.42 4.30 4.54
0.00 0.00 0.00 0.00 0.00 0.00 0.00 0.00 0.00 0.00 0.00 0.00 3.55 3.55 3.55 3.55 3.53 3.53 3.53 3.53 3.72 3.72 3.72 3.72 3.90 3.61 3.90 3.61 3.65 3.65 3.65 3.65 3.76 3.76 3.76 3.76 3.33 3.67 4.29 2.97 7.48 0.00 0.00 0.00 0.00 0.00 0.00 0.00 4.83 4.28 4.28 4.28 2.97 2.89 6.53 6.78 6.34 3.23 3.68 4.56 3.41 4.07 4.07 4.07 3.97 3.97 3.97 3.97 4.18 4.18 4.18 4.18 4.23 4.23 4.23 4.23 4.29 4.29 4.29 4.29 4.30 4.30 4.30 4.30
0.00 0.00 0.00 0.00 0.00 0.00 0.00 0.00 0.00 0.00 0.00 0.98 3.55 3.55 3.55 3.55 3.53 3.53 3.82 3.53 3.72 3.72 3.72 3.72 3.61 3.61 3.61 3.61 3.65 3.65 3.65 3.65 3.76 3.76 1.51 3.76 4.91 4.55 3.57 2.44 3.41 6.15 0.00 0.00 0.00 0.00 0.00 5.27 5.86 4.28 4.28 4.28 4.10 2.97 4.15 3.59 3.59 2.71 2.27 1.57 3.53 2.97 4.07 4.39 3.97 3.97 3.97 4.57 4.66 4.18 4.18 4.18 4.23 4.23 4.23 4.93 4.29 4.29 4.29 4.29 4.30 4.30 4.30 4.30
0.00 0.00 0.00 0.00 0.00 0.00 0.00 0.00 0.00 0.00 3.58 3.58 3.83 3.54 3.54 3.54 3.48 3.76 3.48 3.48 3.62 3.62 3.62 3.62 3.61 3.61 3.61 3.61 3.76 3.76 3.76 3.76 3.85 3.85 3.85 3.85 4.28 4.11 3.75 1.96 3.41 1.64 5.27 4.83 0.00 4.07 5.71 2.97 4.45 4.28 4.28 4.28 4.08 4.08 3.23 3.34 4.12 3.23 2.88 4.12 3.86 3.41 4.41 4.09 4.01 4.01 4.01 4.34 4.15 4.48 4.15 4.15 4.48 4.16 4.48 4.49 4.23 4.23 4.23 4.23 4.22 4.22 4.22 4.22
0.00 0.00 0.00 0.00 0.00 0.00 0.00 0.00 0.00 0.00 4.01 3.94 3.54 3.54 3.83 3.54 3.48 3.48 3.48 3.48 3.62 3.62 3.62 3.62 3.61 3.61 3.61 3.61 3.76 3.76 3.76 3.76 3.85 3.85 3.85 3.85 4.28 4.97 3.67 3.30 6.74 6.16 4.74 8.37 3.86 3.99 2.97 3.85 4.11 4.97 3.33 3.33 4.08 4.08 4.08 2.89 3.23 3.23 5.23 5.23 4.78 4.25 4.09 4.09 4.01 4.33 4.01 4.01 4.15 4.15 4.15 4.15 4.16 4.16 4.16 4.16 4.23 4.23 4.23 4.23 4.22 4.22 4.22 4.22
0.00 0.00 0.00 0.00 0.00 0.00 0.00 0.00 0.00 0.00 0.00 3.94 3.88 3.54 3.54 3.54 3.48 3.48 3.48 3.48 3.62 3.62 3.62 3.62 3.61 3.61 3.61 3.61 3.76 3.76 3.76 3.76 3.85 3.85 3.85 3.85 4.28 4.28 4.97 3.67 5.63 5.62 7.93 8.81 5.12 5.18 3.98 3.54 3.67 3.67 3.33 3.33 4.08 4.08 4.08 4.08 2.97 2.97 3.23 4.79 4.78 4.09 4.09 4.09 4.01 4.01 4.01 4.01 4.15 4.15 4.15 4.15 4.16 4.16 4.16 4.16 4.23 4.23 4.23 4.23 4.22 4.22 4.22 4.22
0.00 0.00 0.00 0.00 0.00 0.00 0.00 0.00 0.00 0.00 0.00 3.94 3.88 3.88 3.88 3.54 3.48 3.48 3.48 3.48 3.62 3.62 3.62 3.62 3.61 3.61 3.61 3.61 3.76 3.76 3.76 3.76 3.85 3.85 3.85 3.85 4.28 4.28 3.67 7.29 3.75 4.28 4.29 3.18 4.22 3.78 3.35 3.54 3.54 3.54 3.67 3.28 4.08 4.08 4.08 4.08 4.10 2.97 3.23 3.23 3.25 5.04 4.09 4.09 4.01 4.01 4.01 4.34 4.15 4.15 4.15 4.15 4.16 4.16 4.16 4.16 4.23 4.23 4.23 4.23 4.22 4.22 4.22 4.22
0.00 0.00 0.00 0.00 0.00 0.00 0.00 0.00 0.00 0.00 0.00 3.93 3.88 3.88 3.88 3.88 3.43 3.43 3.43 3.43 3.90 3.61 3.61 3.61 3.71 3.71 4.31 4.31 4.48 4.48 3.85 3.85 3.90 3.90 2.50 4.54 5.01 5.01 3.67 6.93 2.24 2.52 2.97 2.73 3.28 3.33 3.33 3.54 4.97 3.54 3.54 4.97 4.06 4.06 4.06 4.06 4.04 4.04 4.72 4.72 3.23 4.73 4.73 4.05 3.99 3.99 3.99 3.99 4.11 4.11 4.11 4.11 4.11 4.11 4.11 4.11 4.19 4.19 4.19 4.19 4.20 4.20 4.20 4.20
0.00 0.00 0.00 0.00 0.00 0.00 0.00 0.00 0.00 0.00 0.00 3.93 3.88 3.88 3.88 3.88 3.75 3.71 3.43 3.43 3.95 3.61 3.61 3.61 3.71 4.31 4.31 4.31 4.48 4.48 3.85 3.85 3.90 4.54 2.50 4.54 3.03 4.11 5.00 8.62 5.03 3.54 2.97 2.73 3.28 3.28 3.33 3.33 4.28 3.33 3.67 4.28 4.06 4.06 4.06 4.06 4.04 4.04 4.04 4.04 4.05 4.05 4.05 4.05 3.99 3.99 3.99 3.99 4.11 4.11 4.11 4.11 4.11 4.11 4.11 4.11 4.19 4.19 4.19 4.77 4.20 4.20 4.20 4.20
0.00 0.00 0.00 0.00 4.81 0.00 0.00 0.00 0.00 0.00 0.00 4.80 4.75 4.75 4.75 4.75 4.60 4.60 4.60 4.09 4.10 4.10 4.10 4.10 4.21 4.91 4.91 4.91 5.02 5.36 5.02 5.02 5.09 5.09 5.09 4.84 5.41 4.52 5.41 7.47 4.52 3.93 4.08 2.80 4.48 3.70 3.70 4.48 4.46 4.46 4.46 4.46 4.45 4.45 4.90 4.45 4.43 4.43 4.43 4.43 4.43 4.43 4.43 4.43 4.82 4.37 4.37 4.37 5.12 4.67 4.67 4.67 4.66 4.66 4.66 4.66 4.75 4.75 4.75 4.75 4.75 4.75 4.75 4.75
0.00 0.00 0.00 4.57 4.81 4.81 0.00 0.00 0.00 4.80 4.80 4.80 4.75 4.75 4.75 4.75 4.60 4.60 4.60 4.60 4.10 4.10 4.10 4.10 4.21 4.91 4.91 4.91 5.02 5.02 5.02 5.36 5.09 5.09 5.09 4.21 4.48 4.08 4.52 8.15 4.08 3.93 3.93 3.93 3.93 3.93 4.48 4.48 4.46 4.46 4.46 4.46 4.45 4.45 4.90 4.45 4.43 4.43 4.43 4.86 4.43 4.43 4.43 4.43 4.37 4.37 4.37 4.37 4.67 4.67 4.67 4.67 4.66 5.79 4.66 4.66 4.75 4.75 4.75 4.75 4.75 4.75 4.75 4.75
4.57 4.57 4.57 4.57 4.81 4.81 4.93 4.93 4.82 4.82 4.48 4.82 4.77 4.77 4.77 4.77 4.66 4.76 4.66 4.66 4.70 4.70 4.16 4.16 4.24 4.95 4.95 4.95 5.03 5.36 5.03 5.03 5.11 5.11 4.23 4.23 3.70 3.93 4.52 6.87 4.38 4.93 4.08 3.93 3.93 3.93 4.48 4.93 4.44 4.89 4.89 4.44 4.40 4.40 4.40 4.40 4.31 4.31 4.31 4.31 4.27 4.27 4.27 4.27 4.67 4.24 4.24 4.70 5.08 4.63 5.74 5.74 5.82 5.82 4.69 4.69 4.71 4.71 4.71 4.71 4.74 5.20 4.74 4.74
4.57 4.57 4.57 4.70 4.81 4.81 4.81 4.81 4.82 4.94 4.82 4.82 4.77 4.77 4.77 4.77 4.66 4.66 4.66 4.66 4.70 4.70 4.70 4.16 4.24 4.24 4.95 4.95 5.03 5.03 5.03 5.03 4.23 4.23 4.23 4.23 3.93 3.93 4.08 4.23 6.87 4.52 4.49 3.93 4.36 4.08 4.48 4.48 4.44 4.44 4.44 4.44 4.40 4.40 4.85 5.05 4.75 4.31 4.31 4.31 4.27 4.27 4.27 4.27 4.24 4.24 4.24 4.24 4.63 4.63 5.74 4.63 5.82 3.84 4.69 4.69 4.71 4.71 4.71 5.85 4.74 4.74 4.74 3.84
4.57 4.57 4.68 4.57 4.81 4.81 4.81 4.81 4.82 4.82 4.94 4.82 4.77 4.77 4.77 4.77 4.66 4.66 4.66 4.66 4.70 4.70 4.70 4.70 4.79 4.24 4.95 4.95 4.16 4.16 4.16 4.16 4.23 4.23 4.23 3.67 3.93 3.93 4.08 2.80 6.43 3.70 3.70 3.65 4.08 4.08 3.65 4.48 4.44 4.44 4.44 4.44 4.40 4.40 4.40 4.40 4.31 4.31 4.31 4.31 4.27 4.27 4.27 4.27 4.24 4.24 4.24 4.67 4.63 4.63 4.63 4.63 4.69 4.69 4.69 4.69 4.71 4.71 4.71 5.85 4.74 4.74 3.84 4.33
4.57 4.57 4.57 4.57 4.81 4.81 4.81 4.81 4.82 4.82 4.82 4.82 4.77 4.77 4.77 4.77 4.66 4.66 4.66 4.66 4.70 4.70 4.70 4.70 4.79 4.79 4.24 4.24 4.16 4.16 4.16 4.16 4.23 4.23 4.23 3.67 4.50 4.50 4.60 3.28 2.80 3.70 4.50 3.65 3.70 3.93 3.93 4.48 4.44 4.44 4.44 4.44 4.83 4.40 4.40 4.40 4.31 4.31 4.31 4.31 4.27 4.27 4.27 4.27 4.24 4.24 4.24 4.24 4.63 4.63 4.63 4.63 4.69 4.69 4.69 4.69 4.71 4.71 3.84 3.84 4.74 4.74 3.84 3.84
4.55 4.55 4.65 4.55 4.78 4.78 4.78 4.78 4.80 4.80 4.80 4.80 4.78 4.89 4.78 4.78 4.72 4.72 4.72 4.72 4.74 4.74 4.74 4.74 4.75 4.75 4.75 4.75 4.34 4.34 4.34 4.34 4.22 4.22 5.10 5.75 4.94 4.49 3.70 3.77 3.47 4.95 4.50 3.70 3.65 4.02 4.08 5.40 5.63 5.28 4.38 4.38 4.27 4.27 4.27 4.27 4.19 4.19 4.19 4.19 4.21 4.21 4.21 4.21 4.23 4.23 4.23 4.23 4.72 4.72 4.72 4.72 4.76 4.76 4.76 4.76 5.18 4.72 5.86 5.86 3.84 3.84 3.84 3.84
4.55 4.55 4.55 4.55 4.78 4.90 4.78 4.78 4.80 4.80 4.80 4.80 4.78 4.78 4.78 4.88 4.72 4.72 4.72 4.72 4.74 4.74 4.74 4.74 4.75 4.75 4.75 4.75 4.92 4.34 4.34 4.34 4.22 5.10 5.10 4.22 4.49 4.49 3.70 3.28 3.93 4.08 4.50 3.65 3.65 3.65 3.65 5.40 5.28 4.38 4.38 4.38 4.27 4.27 4.27 4.27 4.19 4.19 4.19 4.19 4.21 4.21 4.21 4.21 4.23 4.23 4.23 4.23 4.72 4.72 4.72 4.72 4.76 4.76 4.76 4.76 4.72 5.18 4.72 4.72 3.84 3.84 3.84 3.84
4.55 4.55 4.55 4.55 4.78 4.78 4.78 4.78 4.80 4.80 4.80 4.80 4.78 4.78 4.78 4.78 4.72 4.72 4.72 4.72 4.74 4.74 4.74 4.86 4.75 4.75 4.75 4.75 4.92 4.92 4.34 4.34 4.54 5.10 5.10 5.19 4.94 4.49 5.42 4.37 4.19 4.08 4.67 3.65 4.48 4.93 4.48 4.48 4.38 4.38 4.38 4.38 4.27 4.27 4.27 4.77 4.19 4.19 4.19 4.19 4.21 4.21 4.21 4.21 4.23 4.23 4.23 4.23 4.72 4.72 4.72 4.72 4.76 4.76 4.76 4.76 4.72 4.72 4.72 4.72 3.84 3.84 3.84 3.84
4.55 4.55 4.55 4.55 4.78 5.00 4.78 4.78 4.80 4.80 4.80 4.80 4.78 4.78 4.78 4.78 4.72 4.72 4.72 4.72 4.74 4.74 4.74 4.74 4.75 4.75 4.75 4.75 4.92 4.92 4.92 5.04 4.22 5.10 4.22 4.68 4.49 4.49 5.42 3.93 3.93 3.93 5.43 4.95 4.48 4.48 4.48 4.48 4.38 4.38 4.82 4.38 4.48 5.32 5.32 6.07 4.19 4.19 4.19 4.19 4.21 4.21 4.21 4.21 4.23 4.23 4.23 4.23 4.72 4.72 4.72 4.72 4.76 5.22 4.76 4.76 4.72 4.72 4.72 4.72 3.84 3.84 3.84 3.84
4.49 4.49 4.49 4.59 4.75 4.75 4.86 4.75 4.72 4.72 4.72 4.84 4.65 4.65 4.65 4.65 4.60 4.60 4.60 4.60 4.72 4.72 4.72 4.72 4.75 4.75 4.75 4.75 4.84 5.10 4.84 4.84 4.94 4.16 4.59 4.16 4.44 4.44 4.88 4.44 3.70 5.37 5.37 4.45 4.84 4.39 4.39 4.84 4.25 4.25 4.25 4.25 5.24 5.46 3.08 5.24 5.27 4.22 4.22 4.22 4.30 4.30 4.30 4.30 4.34 4.34 4.34 4.34 4.79 4.79 4.79 4.79 4.78 4.78 4.78 4.78 4.76 4.76 4.76 4.76 3.84 3.84 3.84 3.84
4.49 4.49 4.49 4.49 4.75 4.86 4.75 4.75 4.72 4.72 4.72 4.72 4.75 4.65 4.65 4.65 4.60 4.60 4.70 4.60 4.72 4.72 4.72 4.72 4.75 4.75 4.75 4.75 4.95 4.84 4.84 4.84 4.94 4.94 4.94 4.16 4.44 4.44 4.44 4.44 4.45 4.45 4.45 4.45 4.39 4.39 4.39 4.39 4.25 4.25 4.25 4.25 5.24 5.24 5.24 5.24 4.22 4.22 4.22 4.22 4.30 4.30 4.30 4.30 4.34 4.34 4.34 4.34 4.79 4.79 4.79 4.79 4.78 5.25 4.78 4.78 4.76 4.76 4.76 4.76 4.71 3.84 3.84 3.84
