New_Model_Runs/8_Future_Present_Scn1_out/post_prcessed_with_MFR/Monthly_summaries/net_infiltration_monthly_JAN.asc
NCOLS 700
NROWS 400
XLLCENTER 515000.000000
YLLCENTER 8409000.000000
CELLSIZE 50.000000
NODATA_value -999.000000
[rows 111 to 147 of 400, columns 504 to 587 of 700]
8.53 8.53 8.53 7.17 6.99 6.99 7.64 6.99 6.72 7.16 7.55 6.05 8.43 8.62 6.62 10.69 7.01 8.05 11.24 10.79 10.02 7.17 7.17 7.17 4.86 6.90 6.90 4.86 7.65 6.90 6.90 6.90 6.47 6.47 7.06 6.47 6.45 6.45 6.90 6.90 6.53 6.46 6.46 6.46 6.44 6.53 7.84 11.31 11.16 7.42 7.98 7.53 6.36 6.36 6.36 6.36 6.19 7.19 6.67 6.67 6.75 7.71 8.25 7.71 7.75 6.78 6.78 6.78 6.68 6.68 6.68 6.68 7.57 7.57 7.57 7.57 6.55 0.00 0.00 0.00 0.00 0.00 0.00 0.00
8.37 8.37 8.37 7.05 6.78 6.78 6.78 6.78 6.55 6.55 7.17 7.17 7.55 7.61 6.56 6.56 6.62 7.17 11.24 9.68 10.73 7.17 7.67 6.70 6.90 6.90 6.90 4.86 6.46 6.90 6.90 6.90 6.43 6.43 7.03 6.43 6.47 7.93 7.93 6.83 6.53 6.47 6.47 6.47 6.53 6.53 10.14 6.35 6.44 6.44 6.44 6.44 6.86 6.32 6.32 6.32 6.18 7.17 6.65 6.65 6.69 8.77 7.63 7.63 7.63 6.69 6.69 7.20 6.58 6.58 6.58 8.37 7.61 7.61 7.61 6.68 6.77 0.00 0.00 0.00 0.00 0.00 0.00 0.00
8.37 7.05 7.05 7.05 6.78 6.78 6.78 6.78 6.55 6.55 7.17 6.55 6.56 6.56 6.56 6.56 6.62 8.21 7.61 6.05 9.23 7.17 7.95 7.17 6.90 7.17 6.48 5.29 6.46 6.90 6.90 6.90 6.43 7.03 6.43 6.43 6.47 5.84 5.40 5.40 6.47 6.47 6.47 6.47 10.00 10.58 9.98 6.87 6.44 6.44 6.81 6.44 6.32 6.32 6.84 6.32 6.18 6.65 6.65 6.65 7.63 7.90 7.63 7.19 6.69 7.20 6.69 7.38 6.58 6.58 6.58 6.58 7.61 6.68 6.68 6.68 7.83 7.60 0.00 0.00 0.00 0.00 0.00 0.00
7.49 7.49 7.49 7.49 7.21 7.91 7.21 7.21 6.87 6.87 6.87 6.87 6.88 6.88 6.88 6.88 6.95 7.70 7.70 7.70 7.70 11.27 7.64 7.70 6.82 7.13 6.45 4.77 6.70 6.82 6.82 6.82 6.82 6.40 6.40 10.03 10.06 10.89 5.75 6.88 6.27 6.27 6.27 6.27 9.92 6.30 6.67 6.30 6.24 6.24 6.24 6.24 6.12 6.12 6.12 6.12 6.05 6.52 6.52 6.52 7.47 7.98 6.56 6.56 6.56 7.07 7.07 6.56 6.94 6.45 6.45 6.45 6.78 7.72 6.78 6.78 6.97 7.86 4.51 0.00 0.00 0.00 0.00 0.00
7.49 7.49 7.49 7.49 7.21 7.21 7.21 7.21 6.87 6.87 6.87 6.87 6.88 6.88 6.88 6.88 6.95 6.95 6.95 7.70 7.70 11.33 9.80 9.80 8.93 6.82 6.45 6.45 6.43 6.82 10.45 8.93 10.45 10.03 10.03 6.40 6.44 10.06 9.37 9.37 6.27 6.27 6.27 6.27 9.92 10.74 6.30 6.30 6.24 6.24 6.24 6.24 6.12 6.12 6.12 6.12 6.05 6.52 6.52 6.52 7.47 8.33 6.56 6.56 6.56 6.56 6.56 6.56 6.45 6.45 6.45 6.45 6.78 6.78 7.72 7.72 6.97 7.09 7.53 7.09 10.60 9.78 11.04 10.16
7.16 7.16 7.16 7.84 7.73 7.05 7.05 7.05 6.96 6.96 6.96 6.96 7.03 7.03 7.03 7.03 7.06 7.06 7.06 7.06 7.36 7.36 7.07 7.07 6.46 8.93 8.93 8.93 10.09 10.09 10.09 6.82 6.49 6.49 6.49 6.49 6.52 6.52 6.52 8.93 9.87 6.24 6.78 6.19 6.78 9.85 9.85 9.85 6.20 6.17 6.20 6.20 6.12 6.12 6.12 6.12 6.00 6.47 6.47 6.47 6.46 6.46 6.46 6.46 6.46 6.46 6.46 6.46 6.47 6.47 6.47 6.47 6.85 6.85 7.80 7.80 6.99 6.64 7.03 7.09 6.07 3.88 5.62 5.62
7.16 7.16 7.16 7.16 7.05 7.05 7.05 7.05 6.96 6.96 6.96 6.96 7.03 7.03 7.03 7.03 7.06 7.06 7.06 7.06 7.07 7.07 7.07 7.07 4.77 6.46 6.46 6.46 6.46 6.46 6.75 6.46 6.49 6.49 6.49 6.49 6.52 6.52 6.52 6.52 9.87 9.87 6.24 6.24 6.25 6.25 6.22 6.99 9.83 8.35 6.13 7.52 6.96 6.12 6.12 6.12 6.00 6.47 6.47 6.47 6.46 6.46 6.46 6.46 6.46 6.46 6.46 6.46 6.47 6.47 6.47 6.47 6.85 7.80 7.80 6.85 6.99 6.99 6.64 6.64 6.51 6.82 7.09 7.09
7.16 7.16 7.16 7.16 7.05 7.05 7.05 7.05 6.96 6.96 6.96 6.96 7.03 7.03 7.03 7.03 7.06 7.06 7.06 7.06 7.07 7.07 7.07 7.07 6.46 6.46 7.14 6.46 6.46 6.46 6.46 6.46 6.49 6.49 6.49 6.49 6.52 6.52 6.52 6.52 6.24 9.87 9.87 9.87 9.87 6.25 10.32 9.82 9.82 9.82 6.13 6.13 6.12 6.64 6.12 6.12 6.00 6.47 6.47 6.47 6.46 6.46 6.46 6.95 6.46 6.96 6.46 6.46 6.47 6.47 6.47 6.47 6.85 7.80 7.80 7.80 6.99 6.99 6.64 6.82 6.51 7.38 7.31 6.64
7.16 7.16 7.16 7.16 7.05 7.05 7.05 7.05 6.96 6.96 6.96 6.96 7.03 7.03 7.03 7.03 7.06 7.06 7.06 7.06 7.07 7.07 7.07 7.07 6.46 6.46 6.46 6.46 6.46 6.46 6.46 6.46 6.49 6.49 6.49 6.49 6.52 6.52 6.52 6.52 6.24 6.24 6.24 6.24 8.35 8.35 8.79 6.57 9.76 9.85 6.75 6.97 6.17 6.12 6.12 6.12 6.00 6.47 6.47 6.47 6.46 6.46 6.95 6.46 6.46 6.46 6.46 6.46 6.47 6.47 6.47 6.47 6.85 6.85 8.72 7.80 7.98 8.27 7.88 7.88 7.31 7.84 6.51 6.43
7.14 7.14 7.14 7.14 7.29 7.29 7.29 7.29 7.18 7.18 7.18 7.18 7.20 7.20 7.20 7.20 7.18 7.18 7.18 7.18 7.18 7.18 7.18 7.18 6.59 6.59 6.82 6.59 6.59 6.59 6.59 6.59 6.60 6.60 6.60 6.60 6.61 6.82 6.82 6.82 6.29 6.29 6.29 6.19 6.13 10.91 9.82 6.23 6.13 6.19 6.19 6.19 6.08 6.08 6.05 6.55 5.96 6.42 6.42 6.42 6.44 6.44 6.44 6.44 6.52 6.52 6.52 6.52 6.57 6.57 6.57 6.57 6.86 6.86 6.86 6.86 8.24 7.46 7.46 7.89 6.87 7.76 6.94 6.75
7.14 7.14 7.14 7.14 7.29 7.29 7.29 7.29 7.18 7.18 7.18 7.18 7.20 7.20 7.20 7.20 7.18 7.18 7.18 7.18 7.18 7.18 7.18 7.18 6.59 6.82 6.75 6.75 6.59 6.59 6.59 6.59 6.60 6.60 6.60 6.60 6.61 6.82 6.82 6.82 6.29 8.35 8.35 6.19 6.19 9.86 6.19 6.23 6.19 6.19 6.19 6.19 6.08 6.08 6.05 6.05 5.96 6.42 6.42 6.42 6.44 6.44 6.44 6.44 6.52 6.52 6.52 6.52 6.57 6.57 6.57 6.57 6.86 6.86 6.86 6.86 6.99 6.99 6.99 7.89 6.43 6.43 6.94 6.43
7.14 7.14 7.14 7.14 7.29 7.29 7.29 7.29 7.18 7.18 7.18 7.18 7.20 7.20 7.20 7.20 7.18 7.18 7.18 7.18 7.18 7.18 7.18 7.18 6.59 7.77 6.75 6.75 6.75 6.59 6.59 6.82 6.75 6.82 6.82 6.60 3.80 6.61 6.82 6.75 9.76 8.57 9.57 9.82 9.82 6.23 6.23 6.23 6.19 6.19 6.19 6.19 6.08 6.08 6.05 6.05 6.32 6.42 6.42 6.42 6.44 6.44 6.44 6.44 6.52 6.52 6.52 6.52 6.57 6.57 6.57 6.57 6.86 6.86 6.86 6.86 6.99 6.99 7.98 7.98 6.64 7.03 7.86 7.08
7.14 7.14 7.14 7.14 7.29 8.08 7.29 7.29 7.18 5.49 7.86 8.12 7.87 7.20 7.20 7.20 5.49 7.18 7.18 7.18 7.18 7.18 7.18 7.18 6.59 7.77 6.82 6.75 6.75 6.59 6.59 6.82 6.75 6.75 6.82 6.82 6.82 6.61 6.61 10.38 6.39 6.57 6.63 6.29 6.23 6.23 6.23 6.23 6.19 6.19 6.19 6.19 6.08 6.08 6.08 6.08 5.98 6.42 6.42 6.42 6.44 6.44 6.44 6.44 6.52 6.52 6.52 6.52 6.57 6.57 6.57 6.57 6.86 6.86 6.86 6.86 6.99 6.99 7.98 7.98 8.09 8.09 7.63 7.08
7.36 7.36 7.36 7.36 7.45 7.45 8.17 7.45 7.24 7.24 8.72 7.24 7.24 7.24 7.24 7.92 7.94 7.26 8.22 7.70 7.26 7.26 7.26 7.26 6.68 7.88 7.88 7.12 7.12 6.68 6.68 6.82 6.75 7.64 8.31 7.55 6.75 6.75 10.24 10.24 6.30 6.30 6.30 6.30 6.29 6.29 6.29 6.29 6.20 7.00 6.23 6.23 6.03 6.03 6.03 6.05 5.97 6.44 6.41 6.41 6.49 6.49 6.49 6.98 7.07 7.08 6.58 6.58 6.62 6.62 6.62 7.56 6.89 6.89 6.89 6.89 6.94 6.94 7.91 8.20 8.85 6.94 6.94 6.94
7.36 7.36 7.36 7.36 7.45 7.45 7.45 7.45 7.24 7.92 7.24 7.24 7.24 7.24 7.24 7.24 8.59 8.59 8.22 8.46 8.46 7.26 7.26 7.26 6.68 8.77 8.74 9.30 8.40 7.96 7.12 6.68 7.99 7.86 7.86 3.47 6.54 9.28 6.62 6.62 7.12 6.30 6.30 6.30 6.29 6.29 6.29 6.29 7.02 6.20 6.20 6.20 6.03 6.03 6.03 6.03 5.95 6.41 6.41 6.41 6.49 6.99 7.20 6.49 6.58 6.58 7.30 7.09 6.62 7.13 7.13 6.62 7.87 6.89 6.89 6.89 6.94 6.94 7.49 6.94 6.94 6.94 6.94 6.94
7.36 7.36 7.36 7.36 7.45 7.45 7.45 7.45 7.24 7.24 7.24 7.24 7.24 7.24 7.24 7.24 7.26 8.22 9.04 7.40 7.92 5.49 11.34 9.03 9.21 4.21 12.49 12.93 13.37 8.72 12.04 10.26 11.05 11.94 10.16 10.16 13.25 8.90 6.62 7.24 6.30 6.30 6.30 7.31 7.30 7.30 6.29 7.30 7.22 6.20 6.20 6.20 6.03 6.03 6.03 6.03 5.95 6.41 6.41 6.41 6.49 6.49 6.49 6.49 6.58 6.58 6.58 6.58 7.13 6.62 6.62 6.62 6.89 6.89 7.90 6.89 6.94 7.49 6.94 6.94 6.94 6.94 6.94 6.94
7.36 7.36 7.36 7.36 7.45 7.45 7.45 7.45 7.24 7.24 7.24 7.24 7.24 7.93 7.93 7.24 7.26 7.70 8.67 9.55 12.98 11.39 12.66 9.69 4.65 8.72 6.95 11.60 11.60 4.21 12.49 7.39 10.16 10.16 12.06 8.27 6.62 6.62 6.62 6.62 6.30 6.30 6.30 7.31 7.30 7.30 6.46 7.60 7.22 7.22 7.22 6.71 6.03 6.03 6.03 6.03 6.31 6.41 6.41 6.13 6.49 6.51 6.13 6.13 6.58 6.58 6.58 7.08 6.62 6.62 6.62 6.62 6.89 6.89 6.89 6.89 6.94 6.94 6.94 6.94 6.94 6.94 6.94 7.49
7.49 7.49 7.49 7.49 7.50 7.50 7.50 7.50 7.23 7.23 7.23 7.23 7.24 7.24 7.24 7.24 7.27 7.70 8.22 7.85 12.61 12.50 7.40 4.02 8.28 7.39 11.60 0.00 0.00 0.00 0.00 0.00 0.00 10.16 11.19 7.52 6.60 6.60 6.60 6.60 6.36 9.99 11.02 9.13 5.95 5.95 5.06 7.48 6.97 7.20 7.20 6.19 6.05 7.00 6.56 6.63 6.00 6.47 6.49 5.92 5.92 5.92 5.92 6.13 6.51 6.99 6.49 6.49 6.53 6.53 6.53 6.53 6.82 7.34 6.82 7.34 6.84 6.84 6.84 6.84 6.83 6.83 7.36 6.83
7.49 7.49 7.49 7.49 8.91 8.91 8.91 8.91 8.55 7.23 7.23 7.23 7.24 7.24 7.24 7.24 7.64 7.70 8.22 9.11 7.40 10.59 7.20 12.88 6.95 0.00 0.00 0.00 0.00 0.00 0.00 0.00 0.00 0.00 9.37 6.64 6.60 6.60 6.60 6.60 9.93 10.09 6.63 7.96 10.46 6.57 7.80 6.17 7.49 7.20 7.20 6.19 6.05 6.05 6.05 6.05 6.37 6.47 6.49 6.13 5.92 5.92 6.38 6.48 6.51 6.49 6.49 6.51 6.53 6.53 6.53 6.53 6.82 6.82 6.82 6.82 6.84 6.84 6.84 6.84 6.83 5.70 6.83 6.86
7.42 7.42 7.42 7.42 8.80 8.80 8.78 8.80 8.53 7.31 7.31 7.31 7.32 7.32 7.32 7.32 8.63 7.34 8.29 8.32 7.88 8.05 9.42 13.05 4.07 0.00 0.00 0.00 0.00 0.00 0.00 0.00 0.00 0.00 0.00 10.91 6.87 6.87 10.50 11.22 6.61 6.89 5.48 4.59 11.40 7.00 7.06 6.55 7.10 6.43 6.92 6.43 6.30 6.30 6.30 6.30 5.63 6.07 6.07 5.59 5.37 5.32 6.05 6.55 6.11 6.09 6.09 6.11 6.13 6.13 6.13 6.13 6.37 6.37 6.37 6.37 6.39 6.39 6.39 7.35 6.39 6.41 6.41 6.41
7.42 7.42 7.42 7.42 7.43 8.80 8.80 8.80 7.96 7.96 8.53 7.31 7.32 7.32 7.32 8.29 8.63 7.34 8.29 8.73 8.77 8.77 9.46 11.72 0.00 0.00 0.00 0.00 0.00 0.00 0.00 0.00 0.00 0.00 0.00 0.44 10.57 10.50 3.63 0.00 0.00 4.59 5.48 8.66 11.57 7.52 6.55 6.55 6.43 6.92 6.43 6.90 6.30 6.30 6.30 6.30 5.63 6.07 6.07 5.56 5.32 5.59 5.93 6.08 6.11 6.55 6.11 6.11 6.15 6.15 6.15 6.13 6.37 6.37 6.37 6.87 6.89 6.39 6.39 6.39 6.39 6.39 6.39 6.39
7.44 7.44 7.44 7.44 7.45 7.45 8.41 8.41 8.59 8.59 8.59 7.35 8.29 8.63 8.77 8.63 8.63 9.07 7.33 8.28 7.30 7.30 10.73 0.00 0.00 0.00 0.00 0.00 0.00 0.00 0.00 0.00 0.00 0.00 0.00 7.26 6.84 0.00 0.00 0.00 0.00 0.00 0.00 3.26 10.52 7.44 6.99 6.49 6.42 6.42 6.42 6.42 6.38 6.38 6.38 6.38 5.74 6.20 6.20 5.32 5.37 5.59 5.59 6.13 6.04 6.04 6.04 6.04 6.07 6.07 6.07 6.05 6.31 6.31 6.31 6.31 6.36 6.36 6.36 6.36 6.39 6.39 6.39 6.39
7.44 7.44 7.44 8.15 8.17 9.03 8.31 8.85 9.21 7.88 8.59 7.35 7.34 8.63 8.32 9.65 8.98 10.31 10.70 7.33 10.93 10.93 0.00 0.00 0.00 0.00 0.00 0.00 0.00 0.00 0.00 0.00 0.00 0.00 0.00 0.00 0.00 0.00 0.00 0.00 0.00 0.00 0.00 1.77 11.97 7.46 7.71 7.44 7.36 6.42 6.42 6.42 6.38 6.38 6.38 6.38 5.74 6.20 6.35 6.20 6.10 6.10 6.10 6.10 6.02 6.02 6.04 6.04 6.07 6.07 6.07 6.05 6.31 6.80 6.31 6.31 6.36 6.36 7.23 7.23 7.27 7.27 7.27 7.27
7.44 7.44 7.44 7.44 7.45 7.45 8.17 8.25 9.21 9.17 8.73 9.21 9.21 7.88 12.61 12.17 12.17 13.50 0.00 0.00 0.00 0.00 0.00 0.00 0.00 0.00 0.00 0.00 0.00 0.00 0.00 0.00 0.00 0.00 0.00 0.00 0.00 0.00 0.00 0.00 0.00 0.00 0.00 0.00 10.52 7.44 7.44 7.44 7.36 7.36 6.42 6.42 6.38 6.38 6.38 6.38 5.74 6.20 6.20 6.20 6.10 6.10 6.10 6.10 6.02 6.02 6.04 6.04 6.07 6.07 6.05 6.05 6.31 7.36 6.31 6.31 6.38 6.36 6.85 8.06 7.27 7.27 7.53 7.27
7.44 7.44 7.44 7.44 7.45 8.14 7.90 7.18 9.65 9.42 12.17 12.17 12.17 0.00 0.00 0.00 0.00 0.00 0.00 0.00 0.00 0.00 0.00 0.00 0.00 0.00 0.00 0.00 0.00 0.00 0.00 0.00 0.00 0.00 0.00 0.00 0.00 0.00 0.00 0.00 0.00 0.00 0.00 7.48 10.81 7.64 6.93 6.49 6.42 6.42 6.42 6.42 6.38 6.38 6.38 6.38 5.74 6.20 6.20 6.20 6.93 6.93 6.93 6.10 6.02 6.02 6.02 6.04 6.07 6.07 6.05 6.05 6.31 7.21 6.81 6.33 6.38 6.38 6.38 6.38 6.39 6.39 7.27 7.27
7.42 7.42 7.42 7.42 8.80 8.21 8.99 8.87 10.75 13.05 0.00 0.00 0.00 0.00 0.00 0.00 0.00 0.00 0.00 0.00 0.00 0.00 0.00 0.00 0.00 0.00 0.00 0.00 0.00 0.00 0.00 0.00 0.00 0.00 0.00 0.00 0.00 0.00 0.00 0.00 0.00 0.00 0.00 6.45 6.58 11.27 10.56 10.56 7.50 7.59 6.50 6.50 6.49 6.49 6.49 6.49 5.85 7.18 7.18 7.18 7.08 7.08 7.08 7.08 6.02 6.02 6.02 6.04 5.97 5.97 5.94 6.42 6.27 6.27 6.27 6.27 6.35 6.35 6.38 6.38 6.45 6.45 6.43 6.43
7.42 7.42 7.42 7.42 9.03 8.85 4.06 12.59 0.00 0.00 0.00 0.00 0.00 0.00 0.00 0.00 0.00 0.00 0.00 0.00 0.00 0.00 0.00 0.00 0.00 0.00 0.00 0.00 0.00 0.00 0.00 0.00 0.00 0.00 0.00 0.00 0.00 0.00 0.00 0.00 0.00 0.00 0.00 0.00 0.00 0.00 0.00 11.13 9.71 7.47 7.59 7.15 7.20 6.49 6.49 6.49 5.85 7.18 7.18 7.18 7.08 7.08 7.08 7.08 6.83 6.83 6.02 6.04 5.97 5.97 5.97 6.42 6.27 6.27 6.27 6.25 6.35 6.35 6.35 6.35 6.43 6.43 6.43 6.43
7.42 7.42 7.42 7.87 7.87 8.85 12.59 0.00 0.00 0.00 0.00 0.00 0.00 0.00 0.00 0.00 0.00 0.00 0.00 0.00 0.00 0.00 0.00 0.00 0.00 0.00 0.00 0.00 0.00 0.00 0.00 0.00 0.00 0.00 0.00 0.00 0.00 0.00 0.00 0.00 0.00 0.00 0.00 0.00 0.00 0.00 0.00 0.00 12.91 3.89 8.04 7.15 7.20 7.46 7.20 6.49 5.85 7.18 7.18 7.18 7.08 7.08 7.08 7.08 6.83 6.83 6.02 6.04 5.97 5.97 6.42 5.97 6.27 6.27 6.25 6.27 6.38 6.35 6.35 6.35 6.43 6.43 6.43 6.43
8.74 6.74 6.29 7.81 7.87 8.85 11.17 0.00 0.00 0.00 0.00 0.00 0.00 0.00 0.00 0.00 0.00 0.00 0.00 0.00 0.00 0.00 0.00 0.00 0.00 0.00 0.00 0.00 0.00 0.00 0.00 0.00 0.00 0.00 0.00 0.00 0.00 0.00 0.00 0.00 0.00 0.00 0.00 0.00 0.00 0.00 0.00 0.00 0.00 11.13 8.51 7.46 8.20 8.06 7.46 7.62 6.47 7.18 7.18 7.18 7.08 7.08 7.08 7.08 6.83 6.83 6.02 6.02 5.97 5.97 5.97 5.97 6.25 6.25 6.25 6.25 6.35 6.35 6.35 6.35 6.43 6.43 6.43 7.31
7.40 7.87 6.29 7.81 7.40 7.84 9.92 0.00 0.00 0.00 0.00 0.00 0.00 0.00 0.00 0.00 0.00 0.00 0.00 0.00 0.00 0.00 0.00 0.00 0.00 0.00 0.00 0.00 0.00 0.00 0.00 0.00 0.00 0.00 0.00 0.00 0.00 0.00 0.00 0.00 0.00 0.00 0.00 0.00 0.00 0.00 0.00 0.00 0.00 10.68 7.07 12.01 7.33 10.96 7.33 9.10 6.50 5.61 7.24 7.24 5.89 7.09 7.34 7.09 5.96 5.96 5.96 5.96 5.85 5.87 5.85 5.85 6.23 6.23 6.23 6.23 6.38 6.38 6.79 6.79 5.89 6.45 6.45 6.91
7.40 7.81 7.81 9.08 7.84 7.40 11.03 0.00 0.00 0.00 0.00 0.00 0.00 0.00 0.00 0.00 0.00 0.00 0.00 0.00 0.00 0.00 0.00 0.00 0.00 0.00 0.00 0.00 0.00 0.00 0.00 0.00 0.00 0.00 0.00 0.00 0.00 0.00 0.00 0.00 0.00 0.00 0.00 0.00 0.00 0.00 0.00 0.00 0.00 0.00 6.63 4.54 8.66 10.96 6.45 8.22 6.94 4.85 5.89 5.89 5.89 7.09 7.09 7.32 6.75 6.41 7.52 6.40 5.85 5.87 5.87 5.85 6.23 6.23 6.23 7.10 6.38 6.38 6.38 6.38 6.45 6.45 10.08 9.57
7.40 7.40 8.37 3.22 10.36 3.63 0.00 0.00 0.00 0.00 0.00 0.00 0.00 0.00 0.00 0.00 0.00 0.00 0.00 0.00 0.00 0.00 0.00 0.00 0.00 0.00 0.00 0.00 0.00 0.00 0.00 0.00 0.00 0.00 0.00 0.00 0.00 0.00 0.00 0.00 0.00 0.00 0.00 0.00 0.00 0.00 0.00 0.00 0.00 0.00 12.01 7.52 12.90 8.66 7.78 7.46 6.73 5.89 6.83 8.09 7.09 7.34 7.09 6.24 6.75 6.75 6.75 6.75 5.85 5.87 5.87 5.87 6.23 6.23 6.23 6.71 6.38 6.38 6.50 5.66 5.66 9.28 8.03 9.28
7.40 7.40 7.18 10.36 0.00 0.00 0.00 0.00 0.00 0.00 0.00 0.00 0.00 0.00 0.00 0.00 0.00 0.00 0.00 0.00 0.00 0.00 0.00 0.00 0.00 0.00 0.00 0.00 0.00 0.00 0.00 0.00 0.00 0.00 0.00 0.00 0.00 0.00 0.00 0.00 0.00 0.00 0.00 0.00 0.00 0.00 0.00 0.00 0.00 0.00 0.00 12.17 12.01 7.96 8.52 7.60 5.78 6.36 6.36 6.36 6.69 6.24 6.24 6.24 5.96 5.96 5.96 5.96 5.85 5.87 5.87 5.85 6.67 6.70 6.23 6.23 6.38 6.38 6.38 6.38 5.66 5.66 5.66 6.34
8.76 11.25 0.00 0.00 0.00 0.00 0.00 0.00 0.00 0.00 0.00 0.00 0.00 0.00 0.00 0.00 0.00 0.00 0.00 0.00 0.00 0.00 0.00 0.00 0.00 0.00 0.00 0.00 0.00 0.00 0.00 0.00 0.00 0.00 0.00 0.00 0.00 0.00 0.00 0.00 0.00 0.00 0.00 0.00 0.00 0.00 0.00 0.00 0.00 0.00 0.00 11.57 4.33 7.94 6.58 7.59 5.68 6.60 5.59 6.25 6.05 6.05 6.05 6.03 5.89 5.89 5.89 5.89 5.89 5.89 5.89 5.89 6.21 6.68 6.21 6.21 6.38 6.38 6.38 6.38 6.46 5.66 5.89 6.34
10.72 0.00 0.00 0.00 0.00 0.00 0.00 0.00 0.00 0.00 0.00 0.00 0.00 0.00 0.00 0.00 0.00 0.00 0.00 0.00 0.00 0.00 0.00 0.00 0.00 0.00 0.00 0.00 0.00 0.00 0.00 0.00 0.00 0.00 0.00 0.00 0.00 0.00 0.00 0.00 0.00 0.00 0.00 0.00 0.00 0.00 0.00 0.00 0.00 0.00 0.00 12.45 13.34 7.69 7.05 8.06 5.81 5.59 6.75 6.27 6.05 6.05 6.05 6.05 6.36 5.91 5.91 5.89 5.89 5.89 5.89 5.89 6.21 6.21 6.21 6.21 6.38 6.38 6.38 6.38 6.46 6.46 6.46 5.89
0.00 0.00 0.00 0.00 0.00 0.00 0.00 0.00 0.00 0.00 0.00 0.00 0.00 0.00 0.00 0.00 0.00 0.00 0.00 0.00 0.00 0.00 0.00 0.00 0.00 0.00 0.00 0.00 0.00 0.00 0.00 0.00 0.00 0.00 0.00 0.00 0.00 0.00 0.00 0.00 0.00 0.00 0.00 0.00 0.00 0.00 0.00 0.00 0.00 0.00 0.00 7.77 13.08 7.38 6.06 6.98 6.91 7.02 7.02 6.56 6.79 6.33 6.33 6.33 6.19 6.21 6.21 6.19 6.19 6.19 6.19 6.19 6.43 6.43 6.43 6.43 6.59 6.59 7.10 7.10 6.67 6.67 7.04 7.24
0.00 0.00 0.00 0.00 0.00 0.00 0.00 0.00 0.00 0.00 0.00 0.00 0.00 0.00 0.00 0.00 0.00 0.00 0.00 0.00 0.00 0.00 0.00 0.00 0.00 0.00 0.00 0.00 0.00 0.00 0.00 0.00 0.00 0.00 0.00 0.00 0.00 0.00 0.00 0.00 0.00 0.00 0.00 0.00 0.00 0.00 0.00 0.00 0.00 0.00 0.00 6.89 10.96 7.42 6.56 6.98 6.91 7.02 7.02 6.56 6.35 6.33 6.33 6.33 6.19 6.19 6.19 6.19 6.19 6.19 6.19 6.21 6.45 6.43 6.43 6.43 6.59 6.59 6.59 6.59 6.67 6.67 10.37 10.81
