New_Model_Runs/8_Future_Present_Scn1_out/post_prcessed_with_MFR/Monthly_summaries/net_infiltration_monthly_OCT.asc
NCOLS 700
NROWS 400
XLLCENTER 515000.000000
YLLCENTER 8409000.000000
CELLSIZE 50.000000
NODATA_value -999.000000
[rows 76 to 113 of 400, columns 420 to 503 of 700]
0.00 0.00 0.00 0.00 0.00 0.00 0.00 0.00 0.00 0.00 0.00 0.00 0.00 0.00 0.00 0.00 0.00 0.00 0.00 0.00 0.00 0.00 0.00 0.00 0.00 0.00 0.00 0.00 0.00 0.00 0.00 0.00 0.00 0.00 0.00 0.00 0.00 0.00 0.00 0.00 0.00 0.00 0.00 0.00 0.00 0.00 0.00 0.00 0.00 0.00 0.00 0.00 0.00 0.00 0.00 0.00 0.00 0.00 0.00 0.00 0.00 0.00 0.00 0.00 0.00 0.00 0.00 0.00 0.00 0.00 0.00 0.00 0.00 0.00 0.00 0.00 0.00 0.00 0.00 0.00 0.00 0.00 0.00 0.00
0.00 0.00 0.00 0.00 0.00 0.00 0.00 0.00 0.00 0.00 0.00 0.00 0.00 0.00 0.00 0.00 0.00 0.00 0.00 0.00 0.00 0.00 0.00 0.00 0.00 0.00 0.00 0.00 0.00 0.00 0.00 0.00 0.00 0.00 0.00 0.00 0.00 0.00 0.00 0.00 0.00 0.00 0.00 0.00 0.00 0.00 0.00 0.00 0.00 0.00 0.00 0.00 0.00 0.00 0.00 0.00 0.00 0.00 0.00 0.00 0.00 0.00 0.00 0.00 0.00 0.00 0.00 0.00 0.00 0.00 0.00 0.00 0.00 0.00 0.00 0.00 0.00 0.00 0.00 0.00 0.00 0.00 0.00 0.00
0.00 0.00 0.00 0.00 0.00 0.00 0.00 0.00 0.00 0.00 0.00 2.09 0.00 0.00 0.00 0.00 0.00 0.00 0.00 0.00 0.00 0.00 0.00 0.00 0.00 0.00 0.00 0.00 0.00 0.00 0.00 0.00 0.00 0.00 0.00 0.00 0.00 0.00 0.00 0.00 0.00 0.00 0.00 0.00 0.00 0.00 0.00 0.00 0.00 0.00 0.00 0.00 0.00 0.00 0.00 0.00 0.00 0.00 0.00 0.00 0.00 0.00 0.00 0.00 0.00 0.00 0.00 0.00 0.00 0.00 0.00 0.00 0.00 0.00 0.00 0.00 0.00 0.00 0.00 0.00 0.00 0.00 0.00 0.00
0.00 0.00 0.00 0.00 0.00 0.00 0.00 0.00 0.00 0.00 0.00 3.15 0.00 0.00 0.00 0.00 0.00 0.00 0.00 0.00 0.00 0.00 0.00 0.00 0.00 0.00 0.00 0.00 0.00 0.00 0.00 0.00 0.00 0.00 0.00 0.00 0.00 0.00 0.00 0.00 0.00 0.00 0.00 0.00 0.00 0.00 0.00 0.00 0.00 0.00 0.00 0.00 0.00 0.00 0.00 0.00 0.00 0.00 0.00 0.00 0.00 0.00 0.00 0.00 0.00 0.00 0.00 0.00 0.00 0.00 0.00 0.00 0.00 0.00 0.00 0.00 0.00 0.00 0.00 0.00 0.00 0.00 0.00 0.00
0.00 0.00 0.00 0.00 0.00 0.00 0.00 0.00 0.00 0.00 2.09 3.87 0.00 0.00 0.00 0.00 0.00 0.00 0.00 0.00 0.00 0.00 0.00 0.00 0.00 0.00 0.00 0.00 0.00 0.00 0.00 0.00 0.00 0.00 0.00 0.00 0.00 0.00 0.00 0.00 0.00 0.00 0.00 0.00 0.00 0.00 0.00 0.00 0.00 0.00 0.00 0.00 0.00 0.00 0.00 0.00 0.00 0.00 0.00 0.00 0.00 0.00 0.00 0.00 0.00 0.00 0.00 0.00 0.00 0.00 0.00 0.00 0.00 0.00 0.00 0.00 0.00 0.00 0.00 0.00 0.00 0.00 0.00 0.00
0.00 0.00 0.00 0.00 0.00 0.00 0.00 0.00 0.00 2.09 3.87 3.87 2.10 0.00 0.00 0.00 0.00 0.00 0.00 0.00 0.00 0.00 0.00 0.00 0.00 0.00 0.00 0.00 0.00 0.00 0.00 0.00 0.00 0.00 0.00 0.00 0.00 0.00 0.00 0.00 0.00 0.00 0.00 0.00 0.00 0.00 0.00 0.00 0.00 0.00 0.00 0.00 0.00 0.00 0.00 0.00 0.00 0.00 0.00 0.00 0.00 0.00 0.00 0.00 0.00 0.00 0.00 0.00 0.00 0.00 0.00 0.00 0.00 0.00 0.00 0.00 0.00 0.00 0.00 0.00 0.00 0.00 0.00 0.00
4.00 4.00 0.00 0.00 0.00 0.00 0.00 3.96 3.89 3.86 3.89 3.89 4.09 0.00 0.00 0.00 0.00 0.00 0.00 0.00 0.00 0.00 0.00 0.00 0.00 0.00 0.00 0.00 0.00 0.00 0.00 0.00 0.00 0.00 0.00 0.00 0.00 0.00 0.00 0.00 0.00 0.00 0.00 0.00 0.00 0.00 0.00 0.00 0.00 0.00 0.00 0.00 0.00 0.00 0.00 0.00 1.32 0.00 0.00 0.00 0.00 0.00 0.00 0.00 0.00 0.00 0.00 0.00 0.00 0.00 0.00 0.00 0.00 0.00 0.00 0.00 0.00 0.00 0.00 0.00 0.00 0.00 0.00 0.00
4.00 4.00 4.00 0.00 0.00 0.00 3.93 3.93 3.89 3.86 3.89 3.89 1.36 0.00 0.00 0.00 0.00 0.00 0.00 0.00 0.00 0.00 0.00 0.00 0.00 0.00 0.00 0.00 0.00 0.00 0.00 0.00 0.00 0.00 0.00 0.00 0.00 0.00 0.00 0.00 0.00 0.00 0.00 0.00 0.00 0.00 0.00 0.00 0.00 0.00 0.00 0.00 0.00 0.00 0.00 0.00 3.41 0.00 0.00 0.00 0.00 0.00 0.00 0.00 0.00 0.00 0.00 0.00 0.00 2.57 1.22 0.00 0.00 0.00 0.00 0.00 0.00 0.00 0.00 0.00 0.00 0.00 0.00 0.00
3.94 3.97 3.97 3.97 3.90 3.90 3.90 3.90 3.88 3.88 3.88 3.88 1.36 0.00 0.00 0.00 0.00 0.00 0.00 0.00 0.00 0.00 0.00 0.00 0.00 0.00 0.00 0.00 0.00 0.00 0.00 0.00 0.00 0.00 0.00 0.00 0.00 0.00 0.00 0.00 0.00 0.00 0.00 0.00 0.00 0.00 0.00 0.00 0.00 0.00 0.00 0.00 0.00 0.00 0.00 0.00 3.43 3.43 0.00 0.00 0.00 0.00 0.00 0.00 0.00 0.00 0.00 0.00 3.75 3.47 3.14 0.00 0.00 0.00 0.00 0.00 0.00 0.00 0.00 0.00 0.00 0.00 0.00 0.00
3.97 3.97 3.97 3.97 3.90 3.90 3.90 3.90 3.88 3.88 3.88 3.88 1.36 0.00 0.00 0.00 0.00 0.00 0.00 0.00 0.00 0.00 0.00 0.00 0.00 0.00 0.00 1.36 2.01 2.01 0.00 0.00 0.00 0.00 0.00 0.00 0.00 0.00 0.00 0.00 0.00 0.00 0.00 0.00 0.00 0.00 0.00 0.00 0.00 0.00 0.00 0.00 0.00 0.00 0.00 0.00 3.43 3.43 0.00 0.00 0.00 0.00 0.00 0.00 0.00 0.00 0.00 1.42 3.99 3.47 3.14 1.22 0.00 0.00 0.00 0.00 0.00 0.00 0.00 0.00 0.00 0.00 0.00 0.00
3.97 3.94 3.97 3.97 3.87 3.90 3.90 3.90 3.88 3.88 3.88 3.88 3.92 0.00 0.00 0.00 0.00 0.00 0.00 0.00 0.00 0.00 0.00 0.00 0.00 0.00 0.00 4.17 4.36 4.36 0.00 0.00 0.00 0.00 0.00 0.00 0.00 0.00 0.00 0.00 0.00 0.00 0.00 0.00 0.00 1.70 1.32 0.00 0.00 0.00 0.00 0.00 0.00 0.00 0.00 0.00 3.43 3.43 2.37 0.00 0.00 0.00 0.00 0.00 0.00 0.00 0.00 3.52 3.47 3.47 3.14 3.14 1.22 0.00 0.00 0.00 0.00 0.00 0.00 0.00 0.00 3.32 3.32 0.00
3.97 3.97 3.94 3.97 3.90 3.90 3.90 3.90 3.88 3.88 3.88 3.88 3.92 0.00 0.00 0.00 0.00 0.00 0.00 0.00 0.00 0.00 0.00 0.00 0.00 0.00 4.38 4.17 4.36 4.36 0.00 0.00 0.00 0.00 0.00 0.00 0.00 0.00 0.00 0.00 0.00 0.00 0.00 0.00 0.00 1.32 1.32 1.32 0.00 0.00 0.00 0.00 0.00 0.00 0.00 0.00 2.37 3.43 3.43 3.43 3.51 0.00 0.00 3.51 3.52 3.52 0.00 3.79 3.47 3.47 3.14 3.14 3.14 0.00 0.00 0.00 0.00 0.00 0.00 0.00 3.32 3.32 3.32 3.32
3.93 3.91 3.91 3.93 3.88 3.88 3.88 3.88 3.97 3.97 3.97 3.97 4.01 0.00 0.00 0.00 0.00 0.00 0.00 0.00 0.00 0.00 0.00 0.00 0.00 1.36 4.17 4.17 4.38 0.00 0.00 0.00 0.00 0.00 0.00 0.00 0.00 0.00 0.00 0.00 0.00 0.00 0.00 0.00 0.00 3.49 3.49 3.49 1.32 1.32 0.00 0.00 0.00 0.00 0.00 0.00 3.83 3.73 3.45 3.45 3.51 3.51 3.51 3.51 3.48 3.48 3.75 3.85 3.47 4.15 3.14 3.14 3.19 0.00 0.00 0.00 0.00 0.00 0.00 3.35 3.61 3.31 3.31 3.31
3.93 3.93 3.93 3.93 3.88 3.86 3.88 3.88 3.97 3.97 3.97 3.97 4.01 0.00 0.00 0.00 0.00 0.00 0.00 0.00 0.00 0.00 1.36 0.00 0.00 4.15 4.17 4.17 4.38 0.00 0.00 0.00 0.00 0.00 0.00 0.00 0.00 0.00 0.00 0.00 0.00 0.00 0.00 0.00 0.00 3.49 3.49 3.49 3.52 3.52 0.00 0.00 0.00 0.00 0.00 0.00 0.00 3.45 3.45 3.45 3.51 3.51 3.78 3.51 3.75 3.48 3.48 3.48 3.75 3.47 3.14 3.14 3.19 3.49 0.00 0.00 0.00 0.00 3.35 3.35 3.31 3.31 3.31 3.31
3.93 3.93 3.93 3.93 3.88 3.88 3.88 3.88 3.97 3.97 3.97 3.97 4.55 0.00 0.00 0.00 0.00 0.00 0.00 0.00 1.59 3.96 3.96 3.96 4.17 4.17 4.17 4.17 0.00 0.00 0.00 0.00 0.00 0.00 0.00 0.00 0.00 0.00 0.00 0.00 0.00 0.00 0.00 0.00 1.32 3.49 3.49 3.49 3.52 3.52 0.00 0.00 0.00 0.00 0.00 0.00 0.00 3.45 3.45 3.45 3.51 3.51 3.51 3.51 3.48 3.48 3.48 3.48 3.47 3.47 3.14 3.14 3.19 3.49 3.19 3.19 0.00 3.35 3.35 3.35 3.31 3.31 3.31 3.31
3.93 3.93 3.93 3.93 3.88 3.88 3.88 3.88 3.97 3.97 3.97 3.97 4.55 4.55 0.00 0.00 0.00 0.00 0.00 4.00 3.96 3.96 3.96 3.96 2.82 2.82 4.17 4.17 0.00 0.00 0.00 0.00 0.00 0.00 0.00 0.00 0.00 0.00 0.00 0.00 0.00 0.00 0.00 0.00 0.00 3.49 3.49 3.49 3.52 0.00 0.00 0.00 0.00 0.00 0.00 0.00 1.32 3.45 3.45 3.45 3.51 3.51 3.51 3.51 3.48 3.48 3.48 3.48 3.47 3.47 3.14 3.43 3.19 3.19 3.19 3.19 3.35 3.35 3.35 3.35 3.31 3.31 3.31 3.31
3.92 3.92 3.92 3.92 3.91 3.91 3.91 3.91 3.76 3.76 3.76 4.28 4.58 4.73 0.00 0.00 0.00 0.00 0.00 4.35 3.93 3.93 4.25 4.37 4.36 4.24 3.92 0.00 0.00 0.00 0.00 0.00 0.00 0.00 0.00 0.00 0.00 0.00 0.00 0.00 0.00 0.00 0.00 0.00 0.00 3.52 3.52 3.52 0.00 0.00 0.00 0.00 0.00 0.00 0.00 0.00 3.88 3.44 3.44 3.44 3.45 3.45 3.45 3.72 3.70 3.43 3.43 3.43 3.51 3.51 3.17 3.17 3.54 3.54 3.24 3.24 3.42 3.42 3.42 3.42 3.41 3.41 3.41 3.41
3.92 3.92 3.92 3.89 3.91 3.91 3.91 3.91 3.76 3.76 4.28 4.42 3.02 4.58 4.79 0.00 0.00 0.00 0.00 4.11 3.93 3.93 3.93 3.93 3.92 3.92 3.92 0.00 0.00 0.00 0.00 0.00 0.00 0.00 0.00 0.00 0.00 0.00 0.00 0.00 0.00 0.00 0.00 0.00 0.00 0.00 3.52 3.52 0.00 0.00 0.00 0.00 0.00 0.00 0.00 4.18 3.88 3.44 3.44 3.44 3.45 3.45 3.45 3.45 3.43 3.43 3.80 3.43 3.51 3.51 3.17 3.17 3.24 3.24 3.24 3.24 3.42 3.42 3.42 3.42 3.41 3.41 3.41 3.41
3.92 3.92 3.92 3.92 3.91 3.91 3.91 3.91 4.35 3.76 4.28 4.80 4.04 2.82 4.04 4.58 2.34 3.02 3.02 4.56 3.93 3.93 3.93 3.93 3.92 3.92 3.92 0.00 0.00 0.00 0.00 0.00 0.00 0.00 0.00 0.00 0.00 0.00 0.00 0.00 0.00 0.00 0.00 0.00 0.00 0.00 0.00 3.52 3.55 3.55 0.00 0.00 0.00 0.00 4.02 4.02 3.88 3.44 3.82 3.94 3.45 3.45 3.45 3.72 3.43 3.70 3.70 3.43 3.51 3.51 3.17 3.17 3.24 3.24 3.24 3.68 3.66 3.66 7.58 3.55 3.41 0.00 0.00 0.00
3.92 3.89 3.92 3.92 3.91 3.91 3.91 3.88 3.76 3.76 3.76 3.76 4.04 2.82 4.04 4.04 2.99 2.99 3.16 4.56 3.93 3.93 3.93 3.93 3.92 3.92 3.92 0.00 0.00 0.00 0.00 0.00 0.00 0.00 0.00 0.00 0.00 0.00 0.00 0.00 0.00 0.00 0.00 0.00 0.00 0.00 3.52 2.75 3.55 4.01 4.01 3.55 3.56 4.02 4.02 4.02 3.88 3.44 3.44 3.71 3.45 3.45 3.45 3.45 3.43 3.43 3.43 3.43 3.51 3.51 3.17 3.17 3.24 3.80 2.86 5.22 8.09 8.45 0.00 0.00 0.00 0.00 0.00 0.00
3.95 3.95 3.92 3.95 3.90 3.90 3.90 3.90 4.02 4.02 4.02 4.02 4.05 4.05 4.05 4.05 2.78 2.99 3.02 4.56 3.92 3.92 3.92 3.92 3.96 3.98 3.98 0.00 0.00 0.00 0.00 0.00 0.00 0.00 0.00 0.00 0.00 0.00 0.00 0.00 0.00 0.00 0.00 0.00 0.00 0.00 3.54 2.37 3.54 3.99 3.54 3.54 4.04 3.95 3.95 3.95 3.35 3.35 3.35 3.63 3.45 3.45 3.45 3.45 3.54 3.54 3.54 3.54 3.65 3.65 3.30 3.30 3.91 3.28 4.77 8.03 5.84 0.00 0.00 0.00 0.00 0.00 0.00 0.00
3.92 3.95 3.95 3.95 3.90 3.90 3.90 3.90 4.02 4.02 4.02 4.02 4.05 4.05 4.05 2.78 3.46 3.57 3.46 4.56 3.92 3.92 3.92 3.92 4.71 3.98 3.02 0.00 0.00 0.00 0.00 0.00 0.00 0.00 0.00 0.00 0.00 0.00 0.00 0.00 0.00 0.00 0.00 0.00 0.00 3.82 3.53 2.37 3.54 3.99 3.54 3.54 3.95 3.95 3.95 3.50 3.35 3.35 3.35 3.35 3.45 3.45 3.45 3.45 3.54 3.54 3.54 3.54 3.65 3.65 3.30 2.84 3.28 4.62 5.50 7.80 0.00 0.00 0.00 0.00 0.00 0.00 0.00 0.00
4.25 4.25 4.61 4.25 4.20 4.20 4.20 4.20 4.32 4.32 4.32 4.32 4.64 4.64 3.86 3.86 3.86 4.45 4.71 5.25 4.49 4.49 4.48 4.48 4.53 3.78 4.53 0.00 0.00 0.00 0.00 0.00 0.00 0.00 0.00 0.00 0.00 0.00 0.00 0.00 0.00 0.00 0.00 0.00 4.17 3.85 3.85 3.85 3.86 4.37 3.86 3.86 4.32 4.32 3.81 3.81 3.66 3.66 3.66 3.66 3.78 3.78 3.78 3.78 3.88 3.88 3.88 3.88 3.99 3.99 3.66 4.28 4.67 5.42 8.16 0.44 0.00 0.00 0.00 0.00 0.00 0.00 0.00 0.00
4.25 4.25 4.25 4.61 4.20 4.20 4.20 4.20 4.32 4.32 4.32 4.32 4.64 5.28 3.86 3.86 2.92 3.67 5.25 5.25 4.48 4.48 4.48 4.48 4.53 4.53 4.53 0.00 0.00 0.00 0.00 0.00 0.00 0.00 0.00 0.00 0.00 0.00 0.00 0.00 0.00 0.00 0.00 0.00 3.85 3.85 2.73 3.85 4.37 4.37 3.86 4.37 4.32 4.32 4.22 3.81 3.66 3.66 3.66 3.66 3.78 3.78 3.78 3.78 3.88 3.88 3.88 3.88 3.99 4.50 7.90 6.53 6.31 7.28 0.44 0.00 0.00 0.00 0.00 0.00 0.00 0.00 0.00 0.00
4.26 4.26 4.62 4.26 4.19 4.19 4.19 4.19 4.32 4.32 4.32 4.32 4.63 5.28 5.28 3.86 3.86 5.17 6.24 4.53 4.47 4.47 4.47 4.47 4.58 4.58 0.00 0.00 0.00 0.00 0.00 0.00 0.00 0.00 0.00 0.00 0.00 0.00 0.00 0.00 0.00 0.00 0.00 0.00 4.04 3.83 2.73 3.83 4.32 4.32 4.32 4.32 4.16 3.68 3.68 3.97 3.66 3.66 3.66 3.66 3.94 3.94 3.94 3.94 4.02 4.02 4.02 4.02 4.04 7.24 6.97 2.68 0.00 4.07 0.00 0.00 0.00 0.00 0.00 0.00 0.00 0.00 0.00 0.00
4.85 4.26 4.62 4.26 4.19 4.19 4.19 4.19 4.32 4.32 4.32 4.32 5.28 5.28 5.28 5.28 5.17 5.31 6.15 4.53 4.47 4.47 4.47 4.47 4.58 4.58 0.00 0.00 0.00 0.00 0.00 0.00 0.00 0.00 0.00 4.40 4.39 0.00 0.00 0.00 4.36 4.36 4.71 4.36 3.83 2.73 2.73 2.73 4.32 4.32 4.32 4.32 3.68 4.33 3.98 3.68 3.66 3.66 3.66 3.66 3.94 3.94 4.44 4.44 4.53 4.02 4.02 3.46 6.57 1.84 0.00 0.44 0.00 2.54 8.41 0.00 0.00 0.00 0.00 0.00 0.00 0.00 0.00 0.00
4.26 4.62 4.26 4.26 4.19 4.19 4.19 4.55 4.32 4.32 4.32 4.91 5.28 5.28 5.46 5.41 5.31 5.31 5.55 4.53 4.47 4.47 4.47 4.47 4.58 4.58 0.00 0.00 0.00 0.00 0.00 0.00 0.00 0.00 0.00 4.40 4.39 4.39 4.39 4.39 4.36 4.36 5.01 4.36 3.14 2.73 2.73 3.83 4.32 4.32 4.73 3.81 3.68 3.98 3.68 3.68 3.66 3.66 3.66 3.66 3.94 3.94 4.44 4.44 3.70 3.70 6.57 6.57 1.72 0.00 0.00 0.00 0.00 4.78 4.51 6.36 0.00 0.00 0.00 0.00 0.00 0.00 0.00 0.00
4.26 4.26 4.26 4.26 4.55 4.19 4.19 4.19 4.32 4.32 4.32 4.91 5.28 5.41 5.41 5.41 5.31 5.31 5.31 4.53 4.47 4.47 4.47 4.47 4.58 4.58 0.00 0.00 0.00 0.00 0.00 0.00 0.00 0.00 0.00 4.40 4.39 4.39 4.39 4.39 4.70 4.36 4.36 4.36 3.83 3.83 4.35 4.35 4.32 4.46 4.32 4.32 3.68 3.68 3.68 3.68 3.66 3.66 3.66 3.66 3.94 3.94 4.44 3.70 4.05 7.02 3.70 0.92 0.00 0.00 0.00 0.00 0.00 3.61 6.31 4.06 8.29 0.00 0.00 0.00 0.00 0.00 0.00 0.00
4.23 4.72 4.23 4.23 4.23 4.23 4.23 4.23 4.29 4.29 4.29 4.66 5.27 5.27 5.27 5.27 5.19 5.19 5.19 4.44 4.53 4.53 4.53 4.53 4.65 4.65 0.00 0.00 0.00 0.00 0.00 0.00 0.00 0.00 5.02 5.15 3.97 4.03 4.38 4.38 4.32 4.32 4.40 4.32 4.31 4.31 4.31 4.45 4.23 4.23 4.23 4.23 3.67 3.67 3.67 3.67 3.82 3.82 3.82 3.82 4.08 3.70 3.70 7.24 7.77 4.14 0.92 0.92 0.00 0.24 0.00 0.00 0.00 2.28 2.19 5.82 9.18 6.27 0.00 0.00 0.00 0.00 0.00 0.00
4.23 4.23 4.59 4.23 4.23 4.23 4.23 4.23 4.29 4.29 5.14 4.30 6.07 5.27 5.27 5.27 5.19 5.19 4.44 4.44 4.53 4.53 4.53 4.53 4.65 4.65 2.76 0.00 0.00 0.00 0.00 0.00 0.00 0.00 2.25 4.13 4.96 4.96 4.38 4.38 4.32 4.66 4.66 4.88 4.31 4.31 4.50 4.31 4.23 4.37 4.23 4.23 3.67 3.67 3.67 3.67 4.33 4.33 4.33 4.33 3.61 3.70 3.39 7.02 3.48 4.08 3.48 0.92 0.92 0.00 0.00 0.44 0.44 1.40 5.47 7.34 3.78 4.68 3.58 7.21 4.66 0.00 0.00 0.00
4.59 4.23 4.23 4.23 4.23 4.23 4.23 4.23 5.86 5.03 4.30 4.30 4.50 4.50 4.50 5.27 5.19 4.44 4.44 4.44 4.53 4.53 4.53 4.53 4.65 4.65 6.84 5.41 0.00 0.00 0.00 0.00 0.00 4.51 1.47 3.44 3.59 4.87 4.38 4.38 4.32 4.32 4.32 5.04 4.31 4.45 4.31 4.31 4.23 4.23 4.23 4.23 3.67 3.67 4.15 4.15 4.33 3.35 3.35 3.25 3.61 3.70 7.77 3.48 4.08 3.92 3.92 3.48 3.48 0.00 0.00 5.87 6.53 6.90 3.27 4.06 3.35 3.35 3.35 3.35 3.14 3.14 6.23 0.00
4.23 4.23 4.23 4.23 4.23 4.23 4.23 4.23 4.80 4.30 4.30 4.80 5.01 4.50 4.50 4.50 4.44 4.44 4.44 4.44 4.53 4.53 4.53 3.78 4.65 3.78 7.96 5.22 6.85 6.92 4.77 5.99 5.99 1.92 3.88 4.23 4.57 4.38 4.38 4.38 4.32 4.32 4.32 4.88 4.31 4.45 4.31 4.31 4.23 4.23 4.72 4.71 3.67 3.67 3.67 4.15 4.33 3.51 4.33 3.35 7.24 7.24 3.70 3.48 3.93 7.62 6.76 7.10 7.33 7.33 6.90 3.27 3.27 3.54 3.68 3.68 3.35 3.35 3.35 3.35 3.70 3.38 3.34 3.93
5.93 5.93 4.21 4.21 4.22 4.23 4.73 4.23 4.25 4.25 4.25 4.25 4.42 4.93 4.42 4.42 4.48 4.48 4.48 4.48 4.64 4.64 4.64 4.64 3.78 8.11 3.44 4.33 3.07 2.63 7.32 6.43 1.92 4.57 3.52 4.23 4.03 4.40 4.40 4.40 4.31 4.31 4.31 4.87 4.24 5.43 3.75 4.24 4.19 3.71 4.01 3.71 3.78 3.78 3.78 3.78 3.93 3.93 3.13 4.47 7.33 3.48 3.48 3.48 7.95 4.10 4.10 4.63 3.70 3.70 3.27 3.27 3.27 4.25 3.63 3.63 3.32 3.63 3.32 3.32 3.41 3.41 2.92 3.36
3.17 3.17 3.17 3.17 3.19 4.23 4.73 4.23 4.25 4.25 4.25 4.25 4.93 4.93 4.42 4.42 4.48 4.48 4.48 4.48 4.64 4.64 4.64 4.64 3.78 8.55 3.89 4.04 4.57 3.07 2.80 8.84 3.88 3.44 3.44 4.23 4.03 5.06 4.40 4.40 4.31 4.31 4.31 4.31 4.10 3.75 3.75 3.75 3.71 3.71 3.71 3.71 3.78 3.78 3.78 3.78 3.93 3.93 3.13 3.35 6.35 3.48 3.43 3.66 7.06 3.50 4.10 4.10 4.04 4.55 3.27 4.33 4.39 4.25 3.63 3.63 3.63 3.32 3.32 3.32 3.41 3.41 2.61 2.90
3.17 3.17 3.17 3.17 3.19 3.19 4.23 4.23 4.25 4.25 4.75 4.25 4.42 4.93 4.42 4.42 4.48 4.48 4.48 4.48 4.64 4.64 4.64 4.64 4.48 5.41 3.44 4.04 5.14 2.63 4.32 9.18 4.13 4.27 3.67 4.42 4.86 4.23 4.40 4.40 4.31 4.31 4.31 4.31 3.75 4.17 3.75 3.75 3.71 3.71 3.71 3.71 3.78 3.78 3.78 3.78 3.93 3.93 3.25 7.32 3.61 3.17 3.48 7.11 3.70 4.67 2.46 4.10 4.04 4.04 5.08 4.33 4.25 3.63 3.63 3.63 3.32 3.32 3.32 3.32 3.41 3.41 4.01 3.17
3.17 3.17 3.17 3.17 3.19 3.19 4.23 4.23 4.25 4.25 4.25 4.25 4.42 4.42 4.42 4.42 4.48 4.48 4.48 4.48 4.64 4.64 4.64 5.08 4.04 4.48 6.63 4.35 4.57 3.29 7.51 4.56 4.57 4.23 4.23 4.23 4.42 4.13 4.98 4.40 4.65 4.31 4.31 4.31 3.75 4.05 3.75 3.75 3.71 3.71 3.71 3.71 3.78 3.78 3.78 3.78 3.93 3.13 3.09 7.32 4.31 3.87 3.48 7.42 3.70 3.70 3.50 3.50 4.04 4.04 3.71 5.30 5.18 3.95 3.95 3.94 3.32 3.32 3.32 3.32 3.41 3.41 4.01 4.01
3.15 3.15 3.15 3.15 3.18 3.43 3.18 4.22 4.21 4.21 4.71 4.21 4.44 4.44 4.44 4.44 4.57 4.57 4.57 4.57 4.68 4.68 4.68 4.22 4.04 4.04 3.55 8.90 3.73 3.29 7.51 4.67 4.44 4.54 4.44 5.03 4.98 4.98 5.56 4.40 4.32 4.32 4.32 4.32 3.74 3.74 3.74 3.74 3.74 3.74 3.74 3.74 3.88 3.88 3.88 3.88 3.13 3.13 6.88 6.68 2.89 3.48 3.70 3.95 3.70 3.70 3.70 2.46 2.70 4.02 3.69 4.02 3.91 3.59 3.59 3.59 3.32 3.32 3.32 3.32 3.41 4.01 4.24 4.01
3.15 3.15 3.41 3.15 3.18 3.18 3.18 4.22 4.67 4.21 5.08 4.21 4.44 4.44 4.44 4.44 4.57 4.57 4.57 4.57 4.68 4.68 3.78 4.04 4.04 4.04 3.44 7.07 4.23 3.73 10.23 5.65 4.44 4.44 4.44 4.44 4.40 4.40 4.40 4.40 4.32 4.32 4.32 4.32 3.74 3.74 3.74 3.74 3.74 3.74 3.74 3.74 3.88 3.88 3.88 4.40 3.97 3.09 6.68 3.05 3.89 3.70 3.70 3.50 3.70 3.70 3.26 2.46 2.46 4.92 3.69 3.69 3.59 3.59 3.92 3.59 3.32 3.32 3.32 3.32 3.41 4.01 4.01 4.01
