New_Model_Runs/8_Future_Present_Scn1_out/post_prcessed_with_MFR/Monthly_summaries/net_infiltration_monthly_JUN.asc
NCOLS 700
NROWS 400
XLLCENTER 515000.000000
YLLCENTER 8409000.000000
CELLSIZE 50.000000
NODATA_value -999.000000
[rows 152 to 189 of 400, columns 252 to 335 of 700]
0.00 0.00 0.00 0.00 0.00 0.00 0.00 0.00 0.00 0.00 0.00 0.00 0.00 0.00 0.00 0.00 0.00 0.00 0.00 0.00 0.00 0.00 0.00 0.00 0.00 0.00 0.00 0.00 0.00 0.00 0.00 0.00 0.00 0.00 0.00 0.00 0.00 0.00 0.00 0.00 0.00 0.00 0.00 0.00 0.00 0.00 0.00 5.81 5.75 6.02 5.75 5.75 5.60 5.60 5.60 5.60 5.73 5.56 5.56 5.56 5.58 5.58 5.58 5.58 5.67 5.67 5.67 5.67 5.98 5.98 5.98 5.98 5.78 5.83 6.66 5.66 9.01 9.44 5.92 5.92 5.87 5.07 6.11 5.83
0.00 0.00 0.00 0.00 0.00 0.00 0.00 0.00 0.00 0.00 0.00 0.00 0.00 0.00 0.00 0.00 0.00 0.00 0.00 0.00 0.00 0.00 0.00 0.00 0.00 0.00 0.00 0.00 0.00 0.00 0.00 0.00 0.00 0.00 0.00 0.00 0.00 0.00 0.00 0.00 0.00 0.00 0.00 0.00 0.00 0.00 5.81 5.81 5.75 5.75 5.75 5.75 5.60 5.60 5.60 5.60 5.56 5.56 5.56 5.56 5.58 5.58 5.58 5.58 5.67 5.67 5.67 5.67 5.98 5.98 6.21 5.98 5.80 6.23 6.35 5.93 9.87 7.93 5.07 5.07 8.58 10.15 5.66 6.06
0.00 0.00 0.00 0.00 0.00 0.00 0.00 0.00 0.00 0.00 0.00 0.00 0.00 0.00 0.00 0.00 0.00 0.00 0.00 0.00 0.00 0.00 0.00 0.00 0.00 0.00 0.00 0.00 0.00 0.00 0.00 0.00 0.00 0.00 0.00 0.00 0.00 0.00 0.00 0.00 0.00 0.00 0.00 0.00 0.00 5.98 5.81 5.81 5.75 5.75 5.75 5.75 5.60 5.60 5.60 5.60 5.56 5.56 5.56 5.56 5.58 5.58 5.58 5.58 5.67 5.67 5.67 5.67 5.98 6.94 6.21 6.21 6.06 5.93 6.36 6.79 6.75 10.30 11.55 9.00 5.23 2.08 6.26 6.26
0.00 0.00 0.00 0.00 0.00 0.00 0.00 0.00 0.00 0.00 0.00 0.00 0.00 0.00 0.00 0.00 0.00 0.00 0.00 0.00 0.00 0.00 0.00 0.00 0.00 0.00 0.00 0.00 0.00 0.00 0.00 0.00 0.00 0.00 0.00 0.00 0.00 0.00 0.00 0.00 0.00 0.00 0.00 0.00 0.00 5.81 5.81 5.81 5.75 5.75 5.75 5.75 5.60 5.60 5.60 5.60 5.56 5.56 5.56 5.56 5.58 5.58 5.58 5.58 5.67 5.67 5.67 5.67 5.98 6.94 6.94 6.21 6.06 5.93 6.35 2.38 10.30 6.36 5.66 5.80 6.22 6.22 5.80 5.83
0.00 0.00 0.00 0.00 0.00 0.00 0.00 0.00 0.00 0.00 0.00 0.00 0.00 0.00 0.00 0.00 0.00 0.00 0.00 0.00 0.00 0.00 0.00 0.00 0.00 0.00 0.00 0.00 0.00 0.00 0.00 0.00 0.00 0.00 0.00 0.00 0.00 0.00 0.00 0.00 0.00 0.00 0.00 0.00 4.17 5.79 5.79 5.79 5.78 5.78 5.78 5.78 5.67 5.67 5.67 5.67 5.66 5.66 5.66 5.66 5.66 5.66 5.66 5.66 5.68 5.68 5.84 5.68 6.11 6.93 6.93 6.93 6.21 6.21 5.93 6.32 6.36 6.23 5.23 5.83 5.83 5.80 5.83 5.76
0.00 0.00 0.00 0.00 0.00 0.00 0.00 0.00 0.00 0.00 0.00 0.00 0.00 0.00 0.00 0.00 0.00 0.00 0.00 0.00 0.00 0.00 0.00 0.00 0.00 0.00 0.00 0.00 0.00 0.00 0.00 0.00 0.00 0.00 0.00 0.00 0.00 0.00 0.00 0.00 0.00 0.00 0.00 0.00 5.64 5.79 5.79 5.79 5.78 5.78 5.78 5.78 5.67 5.67 5.67 5.67 5.66 5.66 5.66 5.66 5.66 5.66 5.66 5.83 5.68 5.68 5.68 5.68 5.97 5.97 6.93 6.06 6.06 6.64 6.54 9.01 6.36 6.87 5.84 5.78 5.80 5.80 5.76 5.83
0.00 0.00 0.00 0.00 0.00 0.00 0.00 0.00 0.00 0.00 0.00 0.00 0.00 0.00 0.00 0.00 0.00 0.00 0.00 0.00 0.00 0.00 0.00 0.00 0.00 0.00 0.00 5.51 0.00 0.00 0.00 0.00 0.00 0.00 0.00 0.00 0.00 0.00 0.00 0.00 0.00 0.00 0.00 0.00 5.79 5.79 5.79 5.79 5.78 5.78 5.78 5.78 5.67 5.67 5.67 5.67 5.66 5.66 5.66 5.66 5.66 5.66 5.66 5.66 5.68 5.68 5.68 5.68 5.97 5.97 6.06 6.06 6.06 6.35 9.44 5.50 5.93 6.21 5.78 5.78 5.76 5.80 5.76 5.83
0.00 0.00 0.00 0.00 0.00 0.00 0.00 0.00 0.00 0.00 0.00 0.00 0.00 0.00 0.00 0.00 0.00 0.00 0.00 0.00 0.00 0.00 0.00 0.00 0.00 0.00 5.76 5.51 0.00 0.00 0.00 0.00 0.00 0.00 0.00 0.00 0.00 0.00 0.00 0.00 0.00 0.00 0.00 0.00 0.00 0.00 0.00 5.79 5.78 5.78 5.78 5.78 5.67 5.67 5.67 5.67 5.66 5.66 5.66 5.66 5.66 6.27 5.66 5.66 5.68 5.68 5.68 5.68 5.97 5.97 6.93 6.06 6.49 9.44 8.58 5.93 5.93 5.98 6.06 5.78 5.76 5.76 5.76 5.76
0.00 0.00 0.00 0.00 0.00 0.00 0.00 0.00 0.00 0.00 0.00 0.00 0.00 0.00 0.00 0.00 0.00 0.00 0.00 0.00 0.00 0.00 0.00 0.00 0.00 5.52 5.52 5.52 5.50 0.00 0.00 0.00 0.00 0.00 0.00 0.00 0.00 0.00 0.00 0.00 0.00 0.00 0.00 0.00 0.00 0.00 0.00 0.00 5.87 5.87 6.10 6.10 5.77 5.77 5.77 5.77 5.75 5.75 5.75 5.75 5.71 5.71 5.71 5.71 5.68 5.68 5.68 5.68 5.95 5.95 6.06 5.07 8.58 9.01 5.03 1.52 6.64 5.23 5.50 6.20 5.99 5.99 5.99 5.99
0.00 0.00 0.00 0.00 0.00 0.00 0.00 0.00 0.00 0.00 0.00 0.00 0.00 0.00 0.00 0.00 0.00 0.00 0.00 0.00 0.00 0.00 0.00 0.00 0.00 5.52 5.52 5.52 5.50 5.50 5.50 0.00 0.00 0.00 0.00 0.00 0.00 0.00 0.00 0.00 0.00 0.00 0.00 0.00 0.00 0.00 0.00 0.00 0.00 0.00 6.46 8.05 5.94 5.77 5.77 5.77 5.75 5.75 5.75 5.75 5.71 5.71 5.71 5.71 6.58 5.68 5.68 5.68 5.95 6.96 6.21 5.07 5.50 5.46 9.00 8.58 6.21 6.21 5.50 6.86 5.99 5.99 5.99 5.99
0.00 0.00 0.00 0.00 0.00 0.00 0.00 0.00 0.00 0.00 0.00 0.00 0.00 0.00 0.00 0.00 0.00 0.00 0.00 0.00 0.00 0.00 0.00 0.00 0.00 5.75 5.92 5.75 5.73 5.73 5.73 0.00 0.00 0.00 0.00 0.00 0.00 0.00 0.00 0.00 0.00 0.00 0.00 0.00 0.00 0.00 0.00 0.00 0.00 0.00 9.37 6.31 5.91 5.91 5.91 5.91 5.89 5.89 5.89 5.89 7.14 5.85 5.85 7.14 7.10 5.82 4.86 5.82 9.99 6.97 6.82 6.97 6.82 6.82 6.82 9.03 6.41 6.84 7.40 6.97 6.18 6.18 6.18 6.18
0.00 0.00 0.00 0.00 0.00 0.00 0.00 0.00 0.00 0.00 0.00 0.00 0.00 0.00 0.00 0.00 0.00 0.00 0.00 0.00 0.00 0.00 0.00 0.00 5.75 5.75 5.75 5.75 5.73 5.88 5.73 5.73 5.74 0.00 5.74 0.00 0.00 0.00 0.00 0.00 0.00 0.00 0.00 0.00 0.00 0.00 0.00 0.00 0.00 0.00 5.57 6.74 6.34 6.34 5.91 5.91 5.89 5.89 5.89 7.20 7.14 8.42 7.14 7.14 5.82 6.79 6.56 5.82 9.65 6.48 6.97 6.82 7.25 7.25 6.82 9.03 5.52 5.94 6.37 7.32 6.18 6.98 6.18 6.18
0.00 0.00 0.00 0.00 0.00 0.00 0.00 0.00 0.00 0.00 0.00 0.00 0.00 0.00 0.00 0.00 0.00 0.00 0.00 0.00 0.00 0.00 5.80 5.80 5.87 5.70 5.70 5.70 5.67 5.67 5.67 6.27 5.74 5.74 5.56 5.56 5.83 0.00 0.00 0.00 0.00 0.00 0.00 0.00 0.00 0.00 0.00 0.00 0.00 0.00 0.00 9.79 6.45 3.27 7.25 6.39 7.30 7.30 7.30 7.30 7.22 7.22 7.22 5.91 5.83 5.83 4.86 5.83 6.10 9.61 9.99 9.99 5.94 9.88 9.55 11.16 5.94 7.63 7.25 6.97 6.48 6.18 6.18 6.18
0.00 0.00 0.00 0.00 0.00 0.00 0.00 0.00 0.00 0.00 0.00 0.00 0.00 0.00 0.00 0.00 0.00 0.00 0.00 0.00 5.80 5.80 5.80 5.80 5.70 5.70 5.70 5.70 5.67 5.84 5.67 5.84 3.72 5.88 5.56 5.56 5.83 5.83 5.83 0.00 0.00 0.00 0.00 0.00 0.00 0.00 0.00 0.00 0.00 0.00 0.00 6.85 4.98 7.69 7.31 6.03 6.98 6.55 6.55 7.30 7.22 6.55 6.55 5.91 5.83 5.83 5.83 5.83 6.10 6.10 9.61 6.48 9.99 9.99 6.90 8.09 7.57 6.21 6.21 6.48 7.74 6.18 6.18 6.18
0.00 0.00 0.00 0.00 0.00 0.00 0.00 0.00 0.00 0.00 0.00 0.00 0.00 0.00 0.00 0.00 2.74 5.47 0.00 0.00 5.80 5.80 5.80 5.80 5.87 5.87 5.70 5.70 5.84 5.67 5.67 5.84 5.74 5.51 5.74 5.74 5.83 6.62 6.21 6.21 5.94 0.00 0.00 0.00 0.00 0.00 0.00 0.00 0.00 0.00 0.00 7.71 8.92 10.39 11.25 11.25 5.60 6.39 6.55 7.30 7.22 6.70 6.66 5.91 5.83 5.83 6.57 5.83 6.10 6.89 6.10 6.10 6.48 6.48 6.91 6.37 7.01 6.21 6.21 6.21 6.48 6.18 6.18 6.18
0.00 0.00 0.00 0.00 0.00 0.00 0.00 0.00 0.00 0.00 0.00 0.00 0.00 0.00 0.00 0.00 5.47 5.47 5.47 5.47 5.80 5.96 5.97 5.80 5.70 5.70 5.70 5.70 5.67 5.67 5.67 5.67 5.74 5.74 5.74 5.74 5.83 6.22 5.83 6.21 5.86 0.00 0.00 0.00 0.00 0.00 0.00 0.00 0.00 0.00 0.00 7.71 6.27 5.41 10.39 10.34 6.82 6.08 6.08 5.96 5.91 5.91 5.91 5.91 5.83 5.83 6.57 5.83 6.10 6.10 6.10 6.10 6.48 6.48 6.48 6.18 6.21 6.21 6.21 6.21 6.48 6.18 6.99 6.18
0.00 0.00 0.00 0.00 0.00 0.00 0.00 0.00 0.00 0.00 0.00 0.00 0.00 2.74 5.47 5.47 5.45 5.45 5.45 5.45 5.74 5.74 5.74 5.74 5.63 5.63 5.63 5.63 5.82 5.67 5.67 5.67 5.79 5.79 5.79 5.79 5.89 5.89 6.32 6.32 6.34 0.00 0.00 0.00 0.00 0.00 0.00 0.00 0.00 0.00 7.13 9.00 10.42 9.35 10.82 7.69 6.03 6.08 5.99 5.99 5.95 5.95 5.95 5.95 5.85 5.85 5.85 5.85 6.06 6.06 6.06 6.06 7.84 6.48 6.48 6.12 6.17 6.17 6.17 6.17 6.48 6.18 6.18 6.18
0.00 0.00 0.00 0.00 0.00 0.00 0.00 0.00 0.00 0.00 0.00 0.00 2.74 5.47 5.47 5.47 5.45 5.45 5.45 5.45 5.74 5.74 5.74 5.74 6.60 6.11 5.63 5.63 5.67 5.67 5.67 5.67 5.79 5.79 5.79 5.79 4.25 7.12 7.98 6.28 0.86 0.00 0.00 0.00 0.00 0.00 0.00 0.00 0.00 5.14 5.92 6.35 10.88 9.97 10.10 6.03 7.25 6.08 6.53 6.41 7.16 6.73 5.95 5.95 5.85 5.85 5.85 5.85 6.06 6.06 6.06 6.06 6.12 6.12 6.48 6.12 6.17 6.17 6.17 6.17 6.18 6.98 6.18 6.94
0.00 0.00 0.00 0.00 0.00 0.00 0.00 0.00 0.00 0.00 0.00 0.00 5.47 5.47 5.47 5.47 5.45 5.45 5.45 5.45 5.74 5.74 5.74 5.74 5.79 5.63 5.79 5.63 5.67 5.67 5.67 5.67 5.79 5.79 5.79 5.79 6.22 6.64 7.14 3.77 10.22 0.00 0.00 0.00 0.00 0.00 0.00 0.00 5.57 5.92 5.92 5.92 6.08 6.10 9.48 9.54 9.11 6.40 6.82 7.68 6.51 5.95 5.95 5.95 5.85 5.85 5.85 5.85 6.06 6.06 6.06 6.06 6.12 6.12 6.12 6.12 6.17 6.17 6.17 6.17 6.18 6.18 6.18 6.18
0.00 0.00 0.00 0.00 0.00 0.00 0.00 0.00 0.00 0.00 0.00 2.74 5.47 5.47 5.47 5.47 5.45 5.45 5.72 5.45 5.74 5.74 5.74 5.74 5.63 5.63 5.63 5.63 5.67 5.67 5.67 5.67 5.79 5.79 3.72 5.79 7.12 7.50 6.42 3.25 6.28 8.94 0.00 0.00 0.00 0.00 0.00 6.00 8.04 5.92 5.92 5.92 5.97 6.08 7.99 6.45 6.45 5.60 5.17 2.41 6.39 6.08 5.95 6.69 5.85 5.85 5.85 7.09 7.08 6.06 6.06 6.06 6.12 6.12 6.12 7.72 6.17 6.17 6.17 6.17 6.18 6.18 6.18 6.18
0.00 0.00 0.00 0.00 0.00 0.00 0.00 0.00 0.00 0.00 5.50 5.50 5.73 5.46 5.46 5.46 5.39 5.66 5.39 5.39 5.64 5.64 5.64 5.64 5.63 5.63 5.63 5.63 5.78 5.78 5.78 5.78 5.88 5.88 5.88 5.88 5.92 7.07 6.65 4.25 6.28 2.49 6.00 5.57 0.00 3.94 6.42 3.77 7.42 5.92 5.92 5.92 5.96 5.96 6.40 6.40 7.25 6.40 5.88 7.25 6.94 6.51 6.72 5.96 5.89 5.89 5.89 6.67 6.04 6.81 6.04 6.04 6.82 6.04 6.82 6.84 6.11 6.11 6.11 6.11 6.10 6.10 6.10 6.10
0.00 0.00 0.00 0.00 0.00 0.00 0.00 0.00 0.00 0.00 5.58 5.03 5.46 5.46 5.73 5.46 5.39 5.39 5.39 5.39 5.64 5.64 5.64 5.64 5.63 5.63 5.63 5.63 5.78 5.78 5.78 5.78 5.88 5.88 5.88 5.88 5.92 7.19 6.64 6.22 9.53 6.85 5.49 9.00 4.63 4.83 3.77 6.71 7.07 7.19 6.22 6.22 5.96 5.96 5.96 6.10 6.40 6.40 7.73 7.73 7.29 6.03 5.96 5.96 5.89 6.63 5.89 5.89 6.04 6.04 6.04 6.04 6.04 6.04 6.04 6.04 6.11 6.11 6.11 6.11 6.10 6.10 6.10 6.10
0.00 0.00 0.00 0.00 0.00 0.00 0.00 0.00 0.00 0.00 0.00 5.03 4.99 5.46 5.46 5.46 5.39 5.39 5.39 5.39 5.64 5.64 5.64 5.64 5.63 5.63 5.63 5.63 5.78 5.78 5.78 5.78 5.88 5.88 5.88 5.88 5.92 5.92 7.19 6.64 6.34 8.43 8.57 9.43 5.83 8.00 6.92 6.50 6.64 6.64 6.22 6.22 5.96 5.96 5.96 5.96 6.08 6.08 6.40 7.30 7.29 5.96 5.96 5.96 5.89 5.89 5.89 5.89 6.04 6.04 6.04 6.04 6.04 6.04 6.04 6.04 6.11 6.11 6.11 6.11 6.10 6.10 6.10 6.10
0.00 0.00 0.00 0.00 0.00 0.00 0.00 0.00 0.00 0.00 0.00 5.03 4.99 4.99 4.99 5.46 5.39 5.39 5.39 5.39 5.64 5.64 5.64 5.64 5.63 5.63 5.63 5.63 5.78 5.78 5.78 5.78 5.88 5.88 5.88 5.88 5.92 5.92 6.64 10.15 6.65 7.21 7.14 5.99 7.07 6.65 6.42 6.50 6.50 6.50 6.64 6.21 5.96 5.96 5.96 5.96 5.97 6.08 6.40 6.40 6.55 7.71 5.96 5.96 5.89 5.89 5.89 6.67 6.04 6.04 6.04 6.04 6.04 6.04 6.04 6.04 6.11 6.11 6.11 6.11 6.10 6.10 6.10 6.10
0.00 0.00 0.00 0.00 0.00 0.00 0.00 0.00 0.00 0.00 0.00 5.03 4.99 4.99 4.99 4.99 5.34 5.34 5.34 5.34 5.79 5.62 5.62 5.62 5.73 5.73 6.64 6.64 6.83 6.83 5.88 5.88 5.68 5.68 5.23 6.76 7.23 7.23 6.64 9.73 5.13 5.43 5.86 5.56 6.21 6.22 6.22 6.50 7.19 6.50 6.50 7.19 5.94 5.94 5.94 5.94 5.92 5.92 7.23 7.23 6.40 7.24 7.24 5.92 5.86 5.86 5.86 5.86 6.00 6.00 6.00 6.00 6.00 6.00 6.00 6.00 6.08 6.08 6.08 6.08 6.08 6.08 6.08 6.08
0.00 0.00 0.00 0.00 0.00 0.00 0.00 0.00 0.00 0.00 0.00 5.03 4.99 4.99 4.99 4.99 4.92 5.60 5.34 5.34 5.94 5.62 5.62 5.62 5.73 6.64 6.64 6.64 6.83 6.83 5.88 5.88 5.68 6.76 5.23 6.76 5.88 7.07 7.93 11.44 8.42 6.50 5.86 5.56 6.21 6.21 6.22 6.22 5.92 6.22 6.64 5.92 5.94 5.94 5.94 5.94 5.92 5.92 5.92 5.92 5.92 5.92 5.92 5.92 5.86 5.86 5.86 5.86 6.00 6.00 6.00 6.00 6.00 6.00 6.00 6.00 6.08 6.08 6.08 6.96 6.08 6.08 6.08 6.08
0.00 0.00 0.00 0.00 5.55 0.00 0.00 0.00 0.00 0.00 0.00 5.54 5.50 5.50 5.50 5.50 5.40 5.40 5.40 5.89 5.79 5.79 5.79 5.79 5.78 6.99 6.99 6.99 7.19 7.60 7.19 7.19 7.26 7.26 7.26 7.30 7.75 7.61 8.47 10.37 7.61 7.04 7.18 5.82 7.77 6.70 6.70 6.30 6.28 6.28 6.28 6.28 6.47 6.47 7.24 6.47 6.45 6.45 6.45 6.45 6.46 6.46 6.46 6.46 7.14 6.39 6.39 6.39 7.28 6.52 6.52 6.52 6.52 6.52 6.52 6.52 6.60 6.60 6.60 6.60 6.61 6.61 6.61 6.61
0.00 0.00 0.00 5.22 5.55 5.55 0.00 0.00 0.00 5.54 5.54 5.54 5.50 5.50 5.50 5.50 5.40 5.40 5.40 5.40 5.79 5.79 5.79 5.79 5.78 6.99 6.99 6.99 7.19 7.19 7.19 7.60 7.26 7.26 7.26 5.95 6.31 7.18 7.61 11.12 7.18 7.04 7.04 7.04 7.04 7.04 6.30 6.30 6.28 6.28 6.28 6.28 6.47 6.47 7.22 6.47 6.45 6.45 6.45 7.18 6.46 6.46 6.46 6.46 6.39 6.39 6.39 6.39 6.52 6.52 6.52 6.52 6.52 8.33 6.52 6.52 6.60 6.60 6.60 6.60 6.61 6.61 6.61 6.61
5.23 5.23 5.23 5.23 5.55 5.55 6.04 6.04 5.56 5.56 6.20 5.56 5.53 5.53 5.53 5.53 5.44 5.91 5.44 5.44 5.60 5.60 5.73 5.73 5.81 7.04 7.04 7.04 7.20 7.60 7.20 7.20 7.28 7.28 5.97 5.97 6.70 7.04 7.61 9.76 7.47 8.12 7.18 7.04 7.04 7.04 6.31 7.10 6.26 7.07 7.07 6.26 6.43 6.43 6.43 6.43 6.33 6.33 6.33 6.33 6.29 6.29 6.29 6.29 7.06 6.26 6.26 7.10 7.24 6.49 8.27 8.27 8.36 8.36 6.54 6.54 6.57 6.57 6.57 6.57 6.60 7.36 6.60 6.60
5.23 5.23 5.23 5.74 5.55 5.55 5.55 5.55 5.56 6.05 5.56 5.56 5.53 5.53 5.53 5.53 5.44 5.44 5.44 5.44 5.60 5.60 5.60 5.73 5.81 5.81 7.04 7.04 7.20 7.20 7.20 7.20 5.97 5.97 5.97 5.97 7.04 7.04 7.18 7.41 9.76 7.61 7.72 7.04 7.53 7.18 6.31 6.31 6.26 6.26 6.26 6.26 6.43 6.43 7.18 7.46 7.15 6.33 6.33 6.33 6.29 6.29 6.29 6.29 6.26 6.26 6.26 6.26 6.49 6.49 8.27 6.49 8.36 6.82 6.54 6.54 6.57 6.57 6.57 8.40 6.60 6.60 6.60 6.82
5.23 5.23 5.68 5.23 5.55 5.55 5.55 5.55 5.56 5.56 6.05 5.56 5.53 5.53 5.53 5.53 5.44 5.44 5.44 5.44 5.60 5.60 5.60 5.60 5.68 5.81 7.04 7.04 5.91 5.91 5.91 5.91 5.97 5.97 5.97 6.61 7.04 7.04 7.18 5.82 9.33 6.70 6.70 6.71 7.18 7.18 6.71 6.31 6.26 6.26 6.26 6.26 6.43 6.43 6.43 6.43 6.33 6.33 6.33 6.33 6.29 6.29 6.29 6.29 6.26 6.26 6.26 7.06 6.49 6.49 6.49 6.49 6.54 6.54 6.54 6.54 6.57 6.57 6.57 8.40 6.60 6.60 6.82 7.52
5.23 5.23 5.23 5.23 5.55 5.55 5.55 5.55 5.56 5.56 5.56 5.56 5.53 5.53 5.53 5.53 5.44 5.44 5.44 5.44 5.60 5.60 5.60 5.60 5.68 5.68 5.81 5.81 5.91 5.91 5.91 5.91 5.97 5.97 5.97 6.61 6.32 6.32 7.88 6.44 5.82 6.70 6.33 6.71 6.70 7.04 7.04 6.31 6.26 6.26 6.26 6.26 7.14 6.43 6.43 6.43 6.33 6.33 6.33 6.33 6.29 6.29 6.29 6.29 6.26 6.26 6.26 6.26 6.49 6.49 6.49 6.49 6.54 6.54 6.54 6.54 6.57 6.57 6.82 6.82 6.60 6.60 6.82 6.82
5.21 5.21 5.79 5.21 5.53 5.53 5.53 5.53 5.54 5.54 5.54 5.54 5.53 6.01 5.53 5.53 5.48 5.48 5.48 5.48 5.64 5.64 5.64 5.64 5.65 5.65 5.65 5.65 5.88 5.88 5.88 5.88 5.96 5.96 7.27 8.07 7.12 6.31 6.70 7.10 6.69 7.14 6.32 6.70 6.71 7.18 7.18 7.74 8.05 7.60 6.21 6.21 6.29 6.29 6.29 6.29 6.20 6.20 6.20 6.20 6.22 6.22 6.22 6.22 6.25 6.25 6.25 6.25 6.57 6.57 6.57 6.57 6.61 6.61 6.61 6.61 7.34 6.58 8.41 8.41 6.82 6.82 6.82 6.82
5.21 5.21 5.21 5.21 5.53 6.01 5.53 5.53 5.54 5.54 5.54 5.54 5.53 5.53 5.53 6.00 5.48 5.48 5.48 5.48 5.64 5.64 5.64 5.64 5.65 5.65 5.65 5.65 5.77 5.88 5.88 5.88 5.96 7.27 7.27 5.96 6.31 6.31 6.70 6.44 7.04 7.18 6.32 6.71 6.71 6.71 6.71 7.74 7.60 6.21 6.21 6.21 6.29 6.29 6.29 6.29 6.20 6.20 6.20 6.20 6.22 6.22 6.22 6.22 6.25 6.25 6.25 6.25 6.57 6.57 6.57 6.57 6.61 6.61 6.61 6.61 6.58 7.34 6.58 6.58 6.82 6.82 6.82 6.82
5.21 5.21 5.21 5.21 5.53 5.53 5.53 5.53 5.54 5.54 5.54 5.54 5.53 5.53 5.53 5.53 5.48 5.48 5.48 5.48 5.64 5.64 5.64 6.14 5.65 5.65 5.65 5.65 5.77 5.77 5.88 5.88 6.69 7.27 7.27 7.61 7.12 6.31 7.75 7.61 7.36 7.18 6.55 6.71 6.30 7.11 6.30 6.30 6.21 6.21 6.21 6.21 6.29 6.29 6.29 7.09 6.20 6.20 6.20 6.20 6.22 6.22 6.22 6.22 6.25 6.25 6.25 6.25 6.57 6.57 6.57 6.57 6.61 6.61 6.61 6.61 6.58 6.58 6.58 6.58 6.82 6.82 6.82 6.82
5.21 5.21 5.21 5.21 5.53 6.50 5.53 5.53 5.54 5.54 5.54 5.54 5.53 5.53 5.53 5.53 5.48 5.48 5.48 5.48 5.64 5.64 5.64 5.64 5.65 5.65 5.65 5.65 5.77 5.77 5.77 6.26 5.96 7.27 5.96 6.79 6.31 6.31 7.75 7.04 7.04 7.04 7.77 7.13 6.30 6.30 6.30 6.30 6.21 6.21 7.00 6.21 6.56 8.03 8.03 9.15 6.20 6.20 6.20 6.20 6.22 6.22 6.22 6.22 6.25 6.25 6.25 6.25 6.57 6.57 6.57 6.57 6.61 7.38 6.61 6.61 6.58 6.58 6.58 6.58 6.82 6.82 6.82 6.82
5.17 5.17 5.17 5.74 5.50 5.50 5.98 5.50 5.48 5.48 5.48 6.24 5.43 5.43 5.43 5.43 5.39 5.39 5.39 5.39 5.61 5.61 5.61 5.61 5.64 5.64 5.64 5.64 5.72 6.99 5.72 5.72 5.79 5.90 6.64 5.90 6.26 6.26 7.06 6.26 6.70 7.70 7.70 6.28 7.01 6.22 6.22 7.01 6.08 6.08 6.08 6.08 7.89 8.21 6.29 7.89 7.96 6.24 6.24 6.24 6.32 6.32 6.32 6.32 6.36 6.36 6.36 6.36 6.65 6.65 6.65 6.65 6.64 6.64 6.64 6.64 6.61 6.61 6.61 6.61 6.82 6.82 6.82 6.82
5.17 5.17 5.17 5.17 5.50 5.98 5.50 5.50 5.48 5.48 5.48 5.48 5.90 5.43 5.43 5.43 5.39 5.39 5.85 5.39 5.61 5.61 5.61 5.61 5.64 5.64 5.64 5.64 6.20 5.72 5.72 5.72 5.79 5.79 5.79 5.90 6.26 6.26 6.26 6.26 6.28 6.28 6.28 6.28 6.22 6.22 6.22 6.22 6.08 6.08 6.08 6.08 7.89 7.89 7.89 7.89 6.24 6.24 6.24 6.24 6.32 6.32 6.32 6.32 6.36 6.36 6.36 6.36 6.65 6.65 6.65 6.65 6.64 7.41 6.64 6.64 6.61 6.61 6.61 6.61 6.57 6.82 6.82 6.82
