New_Model_Runs/8_Future_Present_Scn1_out/post_prcessed_with_MFR/Monthly_summaries/net_infiltration_monthly_SEP.asc
NCOLS 700
NROWS 400
XLLCENTER 515000.000000
YLLCENTER 8409000.000000
CELLSIZE 50.000000
NODATA_value -999.000000
[rows 190 to 227 of 400, columns 168 to 251 of 700]
8.01 8.01 6.15 6.15 6.15 8.01 8.16 8.01 8.20 8.20 7.41 7.41 7.71 7.31 7.31 7.31 7.33 7.33 7.33 7.33 7.36 8.52 7.76 7.36 7.14 7.14 7.14 7.66 7.53 7.53 7.53 7.53 8.06 7.46 7.46 7.46 7.45 7.45 7.45 7.45 7.30 7.30 7.30 7.30 7.35 7.35 7.35 7.35 7.41 7.41 7.41 8.63 7.39 7.39 7.39 8.09 7.14 7.14 7.14 7.14 7.19 7.19 7.19 8.38 8.45 8.45 8.21 7.24 7.23 7.23 7.23 7.37 7.42 7.42 7.42 7.42 7.37 7.37 7.37 6.83 6.81 6.81 6.81 6.81
8.01 8.01 8.16 7.72 8.01 8.01 8.01 8.01 8.20 7.41 7.41 7.41 7.31 7.71 7.31 7.31 7.33 7.72 7.33 7.33 7.36 7.36 7.36 7.36 7.14 7.14 7.14 7.14 7.53 7.53 7.53 7.53 7.46 8.64 7.46 7.46 7.45 8.06 8.05 7.45 7.30 7.30 7.30 7.30 7.35 7.35 7.35 7.35 7.41 7.41 7.41 8.63 8.11 7.39 7.39 7.39 7.14 7.14 7.14 7.14 7.19 7.19 7.19 7.19 8.45 8.45 8.45 7.24 7.23 7.23 7.23 7.37 7.42 7.42 8.85 7.42 8.36 7.37 8.82 6.83 6.81 6.81 6.81 6.81
8.02 8.17 8.02 7.73 7.99 7.99 7.99 7.99 7.38 7.38 7.38 7.38 7.30 7.72 7.30 7.30 7.32 7.32 7.32 7.32 7.35 7.35 7.35 7.35 7.12 7.12 7.12 7.12 8.15 7.54 7.54 7.54 7.47 7.47 7.47 7.47 7.43 8.03 7.43 7.43 7.24 7.95 7.95 7.24 7.33 7.33 7.33 7.33 7.43 7.43 8.66 8.66 8.32 8.13 7.40 8.26 7.11 7.11 7.11 7.11 7.13 7.46 7.13 7.13 7.23 8.43 8.43 8.43 7.24 7.24 7.38 7.38 7.40 7.40 8.40 8.39 7.37 7.37 7.37 6.83 6.80 6.80 6.80 6.80
8.02 8.02 7.27 8.02 10.05 7.24 7.24 7.24 7.38 7.38 7.38 7.38 7.30 7.30 7.30 7.30 7.32 7.32 7.32 7.32 7.35 7.35 7.35 7.35 7.12 7.12 7.12 7.12 7.54 7.54 7.54 7.54 7.47 7.47 7.47 7.47 7.43 7.43 7.43 7.43 7.24 7.24 7.24 7.24 7.33 7.33 7.33 7.33 7.43 7.43 7.43 7.43 9.45 7.40 7.40 7.40 7.11 7.11 7.11 7.11 8.21 7.13 7.13 7.13 7.23 7.23 8.43 8.43 7.24 7.24 8.37 7.38 7.40 7.40 7.40 7.40 7.37 8.64 7.37 7.37 6.80 6.80 6.80 6.80
10.99 7.75 7.75 7.75 8.60 7.72 7.72 7.72 8.12 8.12 8.12 8.12 8.04 8.04 8.04 8.04 8.06 10.16 8.06 8.06 8.09 8.87 8.09 8.09 8.50 8.50 8.50 8.50 8.45 9.25 9.25 8.45 8.38 8.38 8.38 8.38 8.34 9.87 8.34 8.34 8.29 9.08 8.29 8.29 8.38 8.38 8.38 8.38 8.49 8.49 8.49 9.29 10.00 10.00 8.46 8.46 7.94 7.94 7.94 7.94 7.96 7.96 7.96 7.96 8.06 8.06 9.79 9.79 8.07 8.07 8.51 8.51 8.38 8.38 8.38 8.38 8.34 8.34 9.52 8.34 7.65 7.65 7.65 7.65
7.75 7.75 7.75 7.75 7.72 8.60 7.72 7.72 8.12 8.12 8.12 8.12 8.04 8.04 8.04 8.04 8.06 8.06 8.06 8.06 8.09 8.09 8.09 8.09 8.50 8.50 8.50 8.50 8.45 8.45 8.45 8.45 8.38 9.92 8.38 8.38 8.34 8.34 8.34 8.34 9.81 9.08 8.29 8.29 8.38 8.38 8.38 8.38 8.49 8.49 8.49 8.49 8.46 8.46 8.46 8.46 7.94 7.94 7.94 7.94 7.96 7.96 7.96 7.96 8.06 8.06 9.79 9.79 12.99 8.51 8.51 8.51 8.38 8.38 8.38 8.38 8.34 8.34 8.34 8.34 8.31 7.65 7.65 7.65
7.72 7.72 7.72 7.72 7.70 7.70 7.70 7.70 8.12 8.12 8.12 8.12 8.04 8.04 8.04 8.04 8.82 8.83 8.05 8.05 8.08 8.08 8.08 8.86 8.48 8.48 8.48 8.48 8.42 8.42 8.42 8.42 8.35 8.35 8.35 8.35 8.30 8.30 8.30 8.30 8.29 8.29 8.29 8.29 8.40 8.40 8.40 9.19 8.49 8.49 8.49 8.49 8.44 8.44 9.23 8.44 7.92 7.92 7.92 7.92 7.97 7.97 7.97 7.97 8.10 8.10 9.84 9.84 13.34 9.75 8.54 8.54 8.39 8.39 8.39 8.39 8.32 8.32 8.32 8.32 9.48 8.87 7.65 9.43
7.72 7.72 7.72 7.72 7.70 7.70 7.70 7.70 8.90 8.12 8.12 8.12 8.04 8.04 8.04 8.04 8.05 8.05 8.05 8.05 8.08 8.08 8.08 8.08 9.28 8.48 8.48 8.48 8.42 8.42 8.42 8.42 8.35 8.35 8.35 8.35 8.30 8.30 8.30 8.30 9.08 8.29 8.29 8.29 8.40 8.40 8.40 8.40 8.49 8.49 8.49 8.49 8.44 8.44 8.44 8.44 7.92 7.92 7.92 7.92 7.97 7.97 7.97 7.97 8.10 8.10 9.84 9.84 8.10 8.54 8.54 9.72 9.58 8.39 8.39 8.39 8.32 8.32 8.32 8.32 8.31 7.65 7.65 7.65
7.72 7.72 7.72 7.72 7.70 7.70 7.70 7.70 8.12 8.12 8.12 8.88 8.04 8.04 8.04 8.04 8.05 8.05 8.05 8.05 8.08 9.58 8.08 8.08 8.48 8.48 8.48 8.48 8.42 9.22 9.22 8.42 8.35 9.14 8.35 9.14 8.30 8.30 8.30 8.30 8.29 8.29 8.29 8.29 8.40 8.40 8.40 8.40 8.49 8.49 8.49 8.49 8.44 8.44 8.44 8.44 7.92 7.92 7.92 7.92 7.97 7.97 7.97 7.97 8.10 8.10 9.84 11.69 8.54 8.54 8.54 8.54 8.39 8.39 8.39 8.39 8.32 8.32 8.32 8.32 8.31 8.31 7.65 7.65
7.72 8.59 7.72 7.72 7.70 7.70 7.70 7.70 8.12 8.12 8.90 8.88 8.04 8.04 8.04 8.04 9.53 8.05 8.05 8.05 8.08 8.08 8.85 8.08 9.27 8.48 8.48 8.48 8.42 9.21 8.42 8.42 8.35 8.35 8.35 8.35 8.30 8.30 8.30 8.30 8.29 8.29 8.29 8.29 8.40 8.40 8.40 8.40 8.49 8.49 8.49 8.49 9.23 9.23 8.44 8.44 7.92 7.92 7.92 7.92 7.97 7.97 7.97 7.97 8.10 8.10 8.10 8.10 8.54 8.54 8.54 8.54 8.39 8.39 8.39 8.39 8.32 8.32 8.32 8.32 8.31 8.31 7.65 7.65
7.67 7.67 7.67 7.67 7.68 7.68 8.55 7.68 8.11 8.11 8.11 8.11 8.04 8.04 8.04 8.04 8.81 8.03 8.03 8.03 8.04 8.04 8.04 10.06 8.44 8.44 8.44 8.44 8.36 9.15 8.36 8.36 8.29 9.57 8.29 8.29 9.14 8.35 8.35 8.35 8.38 8.38 8.38 8.38 8.46 8.46 8.46 8.46 8.50 8.50 8.50 8.50 8.43 8.43 8.43 8.43 7.91 7.91 7.91 7.91 8.03 8.03 8.03 8.03 8.14 8.14 8.14 8.14 8.57 9.78 8.57 8.57 8.42 8.42 8.42 8.42 8.35 8.35 8.35 8.35 8.31 8.31 8.31 7.66
7.67 7.67 7.67 7.67 7.68 7.68 7.68 9.44 9.62 8.11 8.11 8.11 8.81 8.04 8.04 8.04 8.03 8.03 8.80 8.03 8.04 8.04 8.04 8.81 9.24 8.44 8.44 8.44 8.36 8.36 8.36 8.36 8.29 8.29 9.07 8.29 8.35 8.35 8.35 8.35 8.38 8.38 8.38 8.38 8.46 8.46 8.46 8.46 8.50 8.50 8.50 8.50 8.43 8.43 8.43 9.14 7.91 7.91 7.91 7.91 8.03 8.03 8.03 8.80 8.14 8.14 8.14 9.79 8.57 8.57 9.78 9.75 11.11 9.61 8.42 8.42 8.35 8.35 8.35 8.35 8.31 8.31 8.31 7.66
8.54 7.67 7.67 7.67 7.68 7.68 7.68 7.68 8.11 8.11 8.11 8.11 8.04 8.04 8.04 8.04 8.80 8.03 8.03 8.03 8.04 8.04 8.04 8.04 8.44 9.24 9.24 8.44 8.36 8.36 8.36 8.36 8.29 8.29 8.29 8.29 8.35 8.35 8.35 8.35 8.38 8.38 8.38 8.38 8.46 8.46 8.46 8.46 8.50 8.50 8.50 9.30 8.43 8.43 9.22 8.43 7.91 7.91 7.91 7.91 8.03 8.03 8.03 8.03 8.14 8.14 8.14 8.58 8.57 8.57 8.57 8.57 8.42 8.42 9.61 11.06 9.52 8.35 8.35 8.35 8.31 8.31 8.31 7.66
7.67 7.67 7.67 8.49 7.68 7.68 7.68 7.68 8.11 8.11 8.11 8.11 8.04 8.04 8.04 8.04 8.03 8.03 8.80 8.03 8.04 8.04 8.80 8.04 8.44 8.44 8.44 9.22 8.36 8.36 8.36 8.36 8.29 8.29 8.29 8.29 8.35 8.35 8.35 8.35 8.38 8.38 8.38 8.38 8.46 8.46 8.46 8.46 8.50 8.50 8.50 8.50 8.43 9.21 8.43 8.43 9.39 7.91 7.91 7.91 8.03 8.03 8.03 8.03 8.14 8.14 8.14 8.58 8.57 8.57 8.57 8.57 8.42 9.60 8.42 9.60 8.35 9.52 8.35 9.51 8.31 9.48 8.31 8.31
7.65 7.65 7.65 7.65 7.66 7.66 7.66 7.66 8.07 8.07 8.07 8.07 8.03 8.03 8.03 8.03 8.00 8.00 8.00 8.77 8.00 8.00 8.77 8.00 9.20 8.41 9.20 8.41 9.10 8.31 8.31 8.31 8.34 8.34 8.34 8.34 8.49 8.49 8.49 8.49 8.50 8.50 8.50 8.50 8.54 8.54 8.54 8.54 8.52 8.52 8.52 8.52 8.39 8.39 8.39 8.39 7.93 7.93 7.93 7.93 8.09 8.09 8.09 8.09 8.16 8.16 10.21 10.85 9.77 8.56 8.56 8.56 8.39 8.39 8.39 8.39 8.33 9.50 9.50 8.33 8.29 8.29 8.29 9.95
7.65 8.43 7.65 7.65 7.66 7.66 7.66 7.66 8.07 8.07 8.07 8.86 8.80 8.03 8.03 8.03 8.00 8.00 8.00 8.77 8.00 8.00 8.00 8.77 8.41 8.41 8.41 8.41 8.31 8.31 8.31 8.31 8.34 8.34 8.34 8.34 8.49 8.49 8.49 8.49 8.50 8.50 8.50 8.50 8.54 8.54 8.54 8.54 8.52 8.52 9.84 8.52 8.39 8.39 8.39 8.39 7.93 7.93 7.93 7.93 8.09 8.09 8.09 8.09 8.16 8.95 8.60 8.60 8.56 8.56 10.81 8.56 8.39 8.39 8.39 8.39 8.33 8.33 9.50 8.33 8.29 8.29 8.29 9.46
7.65 7.65 7.65 7.65 8.44 7.66 7.66 7.66 8.07 8.07 8.07 8.07 8.03 8.80 8.03 8.03 8.00 8.00 8.00 8.00 8.00 8.00 8.00 8.00 9.89 8.41 8.41 8.41 9.10 8.31 8.31 8.31 8.34 8.34 8.34 8.34 9.26 9.29 8.49 8.49 9.31 8.50 8.50 8.50 8.54 8.54 8.54 9.34 10.08 9.32 9.32 8.52 8.39 8.39 8.39 8.39 7.93 7.93 7.93 7.93 8.09 8.09 8.09 8.09 8.16 8.16 10.86 8.60 8.56 8.56 8.56 8.56 8.39 8.39 8.39 8.39 8.33 8.33 8.33 8.33 8.29 8.29 8.29 8.29
7.65 7.65 7.65 7.65 7.66 7.66 7.66 7.66 8.07 8.07 8.07 8.07 8.03 8.80 8.03 8.03 8.00 8.00 8.00 8.00 8.00 8.78 8.00 8.00 8.41 8.41 8.41 8.41 9.10 8.31 8.31 8.31 8.34 8.81 8.34 8.34 8.49 8.49 8.49 8.49 8.50 8.50 8.50 8.50 8.54 8.54 8.54 8.54 8.52 8.52 8.52 8.52 8.39 8.39 8.39 8.39 7.93 7.93 7.93 7.93 8.09 8.09 8.09 8.09 8.16 8.60 8.60 8.60 8.56 8.56 8.56 8.56 9.57 8.39 8.39 9.56 8.33 8.33 8.33 8.33 8.29 8.29 8.29 8.29
7.59 7.59 7.59 7.59 7.58 7.58 7.58 7.58 8.02 8.80 8.02 8.80 8.00 8.00 8.00 8.00 7.96 7.96 7.96 7.96 7.96 8.78 7.96 7.96 8.38 9.17 8.38 8.38 8.35 8.35 8.35 7.71 9.53 8.42 8.42 8.42 8.55 8.55 8.55 8.55 8.55 8.55 8.55 8.55 9.36 8.55 9.36 8.55 9.25 8.45 8.45 8.45 8.33 8.33 8.33 8.33 8.01 8.01 8.01 8.01 8.15 8.15 8.15 8.15 8.13 8.57 9.79 8.57 8.49 8.49 8.49 8.49 8.35 8.35 9.53 8.35 8.32 8.32 8.32 8.32 8.28 8.28 8.28 8.28
7.59 7.59 7.59 7.59 7.58 7.58 7.58 9.15 8.02 8.02 8.02 8.02 8.00 8.00 8.00 8.00 7.96 8.78 8.78 8.75 8.75 8.78 7.96 7.96 8.38 8.38 8.38 8.38 8.35 8.35 9.39 8.89 9.53 8.42 8.42 8.42 8.55 8.55 8.55 8.55 8.55 8.55 9.35 9.64 8.55 8.55 8.55 8.55 8.45 8.45 8.45 8.45 8.33 8.33 9.11 8.33 8.01 8.01 8.01 8.01 8.15 8.15 8.15 8.15 8.13 10.32 8.57 8.57 8.49 8.49 8.49 8.49 8.35 8.35 9.69 9.52 8.32 9.49 9.49 10.61 9.44 8.28 8.28 8.28
8.90 8.90 8.90 8.90 8.89 9.75 8.89 9.75 9.51 9.51 9.51 10.43 10.40 9.49 10.40 9.94 10.11 10.11 10.28 10.28 12.57 10.35 9.44 9.44 9.83 9.83 9.27 9.83 9.79 9.79 9.64 10.68 9.02 9.02 9.02 9.02 10.82 9.16 9.16 9.90 9.58 9.73 9.73 9.73 9.74 9.74 9.74 9.74 9.63 9.63 9.63 9.63 9.49 9.49 9.49 9.49 9.02 9.02 9.02 9.02 9.17 9.17 10.71 9.86 8.08 8.08 9.18 8.08 8.01 8.01 9.09 8.01 8.96 8.96 8.96 8.96 8.93 8.93 8.93 8.93 8.88 10.14 8.88 8.88
8.90 8.90 8.90 8.90 8.89 8.89 8.89 8.89 9.51 9.51 9.51 9.51 9.49 9.49 9.49 10.10 10.11 11.03 11.03 9.70 9.93 9.44 9.44 9.44 9.96 10.11 11.74 11.74 10.94 9.79 9.79 9.79 9.02 9.02 9.02 9.77 9.16 9.16 9.16 9.16 9.73 9.73 9.73 9.73 9.74 9.74 9.59 9.74 9.63 9.63 9.63 9.63 9.49 10.42 9.49 9.49 9.02 9.02 9.02 9.91 10.04 10.06 10.06 9.17 8.08 8.08 8.08 8.08 8.01 9.08 8.01 8.01 8.96 8.96 8.96 8.96 8.93 8.93 8.93 8.93 8.88 8.88 8.88 8.88
8.88 8.88 8.88 8.88 8.86 8.86 8.86 8.86 9.47 9.47 9.47 9.47 9.46 10.11 10.11 10.28 10.11 11.64 11.03 11.46 10.28 9.44 9.44 9.67 9.86 11.74 11.74 11.74 10.94 10.27 10.94 10.73 9.07 9.07 9.07 9.07 9.16 9.16 9.16 9.16 9.73 9.58 9.73 9.73 9.69 9.69 9.69 9.69 9.53 9.53 9.53 9.53 9.54 9.54 9.54 9.54 9.10 9.10 9.10 9.10 9.16 9.16 9.16 9.16 8.03 8.03 8.03 8.03 7.97 7.97 7.97 7.97 8.95 8.95 8.95 8.95 8.91 8.91 8.91 8.91 10.08 8.83 8.83 8.83
8.88 8.88 8.88 8.88 8.86 8.86 8.86 8.86 9.47 9.47 9.47 9.47 10.11 10.11 10.28 10.28 10.28 13.65 11.89 8.85 11.46 11.03 11.66 9.44 11.73 12.56 11.74 11.74 10.94 10.70 11.37 10.73 9.07 9.07 9.07 9.07 9.16 9.16 9.16 9.91 9.73 9.73 9.73 9.73 9.69 9.69 9.69 9.69 9.53 9.53 9.53 9.53 9.54 9.54 9.54 9.54 9.10 9.10 9.10 9.10 9.16 9.16 9.16 9.68 9.13 8.03 8.03 8.03 7.97 7.97 7.97 7.97 8.95 8.95 8.95 8.95 8.91 8.91 8.91 8.91 10.08 8.83 8.83 8.83
8.88 8.88 8.88 8.88 8.86 8.86 8.86 8.86 9.47 9.47 9.47 9.47 10.28 11.36 12.21 11.03 11.03 8.85 9.28 10.60 11.03 11.03 11.66 11.03 11.74 11.74 11.74 11.74 11.74 11.37 11.37 10.73 10.73 9.07 9.07 9.07 9.16 9.16 9.16 9.16 9.73 9.73 9.73 9.73 9.69 9.69 9.54 9.69 9.53 10.45 10.45 9.53 9.54 9.54 9.54 9.54 9.10 9.10 9.10 9.10 9.16 9.16 9.16 10.91 8.03 8.03 8.03 8.03 7.97 7.97 7.97 7.97 8.95 8.95 8.95 8.95 8.91 8.91 8.91 8.91 8.83 8.83 8.83 8.83
9.48 8.79 8.88 8.88 8.86 8.86 8.86 8.86 9.47 9.47 9.47 14.68 10.28 9.71 12.02 11.15 13.18 4.17 11.58 11.03 12.14 11.66 11.15 11.03 11.74 11.74 11.74 11.74 11.74 11.74 11.37 10.73 10.73 9.07 9.07 9.07 9.16 9.16 9.16 9.16 9.73 9.73 9.73 9.73 9.69 9.69 9.69 9.69 9.53 9.53 9.53 9.53 9.54 9.54 9.54 9.54 9.10 9.10 9.10 9.10 9.16 9.16 11.36 8.08 8.03 8.03 9.13 8.03 7.97 7.97 9.05 7.97 8.95 8.95 8.95 8.95 8.91 8.91 8.91 8.91 8.83 8.83 8.83 8.83
8.49 8.79 8.90 9.48 8.89 9.48 8.89 11.23 10.28 9.49 9.49 10.28 10.28 9.70 9.45 11.58 14.79 8.14 11.58 11.03 11.03 11.03 11.03 11.03 11.74 11.74 11.74 11.36 11.83 11.83 11.83 10.73 9.12 9.12 9.12 9.12 9.18 9.18 9.18 9.18 9.66 9.66 9.66 9.66 9.55 10.47 9.55 9.55 10.44 9.52 9.52 9.52 9.64 9.64 9.64 9.64 9.11 9.11 9.11 9.11 10.78 9.96 8.02 8.02 7.97 7.97 7.97 7.97 9.06 6.18 7.98 7.98 8.97 10.24 8.97 8.97 8.90 8.90 8.90 8.90 8.77 8.77 8.77 9.00
8.90 9.48 8.90 9.48 8.89 8.89 9.48 9.48 9.49 9.49 9.49 10.28 10.28 10.28 9.99 8.85 14.36 11.15 11.03 11.03 11.03 11.03 11.03 11.03 11.74 11.74 11.36 11.36 11.36 11.51 11.51 9.08 9.12 9.12 9.12 9.12 9.18 9.18 9.18 9.18 9.61 9.66 9.66 9.66 9.55 9.55 9.55 9.55 9.52 9.52 9.52 9.52 9.64 9.64 9.64 9.64 9.11 9.11 9.99 9.99 9.96 9.08 8.02 8.02 7.97 7.97 7.97 7.97 7.98 7.98 7.98 8.82 8.97 8.97 8.97 8.97 8.90 10.76 10.17 8.90 8.77 10.01 8.77 8.77
8.90 9.48 9.48 9.48 8.89 8.89 9.48 9.48 10.28 9.49 13.52 11.03 11.81 11.03 11.03 12.87 15.83 11.46 11.03 11.15 11.03 11.03 11.03 10.60 11.36 14.87 11.36 11.36 11.51 10.05 11.51 9.08 9.12 9.12 9.12 9.12 9.18 9.18 9.18 9.18 9.66 9.66 9.66 9.66 9.55 9.55 9.55 9.55 9.52 9.52 9.52 9.52 9.64 9.64 9.64 9.64 10.11 9.11 9.11 9.11 9.08 9.08 8.02 8.02 7.97 7.97 7.97 7.97 7.98 7.98 7.98 7.98 8.97 8.97 8.97 8.97 8.90 10.17 10.17 8.90 8.77 8.77 8.77 8.77
9.46 9.85 9.85 9.48 8.89 9.43 9.38 13.04 10.41 11.73 11.88 11.15 11.03 13.15 11.15 14.10 16.51 11.46 11.03 11.15 11.90 11.15 11.46 10.60 11.36 14.87 11.36 11.83 11.83 11.51 9.08 9.08 9.12 9.12 9.12 9.12 9.18 9.18 10.83 9.18 9.66 9.66 9.66 9.66 9.55 9.55 9.55 9.55 9.52 9.52 9.52 9.52 9.64 9.64 9.64 9.64 9.11 9.11 9.11 9.11 9.08 8.02 8.02 8.02 7.97 7.97 7.97 7.97 7.98 10.88 9.05 7.98 8.97 8.97 8.97 8.97 8.90 8.90 8.90 8.90 10.00 8.77 8.77 8.77
9.00 8.57 8.57 8.57 11.57 11.57 9.38 9.48 9.50 9.50 11.75 11.03 11.03 11.58 11.58 16.09 12.46 12.03 11.03 11.15 11.15 11.77 10.60 10.60 14.87 14.87 11.36 11.83 13.40 13.49 9.11 9.11 9.12 9.12 9.12 9.12 9.86 9.12 9.12 10.79 9.54 9.54 9.54 9.54 12.69 11.13 10.37 9.50 9.57 9.57 9.57 9.57 10.51 9.59 9.59 9.59 9.00 9.00 9.00 9.00 8.97 7.93 7.93 7.93 7.92 7.92 7.92 7.92 9.03 7.95 7.95 7.95 10.23 10.23 8.95 8.95 8.86 8.86 8.86 8.86 8.73 8.73 8.73 8.73
8.57 8.57 8.57 8.57 8.57 8.57 8.57 9.76 10.00 8.68 9.50 11.75 11.03 11.58 13.30 15.95 11.15 11.03 11.03 11.15 11.15 11.15 11.77 10.60 14.87 11.36 11.83 11.74 11.83 11.74 9.18 10.94 11.56 9.12 9.12 9.12 9.12 9.12 11.63 10.79 9.54 9.54 11.79 11.13 11.13 11.13 10.37 9.50 9.57 9.57 9.57 9.57 9.59 9.59 9.59 9.59 9.00 9.00 9.00 9.00 9.00 7.93 7.93 9.00 7.92 7.92 7.92 7.92 7.95 7.95 7.95 7.95 8.95 8.95 8.95 8.95 8.86 8.86 8.86 8.86 8.73 8.73 9.97 8.73
8.57 8.57 8.57 8.57 8.57 8.57 8.71 9.76 10.58 8.68 8.68 10.97 8.94 10.84 11.28 14.97 10.60 11.03 11.03 11.15 11.03 11.15 11.03 11.03 12.54 11.79 9.45 12.56 11.83 11.74 11.74 11.83 11.83 11.56 11.56 12.57 10.79 9.19 10.79 10.79 10.37 11.13 11.91 11.13 11.13 11.13 10.37 9.50 9.57 9.57 9.57 9.57 9.59 9.59 9.59 9.59 9.00 9.00 9.00 9.87 7.93 9.00 7.93 9.43 7.92 7.92 9.00 7.25 6.18 7.95 7.95 7.95 8.95 8.95 8.95 10.20 8.86 8.86 8.86 8.86 8.73 8.73 8.73 8.73
8.50 10.43 8.57 8.57 9.01 8.57 7.75 9.16 8.40 8.68 9.11 11.29 13.38 9.37 11.70 13.31 11.84 11.03 11.03 11.03 11.03 11.03 11.03 15.32 15.30 11.74 12.17 11.74 12.65 11.74 11.74 11.83 11.74 11.74 11.56 12.56 11.74 11.74 12.56 11.74 11.91 11.13 11.13 11.13 11.13 11.13 9.50 9.50 10.47 10.06 10.47 10.47 9.59 9.59 9.59 9.59 9.00 9.00 9.00 9.00 7.93 7.93 7.93 6.18 6.18 6.18 6.18 6.18 6.18 6.18 6.18 6.18 5.85 5.85 8.95 8.95 8.86 8.86 8.86 8.86 9.97 8.73 8.73 8.73
10.40 10.00 10.40 8.54 8.57 8.57 7.75 8.57 9.70 8.69 10.98 10.98 10.41 11.84 12.27 15.76 12.27 11.42 11.42 11.42 11.42 11.03 13.39 13.19 9.45 11.74 12.56 11.74 11.83 11.83 12.65 11.83 11.83 11.74 11.74 11.74 11.74 11.74 11.74 11.74 11.13 11.13 11.13 11.13 11.13 11.75 9.51 9.95 9.49 9.49 9.49 9.49 9.47 9.47 9.47 9.92 8.91 8.91 8.91 9.30 8.81 9.32 9.32 6.18 6.18 6.18 6.18 6.18 6.18 6.18 6.18 6.18 8.93 8.93 8.93 8.93 10.10 8.83 8.83 10.18 10.01 10.01 8.77 8.77
10.47 10.40 10.40 10.40 10.47 10.75 9.51 10.43 10.98 8.94 10.97 10.98 11.42 11.42 10.65 8.34 9.79 11.84 11.42 11.42 11.42 12.65 14.93 11.42 11.74 11.74 11.74 11.74 11.74 11.74 11.74 11.83 11.74 11.74 11.74 11.74 11.74 11.74 11.74 11.74 11.13 11.13 11.13 11.13 12.65 11.91 11.99 11.13 11.13 11.13 11.13 11.13 11.55 11.98 11.13 12.66 8.91 8.91 8.91 9.30 8.99 9.32 9.75 6.61 6.18 6.18 6.18 7.93 7.95 7.43 9.47 7.95 10.21 8.93 8.93 8.93 8.83 8.83 8.83 8.83 8.77 8.77 8.77 8.77
11.61 11.04 10.98 11.48 11.48 11.48 10.48 11.01 11.08 11.64 11.69 12.13 12.26 12.13 10.28 11.56 14.22 12.56 12.13 12.13 12.13 12.56 12.56 12.93 13.35 13.35 12.92 13.01 12.49 12.49 12.49 12.49 12.49 12.49 12.49 12.49 12.49 12.49 12.49 12.49 12.02 12.02 12.02 12.02 12.86 12.02 12.02 12.02 12.02 14.77 12.02 12.02 10.58 10.58 12.02 10.29 13.15 9.01 9.01 7.97 7.99 7.99 7.99 6.70 6.27 8.02 8.02 8.02 6.27 6.27 7.04 6.27 8.71 8.71 8.71 8.71 8.62 8.62 8.62 8.62 8.55 8.55 8.55 8.55
10.48 10.98 11.17 11.48 11.48 12.29 12.29 11.48 11.64 12.13 12.13 12.26 12.13 12.13 12.13 12.56 16.49 13.79 12.69 17.82 9.42 12.56 12.13 12.12 14.06 13.35 13.88 12.92 12.92 12.92 12.92 12.49 12.91 12.91 12.49 12.49 12.49 12.49 12.49 12.49 12.02 12.86 12.02 12.02 12.02 12.02 12.02 12.02 12.45 9.72 9.29 12.02 12.45 12.53 11.67 10.29 10.43 9.05 9.06 7.97 7.99 10.29 7.99 7.99 6.27 8.02 8.02 10.94 6.27 8.04 8.04 8.04 8.71 8.71 8.71 8.71 9.83 8.62 8.62 8.62 8.55 8.55 8.55 8.55
