New_Model_Runs/8_Future_Present_Scn1_out/post_prcessed_with_MFR/Monthly_summaries/net_infiltration_monthly_JUN.asc
NCOLS 700
NROWS 400
XLLCENTER 515000.000000
YLLCENTER 8409000.000000
CELLSIZE 50.000000
NODATA_value -999.000000
[rows 185 to 221 of 400, columns 83 to 165 of 700]
0.00 0.00 0.00 0.00 0.00 0.00 0.00 0.00 0.00 0.00 0.00 0.00 0.00 0.00 0.00 0.00 0.00 0.00 0.00 0.00 0.00 0.00 0.00 0.00 0.00 0.00 0.00 0.00 0.00 0.00 7.58 7.58 7.58 8.19 7.54 7.54 7.54 7.53 7.53 7.53 7.53 7.57 7.57 7.57 7.57 8.09 8.09 8.80 8.09 8.06 8.06 8.06 8.06 8.04 8.04 8.04 8.75 8.03 8.03 8.03 8.03 8.30 8.30 8.30 8.30 8.25 8.25 8.25 8.25 8.27 9.01 8.27 8.27 8.27 8.27 8.27 8.27 8.29 8.29 8.29 8.29 8.43 8.43
0.00 0.00 0.00 0.00 0.00 0.00 0.00 0.00 0.00 0.00 0.00 0.00 0.00 0.00 0.00 0.00 0.00 0.00 0.00 0.00 0.00 0.00 0.00 0.00 0.00 0.00 0.00 0.00 0.00 0.00 7.58 7.58 7.58 7.54 7.54 7.54 8.19 7.53 7.53 7.53 7.53 8.23 7.57 7.57 7.57 8.09 8.09 8.09 8.09 8.06 8.06 8.06 8.06 9.02 8.75 8.04 8.04 8.03 8.03 8.03 8.03 8.30 8.30 8.30 8.30 8.25 8.25 8.25 8.25 8.27 8.27 9.01 8.27 9.42 8.27 8.27 8.27 8.29 8.29 8.29 8.29 8.43 8.43
0.00 0.00 0.00 0.00 0.00 0.00 0.00 0.00 0.00 0.00 0.00 0.00 0.00 0.00 0.00 0.00 0.00 0.00 0.00 0.00 0.00 0.00 0.00 0.00 6.44 0.00 0.00 0.00 0.00 0.00 0.00 7.58 7.58 7.54 7.54 7.54 7.54 7.53 7.53 7.53 7.53 7.57 7.57 7.57 7.57 8.09 8.09 8.09 8.80 8.06 8.06 8.06 8.06 8.04 8.75 8.04 8.04 8.74 8.03 8.03 8.03 8.30 8.30 8.30 8.30 8.99 8.25 8.25 8.25 9.00 8.27 8.27 8.27 9.01 8.27 8.27 8.27 9.03 8.29 8.29 8.29 8.43 9.47
0.00 0.00 0.00 0.00 0.00 0.00 0.00 0.00 0.00 0.00 0.00 0.00 0.00 0.00 0.00 0.00 0.00 0.00 0.00 0.00 0.00 0.00 0.00 0.00 7.63 7.70 0.00 0.00 0.00 7.60 7.60 7.60 7.60 7.55 7.55 7.55 7.55 8.15 7.50 7.50 7.50 7.52 7.52 7.52 7.52 8.07 8.07 8.07 8.07 8.08 8.08 8.08 8.08 8.06 8.06 8.06 8.06 8.02 8.72 8.02 8.02 8.23 8.23 8.23 8.23 8.92 8.91 8.19 8.19 8.25 8.25 8.25 8.25 8.95 8.22 8.22 8.22 8.38 8.38 8.38 8.38 9.70 9.70
0.00 0.00 0.00 0.00 0.00 0.00 0.00 0.00 0.00 0.00 0.00 0.00 0.00 0.00 0.00 0.00 0.00 0.00 0.00 0.00 0.00 0.00 0.00 0.00 0.00 7.70 7.70 7.70 8.13 7.60 7.60 7.60 7.60 7.55 7.55 7.55 7.55 7.50 8.38 7.50 7.50 7.52 7.52 7.52 7.52 8.07 8.07 8.07 8.07 8.08 8.08 8.08 8.08 8.06 8.06 8.06 8.06 8.02 8.02 8.02 8.02 8.23 8.23 8.23 8.23 8.19 8.19 8.19 8.19 8.25 8.25 8.25 8.25 8.22 8.22 8.22 8.22 8.38 8.38 8.38 8.38 9.70 9.70
0.00 0.00 0.00 0.00 0.00 0.00 0.00 0.00 0.00 0.00 0.00 0.00 0.00 0.00 0.00 0.00 0.00 0.00 0.00 0.00 0.00 0.00 0.00 0.00 0.00 0.00 7.70 7.70 7.70 7.60 7.60 7.60 7.60 7.55 7.55 7.55 7.55 7.50 8.15 8.15 7.50 7.52 7.52 7.52 7.52 8.07 8.07 8.07 8.07 8.08 9.06 8.79 8.08 8.06 8.06 8.06 8.06 8.02 8.02 8.02 8.02 8.23 8.23 8.23 8.23 8.19 8.19 8.19 8.19 8.25 8.25 8.25 8.25 8.22 8.22 8.22 8.98 8.38 8.38 8.38 8.38 9.70 9.70
0.00 0.00 0.00 0.00 0.00 0.00 0.00 0.00 0.00 0.00 0.00 0.00 0.00 0.00 0.00 0.00 0.00 0.00 0.00 0.00 0.00 0.00 0.00 0.00 0.00 0.00 7.70 8.59 8.17 8.00 7.60 7.60 7.60 7.55 7.55 7.55 8.19 7.50 7.50 7.50 7.50 7.52 7.52 7.52 7.52 8.07 8.07 8.07 8.07 8.08 8.08 8.79 8.08 8.06 8.76 8.06 8.06 8.02 8.71 8.02 8.02 8.23 8.96 8.23 8.23 8.19 8.19 8.19 8.19 8.25 8.25 8.25 8.25 8.22 8.22 8.22 8.22 8.38 8.38 8.38 8.38 9.70 9.70
0.00 0.00 0.00 0.00 0.00 0.00 0.00 0.00 0.00 0.00 0.00 0.00 0.00 0.00 0.00 0.00 0.00 0.00 0.00 0.00 0.00 0.00 0.00 0.00 0.00 0.00 0.00 10.35 8.36 9.10 8.00 8.31 7.65 7.58 7.58 7.58 7.58 8.14 7.49 7.49 7.49 7.48 7.48 7.48 8.12 8.03 8.03 8.03 8.03 9.16 8.07 8.07 8.07 8.03 8.03 8.03 8.03 7.98 7.98 8.68 7.98 8.20 8.20 8.20 8.20 8.19 8.19 8.19 8.19 8.24 8.24 8.24 9.38 8.24 8.24 8.24 8.24 8.57 8.57 8.57 8.57 8.72 9.82
0.00 0.00 0.00 0.00 0.00 0.00 0.00 0.00 0.00 0.00 0.00 0.00 0.00 0.00 0.00 0.00 0.00 0.00 0.00 0.00 0.00 0.00 0.00 0.00 0.00 0.00 0.00 3.30 8.54 7.88 7.88 8.32 7.65 7.58 7.58 7.58 7.58 7.49 7.49 7.49 7.49 7.48 7.48 7.48 7.48 8.03 8.03 8.03 8.03 8.07 9.05 8.07 8.07 8.03 8.03 8.03 8.03 7.98 7.98 7.98 7.98 8.20 8.20 8.20 8.20 8.19 8.19 8.19 8.19 8.24 8.24 8.24 8.24 8.24 9.26 8.24 8.24 8.57 8.57 8.57 8.57 8.72 8.72
0.00 0.00 0.00 0.00 0.00 0.00 0.00 0.00 0.00 0.00 0.00 0.00 0.00 0.00 0.00 0.00 0.00 0.00 0.00 0.00 0.00 0.00 0.00 0.00 0.00 0.00 0.00 8.94 8.90 8.90 8.90 8.90 9.73 9.63 8.82 8.82 8.82 8.73 8.73 8.73 9.53 8.71 8.71 8.71 8.71 9.51 9.51 9.51 9.51 9.55 9.55 9.55 9.55 9.50 9.50 9.50 9.50 9.45 9.45 9.45 10.07 9.80 9.80 9.80 11.89 9.80 9.80 9.80 9.80 10.49 10.91 9.85 9.85 9.85 9.85 9.85 9.85 9.93 9.93 9.93 9.93 10.09 10.09
0.00 0.00 0.00 0.00 0.00 0.00 0.00 0.00 0.00 0.00 0.00 0.00 0.00 0.00 0.00 0.00 0.00 0.00 0.00 0.00 0.00 0.00 0.00 8.12 0.00 0.00 13.08 7.09 8.90 8.90 8.90 8.90 8.90 8.82 8.82 8.82 8.82 8.73 8.73 8.73 8.73 8.71 9.51 8.71 8.71 9.51 9.51 9.51 9.51 9.55 9.55 9.55 9.55 9.50 9.50 9.50 9.50 9.45 9.45 10.06 9.45 9.80 9.80 9.80 9.80 9.80 9.80 9.80 9.80 9.85 9.85 9.85 9.85 9.85 9.85 9.85 9.85 9.93 9.93 9.93 9.93 10.09 10.09
0.00 0.00 0.00 0.00 0.00 0.00 0.00 0.00 0.00 0.00 0.00 0.00 0.00 0.00 0.00 0.00 0.00 0.00 0.00 0.00 0.00 0.00 8.13 8.86 9.11 9.64 8.51 12.66 12.15 8.92 8.92 8.92 8.92 8.84 8.84 9.72 9.64 8.76 8.76 8.76 8.76 8.72 8.72 8.72 8.72 9.47 9.47 9.47 9.47 9.49 9.49 9.49 9.49 9.42 9.42 9.42 9.42 10.01 9.38 9.38 10.07 9.81 9.81 9.81 9.81 9.82 9.82 9.82 9.82 9.87 9.87 9.87 9.87 10.04 10.04 10.04 10.04 10.10 10.10 10.10 10.10 10.12 10.12
0.00 0.00 0.00 0.00 0.00 0.00 0.00 0.00 0.00 0.00 0.00 0.00 0.00 0.00 0.00 0.00 0.00 0.00 0.00 0.00 0.00 8.13 12.37 11.64 9.11 8.73 9.32 9.34 11.28 8.92 8.92 8.92 8.92 8.84 8.84 8.84 9.64 8.76 10.01 8.76 8.76 8.72 8.72 8.72 8.72 9.47 10.09 9.47 9.47 9.49 9.49 9.49 9.49 9.42 9.42 9.42 9.42 9.38 9.38 9.38 9.38 9.81 9.81 9.81 9.81 9.82 9.82 9.82 9.82 9.87 9.87 9.87 9.87 10.04 10.04 10.04 10.04 10.10 10.10 10.10 10.10 10.12 10.90
0.00 0.00 0.00 0.00 0.00 0.00 0.00 0.00 0.00 0.00 0.00 0.00 0.00 0.00 0.00 0.00 0.00 0.00 0.00 0.00 8.12 8.13 11.64 11.64 9.08 8.91 9.17 8.73 8.73 13.22 8.92 8.92 8.92 8.84 8.84 8.84 8.84 8.76 8.76 8.76 8.76 8.72 8.72 8.72 8.72 9.47 9.47 9.47 9.47 10.12 9.49 9.49 9.49 9.42 9.42 9.42 9.42 10.01 9.38 9.38 9.38 9.81 9.81 9.81 9.81 11.23 9.82 9.82 9.82 9.87 9.87 9.87 9.87 10.04 10.04 10.04 10.04 10.10 10.10 10.10 10.10 10.12 10.12
0.00 0.00 0.00 4.66 0.00 0.00 0.00 0.00 0.00 0.00 0.00 0.00 0.00 0.00 0.00 5.05 0.00 0.00 5.66 8.12 8.12 11.64 8.13 8.13 12.62 12.72 12.72 12.72 12.73 13.42 10.07 10.07 10.07 9.97 8.84 8.84 8.84 8.76 8.76 8.76 8.76 8.72 8.72 8.72 8.72 9.47 9.47 9.47 10.08 9.49 9.49 9.49 9.49 9.42 9.42 9.42 9.42 10.00 9.38 9.38 9.38 9.81 9.81 9.81 10.45 9.82 9.82 9.82 10.47 10.52 9.87 9.87 9.87 10.04 10.04 10.04 10.04 10.10 10.10 10.10 10.10 10.12 10.12
0.00 0.00 7.09 7.09 7.09 7.15 0.00 0.00 0.00 0.00 0.00 0.00 0.00 0.00 0.00 5.05 7.19 7.14 7.88 7.88 8.81 11.58 8.07 8.07 9.04 9.84 9.13 9.13 9.34 9.91 10.22 10.03 10.32 9.97 10.11 9.66 8.84 8.81 8.81 8.81 8.81 8.78 8.78 8.78 8.78 9.42 9.42 9.42 9.42 10.75 9.38 9.38 10.56 9.37 9.37 9.37 10.72 9.39 9.39 9.39 9.39 9.86 9.86 9.86 11.27 9.86 9.86 9.86 11.66 10.64 9.97 9.97 9.97 9.95 9.95 9.95 9.95 10.13 10.13 11.83 10.13 10.06 10.87
0.00 0.00 0.00 7.09 7.09 7.15 0.00 0.00 0.00 0.00 0.00 0.00 0.00 0.00 0.00 7.19 10.70 10.65 10.65 10.65 10.65 11.38 7.13 7.13 9.04 9.97 9.13 9.13 9.98 10.03 10.03 8.89 8.89 9.66 8.84 8.84 8.84 8.81 8.81 9.69 9.62 8.78 8.78 8.78 8.78 9.42 9.42 9.42 9.42 9.38 9.38 9.38 10.07 10.60 9.58 9.37 9.37 9.39 9.39 9.39 9.39 10.52 10.52 9.86 9.86 9.86 10.51 10.51 10.53 9.97 9.97 9.97 9.97 9.95 9.95 9.95 9.95 10.13 10.91 10.13 10.13 10.06 10.06
0.00 0.00 7.09 7.09 7.09 7.15 7.15 0.00 0.00 0.00 0.00 0.00 0.00 0.00 7.19 7.19 10.70 7.14 7.14 11.76 13.26 7.13 7.13 7.13 8.66 8.73 10.19 8.73 9.13 10.03 10.03 8.89 8.89 8.84 8.84 8.84 8.84 8.81 8.81 8.81 8.81 8.78 9.59 8.78 8.78 9.42 9.42 9.42 10.67 10.62 10.62 10.62 10.95 9.39 10.60 9.37 9.37 9.39 9.39 9.39 9.39 10.44 9.86 9.86 9.86 10.51 9.86 9.86 9.86 9.97 9.97 9.97 9.97 9.95 9.95 9.95 9.95 10.13 10.13 10.13 10.13 10.06 10.06
7.08 7.09 7.08 7.09 7.09 7.15 7.14 0.00 0.00 0.00 0.00 0.00 0.00 0.00 0.00 7.19 11.44 7.14 7.14 7.14 7.89 8.46 7.13 7.13 7.13 8.73 7.18 7.18 7.18 9.48 9.48 8.89 8.89 8.84 8.84 8.84 8.84 8.81 8.81 8.81 9.62 8.78 8.78 8.78 8.78 9.42 9.42 9.42 9.42 10.62 10.06 10.97 10.79 10.60 10.60 9.37 9.37 9.39 9.39 9.39 9.39 9.86 9.86 9.86 9.86 9.86 9.86 9.86 9.86 9.97 9.97 9.97 9.97 9.95 9.95 9.95 9.95 10.13 10.13 10.13 10.13 10.06 10.06
7.12 7.05 7.05 7.05 7.05 7.13 7.13 7.13 0.00 0.00 0.00 0.00 0.00 0.00 0.00 7.22 7.22 11.41 7.16 7.16 7.16 7.11 7.85 7.11 7.11 7.85 7.11 7.11 7.11 7.65 7.65 7.65 7.65 7.66 7.66 8.76 8.76 8.79 8.79 8.79 8.79 8.78 8.78 9.59 8.78 9.40 9.40 9.40 9.40 9.34 10.56 10.56 11.32 10.79 10.61 9.59 9.38 10.80 9.43 9.43 9.43 9.89 9.89 9.89 9.89 11.64 10.56 9.90 9.90 9.83 9.83 9.83 9.83 10.00 10.00 10.00 10.79 10.13 10.13 10.13 10.13 10.01 10.01
7.12 7.05 7.05 7.05 7.05 7.13 7.13 7.13 7.13 0.00 0.00 0.00 0.00 0.00 0.00 7.99 7.22 10.67 10.67 7.16 7.16 7.11 7.11 7.11 7.11 7.11 7.11 7.11 7.11 7.65 7.65 7.65 7.65 7.66 7.66 7.66 7.66 7.68 8.79 8.79 8.79 8.78 8.78 8.78 8.78 10.02 9.40 9.40 9.40 9.34 10.56 10.56 10.56 10.97 10.33 10.61 9.38 9.43 9.43 9.43 9.43 9.89 9.89 9.89 9.89 9.90 10.48 9.90 9.90 9.83 9.83 9.83 9.83 10.00 10.00 10.79 10.00 10.13 10.91 10.13 11.41 10.80 10.01
7.12 7.05 7.05 7.05 7.05 7.13 7.13 7.13 7.13 6.73 0.00 0.00 0.00 0.00 8.85 8.85 8.33 7.90 10.67 7.16 7.89 7.11 7.11 7.11 7.11 7.11 7.11 7.11 7.85 7.65 7.65 8.45 7.65 7.66 7.66 7.66 7.66 7.68 7.68 7.68 7.68 7.67 8.78 8.78 8.78 9.40 9.40 9.40 9.40 10.56 10.56 10.56 10.00 10.61 10.06 10.97 10.97 9.43 9.43 9.43 10.80 9.89 9.89 10.81 11.75 8.33 9.90 9.90 9.90 9.83 9.83 9.83 9.83 10.79 10.00 10.00 10.00 10.91 10.13 10.13 10.13 10.01 10.01
7.12 7.05 7.05 7.05 7.05 7.13 7.13 7.13 7.13 7.67 8.17 8.17 7.06 8.38 2.58 8.71 8.33 8.71 9.89 10.67 7.16 7.11 7.11 7.11 7.11 7.11 7.11 7.11 7.11 7.65 7.65 7.65 7.65 7.66 7.66 7.66 7.66 7.68 8.47 7.68 7.68 7.67 7.67 7.67 7.67 9.40 9.40 9.40 10.64 10.56 10.00 10.56 10.56 10.79 10.79 10.79 10.61 9.43 9.43 9.43 9.43 9.89 9.89 10.97 9.89 8.33 9.90 9.90 9.90 9.83 9.83 9.83 11.46 10.00 10.00 10.00 10.00 11.76 10.13 10.91 10.88 10.80 10.80
7.11 7.04 7.04 7.04 7.04 7.10 10.61 7.10 7.10 6.72 7.63 8.17 8.60 8.02 8.02 9.62 8.85 8.85 7.20 10.71 7.20 7.14 7.14 7.14 7.14 7.11 8.28 7.11 7.11 7.64 7.64 7.64 7.64 7.65 7.65 7.65 7.65 7.65 7.65 8.45 7.65 7.62 7.62 7.62 7.62 8.11 9.95 9.95 9.95 10.66 10.66 10.66 10.66 10.71 10.71 10.79 10.79 10.72 10.72 9.46 9.46 9.89 10.55 10.21 9.89 9.96 9.96 9.96 9.96 9.87 9.87 10.65 9.87 10.01 10.01 10.01 10.01 10.91 10.13 10.13 10.13 9.98 9.98
7.44 7.04 7.04 7.04 7.04 10.61 10.61 10.96 7.10 6.72 6.07 7.63 8.17 8.85 7.59 9.14 8.71 8.85 8.85 10.71 10.71 7.14 7.14 7.14 7.14 7.11 7.11 7.11 7.11 7.64 9.17 7.64 7.64 7.65 7.65 7.65 7.65 8.63 7.65 7.65 7.65 7.62 7.62 7.62 8.60 12.65 11.12 9.95 9.95 8.14 8.14 8.14 9.42 10.71 10.71 10.71 10.79 10.79 11.19 11.11 9.46 9.89 11.24 12.08 11.07 9.96 9.96 9.96 9.96 9.87 9.87 10.95 9.87 10.01 10.01 10.01 10.01 10.13 10.13 10.13 10.13 9.98 9.98
7.48 7.42 7.42 7.88 11.40 10.99 7.48 7.48 10.99 7.61 6.29 8.41 7.61 8.23 9.92 10.87 10.44 10.44 10.44 10.53 14.53 8.15 8.15 8.15 8.15 8.11 8.11 8.11 8.11 8.51 8.51 8.51 8.51 8.53 8.53 8.53 8.53 8.53 8.53 8.53 8.53 9.39 8.49 8.49 8.49 8.99 11.16 11.08 8.99 9.03 9.03 9.03 9.03 9.06 9.06 9.06 12.38 12.38 12.38 12.38 10.12 10.78 13.19 13.19 10.59 10.65 10.65 10.65 10.65 12.99 10.81 10.81 10.81 10.92 10.92 10.92 10.92 11.17 12.69 11.17 11.17 11.01 11.01
8.87 10.93 10.93 10.93 7.42 7.48 7.48 7.48 10.99 7.61 7.61 7.61 7.61 8.23 8.23 8.23 10.53 9.73 10.42 8.63 10.53 13.51 10.00 8.15 8.15 8.11 8.11 8.11 8.11 8.51 8.51 8.51 8.51 8.53 8.53 8.53 8.53 8.53 8.53 8.53 8.53 8.49 8.49 8.49 8.49 8.99 8.99 8.99 8.99 9.03 9.03 9.03 9.03 9.06 9.47 9.06 12.92 11.08 11.09 11.08 12.55 13.35 13.19 13.35 10.59 10.65 10.65 10.65 10.65 10.81 11.99 10.81 10.81 10.92 10.92 10.92 10.92 11.17 11.17 11.17 11.17 11.01 11.01
7.53 10.99 10.99 7.48 7.48 7.45 7.45 7.45 10.96 11.03 11.03 9.80 11.03 11.70 9.05 9.79 9.79 10.53 9.73 10.15 9.73 13.61 10.10 10.10 10.10 8.19 8.19 8.19 8.19 8.61 8.61 8.61 8.61 8.62 8.62 8.62 8.62 8.57 8.57 8.57 8.57 8.53 8.53 8.53 8.53 9.08 9.08 9.08 9.08 9.13 9.13 10.11 9.13 10.11 9.14 9.14 10.16 10.16 11.30 11.30 8.42 11.79 11.79 10.60 10.60 10.66 10.66 10.66 10.66 11.97 10.78 10.78 10.78 10.90 10.90 10.90 10.90 11.11 11.11 11.11 11.11 10.97 10.97
11.04 10.99 10.99 7.48 7.48 7.45 7.45 7.45 7.45 8.29 7.52 7.52 7.52 11.70 11.70 10.96 9.79 9.79 10.53 10.45 11.61 13.96 10.53 10.10 10.10 8.19 8.19 8.19 8.19 8.61 8.61 8.61 8.61 8.62 8.62 8.62 8.62 8.57 8.57 8.57 8.57 8.53 8.53 8.53 8.53 9.08 9.08 9.08 9.08 9.13 9.13 9.13 9.13 9.14 9.14 9.14 11.36 9.09 9.09 9.09 9.09 11.53 11.53 9.46 9.46 9.51 9.51 10.82 10.66 10.78 10.78 10.78 10.78 10.90 10.90 10.90 12.11 11.11 11.11 12.43 12.43 10.97 10.97
7.53 7.48 7.48 7.48 8.87 7.45 7.45 7.45 7.45 8.29 7.52 7.52 7.52 8.19 11.70 8.19 9.79 10.60 13.30 13.30 13.30 10.35 10.96 10.10 11.81 8.19 8.19 8.19 8.19 8.61 8.61 8.61 8.61 8.62 8.62 8.62 8.62 8.57 8.57 8.57 8.57 8.53 8.53 8.53 8.53 9.08 9.08 9.08 9.08 9.13 9.13 9.13 9.13 10.11 9.14 9.14 9.14 9.09 9.09 9.09 9.09 11.53 11.53 11.79 9.46 9.51 9.36 9.51 9.51 9.60 10.78 10.78 10.78 10.90 10.90 10.90 10.90 11.11 11.11 11.11 11.11 10.97 10.97
11.04 7.48 7.48 7.48 7.48 8.57 8.23 7.45 7.45 7.52 7.52 7.52 7.52 8.19 11.70 11.70 11.70 11.74 8.23 8.23 8.23 10.35 9.92 8.22 8.22 8.19 9.05 9.92 8.19 8.61 8.61 8.61 8.61 8.62 8.62 8.62 8.62 8.57 8.57 8.57 8.57 8.53 8.53 8.53 8.53 9.08 9.08 9.08 9.08 9.13 9.13 9.13 9.13 10.11 11.75 10.11 9.14 9.09 9.09 10.06 9.59 11.53 8.92 8.92 9.46 9.51 9.51 9.51 9.35 9.60 9.60 9.60 9.60 8.79 10.90 10.90 10.90 11.11 11.11 11.11 11.11 12.24 10.97
11.09 11.07 7.56 7.56 7.56 7.50 8.28 7.50 7.50 7.46 7.46 7.46 7.46 8.13 8.13 11.64 12.49 8.21 8.21 8.21 6.99 8.20 8.20 8.20 8.20 8.19 8.19 8.19 8.19 8.66 8.66 8.66 8.66 8.68 8.68 8.68 8.68 8.63 8.63 8.63 8.63 8.60 8.60 8.60 8.60 9.17 9.17 9.17 9.17 9.20 9.20 9.20 9.20 9.18 9.18 9.18 9.18 9.11 9.11 9.11 9.11 11.71 11.71 11.53 12.54 10.00 9.47 9.47 9.47 9.37 9.53 9.53 9.53 9.57 9.57 9.57 9.43 10.97 10.97 10.97 10.97 10.93 10.93
8.87 11.07 7.56 7.56 7.56 7.50 7.50 7.50 7.50 7.46 7.46 8.24 7.46 8.13 8.13 8.98 8.13 8.21 8.21 8.21 8.21 8.20 8.20 8.20 8.20 8.19 9.04 8.19 8.19 10.26 10.26 8.66 10.06 8.68 8.68 8.68 8.68 8.63 8.63 8.63 8.63 8.60 8.60 8.60 8.60 9.17 9.17 9.17 9.17 9.20 9.20 9.20 9.20 9.18 9.18 9.18 9.18 9.11 9.11 9.11 10.23 11.71 11.71 11.53 11.71 9.79 9.47 9.47 9.47 9.37 9.53 9.38 9.53 9.42 9.57 9.57 9.57 8.38 8.38 8.38 8.38 10.93 10.93
11.09 12.14 7.56 7.56 7.56 7.50 7.50 7.50 7.50 7.46 7.46 7.46 7.46 8.86 8.13 8.13 8.98 8.21 8.21 8.21 8.21 8.20 9.06 8.20 8.20 8.19 8.19 8.19 8.19 8.66 8.66 8.66 8.66 9.60 10.64 10.32 9.60 8.63 9.55 8.63 8.63 9.51 8.60 8.60 8.60 9.17 9.17 9.17 9.17 9.20 9.20 9.20 9.20 9.18 10.23 10.23 9.03 9.11 10.23 9.11 12.15 11.71 11.71 11.69 10.78 11.71 11.71 11.81 9.47 9.53 9.53 9.53 9.53 9.57 9.57 9.57 9.57 8.38 8.38 8.38 8.38 8.83 8.83
9.30 8.87 8.87 8.35 7.56 7.50 7.50 7.50 7.50 7.46 7.46 7.46 7.46 8.13 8.13 8.13 8.13 8.21 8.21 8.21 9.05 8.20 8.20 9.42 8.20 8.19 8.19 9.03 8.19 8.66 8.66 8.66 8.66 8.68 9.60 8.68 8.68 8.63 8.63 8.63 8.63 8.60 8.60 8.60 8.60 9.17 9.17 9.17 9.17 9.63 9.20 9.05 9.04 9.18 9.66 9.02 9.18 9.11 9.11 9.11 11.09 11.71 11.71 11.69 11.69 12.75 12.18 11.69 11.69 11.90 9.53 9.53 9.53 9.57 9.57 9.57 9.57 8.38 8.38 8.38 8.38 8.83 10.38
9.37 8.87 8.87 9.62 11.07 8.94 7.56 7.56 7.56 7.51 7.51 7.51 7.51 8.07 8.07 8.07 9.87 8.13 8.13 8.13 8.13 8.12 8.12 8.12 8.97 8.14 8.14 8.14 8.14 9.44 8.64 9.55 8.64 8.65 9.57 8.65 8.65 8.66 9.58 8.66 8.66 8.65 8.65 8.65 8.65 9.20 9.20 9.61 9.20 9.18 9.18 9.18 9.18 9.13 9.85 9.13 9.13 9.07 9.07 11.27 11.09 11.71 11.71 11.71 11.71 11.71 11.71 11.69 11.69 11.82 11.82 12.19 11.71 11.80 13.06 11.80 13.06 11.22 11.22 9.11 8.78 9.61 8.80
9.62 8.94 8.87 8.94 7.58 8.94 7.56 7.56 8.34 7.51 8.29 7.51 8.39 8.07 8.07 8.07 8.91 8.13 8.13 8.13 8.13 8.12 8.12 8.12 8.12 8.14 8.14 8.14 8.14 8.64 8.64 8.64 8.64 8.65 8.65 8.65 8.65 8.66 8.66 9.58 8.66 8.65 8.65 8.65 8.65 9.20 9.04 9.20 9.20 9.18 9.18 9.18 9.18 9.13 9.13 10.23 9.13 9.07 9.07 11.08 11.09 11.69 11.71 11.71 11.69 8.92 11.71 11.69 11.69 11.69 12.19 11.71 11.71 11.69 11.71 11.69 11.69 13.15 12.03 12.03 11.85 8.80 8.80
