New_Model_Runs/8_Future_Present_Scn1_out/post_prcessed_with_MFR/Monthly_summaries/net_infiltration_monthly_FEB.asc
NCOLS 700
NROWS 400
XLLCENTER 515000.000000
YLLCENTER 8409000.000000
CELLSIZE 50.000000
NODATA_value -999.000000
[rows 190 to 227 of 400, columns 84 to 167 of 700]
0.00 0.00 0.00 0.00 0.00 0.00 0.00 0.00 0.00 0.00 0.00 0.00 0.00 0.00 0.00 0.00 0.00 0.00 0.00 0.00 0.00 0.00 0.00 0.00 0.00 6.24 6.24 6.24 6.11 6.11 6.11 6.11 6.07 6.07 6.07 6.07 6.03 6.53 6.53 6.03 6.04 6.04 6.04 6.04 6.38 6.38 6.38 6.38 6.39 7.15 6.91 6.39 6.37 6.37 6.37 6.37 6.33 6.33 6.33 6.33 6.24 6.24 6.24 6.24 6.20 6.20 6.20 6.20 6.25 6.25 6.25 6.25 6.23 6.23 6.23 6.72 6.04 6.04 6.04 6.04 7.23 7.23 7.23 7.23
0.00 0.00 0.00 0.00 0.00 0.00 0.00 0.00 0.00 0.00 0.00 0.00 0.00 0.00 0.00 0.00 0.00 0.00 0.00 0.00 0.00 0.00 0.00 0.00 0.00 6.24 6.82 6.80 5.76 6.11 6.11 6.11 6.07 6.07 6.07 6.56 6.03 6.03 6.03 6.03 6.04 6.04 6.04 6.04 6.38 6.38 6.38 6.38 6.39 6.39 6.91 6.39 6.37 6.89 6.37 6.37 6.33 6.85 6.33 6.33 6.24 6.75 6.24 6.24 6.20 6.20 6.20 6.20 6.25 6.25 6.25 6.25 6.23 6.23 6.23 6.23 6.04 6.04 6.04 6.04 7.23 7.23 7.23 7.23
0.00 0.00 0.00 0.00 0.00 0.00 0.00 0.00 0.00 0.00 0.00 0.00 0.00 0.00 0.00 0.00 0.00 0.00 0.00 0.00 0.00 0.00 0.00 0.00 0.00 0.00 9.05 6.36 7.03 5.76 6.65 6.15 6.09 6.09 6.09 6.09 6.52 6.02 6.02 6.02 6.01 6.01 6.01 6.51 6.35 6.35 6.35 6.35 7.21 6.38 6.38 6.38 6.34 6.34 6.34 6.34 6.31 6.31 6.83 6.31 6.21 6.21 6.21 6.21 6.21 6.21 6.21 6.21 6.24 6.24 6.24 7.16 6.24 6.24 6.24 6.24 6.18 6.18 6.18 6.18 6.30 7.33 7.33 7.33
0.00 0.00 0.00 0.00 0.00 0.00 0.00 0.00 0.00 0.00 0.00 0.00 0.00 0.00 0.00 0.00 0.00 0.00 0.00 0.00 0.00 0.00 0.00 0.00 0.00 0.00 2.62 7.09 6.34 6.34 6.66 6.15 6.09 6.09 6.09 6.09 6.02 6.02 6.02 6.02 6.01 6.01 6.01 6.01 6.35 6.35 6.35 6.35 6.38 7.10 6.38 6.38 6.34 6.34 6.34 6.34 6.31 6.31 6.31 6.31 6.21 6.21 6.21 6.21 6.21 6.21 6.21 6.21 6.24 6.24 6.24 6.24 6.24 7.00 6.24 6.24 6.18 6.18 6.18 6.18 6.30 6.30 6.30 7.33
0.00 0.00 0.00 0.00 0.00 0.00 0.00 0.00 0.00 0.00 0.00 0.00 0.00 0.00 0.00 0.00 0.00 0.00 0.00 0.00 0.00 0.00 0.00 0.00 0.00 0.00 6.13 6.50 7.10 7.10 7.10 7.69 7.62 7.03 7.03 7.03 6.96 6.96 6.96 7.54 6.95 6.95 6.95 6.95 7.68 7.68 7.68 7.68 7.71 7.71 7.71 7.71 7.67 7.67 7.67 7.67 7.63 7.63 7.63 8.24 7.90 7.90 7.90 9.40 7.89 7.89 7.89 7.89 8.56 8.87 7.93 7.93 7.94 7.94 7.94 7.94 7.76 7.76 7.76 7.76 7.90 7.90 7.90 7.90
0.00 0.00 0.00 0.00 0.00 0.00 0.00 0.00 0.00 0.00 0.00 0.00 0.00 0.00 0.00 0.00 0.00 0.00 0.00 0.00 0.00 0.00 6.56 0.00 0.00 10.38 5.96 6.50 7.10 7.10 7.10 7.10 7.03 7.03 7.03 7.03 6.96 6.96 6.96 6.96 6.95 7.52 6.95 6.95 7.68 7.68 7.68 7.68 7.71 7.71 7.71 7.71 7.67 7.67 7.67 7.67 7.63 7.63 8.23 7.63 7.90 7.90 7.90 7.90 7.89 7.89 7.89 7.89 7.93 7.93 7.93 7.93 7.94 7.94 7.94 7.94 7.76 7.76 7.76 7.76 7.90 7.90 7.90 7.90
0.00 0.00 0.00 0.00 0.00 0.00 0.00 0.00 0.00 0.00 0.00 0.00 0.00 0.00 0.00 0.00 0.00 0.00 0.00 0.00 0.00 6.57 7.12 7.66 8.14 5.73 9.72 10.31 7.12 7.12 7.12 7.12 7.05 7.05 7.88 7.63 6.98 6.98 6.98 6.98 6.95 6.95 6.95 6.95 7.64 7.64 7.64 7.64 7.66 7.66 7.66 7.66 7.60 7.60 7.60 7.60 8.19 7.57 7.57 8.22 7.90 7.90 7.90 7.90 7.91 7.91 7.91 7.91 7.95 7.95 7.95 7.95 8.10 8.10 8.10 8.10 7.91 7.91 7.91 7.91 7.92 7.92 7.92 9.02
0.00 0.00 0.00 0.00 0.00 0.00 0.00 0.00 0.00 0.00 0.00 0.00 0.00 0.00 0.00 0.00 0.00 0.00 0.00 0.00 6.57 10.40 9.85 7.66 6.40 7.17 7.19 8.33 7.12 7.12 7.12 7.12 7.05 7.05 7.05 7.63 6.98 8.01 6.98 6.98 6.95 6.95 6.95 6.95 7.64 8.26 7.64 7.64 7.66 7.66 7.66 7.66 7.60 7.60 7.60 7.60 7.57 7.57 7.57 7.57 7.90 7.90 7.90 7.90 7.91 7.91 7.91 7.91 7.95 7.95 7.95 7.95 8.10 8.10 8.10 8.10 7.91 7.91 7.91 7.91 7.92 8.57 7.92 7.92
0.00 0.00 0.00 0.00 0.00 0.00 0.00 0.00 0.00 0.00 0.00 0.00 0.00 0.00 0.00 0.00 0.00 0.00 0.00 6.56 6.57 9.85 9.85 7.58 6.79 7.27 6.40 6.40 10.48 7.12 7.12 7.12 7.05 7.05 7.05 7.05 6.98 6.98 6.98 6.98 6.95 6.95 6.95 6.95 7.64 7.64 7.64 7.64 8.28 7.66 7.66 7.66 7.60 7.60 7.60 7.60 8.19 7.57 7.57 7.57 7.90 7.90 7.90 7.90 9.06 7.91 7.91 7.91 7.95 7.95 7.95 7.95 8.10 8.10 8.10 8.10 7.91 7.91 7.91 7.91 7.92 7.92 7.92 7.92
0.00 0.00 2.79 0.00 0.00 0.00 0.00 0.00 0.00 0.00 0.00 0.00 0.00 0.00 2.88 0.00 0.00 3.07 6.56 6.56 9.85 6.57 6.57 10.94 11.02 11.02 11.02 10.57 10.83 8.33 8.33 8.33 8.25 7.05 7.05 7.05 6.98 6.98 6.98 6.98 6.95 6.95 6.95 6.95 7.64 7.64 7.64 8.25 7.66 7.66 7.66 7.66 7.60 7.60 7.60 7.60 8.18 7.57 7.57 7.57 7.90 7.90 7.90 8.53 7.91 7.91 7.91 8.55 8.59 7.95 7.95 7.95 8.10 8.10 8.10 8.10 7.91 7.91 7.91 7.91 7.92 7.92 7.92 7.92
0.00 5.20 5.20 5.20 5.24 0.00 0.00 0.00 0.00 0.00 0.00 0.00 0.00 0.00 2.88 5.48 5.45 6.04 6.04 7.08 9.80 6.52 6.52 7.60 8.58 7.67 7.67 7.41 7.55 8.08 8.30 8.74 8.25 8.09 7.64 7.05 7.03 7.03 7.03 7.03 7.01 7.01 7.01 7.01 7.61 7.61 7.61 7.61 8.68 7.57 7.57 8.55 7.56 7.56 7.56 8.66 7.58 7.58 7.58 7.58 7.95 7.95 7.95 9.10 7.94 7.94 7.94 9.34 8.68 8.04 8.04 8.04 8.15 8.15 8.15 8.15 7.93 7.93 9.03 7.93 7.88 8.52 8.52 7.88
0.00 0.00 5.20 5.20 5.24 0.00 0.00 0.00 0.00 0.00 0.00 0.00 0.00 0.00 5.48 8.76 8.72 8.72 8.72 8.72 9.30 5.43 5.43 7.60 9.22 7.67 7.67 9.24 8.30 8.30 7.09 7.09 7.64 7.05 7.05 7.05 7.03 7.03 7.85 7.61 7.01 7.01 7.01 7.01 7.61 7.61 7.61 7.61 7.57 7.57 7.57 8.15 8.86 7.78 7.56 7.56 7.58 7.58 7.58 7.58 8.58 8.58 7.95 7.95 7.94 8.58 8.58 8.59 8.04 8.04 8.04 8.04 8.15 8.15 8.15 8.15 7.93 8.58 7.93 7.93 7.88 7.88 7.88 7.88
0.00 5.76 5.20 5.20 5.24 5.24 0.00 0.00 0.00 0.00 0.00 0.00 0.00 5.48 5.48 8.76 5.45 5.45 9.42 10.83 5.43 5.43 5.43 7.04 7.10 8.43 7.10 7.67 8.30 8.30 7.09 7.09 7.05 7.05 7.05 7.05 7.03 7.03 7.03 7.03 7.01 7.59 7.01 7.01 7.61 7.61 7.61 8.92 8.88 8.88 8.88 9.36 6.62 8.86 7.56 7.56 7.58 7.58 7.58 7.58 8.54 7.95 7.95 7.95 8.58 7.94 7.94 7.94 8.04 8.04 8.04 8.04 8.15 8.15 8.15 8.15 7.93 7.93 7.93 7.93 7.88 7.88 7.88 7.88
5.20 5.76 5.76 5.20 5.24 5.80 0.00 0.00 0.00 0.00 0.00 0.00 0.00 0.00 5.48 9.34 5.45 5.45 5.45 6.04 6.46 5.43 5.43 5.43 7.10 5.47 5.47 5.47 7.58 7.58 7.09 7.09 7.05 7.05 7.05 7.05 7.03 7.03 7.03 7.61 7.01 7.01 7.01 7.01 7.61 7.61 7.61 7.61 8.88 7.24 8.56 8.27 8.86 8.86 7.56 7.56 7.58 7.58 7.58 7.58 7.95 7.95 7.95 7.95 7.94 7.94 7.94 7.94 8.04 8.04 8.04 8.04 8.15 8.15 8.15 8.15 7.93 7.93 7.93 7.93 7.88 7.88 7.88 8.51
5.17 5.17 5.17 5.17 5.22 5.22 5.22 0.00 0.00 0.00 0.00 0.00 0.00 0.00 5.50 5.50 9.33 5.46 5.46 5.46 5.42 6.01 5.42 5.42 6.01 5.42 5.42 5.42 5.75 5.75 5.75 5.75 5.75 5.75 6.99 6.99 7.01 7.01 7.01 7.01 7.00 7.00 7.59 7.00 7.58 7.58 7.58 7.58 7.54 8.83 8.83 9.13 8.27 8.87 7.79 7.57 8.72 7.61 7.61 7.61 7.97 7.97 7.97 7.97 9.29 8.62 7.98 7.98 8.12 8.12 8.12 8.12 8.20 8.20 8.20 8.92 7.93 7.93 7.93 7.93 7.83 7.83 7.83 7.83
5.17 5.17 5.17 5.17 5.22 5.22 5.22 5.22 0.00 0.00 0.00 0.00 0.00 0.00 5.89 5.50 8.74 8.74 5.46 5.46 5.42 5.42 5.42 5.42 5.42 5.42 5.42 5.42 5.75 5.75 5.75 5.75 5.75 5.75 5.75 5.75 5.77 7.01 7.01 7.01 7.00 7.00 7.00 7.00 8.20 7.58 7.58 7.58 7.54 8.83 8.83 8.83 8.56 7.54 8.87 7.57 7.61 7.61 7.61 7.61 7.97 7.97 7.97 7.97 7.98 7.66 7.98 7.98 8.12 8.12 8.12 8.12 8.20 8.20 8.92 8.20 7.93 8.58 7.93 8.86 8.47 7.83 7.83 7.83
5.17 5.17 5.17 5.17 5.22 5.22 5.22 5.22 5.31 0.00 0.00 0.00 0.00 6.87 6.87 6.32 6.05 8.74 5.46 6.04 5.42 5.42 5.42 5.42 5.42 5.42 5.42 6.01 5.75 5.75 6.37 5.75 5.75 5.75 5.75 5.75 5.77 5.77 5.77 5.77 5.76 7.00 7.00 7.00 7.58 7.58 7.58 7.58 8.83 8.83 8.83 7.56 8.87 7.24 8.56 8.56 7.61 7.61 7.61 8.72 7.97 7.97 8.82 9.49 6.16 7.98 7.98 7.98 8.12 8.12 8.12 8.12 8.92 8.20 8.20 8.20 8.58 7.93 7.93 7.93 7.83 7.83 7.83 7.83
5.17 5.17 5.17 5.17 5.22 5.22 5.22 5.22 6.27 6.61 6.61 5.03 5.88 1.84 6.73 6.32 7.07 7.41 8.74 5.46 5.42 5.42 5.42 5.42 5.42 5.42 5.42 5.42 5.75 5.75 5.75 5.75 5.75 5.75 5.75 5.75 5.77 6.39 5.77 5.77 5.76 5.76 5.76 5.76 7.58 7.58 7.58 8.89 8.83 7.56 8.83 8.83 8.27 8.27 8.27 8.87 7.61 7.61 7.61 7.61 7.97 7.97 8.91 7.97 6.16 7.98 7.98 7.98 8.12 8.12 8.12 9.23 8.20 8.20 8.20 8.20 9.20 7.93 8.58 8.56 8.47 8.47 7.83 7.83
5.16 5.16 5.16 5.16 5.20 8.48 5.20 5.20 5.30 5.93 6.61 7.01 5.59 5.59 7.76 6.87 6.87 5.48 8.76 5.48 5.45 5.45 5.45 5.45 5.42 6.19 5.42 5.42 5.74 5.74 5.74 5.74 5.75 5.75 5.75 5.75 5.75 5.75 6.37 5.75 5.72 5.72 5.72 5.72 6.14 8.02 8.02 8.02 8.91 8.91 8.91 8.91 8.96 8.96 8.27 8.27 8.96 8.96 7.64 7.64 7.97 8.61 8.22 7.97 8.03 8.03 8.03 8.03 8.16 8.16 8.74 8.16 8.20 8.20 8.20 8.20 8.58 7.94 7.94 7.94 7.81 7.81 7.81 7.81
5.16 5.16 5.16 5.16 8.48 8.48 9.23 5.20 5.30 4.14 5.93 6.61 6.87 5.19 7.13 6.73 6.87 6.87 8.76 8.76 5.45 5.45 5.45 5.45 5.42 5.42 5.42 5.42 5.74 6.75 5.74 5.74 5.75 5.75 5.75 5.75 6.52 5.75 5.75 5.75 5.72 5.72 5.72 6.49 10.41 8.78 8.02 8.02 6.16 6.16 6.16 7.60 8.96 8.96 8.96 8.27 8.27 8.82 9.40 7.64 7.97 9.37 9.72 8.55 8.03 8.03 8.03 8.03 8.16 8.16 9.02 8.16 8.20 8.20 8.20 8.20 7.94 7.94 7.94 7.94 7.81 7.81 8.79 7.81
6.01 6.01 6.49 9.78 9.33 6.05 6.05 9.33 6.16 4.01 6.83 6.16 6.38 7.51 8.63 8.23 8.23 8.23 8.31 11.67 6.32 6.32 6.32 6.32 6.29 6.29 6.29 6.29 6.38 6.38 6.38 6.38 6.39 6.39 6.39 6.39 6.39 6.39 6.39 6.39 7.05 6.36 6.36 6.36 6.79 8.96 9.14 6.79 6.82 6.82 6.82 6.82 6.85 6.85 6.85 9.62 9.62 9.62 9.62 8.52 9.28 10.63 10.63 9.12 9.19 9.19 9.19 9.19 10.80 9.33 9.33 9.33 9.45 9.45 9.45 9.45 9.51 10.60 9.51 9.51 9.36 9.36 9.36 9.36
9.28 9.28 9.28 6.01 6.05 6.05 6.05 9.33 6.16 6.16 6.16 6.16 6.38 6.38 6.38 8.31 7.32 8.20 5.76 8.31 11.55 8.27 6.32 6.32 6.29 6.29 6.29 6.29 6.38 6.38 6.38 6.38 6.39 6.39 6.39 6.39 6.39 6.39 6.39 6.39 6.36 6.36 6.36 6.36 6.79 6.79 6.79 6.79 6.82 6.82 6.82 6.82 6.85 7.74 6.85 10.79 9.14 9.19 9.14 9.89 10.86 10.63 10.86 9.12 9.19 9.19 9.19 9.19 9.33 10.15 9.33 9.33 9.45 9.45 9.45 9.45 9.51 9.51 9.51 9.51 9.36 9.36 10.20 9.36
9.33 9.33 6.05 6.05 6.03 6.03 6.03 9.31 9.36 9.36 7.29 9.36 9.62 7.03 7.33 7.33 8.31 7.32 7.91 7.32 11.62 8.35 8.35 8.35 6.35 6.35 6.35 6.35 6.45 6.45 6.45 6.45 6.45 6.45 6.45 6.45 6.42 6.42 6.42 6.42 6.38 6.38 6.38 6.38 6.86 6.86 6.86 6.86 6.91 6.91 7.30 6.91 7.30 6.91 6.91 8.16 8.16 9.07 9.07 6.36 9.53 9.53 9.14 9.14 9.20 9.20 9.20 9.20 10.13 9.30 9.30 9.30 9.41 9.41 9.41 9.41 9.45 9.45 9.45 9.45 9.32 9.32 9.32 9.32
9.33 9.33 6.05 6.05 6.03 6.03 6.03 6.03 6.73 6.08 6.08 6.08 9.62 9.62 8.88 7.33 7.33 8.31 8.23 9.63 11.51 8.31 8.35 8.35 6.35 6.35 6.35 6.35 6.45 6.45 6.45 6.45 6.45 6.45 6.45 6.45 6.42 6.42 6.42 6.42 6.38 6.38 6.38 6.38 6.86 6.86 6.86 6.86 6.91 6.91 6.91 6.91 6.91 6.91 6.91 9.12 6.87 6.87 6.87 6.87 9.64 9.64 6.97 6.97 7.01 7.01 12.52 9.20 9.30 9.30 9.30 9.30 9.41 9.41 9.41 10.25 9.45 9.45 10.30 10.30 9.32 9.32 9.32 10.14
6.05 6.05 6.05 7.19 6.03 6.03 6.03 6.03 6.73 6.08 6.08 6.08 6.35 9.62 6.35 7.33 8.26 10.61 10.61 10.61 7.91 8.71 8.35 9.90 6.35 6.35 6.35 6.35 6.45 6.45 6.45 6.45 6.45 6.45 6.45 6.45 6.42 6.42 6.42 6.42 6.38 6.38 6.38 6.38 6.86 6.86 6.86 6.86 6.91 6.91 6.91 6.91 7.30 6.91 6.91 6.91 6.87 6.87 6.87 6.87 9.64 9.64 9.53 6.97 7.01 7.90 7.01 7.01 7.08 9.30 9.30 9.30 9.41 9.41 9.41 9.41 9.45 9.45 9.45 9.45 9.32 9.32 9.32 10.14
6.05 6.05 6.05 6.05 6.98 6.68 6.03 6.03 6.08 6.08 6.08 6.08 6.35 9.62 9.62 9.62 9.65 6.38 6.38 6.38 7.91 7.51 6.37 6.37 6.35 7.04 7.51 6.35 6.45 6.45 6.45 6.45 6.45 6.45 6.45 6.45 6.42 6.42 6.42 6.42 6.38 6.38 6.38 6.38 6.86 6.86 6.86 6.86 6.91 6.91 6.91 6.91 7.30 10.05 7.30 6.91 6.87 6.87 7.26 7.16 9.64 6.92 6.92 6.97 7.01 7.01 7.01 7.89 7.08 7.08 7.08 7.08 7.16 9.41 9.41 9.41 9.45 9.45 9.45 9.45 10.15 9.32 9.32 9.32
9.39 6.12 6.12 6.12 6.07 6.73 6.07 6.07 6.04 6.04 6.04 6.04 6.30 6.30 9.58 10.26 6.36 6.36 6.36 4.27 6.36 6.36 6.36 6.36 6.35 6.35 6.35 6.35 6.48 6.48 6.48 6.48 6.50 6.50 6.50 6.50 6.46 6.46 6.46 6.46 6.44 6.44 6.44 6.44 6.94 6.94 6.94 6.94 6.96 6.96 6.96 6.96 6.94 6.94 6.94 6.94 6.88 6.88 6.88 6.88 9.90 9.90 9.64 10.62 7.26 6.98 6.98 6.98 7.91 7.03 7.03 7.03 7.06 7.06 7.06 7.95 9.29 9.29 9.29 9.29 9.25 9.25 9.25 9.25
9.39 6.12 6.12 6.12 6.07 6.07 6.07 6.07 6.04 6.04 6.70 6.04 6.30 6.30 6.98 6.30 6.36 6.36 6.36 6.36 6.36 6.36 6.36 6.36 6.35 7.03 6.35 6.35 7.56 7.56 6.48 7.38 6.50 6.50 6.50 6.50 6.46 6.46 6.46 6.46 6.44 6.44 6.44 6.44 6.94 6.94 6.94 6.94 6.96 6.96 6.96 6.96 6.94 6.94 6.94 6.94 6.88 6.88 6.88 8.31 9.90 9.90 9.64 9.90 8.02 6.98 6.98 6.98 7.91 7.03 7.92 7.03 7.94 7.06 7.06 7.06 7.07 7.07 7.07 7.07 9.25 9.25 9.25 9.25
10.40 6.12 6.12 6.12 6.07 6.07 6.07 6.07 6.04 6.04 6.04 6.04 6.94 6.30 6.30 6.98 6.36 6.36 6.36 6.36 6.36 7.04 6.36 6.36 6.35 6.35 6.35 6.35 6.48 6.48 6.48 6.48 7.20 7.96 7.73 7.20 6.46 7.17 6.46 6.46 7.14 6.44 6.44 6.44 6.94 6.94 6.94 6.94 6.96 6.96 6.96 6.96 6.94 8.31 8.31 7.33 6.88 8.31 6.88 10.20 9.90 9.90 9.92 8.89 9.90 9.90 9.55 6.98 7.03 7.03 7.03 7.03 7.06 7.06 7.06 7.06 7.07 7.07 7.07 7.07 7.05 7.05 7.55 9.25
6.99 6.99 6.78 6.12 6.07 6.07 6.07 6.07 6.04 6.04 6.04 6.04 6.30 6.30 6.30 6.30 6.36 6.36 6.36 7.04 6.36 6.36 7.33 6.36 6.35 6.35 7.02 6.35 6.48 6.48 6.48 6.48 6.50 7.20 6.50 6.50 6.46 6.46 6.46 6.46 6.44 6.44 6.44 6.44 6.94 6.94 6.94 6.94 7.87 6.96 7.35 7.34 6.94 7.82 7.33 6.94 6.88 6.88 6.88 9.19 9.90 9.90 9.92 9.92 10.91 9.97 9.92 9.92 9.62 7.03 7.03 7.03 7.06 7.06 7.06 7.06 7.07 7.07 7.07 7.07 7.05 8.57 8.75 7.93
6.99 6.99 8.03 9.34 7.14 6.12 6.12 6.12 6.07 6.07 6.07 6.07 6.26 6.26 6.26 7.65 6.31 6.31 6.31 6.31 6.30 6.30 6.30 6.98 6.31 6.31 6.31 6.31 7.12 6.47 7.17 6.47 6.47 7.18 6.47 6.47 6.48 7.19 6.48 6.48 6.48 6.48 6.48 6.48 6.95 6.95 7.85 6.95 6.94 6.94 6.94 6.94 6.90 7.34 6.90 6.90 6.85 6.85 9.05 9.19 9.90 9.90 9.90 9.90 9.90 9.90 9.92 9.92 9.55 9.55 9.97 9.90 9.54 10.35 9.54 10.35 9.59 9.59 7.29 7.01 7.92 7.03 7.03 7.92
7.14 6.99 7.14 6.13 7.14 6.12 6.12 6.77 6.07 6.73 6.07 6.76 6.26 6.26 6.26 6.93 6.31 6.31 6.31 6.31 6.30 6.30 6.30 6.30 6.31 6.31 6.31 6.31 6.47 6.47 6.47 6.47 6.47 6.47 6.47 6.47 6.48 6.48 7.19 6.48 6.48 6.48 6.48 6.48 6.95 7.35 6.95 6.95 6.94 6.94 6.94 6.94 6.90 6.90 8.31 6.90 6.85 6.85 9.14 9.19 9.92 9.90 9.90 9.92 6.92 9.90 9.92 9.92 9.92 9.97 9.90 9.90 9.92 9.90 9.92 9.92 11.06 9.95 9.95 9.86 7.03 7.03 7.03 7.03
8.03 7.14 7.14 6.99 7.13 6.12 6.12 6.12 6.07 6.07 6.07 6.07 6.26 6.26 6.26 6.26 6.31 6.31 6.31 6.31 6.30 6.97 6.30 6.30 6.31 6.31 6.31 6.31 6.47 6.47 6.47 6.47 6.47 6.47 6.47 6.47 6.48 6.48 6.48 6.48 6.48 6.48 6.48 6.48 6.95 6.95 6.95 6.95 6.94 6.94 6.94 7.33 6.90 6.90 8.31 6.90 6.85 8.87 10.17 9.19 9.92 9.92 9.92 8.89 9.55 9.55 9.55 8.89 9.64 9.64 9.90 9.90 9.92 8.89 9.64 9.92 9.97 9.97 8.05 8.05 7.03 7.03 7.92 7.03
6.99 6.99 6.13 6.99 6.12 6.12 6.12 6.12 6.07 6.07 6.73 6.07 6.26 6.26 6.26 6.26 6.31 6.31 6.31 7.27 6.30 6.30 6.30 6.30 6.31 6.31 6.31 6.31 7.12 6.47 7.16 6.47 6.47 6.47 6.47 6.47 6.48 6.48 7.18 7.18 6.48 7.18 6.48 6.48 6.95 6.95 6.95 6.95 6.94 6.94 6.94 7.33 6.90 6.90 6.90 9.12 9.87 9.14 8.84 6.36 9.64 6.92 6.92 9.52 9.55 9.55 6.92 9.55 9.55 8.89 9.64 8.89 9.90 9.90 6.92 6.92 9.69 6.96 7.01 7.01 7.91 7.66 7.03 7.03
6.12 6.12 6.12 6.12 6.13 6.13 6.80 6.79 6.12 6.12 6.12 6.12 6.26 6.26 6.26 6.26 6.24 6.24 6.24 6.91 6.90 6.23 6.90 6.23 6.28 6.28 6.28 6.28 6.43 6.43 6.43 6.43 7.12 6.42 6.42 6.42 6.45 6.45 7.15 6.45 6.46 6.46 6.46 6.46 6.92 6.92 6.92 7.31 7.29 6.89 7.29 7.28 6.85 6.85 9.04 9.04 9.01 9.01 9.01 6.36 9.64 9.54 9.54 6.98 9.56 9.56 9.56 9.56 9.92 9.64 9.64 9.90 9.64 8.89 6.92 9.64 9.69 8.94 9.59 9.59 9.59 9.97 9.95 11.52
6.12 6.12 7.38 6.12 6.13 6.13 6.13 6.93 7.08 6.78 6.12 7.11 6.94 6.26 6.26 6.26 6.24 6.24 6.24 6.24 6.23 7.02 6.23 6.23 6.28 6.28 6.28 6.28 6.43 6.43 6.43 7.24 6.42 6.42 6.42 6.42 6.45 6.45 6.45 7.26 7.52 6.46 6.46 6.46 6.92 6.92 6.92 7.54 6.89 6.89 6.89 6.89 6.85 7.24 6.85 6.85 6.83 8.31 8.31 9.01 6.98 6.98 6.98 6.98 9.56 9.56 10.56 9.56 9.92 8.89 9.90 9.90 9.90 9.90 8.89 8.89 9.69 6.96 9.69 8.94 9.69 9.69 11.47 11.23
6.78 6.78 6.78 6.78 6.79 6.79 6.79 6.79 6.77 6.77 6.77 6.77 6.85 6.85 6.85 6.85 6.82 6.82 6.82 6.82 6.81 6.81 6.81 6.81 6.87 6.87 6.87 6.87 7.44 7.08 7.08 7.08 7.07 7.07 7.07 7.07 7.10 7.10 7.10 7.10 6.79 6.79 6.79 7.71 7.01 7.01 7.01 7.01 6.99 6.99 6.99 6.99 6.94 6.94 6.94 6.94 6.93 7.30 6.93 6.93 8.86 7.29 7.29 11.07 10.02 10.02 10.02 10.02 9.99 10.18 10.43 10.43 10.43 9.98 7.27 10.18 10.79 7.53 10.56 9.72 10.56 10.30 11.89 10.78
6.78 6.78 6.78 6.78 6.79 6.79 6.79 6.79 6.77 6.77 6.77 6.77 6.85 6.85 6.85 6.85 6.82 6.82 6.82 6.82 6.81 6.81 6.81 6.81 6.87 6.87 6.87 6.87 7.08 7.08 7.08 7.08 7.07 7.07 7.07 7.07 7.10 7.10 7.10 7.10 6.79 6.79 6.79 6.79 7.01 7.01 7.01 7.01 6.99 6.99 6.99 6.99 6.94 6.94 6.94 8.46 6.93 6.93 8.95 6.93 7.29 7.29 11.34 10.43 10.02 10.02 10.02 10.02 7.27 9.38 10.43 10.43 9.46 7.27 7.27 10.43 10.79 10.30 10.79 10.79 8.69 10.30 8.69 10.56
