New_Model_Runs/8_Future_Present_Scn1_out/post_prcessed_with_MFR/Monthly_summaries/net_infiltration_monthly_MAY.asc
NCOLS 700
NROWS 400
XLLCENTER 515000.000000
YLLCENTER 8409000.000000
CELLSIZE 50.000000
NODATA_value -999.000000
[rows 152 to 189 of 400, columns 336 to 419 of 700]
4.86 5.88 6.33 5.67 5.13 5.35 5.13 5.13 5.13 5.59 5.17 5.17 5.53 5.53 5.07 5.07 4.95 4.95 5.39 4.95 5.04 5.04 5.04 5.04 5.11 8.74 4.86 4.86 5.74 5.74 6.63 5.30 4.82 4.82 5.26 4.40 3.96 9.24 5.44 5.08 5.49 8.96 8.49 8.29 8.29 7.88 1.78 1.34 4.89 0.00 0.00 0.00 0.00 0.00 0.00 0.00 0.00 0.00 0.00 0.00 0.00 0.00 0.00 0.00 0.00 0.00 0.00 0.00 0.00 0.00 0.00 0.00 0.00 0.00 0.00 0.00 0.00 0.00 0.00 0.00 0.00 0.00 0.00 0.00
5.28 5.47 5.11 5.17 6.02 5.25 5.21 5.43 5.43 5.59 5.59 5.17 5.07 5.07 5.07 5.07 4.95 4.95 4.95 4.95 5.04 5.04 5.04 5.04 5.11 4.10 7.73 7.73 4.86 8.55 5.74 4.86 8.03 8.82 7.59 7.53 8.85 7.15 5.99 5.08 5.05 8.96 7.74 4.47 8.09 1.34 1.78 1.78 4.89 0.00 0.00 0.00 0.00 0.00 0.00 0.00 0.00 0.00 0.00 0.00 0.00 0.00 0.00 0.00 0.00 0.00 0.00 0.00 0.00 0.00 0.00 0.00 0.00 0.00 0.00 0.00 0.00 0.00 0.00 0.00 0.00 0.00 0.00 0.00
5.61 5.28 4.84 4.72 5.66 6.17 5.64 5.64 5.59 5.59 5.59 5.17 5.07 5.07 5.07 5.50 4.95 4.95 4.95 4.95 5.04 5.04 5.04 5.04 9.35 9.35 9.35 10.44 7.73 7.73 7.73 7.73 5.26 8.47 8.54 9.87 7.12 10.09 5.10 4.89 5.05 8.57 8.57 4.47 5.41 4.91 4.47 4.47 4.89 4.20 0.00 0.00 0.00 0.00 0.00 0.00 0.00 0.00 0.00 0.00 0.00 0.00 0.00 0.00 0.00 0.00 0.00 0.00 0.00 0.00 0.00 0.00 0.00 0.00 0.00 0.00 0.00 0.00 0.00 0.00 0.00 0.00 0.00 0.00
5.17 4.72 5.19 4.72 4.72 5.14 5.44 5.64 5.59 5.59 5.59 5.59 5.53 5.07 5.07 5.07 4.95 4.95 4.95 4.95 5.04 5.04 5.04 5.04 8.74 5.11 5.11 5.56 4.90 8.61 5.74 4.34 8.09 8.09 8.09 9.20 9.46 5.78 5.33 5.08 4.89 8.32 4.97 4.47 5.41 1.78 4.17 4.17 4.89 7.51 0.00 0.00 0.00 0.00 0.00 0.00 0.00 0.00 0.00 0.00 0.00 0.00 0.00 0.00 0.00 0.00 0.00 0.00 0.00 0.00 0.00 0.00 0.00 0.00 0.00 0.00 0.00 0.00 0.00 0.00 0.00 0.00 0.00 0.00
5.17 4.72 4.93 5.35 5.35 5.35 5.14 5.63 5.58 5.58 5.58 5.58 6.55 5.50 5.05 5.05 4.96 4.96 4.96 4.96 5.04 5.04 5.04 8.67 5.06 5.06 5.06 5.06 5.10 5.22 9.42 4.35 4.62 8.09 8.09 4.39 4.89 5.03 5.03 5.03 8.52 4.69 4.97 4.69 8.09 4.97 4.47 1.34 1.26 5.33 0.44 0.00 0.00 0.00 0.00 0.00 0.00 0.00 0.00 0.00 0.00 0.00 0.00 0.00 0.00 0.00 0.00 0.00 0.00 0.00 0.00 0.00 0.00 0.00 0.00 0.00 0.00 0.00 0.00 0.00 0.00 0.00 0.00 0.00
5.14 5.14 5.64 5.14 5.63 5.63 5.63 5.63 5.58 5.82 5.58 5.58 5.45 5.45 5.05 5.05 4.96 4.96 4.96 4.96 5.48 5.04 5.04 8.67 5.06 5.06 5.38 4.86 4.86 5.41 9.23 8.70 8.09 8.46 5.10 4.66 5.03 5.03 5.03 5.03 4.89 4.66 8.09 4.97 4.97 4.97 1.34 4.47 1.26 5.33 1.85 0.00 0.00 0.00 0.00 0.00 0.00 0.00 0.00 0.00 0.00 0.00 0.00 0.00 0.00 0.00 0.00 0.00 0.00 0.00 0.00 0.00 0.00 0.00 0.00 0.00 0.00 0.00 0.00 0.00 0.00 0.00 0.00 0.00
5.14 5.44 5.14 5.64 5.63 5.63 5.63 5.14 5.14 5.58 5.58 5.58 5.68 5.45 5.05 5.05 4.96 4.96 4.96 5.40 5.04 5.04 8.67 5.35 5.38 5.38 5.38 5.38 5.41 5.41 8.73 5.54 4.89 4.89 5.11 4.89 5.03 5.03 5.03 5.03 5.09 4.39 4.97 4.97 8.09 8.09 1.34 1.78 1.70 5.33 8.71 0.00 0.00 0.00 0.00 0.00 0.00 0.00 0.00 0.00 0.00 0.00 0.00 0.00 0.00 0.00 0.00 0.00 0.00 0.00 0.00 0.00 0.00 0.00 0.00 0.00 0.00 0.00 0.00 0.00 0.00 0.00 0.00 0.00
5.64 5.64 5.43 5.64 5.63 5.63 5.14 5.14 5.76 5.58 5.58 5.58 5.45 5.45 5.45 5.05 4.96 4.96 4.96 4.96 5.04 9.21 8.98 5.35 5.38 5.62 5.38 5.38 5.41 5.41 4.86 5.61 5.11 5.11 5.11 5.11 5.03 5.03 5.03 5.03 5.09 4.39 4.97 8.09 8.09 8.09 4.97 4.97 5.77 6.22 5.33 0.00 0.00 0.00 0.00 0.00 0.00 0.00 0.00 0.00 0.00 0.00 0.00 0.00 0.00 0.00 0.00 0.00 0.00 0.00 0.00 0.00 0.00 0.00 0.00 0.00 0.00 0.00 0.00 0.00 0.00 0.00 0.00 0.00
5.61 5.67 5.14 5.61 5.61 5.61 5.14 5.14 5.56 5.56 5.56 5.56 5.43 5.43 5.43 5.43 4.93 4.93 5.23 5.23 5.28 8.91 5.28 5.28 5.30 5.30 5.30 5.30 5.30 5.54 5.30 5.30 5.03 5.03 5.03 5.30 5.04 5.04 5.04 5.04 5.10 8.02 4.39 4.95 8.68 5.05 5.83 8.09 5.10 5.99 6.23 5.79 0.00 0.00 0.00 0.00 0.00 0.00 0.00 0.00 0.00 0.00 0.00 0.00 0.00 0.00 0.00 0.00 0.00 0.00 0.00 0.00 0.00 0.00 0.00 0.00 0.00 0.00 0.00 0.00 0.00 0.00 0.00 0.00
5.61 5.55 5.55 5.61 5.61 5.61 5.14 5.14 5.14 5.56 5.56 4.48 5.43 5.43 5.43 5.43 5.23 5.23 5.23 5.23 8.91 5.28 5.28 5.28 5.30 5.60 5.30 5.30 5.30 5.60 5.30 5.30 5.03 5.03 5.26 5.26 5.04 5.04 5.04 5.04 4.93 4.66 4.96 4.89 5.33 6.22 5.78 4.89 4.61 4.66 10.01 10.04 5.77 5.77 5.38 3.63 0.00 0.00 0.00 0.00 0.00 0.00 0.00 0.00 0.00 0.00 0.00 0.00 0.00 0.00 0.00 0.00 0.00 0.00 0.00 0.00 0.00 0.00 0.00 0.00 0.00 0.00 0.00 0.00
7.00 7.77 7.00 6.56 6.56 6.56 6.56 6.70 6.49 6.51 6.51 6.51 6.37 6.37 6.37 6.37 6.06 6.35 6.06 6.06 6.12 6.12 6.12 6.12 6.14 6.43 6.14 6.14 6.43 6.14 6.79 6.14 5.23 5.23 5.23 5.23 5.25 5.25 5.25 5.48 5.31 5.31 5.31 5.43 5.37 5.29 5.29 5.29 4.95 4.74 5.63 9.71 8.83 6.25 2.67 4.92 4.92 4.93 4.92 4.92 0.00 0.00 0.00 0.00 0.00 0.00 0.00 0.00 0.00 0.00 0.00 0.00 0.00 0.00 0.00 0.00 0.00 0.00 0.00 0.00 0.00 0.00 0.00 0.00
7.00 8.03 8.03 7.00 6.56 6.56 6.56 6.56 6.51 6.51 6.51 6.51 6.63 6.37 6.37 6.37 6.06 6.06 6.06 6.06 6.12 6.12 6.12 6.12 6.14 6.14 6.14 6.14 6.14 6.14 6.43 6.14 5.23 5.23 5.23 5.23 5.25 5.25 5.48 5.25 5.31 5.31 5.31 5.31 5.29 5.29 5.29 5.29 4.95 4.95 5.40 8.52 7.94 4.31 6.25 6.25 5.81 5.18 5.18 5.36 8.38 0.00 0.00 0.00 0.00 0.00 0.00 0.00 0.00 0.00 0.00 0.00 0.00 0.00 0.00 0.00 0.00 0.00 0.00 0.00 0.00 0.00 0.00 0.00
6.52 6.96 7.68 6.96 6.46 6.46 6.46 6.46 6.62 6.36 6.36 6.62 6.30 6.30 6.30 6.25 6.10 6.10 6.10 6.10 6.15 6.15 6.15 6.15 6.14 6.14 6.14 6.14 6.12 6.12 6.12 6.12 5.25 5.25 5.25 5.25 5.27 5.27 5.27 5.27 5.26 5.26 5.26 5.26 5.24 5.53 5.24 5.24 4.95 4.95 4.74 4.31 7.94 4.31 2.62 6.69 6.01 4.88 4.88 5.76 5.78 7.86 4.99 3.63 0.00 0.00 0.00 0.00 0.00 0.00 0.00 0.00 0.00 0.00 0.00 0.00 0.00 0.00 0.00 0.00 0.00 0.00 0.00 0.00
6.52 6.52 6.52 6.52 6.46 6.46 6.46 6.46 6.36 6.36 6.36 6.36 6.30 6.30 6.30 6.25 6.10 6.10 6.10 6.10 6.15 6.15 6.15 6.15 6.14 6.14 6.14 6.14 6.12 6.12 6.12 6.12 5.25 5.25 5.25 5.25 5.27 5.27 5.27 5.27 5.26 5.26 5.26 5.26 5.24 5.47 5.24 5.24 4.95 4.74 4.74 4.31 4.31 4.92 5.36 4.75 4.88 4.88 4.88 4.88 5.31 8.49 4.87 8.49 0.00 0.00 0.00 0.00 0.00 0.00 0.00 0.00 0.00 0.00 0.00 0.00 0.00 0.00 0.00 0.00 0.00 0.00 0.00 0.00
6.79 6.52 6.52 6.79 6.46 6.46 6.46 6.46 6.36 6.36 6.36 6.36 6.30 6.30 6.30 6.25 6.10 6.10 6.10 6.10 6.15 6.15 6.15 6.15 6.14 6.14 6.14 6.14 6.12 6.12 6.12 6.12 5.25 5.25 5.25 5.25 5.27 5.27 5.27 5.27 5.26 5.26 5.26 5.26 5.24 5.24 5.24 5.24 4.74 4.51 4.51 4.24 4.31 5.24 5.24 4.79 4.88 4.88 4.88 4.74 4.87 8.94 5.31 4.87 0.00 0.00 0.00 0.00 0.00 0.00 0.00 0.00 0.00 0.00 0.00 0.00 0.00 0.00 0.00 0.00 0.00 0.00 0.00 0.00
6.52 6.52 6.52 6.52 6.46 6.71 6.46 6.46 6.36 6.36 6.36 6.36 6.30 6.30 6.25 6.25 6.10 6.10 6.10 6.10 6.15 6.15 6.15 6.15 6.14 6.14 6.14 6.14 6.12 6.12 6.12 6.12 5.25 5.25 5.25 5.25 5.27 5.27 5.27 5.27 5.26 5.26 5.26 5.26 5.24 5.24 5.24 5.24 4.74 4.74 4.98 5.18 4.79 5.68 5.68 4.79 4.88 4.88 5.76 5.19 5.39 7.08 5.40 8.49 0.00 0.00 0.00 0.00 0.00 0.00 0.00 0.00 0.00 0.00 0.00 0.00 0.00 0.00 0.00 0.00 0.00 0.00 0.00 0.00
6.45 6.45 6.45 6.45 6.33 6.33 6.59 6.33 6.34 6.34 6.34 6.34 6.45 6.45 6.41 6.41 6.22 6.22 6.22 6.22 6.21 6.21 6.21 6.51 6.21 6.21 6.21 6.21 6.22 6.22 6.22 6.22 5.35 5.35 5.35 5.35 5.34 5.34 5.34 5.34 5.14 5.14 5.14 5.30 5.28 5.28 5.28 5.14 4.74 4.99 4.93 4.93 4.91 4.91 4.91 4.91 4.88 4.88 5.12 6.07 6.28 6.23 0.00 0.00 0.00 0.00 0.00 0.00 0.00 0.00 0.00 0.00 0.00 0.00 0.00 0.00 0.00 0.00 0.00 0.00 0.00 0.00 0.00 0.00
6.45 6.45 6.45 6.45 6.33 6.33 6.33 6.33 6.34 6.34 6.34 6.34 6.45 6.45 6.41 6.41 6.22 6.22 6.22 6.22 6.21 6.21 6.21 6.21 6.21 6.21 6.21 6.21 6.22 6.22 6.22 6.22 5.35 5.35 5.35 5.35 5.34 5.34 5.34 5.34 4.91 4.91 5.14 5.14 5.28 5.28 5.28 5.28 4.93 4.93 4.93 4.93 4.91 4.91 4.91 4.99 4.97 4.74 4.74 4.74 0.00 0.00 0.00 0.00 0.00 0.00 0.00 0.00 0.00 0.00 0.00 0.00 0.00 0.00 0.00 0.00 0.00 0.00 0.00 0.00 0.00 0.00 0.00 0.00
6.45 6.45 6.45 6.45 6.33 6.33 6.33 6.33 6.34 6.34 6.34 6.34 6.45 6.41 6.41 6.41 6.22 6.22 6.22 6.22 6.21 6.21 6.21 6.21 6.21 6.21 6.21 4.96 6.39 6.22 6.22 6.22 5.35 5.35 5.35 5.35 5.34 5.34 5.34 6.22 4.91 5.36 5.14 5.30 5.58 5.28 5.28 5.28 4.93 4.93 4.93 4.93 4.91 4.74 4.74 5.19 5.19 4.88 4.88 7.86 0.00 0.00 0.00 0.00 0.00 0.00 0.00 0.00 0.00 0.00 0.00 0.00 0.00 0.00 0.00 0.00 0.00 0.00 0.00 0.00 0.00 0.00 0.00 0.00
6.45 6.45 6.45 6.45 6.33 6.33 6.33 6.33 6.34 6.34 6.34 6.34 6.45 6.41 6.41 6.41 6.22 6.52 6.52 6.87 6.21 6.21 6.21 6.21 6.21 6.21 6.21 4.96 4.96 6.22 6.22 6.22 5.35 5.35 5.35 5.35 5.34 5.34 5.95 5.95 5.30 4.62 5.30 5.75 5.50 5.14 5.28 5.28 4.93 4.93 4.93 4.93 4.91 5.19 4.68 6.69 6.25 5.36 0.00 0.00 0.00 0.00 0.00 0.00 0.00 0.00 0.00 0.00 0.00 0.00 0.00 0.00 0.00 0.00 0.00 0.00 0.00 0.00 0.00 0.00 0.00 0.00 0.00 0.00
6.37 6.37 6.37 6.37 6.39 6.39 6.39 6.39 6.49 6.49 6.49 6.49 6.48 6.44 6.44 7.07 6.48 6.15 6.15 6.44 6.20 6.20 6.50 6.20 6.25 6.25 6.25 4.96 4.96 6.72 7.10 7.10 5.71 5.41 5.41 5.41 5.40 5.40 5.30 5.58 5.37 5.37 5.37 5.81 6.52 6.27 5.77 5.32 4.97 4.74 4.74 4.97 4.74 6.23 7.14 4.84 4.39 2.18 0.00 0.00 0.00 0.00 0.00 0.00 0.00 0.00 0.00 0.00 0.00 0.00 0.00 0.00 0.00 0.00 0.00 0.00 0.00 0.00 0.00 0.00 0.00 0.00 0.00 0.00
6.37 6.37 6.37 6.37 6.39 6.39 6.39 6.39 6.49 6.49 6.49 6.49 6.48 6.44 6.76 6.44 6.15 6.15 6.15 6.15 6.20 6.20 6.20 6.20 6.54 6.55 6.25 5.95 4.96 6.94 7.38 10.13 4.42 6.32 6.15 5.71 5.40 5.40 5.84 4.62 4.94 5.37 5.37 5.37 5.75 6.51 5.32 5.32 4.74 4.51 4.74 4.79 7.94 5.20 3.51 6.08 1.77 0.00 0.00 0.00 0.00 0.00 0.00 0.00 0.00 0.00 0.00 0.00 0.00 0.00 0.00 0.00 0.00 0.00 0.00 0.00 0.00 0.00 0.00 0.00 0.00 0.00 0.00 0.00
6.37 6.37 6.37 6.37 6.39 6.39 6.39 6.39 6.49 6.49 6.49 6.49 6.44 6.55 6.44 6.76 6.15 6.15 6.15 6.15 6.20 6.20 6.20 6.50 6.25 6.25 6.55 6.25 6.28 6.72 6.28 10.11 9.17 5.62 5.71 5.71 5.70 5.40 9.13 9.21 8.33 5.20 5.14 5.37 2.74 6.03 5.61 5.32 4.74 4.74 4.79 7.94 0.00 0.00 0.00 0.00 0.00 0.00 0.00 0.00 0.00 0.00 0.00 0.00 0.00 0.00 0.00 0.00 0.00 0.00 0.00 0.00 0.00 0.00 0.00 0.00 0.00 0.00 0.00 0.00 0.00 0.00 0.00 0.00
6.37 6.37 6.37 6.37 6.39 6.39 6.39 6.39 6.49 6.49 6.49 6.49 6.44 6.75 6.44 6.44 6.52 6.15 6.15 6.15 6.20 6.20 6.49 6.20 6.25 6.25 6.25 6.25 6.28 6.58 6.58 6.41 5.04 5.48 5.74 5.71 5.04 5.04 1.41 8.77 5.04 5.04 5.04 9.29 2.30 5.14 6.03 6.50 4.97 7.94 7.94 0.00 0.00 0.00 0.00 0.00 0.00 0.00 0.00 0.00 0.00 0.00 0.00 0.00 0.00 0.00 0.00 0.00 0.00 0.00 0.00 0.00 0.00 0.00 0.00 0.00 0.00 0.00 0.00 0.00 0.00 0.00 0.00 0.00
6.45 6.45 6.22 6.22 6.49 6.49 6.49 6.49 6.46 6.46 6.46 6.46 6.31 6.31 6.31 6.31 6.37 6.08 6.08 6.08 6.16 6.16 6.16 6.16 6.21 6.21 6.21 6.21 6.27 6.27 6.27 6.27 4.70 4.70 5.48 9.83 5.31 4.42 4.87 8.33 5.48 5.48 5.04 5.04 5.48 8.77 5.48 5.92 4.92 7.94 0.00 0.00 0.00 0.00 0.00 0.00 0.00 0.00 0.00 0.00 0.00 0.00 0.00 0.00 0.00 0.00 0.00 0.00 0.00 0.00 0.00 0.00 0.00 0.00 0.00 0.00 0.00 0.00 0.00 0.00 0.00 0.00 0.00 0.00
6.45 6.45 6.45 6.22 6.22 6.49 6.49 6.49 6.46 6.46 6.84 6.78 6.67 6.67 6.31 6.31 6.08 6.08 6.08 6.08 6.16 6.16 6.50 6.16 6.21 6.21 6.21 6.21 6.27 6.27 6.27 6.27 5.87 5.14 4.70 5.92 5.62 6.21 6.47 9.21 5.48 5.48 5.48 5.48 3.18 6.47 1.85 5.04 7.94 0.00 0.00 0.00 0.00 0.00 0.00 0.00 0.00 0.00 0.00 0.00 0.00 0.00 0.00 0.00 0.00 0.00 0.00 0.00 0.00 0.00 0.00 0.00 0.00 0.00 0.00 0.00 0.00 0.00 0.00 0.00 0.00 0.00 0.00 0.00
6.78 6.78 6.78 6.78 6.82 6.82 6.83 6.83 7.19 6.78 6.78 6.93 6.82 6.82 6.82 6.82 6.66 6.66 6.66 6.66 6.75 6.75 6.75 6.75 6.80 6.80 6.80 6.80 6.86 6.86 6.86 6.86 5.63 6.07 5.39 8.52 5.33 6.05 7.38 6.09 6.08 5.63 5.24 6.08 6.98 6.98 5.65 5.19 0.00 0.00 0.00 0.00 0.00 0.00 0.00 0.00 0.00 0.00 0.00 0.00 0.00 0.00 0.00 0.00 0.00 0.00 0.00 0.00 0.00 0.00 0.00 0.00 0.00 0.00 0.00 0.00 0.00 0.00 0.00 0.00 0.00 0.00 0.00 0.00
6.78 6.78 6.78 6.83 6.83 6.83 6.83 6.83 6.83 6.83 6.78 6.93 6.82 6.82 6.82 6.82 6.66 6.66 6.66 6.66 6.75 6.75 6.75 6.75 6.80 6.80 6.80 6.80 6.86 6.86 6.86 6.86 5.63 5.63 5.63 5.63 5.61 5.61 5.61 5.61 6.46 6.09 5.65 2.00 5.80 5.65 5.19 1.56 0.00 0.00 0.00 0.00 0.00 0.00 0.00 0.00 0.00 0.00 0.00 0.00 0.00 0.00 0.00 0.00 0.00 0.00 0.00 0.00 0.00 0.00 0.00 0.00 0.00 0.00 0.00 0.00 0.00 0.00 0.00 0.00 0.00 0.00 0.00 0.00
6.77 6.83 6.83 6.83 6.83 7.22 6.83 6.83 6.83 6.83 6.41 7.23 7.06 6.77 6.77 6.77 6.73 6.73 6.73 6.73 6.76 6.76 6.76 6.76 6.78 6.78 7.12 7.12 6.83 6.83 6.83 6.83 5.57 5.82 5.57 5.57 5.53 5.53 5.53 5.53 5.51 6.19 5.51 5.56 2.00 2.89 6.09 5.19 0.00 0.00 0.00 0.00 0.00 0.00 0.00 0.00 0.00 0.00 0.00 0.00 0.00 0.00 0.00 0.00 0.00 0.00 0.00 0.00 0.00 0.00 0.00 0.00 0.00 0.00 0.00 0.00 0.00 0.00 0.00 0.00 0.00 0.00 0.00 0.00
6.83 6.83 6.83 6.83 6.83 6.83 6.83 7.22 6.83 6.83 6.41 6.41 6.70 6.77 6.77 6.77 6.73 6.73 6.73 6.73 6.76 6.76 6.76 6.76 6.78 6.78 7.12 6.78 6.83 6.83 6.83 7.27 5.36 5.57 5.57 5.57 5.53 5.53 5.53 5.53 5.51 5.51 5.75 5.51 5.87 6.45 6.89 5.82 8.11 4.97 4.48 0.00 0.00 0.00 0.00 0.00 0.00 0.00 0.00 0.00 0.00 0.00 0.00 0.00 0.00 0.00 0.00 0.00 0.00 0.00 0.00 0.00 0.00 0.00 0.00 0.00 0.00 0.00 0.00 0.00 0.00 0.00 0.00 0.00
6.83 6.83 6.83 6.83 6.83 6.83 6.83 6.83 6.83 6.83 6.41 6.73 6.77 6.77 6.77 6.77 6.73 6.73 6.73 6.73 6.76 6.76 6.76 6.76 6.78 6.78 6.78 6.78 6.83 6.83 7.17 6.83 5.36 5.57 5.82 5.57 5.53 5.53 5.64 5.53 5.51 5.51 5.51 5.51 5.51 5.51 5.51 5.51 5.32 4.97 4.97 4.17 0.00 0.00 0.00 0.00 0.00 0.00 0.00 0.00 0.00 0.00 0.00 0.00 0.00 0.00 0.00 0.00 0.00 0.00 0.00 0.00 0.00 0.00 0.00 0.00 0.00 0.00 0.00 0.00 0.00 0.00 0.00 0.00
6.83 6.83 6.83 6.83 6.83 6.83 6.83 7.22 6.83 6.83 6.41 6.73 6.77 6.77 6.77 6.77 6.73 6.73 6.73 6.73 6.76 6.76 6.76 6.76 6.78 6.78 6.78 6.78 6.83 6.83 6.83 6.83 5.57 5.57 5.57 5.57 5.53 5.53 5.77 5.53 5.51 5.51 5.51 5.51 5.51 5.51 5.75 5.51 5.47 4.41 4.97 4.97 7.80 4.17 0.00 0.00 0.00 0.00 0.00 0.00 0.00 0.00 0.00 0.00 0.00 0.00 0.00 0.00 0.00 0.00 0.00 0.00 0.00 0.00 0.00 0.00 0.00 0.00 0.00 0.00 0.00 0.00 0.00 0.00
6.83 6.83 6.83 7.22 6.83 6.83 6.83 6.83 6.83 6.41 6.75 7.09 6.86 6.86 6.86 6.86 6.76 6.76 6.76 6.76 6.77 7.42 7.10 7.10 7.12 7.21 6.78 6.78 6.78 6.78 7.12 7.12 5.74 5.50 5.50 5.50 5.71 5.47 5.47 5.47 5.45 5.68 5.45 5.45 5.45 5.45 5.45 5.45 4.98 5.06 5.13 5.37 5.86 4.97 8.03 8.03 0.00 0.00 0.00 0.00 0.00 0.00 0.00 0.00 0.00 0.00 0.00 0.00 0.00 0.00 0.00 0.00 0.00 0.00 0.00 0.00 0.00 0.00 0.00 0.00 0.00 0.00 0.00 0.00
6.83 6.83 6.83 7.22 6.83 6.83 6.83 6.83 7.23 7.24 7.24 7.24 6.87 6.86 6.86 6.86 6.76 6.76 6.76 6.76 6.77 6.77 6.77 6.77 6.78 7.21 7.21 6.78 6.78 6.78 6.78 6.78 5.50 5.50 5.50 5.50 5.47 5.47 5.47 5.47 5.45 5.45 5.45 5.45 5.45 5.45 5.45 5.45 4.98 4.98 4.98 5.32 5.76 5.14 4.94 4.94 4.86 8.03 0.00 0.00 0.00 0.00 0.00 0.00 0.00 0.00 0.00 0.00 0.00 0.00 0.00 0.00 0.00 0.00 0.00 0.00 0.00 0.00 0.00 0.00 0.00 0.00 0.00 0.00
6.83 6.83 6.83 6.83 6.83 6.83 6.83 7.20 7.23 7.24 7.24 7.24 6.86 6.87 6.86 6.86 6.76 6.76 6.76 6.76 6.77 6.77 6.77 6.77 7.12 6.78 7.21 7.21 7.20 6.78 6.78 6.78 5.50 5.50 5.50 5.50 5.47 5.47 5.47 5.47 5.45 5.45 5.45 5.45 5.45 5.45 5.45 5.45 4.98 4.98 4.98 4.98 4.65 4.87 4.94 4.94 4.86 4.86 4.86 8.49 0.00 0.00 0.00 0.00 0.00 0.00 0.00 0.00 0.00 0.00 0.00 0.00 0.00 0.00 0.00 0.00 0.00 0.00 0.00 0.00 0.00 0.00 0.00 0.00
6.83 6.83 6.83 6.83 6.83 6.83 6.83 7.20 7.24 7.24 7.24 7.24 7.36 6.86 6.86 6.86 6.76 6.76 6.76 6.76 6.77 6.77 6.77 6.77 7.12 7.12 7.12 7.27 7.27 7.20 6.78 6.78 5.50 5.50 5.50 5.50 5.47 5.47 5.47 5.47 5.45 5.45 5.45 5.45 5.45 5.45 5.45 5.45 4.98 4.98 4.98 5.18 4.94 4.94 4.94 4.94 4.86 4.86 4.86 4.86 8.03 0.00 0.00 0.00 0.00 0.00 0.00 0.00 0.00 0.00 0.00 0.00 0.00 0.00 0.00 0.00 0.00 0.00 0.00 0.00 0.00 0.00 0.00 0.00
6.83 6.83 6.83 6.83 6.83 6.83 6.83 7.24 6.85 6.85 6.85 6.85 6.90 6.90 6.41 6.90 6.75 6.75 6.75 6.75 6.76 6.76 6.76 6.76 6.77 6.77 7.20 7.78 6.86 6.78 6.78 6.78 5.50 5.50 5.50 5.50 5.48 5.48 5.48 5.48 5.47 5.47 5.47 5.47 5.44 5.44 5.44 5.44 4.92 4.92 4.92 4.92 4.89 4.89 4.89 4.89 4.88 4.88 4.88 4.41 8.11 0.00 0.00 0.00 0.00 0.00 0.00 0.00 0.00 0.00 0.00 0.00 0.00 0.00 0.00 0.00 0.00 0.00 0.00 0.00 0.00 0.00 0.00 0.00
6.83 6.83 6.83 6.83 6.83 6.83 6.83 6.83 6.85 6.85 6.85 6.85 6.90 6.90 6.90 6.90 6.75 6.75 6.75 6.75 6.76 6.76 6.76 6.76 6.77 7.11 7.11 6.77 7.11 6.78 7.11 7.11 5.50 5.50 5.50 5.50 5.48 5.48 5.48 5.48 5.47 5.47 5.47 5.47 5.44 5.44 5.44 5.44 4.92 4.92 4.92 4.92 4.89 4.87 4.89 4.89 4.88 4.88 4.41 4.97 0.00 0.00 0.00 0.00 0.00 0.00 0.00 0.00 0.00 0.00 0.00 0.00 0.00 0.00 0.00 0.00 0.00 0.00 0.00 0.00 0.00 0.00 0.00 0.00
