New_Model_Runs/8_Future_Present_Scn1_out/post_prcessed_with_MFR/Monthly_summaries/net_infiltration_monthly_DEC.asc
NCOLS 700
NROWS 400
XLLCENTER 515000.000000
YLLCENTER 8409000.000000
CELLSIZE 50.000000
NODATA_value -999.000000
[rows 111 to 147 of 400, columns 498 to 580 of 700]
7.96 7.96 8.14 8.14 9.30 9.30 9.35 9.35 9.35 8.16 7.99 7.99 8.59 7.99 7.82 8.26 7.71 5.95 8.74 8.63 7.71 11.78 8.10 8.21 11.39 10.95 10.02 7.32 7.32 7.32 4.80 7.24 7.24 4.80 9.10 7.24 7.24 7.24 7.70 7.70 8.30 7.70 7.69 7.69 7.24 7.24 7.05 7.74 7.74 7.74 7.89 7.05 8.51 12.74 12.54 8.03 9.35 8.91 7.65 7.65 7.65 7.65 7.56 8.32 7.60 7.60 7.69 8.91 9.68 8.91 8.96 7.73 7.73 7.73 7.61 7.61 7.61 7.61 8.67 8.67 8.67 8.67 7.93
7.97 7.97 8.14 9.29 9.65 9.29 9.18 9.18 9.18 8.05 7.75 7.75 7.75 7.75 7.63 7.63 7.32 7.32 7.71 7.76 7.64 7.64 7.72 7.32 11.39 9.58 10.90 7.32 7.98 7.80 7.24 7.24 7.24 4.80 7.69 7.24 7.24 7.24 7.66 7.66 8.26 7.66 7.70 8.54 8.54 7.17 7.05 7.76 7.76 7.76 7.05 7.05 10.68 7.82 7.75 7.75 7.75 7.75 8.21 7.62 7.62 7.62 7.55 8.31 7.58 7.58 7.62 10.42 8.83 8.83 8.83 7.62 7.62 8.33 7.50 7.50 7.50 9.90 8.72 8.72 8.72 7.54 8.14
7.97 7.97 8.14 9.29 9.29 9.29 9.18 8.05 8.05 8.05 7.75 7.75 7.75 7.75 7.63 7.63 7.32 7.63 7.64 7.64 7.64 7.64 7.72 8.24 7.76 5.95 9.13 7.32 8.42 7.32 7.24 8.31 7.72 5.16 7.69 7.24 7.24 7.24 7.66 8.28 7.66 7.66 7.70 5.89 5.45 5.45 7.76 7.76 7.76 7.76 11.45 12.06 11.45 8.44 7.75 7.75 8.37 7.75 7.62 7.62 8.22 7.62 7.55 7.58 7.58 7.58 8.83 9.23 8.83 8.35 7.62 8.36 7.62 8.64 7.50 7.50 7.50 7.50 8.72 7.54 7.54 7.54 8.91
8.57 8.57 10.06 10.46 10.46 10.06 8.64 8.64 8.64 8.64 8.38 9.09 8.38 8.38 8.14 8.14 8.14 8.14 8.16 8.16 8.16 8.16 8.23 8.22 8.22 8.22 8.22 11.75 8.12 8.22 7.33 8.46 7.85 4.82 8.35 7.33 7.33 7.33 7.33 7.79 7.79 11.42 11.46 11.40 5.94 8.27 7.72 7.72 7.72 7.72 11.40 7.78 8.39 7.78 7.71 7.71 7.71 7.71 7.58 7.58 7.58 7.58 7.57 7.60 7.60 7.60 8.85 9.59 7.64 7.64 7.64 8.37 8.37 7.64 8.24 7.52 7.52 7.52 7.75 8.96 7.75 7.75 7.96
8.57 8.57 11.32 10.44 10.06 10.06 8.64 8.64 8.64 8.64 8.38 8.38 8.38 8.38 8.14 8.14 8.14 8.14 8.16 8.16 8.16 8.16 8.23 8.23 8.23 8.22 8.22 11.85 9.99 9.99 9.13 7.33 7.85 7.85 7.82 7.33 10.96 9.13 10.96 11.42 11.42 7.79 7.83 11.46 9.57 9.57 7.72 7.72 7.72 7.72 11.40 12.56 7.78 7.78 7.71 7.71 7.71 7.71 7.58 7.58 7.58 7.58 7.57 7.60 7.60 7.60 8.85 10.07 7.64 7.64 7.64 7.64 7.64 7.64 7.52 7.52 7.52 7.52 7.75 7.75 8.96 8.96 7.96
8.51 8.51 10.16 9.78 9.78 8.52 8.34 8.34 8.34 9.00 8.87 8.22 8.22 8.22 8.25 8.25 8.25 8.25 8.33 8.33 8.33 8.33 8.36 8.36 8.36 8.36 8.72 8.72 8.37 8.37 7.87 9.13 9.13 9.13 11.49 11.49 11.49 7.33 7.89 7.89 7.89 7.89 7.93 7.93 7.93 9.13 11.32 7.69 8.30 6.89 8.31 11.32 11.32 11.32 7.67 6.88 7.67 7.67 7.57 7.57 7.57 7.57 7.51 7.55 7.55 7.55 7.53 7.53 7.53 7.53 7.53 7.53 7.53 7.53 7.54 7.54 7.54 7.54 7.82 7.82 9.05 9.05 7.98
8.51 8.51 9.78 8.52 8.52 8.52 8.34 8.34 8.34 8.34 8.22 8.22 8.22 8.22 8.25 8.25 8.25 8.25 8.33 8.33 8.33 8.33 8.36 8.36 8.36 8.36 8.37 8.37 8.37 8.37 4.82 7.87 7.87 7.87 7.86 7.86 7.28 7.86 7.89 7.89 7.89 7.89 7.93 7.93 7.93 7.93 11.32 11.32 7.69 7.69 7.69 7.69 7.69 7.75 11.30 8.73 6.89 8.59 7.78 7.57 7.57 7.57 7.51 7.55 7.55 7.55 7.53 7.53 7.53 7.53 7.53 7.53 7.53 7.53 7.54 7.54 7.54 7.54 7.82 9.05 9.05 7.82 7.98
8.51 8.51 8.52 9.28 8.52 8.52 8.34 8.34 8.34 8.34 8.22 8.22 8.22 8.22 8.25 8.25 8.25 8.25 8.33 8.33 8.33 8.33 8.36 8.36 8.36 8.36 8.37 8.37 8.37 8.37 7.87 7.87 8.47 7.87 7.86 7.86 7.86 7.86 7.89 7.89 7.89 7.89 7.93 7.93 7.93 7.93 7.69 11.32 11.32 11.32 11.32 7.69 11.76 10.52 10.52 10.52 6.89 6.89 7.57 8.17 7.57 7.57 7.51 7.55 7.55 7.55 7.53 7.53 7.53 8.25 7.53 8.26 7.53 7.53 7.54 7.54 7.54 7.54 7.82 9.05 9.05 9.05 7.98
8.51 8.51 8.52 8.52 8.52 9.18 8.34 8.34 8.34 8.34 8.22 8.22 8.22 8.22 8.25 8.25 8.25 8.25 8.33 8.33 8.33 8.33 8.36 8.36 8.36 8.36 8.37 8.37 8.37 8.37 7.87 7.87 7.87 7.87 7.86 7.86 7.86 7.86 7.89 7.89 7.89 7.89 7.93 7.93 7.93 7.93 7.69 7.69 7.69 7.69 8.73 8.73 9.18 7.33 10.52 11.30 8.27 8.71 6.88 7.57 7.57 7.57 7.51 7.55 7.55 7.55 7.53 7.53 8.25 7.53 7.53 7.53 7.53 7.53 7.54 7.54 7.54 7.54 7.82 7.82 10.32 9.05 9.24
8.38 9.09 8.33 8.98 8.33 8.98 8.32 8.32 8.32 8.32 8.42 8.42 8.42 8.42 8.48 8.48 8.48 8.48 8.49 8.49 8.49 8.49 8.48 8.48 8.48 8.48 8.47 8.47 8.47 8.47 8.01 8.01 7.33 8.01 8.01 8.01 8.01 8.01 8.03 8.03 8.03 8.03 8.03 7.33 7.33 7.33 7.74 7.74 7.74 6.89 6.89 12.52 10.52 7.68 6.89 7.62 7.62 7.62 7.50 7.50 7.50 8.08 7.46 7.50 7.50 7.50 7.52 7.52 7.52 7.52 7.60 7.60 7.60 7.60 7.65 7.65 7.65 7.65 7.84 7.84 7.84 7.84 9.82
8.38 8.38 8.33 8.33 8.33 8.33 8.32 8.32 8.32 8.32 8.42 8.42 8.42 8.42 8.48 8.48 8.48 8.48 8.49 8.49 8.49 8.49 8.48 8.48 8.48 8.48 8.47 8.47 8.47 8.47 8.01 7.33 7.28 7.28 8.01 8.01 8.01 8.01 8.03 8.03 8.03 8.03 8.03 7.33 7.33 7.33 7.74 8.73 8.73 6.89 6.89 11.30 6.89 7.68 7.62 7.62 7.62 7.62 7.50 7.50 7.50 7.50 7.46 7.50 7.50 7.50 7.52 7.52 7.52 7.52 7.60 7.60 7.60 7.60 7.65 7.65 7.65 7.65 7.84 7.84 7.84 7.84 7.98
8.38 8.38 8.33 8.33 8.33 8.33 8.32 8.32 8.32 8.32 8.42 8.42 8.42 8.42 8.48 8.48 8.48 8.48 8.49 8.49 8.49 8.49 8.48 8.48 8.48 8.48 8.47 8.47 8.47 8.47 8.01 9.10 7.28 7.28 7.28 8.01 8.01 7.33 7.28 7.33 7.33 8.03 3.71 8.03 7.33 7.28 10.52 9.98 10.06 10.52 10.52 7.68 7.68 7.68 7.62 7.62 7.62 7.62 7.50 7.50 7.50 7.50 8.74 7.50 7.50 7.50 7.52 7.52 7.52 7.52 7.60 7.60 7.60 7.60 7.65 7.65 7.65 7.65 7.84 7.84 7.84 7.84 7.98
8.38 8.38 8.33 8.33 8.33 8.33 8.32 8.32 8.32 8.32 8.42 9.22 8.42 8.42 8.48 5.62 9.19 9.47 9.17 8.49 8.49 8.49 5.62 8.48 8.48 8.48 8.47 8.47 8.47 8.47 8.01 9.10 7.33 7.28 7.28 8.01 8.01 7.33 7.28 7.28 7.33 7.33 7.33 8.03 8.03 10.91 7.89 7.33 7.33 7.74 7.68 7.68 7.68 7.68 7.62 7.62 7.62 7.62 7.50 7.50 7.50 7.50 7.46 7.50 7.50 7.50 7.52 7.52 7.52 7.52 7.60 7.60 7.60 7.60 7.65 7.65 7.65 7.65 7.84 7.84 7.84 7.84 7.98
8.40 8.40 8.38 8.38 8.38 8.38 8.50 8.50 8.50 8.50 8.60 8.60 9.37 8.60 8.50 8.50 10.14 8.50 8.51 8.51 8.51 9.22 9.24 8.54 8.80 8.22 8.54 8.54 8.54 8.54 8.12 9.23 9.23 8.56 8.56 8.12 8.12 7.33 7.28 8.17 9.66 8.15 7.28 7.28 11.67 11.67 7.75 7.75 7.75 7.75 7.75 7.75 7.75 7.75 7.67 8.81 7.67 7.67 7.47 7.47 7.47 7.47 7.45 7.49 7.49 7.49 7.56 7.56 7.56 8.28 8.38 8.39 7.66 7.66 7.70 7.70 7.70 9.05 7.87 7.87 7.87 7.87 7.92
8.40 8.40 8.38 8.38 8.38 8.38 8.50 8.50 8.50 8.50 8.60 8.60 8.60 8.60 8.50 9.25 8.50 8.50 8.51 8.51 8.51 8.51 9.79 9.79 8.80 8.99 8.99 8.54 8.54 8.54 8.12 10.12 9.53 9.83 8.60 8.16 8.56 8.12 8.59 8.12 8.12 3.54 6.80 9.54 8.04 8.04 8.91 7.75 7.75 7.75 7.75 7.75 7.75 7.75 8.82 7.67 7.67 7.67 7.47 7.47 7.47 7.47 7.45 7.49 7.49 7.49 7.56 8.29 8.60 7.56 7.66 7.66 8.72 8.40 7.70 8.45 8.45 7.70 9.24 7.87 7.87 7.87 7.92
8.40 8.40 8.38 8.38 8.38 8.38 8.50 8.50 8.50 8.50 8.60 8.60 8.60 8.60 8.50 8.50 8.50 8.50 8.51 8.51 8.51 8.51 8.54 8.80 9.74 7.64 8.30 5.62 12.61 10.23 10.56 4.37 13.01 13.45 13.90 8.88 12.57 10.45 11.31 12.20 10.42 10.42 15.10 10.25 8.04 8.68 7.75 7.75 7.75 8.81 8.80 8.80 7.75 8.80 8.71 7.67 7.67 7.67 7.47 7.47 7.47 7.47 7.45 7.49 7.49 7.49 7.56 7.56 7.56 7.56 7.66 7.66 7.66 7.66 8.44 7.70 7.70 7.70 7.87 7.87 9.25 7.87 7.92
8.40 8.40 8.38 8.38 8.38 8.38 8.50 8.50 8.50 8.50 8.60 8.60 8.60 8.60 8.50 8.50 8.50 8.50 8.51 9.26 9.26 8.51 8.54 8.22 9.25 10.13 13.51 11.79 13.86 10.09 4.81 8.88 7.11 12.12 12.12 4.37 13.01 7.55 10.42 10.42 12.66 8.69 8.04 8.04 8.04 8.04 7.75 7.75 7.75 8.81 8.80 8.80 7.31 9.12 8.71 8.71 8.71 8.25 7.47 7.47 7.47 7.47 8.73 7.49 7.49 7.44 7.56 7.56 7.44 7.44 7.66 7.66 7.66 8.38 7.70 7.70 7.70 7.70 7.87 7.87 7.87 7.87 7.92
8.55 8.55 8.59 8.59 8.59 8.59 8.65 8.65 8.65 8.65 8.67 8.67 8.67 8.67 8.50 8.50 8.50 8.50 8.51 8.51 8.51 8.51 8.54 8.22 8.80 8.08 12.92 13.12 7.64 4.14 8.44 7.55 12.12 0.00 0.00 0.00 0.00 0.00 0.00 10.42 11.54 8.95 8.02 8.02 8.02 8.02 7.83 11.46 12.53 9.59 6.41 6.41 5.52 8.87 7.79 8.68 8.68 7.65 7.49 8.59 8.08 8.22 7.51 7.55 7.55 7.27 7.27 7.27 7.27 7.44 7.56 8.29 7.56 7.56 7.61 7.61 7.61 7.61 7.79 8.52 7.79 8.52 7.81
8.55 8.55 8.59 8.59 8.59 8.59 8.65 8.65 8.65 8.65 9.97 9.97 9.97 9.97 9.74 8.50 8.50 8.50 8.51 8.51 8.51 8.51 8.12 8.22 8.80 9.69 7.64 10.82 7.32 13.28 7.11 0.00 0.00 0.00 0.00 0.00 0.00 0.00 0.00 0.00 9.57 8.06 8.02 8.02 8.02 8.02 11.59 10.93 7.44 8.77 10.92 7.05 9.30 6.88 9.00 8.68 8.68 7.65 7.49 7.49 7.49 7.49 8.81 7.55 7.55 7.44 7.27 7.27 7.81 7.54 7.56 7.56 7.56 7.56 7.61 7.61 7.61 7.61 7.79 7.79 7.79 7.79 7.81
9.35 8.58 8.61 8.61 8.61 8.61 8.67 8.67 8.67 8.67 9.98 9.98 9.96 9.98 9.86 8.73 8.73 8.73 8.75 8.75 8.75 8.75 9.53 8.78 9.15 8.98 8.54 8.81 10.03 13.66 4.07 0.00 0.00 0.00 0.00 0.00 0.00 0.00 0.00 0.00 0.00 12.55 8.27 8.27 11.90 12.27 7.46 7.79 5.84 4.86 12.31 8.55 8.69 8.10 8.74 8.19 8.47 8.19 8.02 8.02 8.02 8.02 7.34 7.17 7.17 7.24 7.01 7.01 7.94 7.84 7.19 7.19 7.19 7.19 7.23 7.23 7.23 7.23 7.34 7.34 7.34 7.34 7.36
8.58 8.58 8.61 8.61 8.61 8.61 8.67 8.67 8.67 8.67 8.69 9.98 9.98 9.98 8.74 8.74 9.86 8.73 8.75 8.75 8.75 9.15 9.53 8.78 9.15 9.63 9.73 9.73 10.46 12.33 0.00 0.00 0.00 0.00 0.00 0.00 0.00 0.00 0.00 0.00 0.00 0.44 11.31 11.90 3.63 0.00 0.00 4.95 5.84 9.56 12.85 9.10 8.10 8.10 8.19 8.47 8.19 8.45 8.02 8.02 8.02 8.02 7.34 7.17 7.17 7.24 7.01 7.24 7.76 7.16 7.19 7.85 7.19 7.19 7.23 7.23 7.23 7.23 7.34 7.34 7.34 8.03 8.06
8.65 8.65 9.44 8.67 8.67 8.67 8.70 8.70 8.70 8.70 8.71 8.71 8.95 8.95 9.92 9.92 9.92 8.79 9.15 9.53 9.73 9.53 9.53 9.98 8.76 9.18 8.73 8.73 11.36 0.00 0.00 0.00 0.00 0.00 0.00 0.00 0.00 0.00 0.00 0.00 0.00 8.66 8.23 0.00 0.00 0.00 0.00 0.00 0.00 3.53 11.42 9.01 8.61 8.03 8.17 8.17 8.17 8.17 8.13 8.13 8.13 8.13 7.48 7.30 7.30 7.01 7.01 7.24 7.24 7.20 7.11 7.11 7.11 7.11 7.15 7.15 7.15 7.15 7.27 7.27 7.27 7.27 7.32
8.65 8.65 8.67 8.67 8.67 8.67 8.70 8.70 8.70 9.47 9.49 9.40 8.77 9.40 10.18 8.54 9.92 8.79 8.77 9.53 8.98 10.62 9.58 10.91 11.62 8.76 12.36 12.36 0.00 0.00 0.00 0.00 0.00 0.00 0.00 0.00 0.00 0.00 0.00 0.00 0.00 0.00 0.00 0.00 0.00 0.00 0.00 0.00 0.00 1.77 13.18 8.67 9.31 9.01 9.03 8.17 8.17 8.17 8.13 8.13 8.13 8.13 7.48 7.30 7.54 7.30 7.20 7.20 7.20 7.20 7.11 7.11 7.11 7.11 7.15 7.15 7.15 7.15 7.27 7.96 7.27 7.27 7.32
8.65 8.65 8.67 8.67 8.67 8.67 8.70 8.70 8.70 8.70 8.71 8.71 9.49 8.69 10.18 10.51 10.06 10.18 10.18 8.54 13.21 12.77 12.77 14.10 0.00 0.00 0.00 0.00 0.00 0.00 0.00 0.00 0.00 0.00 0.00 0.00 0.00 0.00 0.00 0.00 0.00 0.00 0.00 0.00 0.00 0.00 0.00 0.00 0.00 0.00 11.42 9.01 9.01 9.01 9.03 9.03 8.17 8.17 8.13 8.13 8.13 8.13 7.48 7.30 7.30 7.30 7.20 7.20 7.20 7.20 7.11 7.11 7.11 7.11 7.15 7.15 7.15 7.15 7.27 8.79 7.27 7.27 7.32
8.65 8.65 8.67 8.67 8.67 8.67 8.70 8.70 8.70 8.70 8.71 9.43 9.16 7.28 10.31 10.03 12.77 12.77 12.77 0.00 0.00 0.00 0.00 0.00 0.00 0.00 0.00 0.00 0.00 0.00 0.00 0.00 0.00 0.00 0.00 0.00 0.00 0.00 0.00 0.00 0.00 0.00 0.00 0.00 0.00 0.00 0.00 0.00 0.00 9.05 11.87 8.84 8.47 8.03 8.17 8.17 8.17 8.17 8.13 8.13 8.13 8.13 7.48 7.30 7.30 7.30 8.31 8.31 8.31 7.20 7.11 7.11 7.11 7.11 7.15 7.15 7.15 7.15 7.27 8.53 7.95 7.27 7.32
8.67 8.67 8.66 8.66 8.66 8.66 8.68 8.68 8.68 8.68 9.97 8.70 9.35 9.02 11.36 13.65 0.00 0.00 0.00 0.00 0.00 0.00 0.00 0.00 0.00 0.00 0.00 0.00 0.00 0.00 0.00 0.00 0.00 0.00 0.00 0.00 0.00 0.00 0.00 0.00 0.00 0.00 0.00 0.00 0.00 0.00 0.00 0.00 0.00 7.99 7.46 12.47 12.10 12.10 8.37 8.77 8.04 8.04 8.03 8.03 8.03 8.03 7.62 8.59 8.59 8.59 8.48 8.48 8.48 8.48 7.11 7.11 7.11 7.11 7.04 7.04 7.04 7.70 7.21 7.21 7.21 7.21 7.32
8.67 8.67 8.66 8.66 9.43 8.66 8.68 8.68 8.68 8.68 10.31 9.40 4.16 12.91 0.00 0.00 0.00 0.00 0.00 0.00 0.00 0.00 0.00 0.00 0.00 0.00 0.00 0.00 0.00 0.00 0.00 0.00 0.00 0.00 0.00 0.00 0.00 0.00 0.00 0.00 0.00 0.00 0.00 0.00 0.00 0.00 0.00 0.00 0.00 0.00 0.00 0.00 0.00 12.00 10.59 8.35 8.77 8.32 8.40 8.03 8.03 8.03 7.62 8.59 8.59 8.59 8.48 8.48 8.48 8.48 8.20 8.20 7.11 7.11 7.04 7.04 7.04 7.70 7.21 7.21 7.21 7.21 7.32
8.67 8.67 9.43 8.66 8.66 8.24 8.68 8.68 8.68 8.33 8.33 9.40 12.91 0.00 0.00 0.00 0.00 0.00 0.00 0.00 0.00 0.00 0.00 0.00 0.00 0.00 0.00 0.00 0.00 0.00 0.00 0.00 0.00 0.00 0.00 0.00 0.00 0.00 0.00 0.00 0.00 0.00 0.00 0.00 0.00 0.00 0.00 0.00 0.00 0.00 0.00 0.00 0.00 0.00 14.00 4.15 9.21 8.32 8.40 8.67 8.40 8.03 7.62 8.59 8.59 8.59 8.48 8.48 8.48 8.48 8.20 8.20 7.11 7.11 7.04 7.04 7.70 7.04 7.21 7.21 7.21 7.21 7.32
8.67 8.67 8.66 9.42 9.72 9.71 9.38 6.84 6.40 8.24 8.33 9.40 11.32 0.00 0.00 0.00 0.00 0.00 0.00 0.00 0.00 0.00 0.00 0.00 0.00 0.00 0.00 0.00 0.00 0.00 0.00 0.00 0.00 0.00 0.00 0.00 0.00 0.00 0.00 0.00 0.00 0.00 0.00 0.00 0.00 0.00 0.00 0.00 0.00 0.00 0.00 0.00 0.00 0.00 0.00 12.00 9.78 8.67 9.54 9.33 8.67 8.89 7.42 8.59 8.59 8.59 8.48 8.48 8.48 8.48 8.20 8.20 7.11 7.11 7.04 7.04 7.04 7.04 7.21 7.21 7.21 7.21 7.32
8.72 8.72 8.64 8.64 8.64 8.64 8.65 8.33 6.40 8.24 8.65 9.09 10.02 0.00 0.00 0.00 0.00 0.00 0.00 0.00 0.00 0.00 0.00 0.00 0.00 0.00 0.00 0.00 0.00 0.00 0.00 0.00 0.00 0.00 0.00 0.00 0.00 0.00 0.00 0.00 0.00 0.00 0.00 0.00 0.00 0.00 0.00 0.00 0.00 0.00 0.00 0.00 0.00 0.00 0.00 11.56 7.34 12.89 7.60 11.86 8.24 10.01 7.07 7.30 8.66 8.66 7.67 8.49 8.86 8.49 7.05 7.05 7.05 7.05 6.93 6.93 6.93 6.93 7.19 7.19 7.19 7.19 7.35
8.72 8.72 5.60 8.64 8.64 8.64 8.65 8.24 8.24 9.41 9.09 8.65 12.28 0.00 0.00 0.00 0.00 0.00 0.00 0.00 0.00 0.00 0.00 0.00 0.00 0.00 0.00 0.00 0.00 0.00 0.00 0.00 0.00 0.00 0.00 0.00 0.00 0.00 0.00 0.00 0.00 0.00 0.00 0.00 0.00 0.00 0.00 0.00 0.00 0.00 0.00 0.00 0.00 0.00 0.00 0.00 6.89 4.88 9.56 11.86 6.72 8.49 7.51 6.28 7.67 7.67 7.67 8.49 8.49 8.83 8.12 7.71 9.23 7.69 6.93 6.93 6.93 6.93 7.19 7.19 7.19 8.44 7.35
8.72 8.72 8.64 8.64 8.64 8.64 8.65 8.65 9.67 3.25 10.47 3.63 0.00 0.00 0.00 0.00 0.00 0.00 0.00 0.00 0.00 0.00 0.00 0.00 0.00 0.00 0.00 0.00 0.00 0.00 0.00 0.00 0.00 0.00 0.00 0.00 0.00 0.00 0.00 0.00 0.00 0.00 0.00 0.00 0.00 0.00 0.00 0.00 0.00 0.00 0.00 0.00 0.00 0.00 0.00 0.00 12.89 7.78 13.77 8.93 8.68 8.67 8.32 7.67 9.02 9.88 8.49 8.86 8.49 7.34 8.12 8.12 8.12 8.12 6.93 6.93 6.93 6.93 7.19 7.19 7.19 7.86 7.35
8.72 8.72 8.64 8.64 8.33 8.64 8.65 8.65 7.28 10.47 0.00 0.00 0.00 0.00 0.00 0.00 0.00 0.00 0.00 0.00 0.00 0.00 0.00 0.00 0.00 0.00 0.00 0.00 0.00 0.00 0.00 0.00 0.00 0.00 0.00 0.00 0.00 0.00 0.00 0.00 0.00 0.00 0.00 0.00 0.00 0.00 0.00 0.00 0.00 0.00 0.00 0.00 0.00 0.00 0.00 0.00 0.00 13.27 12.89 8.22 9.72 9.01 6.61 7.48 7.48 7.48 8.01 7.34 7.34 7.34 7.05 7.05 7.05 7.05 6.93 6.93 6.93 6.93 7.83 7.86 7.19 7.19 7.35
8.90 8.02 9.94 8.33 8.77 8.24 9.22 11.35 0.00 0.00 0.00 0.00 0.00 0.00 0.00 0.00 0.00 0.00 0.00 0.00 0.00 0.00 0.00 0.00 0.00 0.00 0.00 0.00 0.00 0.00 0.00 0.00 0.00 0.00 0.00 0.00 0.00 0.00 0.00 0.00 0.00 0.00 0.00 0.00 0.00 0.00 0.00 0.00 0.00 0.00 0.00 0.00 0.00 0.00 0.00 0.00 0.00 12.44 4.59 8.79 7.46 8.77 6.55 7.98 7.24 7.35 7.13 7.13 7.13 7.13 6.97 6.97 6.97 6.97 6.97 6.97 6.97 6.97 7.16 7.84 7.16 7.16 7.34
12.97 12.09 8.02 8.02 7.69 9.59 10.88 0.00 0.00 0.00 0.00 0.00 0.00 0.00 0.00 0.00 0.00 0.00 0.00 0.00 0.00 0.00 0.00 0.00 0.00 0.00 0.00 0.00 0.00 0.00 0.00 0.00 0.00 0.00 0.00 0.00 0.00 0.00 0.00 0.00 0.00 0.00 0.00 0.00 0.00 0.00 0.00 0.00 0.00 0.00 0.00 0.00 0.00 0.00 0.00 0.00 0.00 13.33 14.22 7.95 7.90 9.21 7.54 7.24 8.06 7.35 7.13 7.13 7.13 7.13 7.63 6.97 6.97 6.97 6.97 6.97 6.97 6.97 7.16 7.16 7.16 7.16 7.34
11.04 9.22 6.88 8.33 8.78 6.88 0.00 0.00 0.00 0.00 0.00 0.00 0.00 0.00 0.00 0.00 0.00 0.00 0.00 0.00 0.00 0.00 0.00 0.00 0.00 0.00 0.00 0.00 0.00 0.00 0.00 0.00 0.00 0.00 0.00 0.00 0.00 0.00 0.00 0.00 0.00 0.00 0.00 0.00 0.00 0.00 0.00 0.00 0.00 0.00 0.00 0.00 0.00 0.00 0.00 0.00 0.00 8.94 14.30 8.72 7.39 8.30 8.43 8.54 8.54 7.57 8.20 7.67 7.67 7.67 7.51 7.51 7.51 7.51 7.51 7.51 7.51 7.51 7.69 7.69 7.69 7.69 7.54
10.15 11.03 9.66 12.41 12.41 0.00 0.00 0.00 0.00 0.00 0.00 0.00 0.00 0.00 0.00 0.00 0.00 0.00 0.00 0.00 0.00 0.00 0.00 0.00 0.00 0.00 0.00 0.00 0.00 0.00 0.00 0.00 0.00 0.00 0.00 0.00 0.00 0.00 0.00 0.00 0.00 0.00 0.00 0.00 0.00 0.00 0.00 0.00 0.00 0.00 0.00 0.00 0.00 0.00 0.00 0.00 0.00 8.05 12.12 8.74 8.23 8.30 8.43 8.54 8.54 7.57 7.67 7.67 7.67 7.67 7.51 7.51 7.51 7.51 7.51 7.51 7.51 7.51 7.69 7.69 7.69 7.69 7.54
