New_Model_Runs/8_Future_Present_Scn1_out/post_prcessed_with_MFR/Monthly_summaries/runoff_monthly_NOV.asc
NCOLS 700
NROWS 400
XLLCENTER 515000.000000
YLLCENTER 8409000.000000
CELLSIZE 50.000000
NODATA_value -999.000000
[rows 190 to 227 of 400, columns 168 to 251 of 700]
0.57 0.57 1.05 1.05 1.05 0.57 0.70 0.57 0.57 0.57 2.03 2.03 3.04 1.98 1.98 1.98 1.99 1.99 1.99 1.99 2.01 4.91 3.07 2.01 2.09 2.09 2.09 3.19 2.05 2.05 2.05 2.05 3.08 2.01 2.01 2.01 2.01 2.01 2.01 2.01 2.12 2.12 2.12 2.12 2.14 2.14 2.14 2.14 2.18 2.18 2.18 0.63 2.17 2.17 2.17 3.35 2.17 2.17 2.17 2.17 2.20 2.20 2.20 0.64 0.65 0.65 0.33 2.24 2.23 2.23 2.23 3.44 3.62 3.62 3.62 3.62 3.57 3.57 3.57 3.37 3.35 3.35 3.35 3.35
0.57 0.57 0.70 0.27 0.57 0.57 0.57 0.57 0.57 2.03 2.03 2.03 1.98 3.04 1.98 1.98 1.99 3.04 1.99 1.99 2.01 2.01 2.01 2.01 2.09 2.09 2.09 2.09 2.05 2.05 2.05 2.05 2.01 4.24 2.01 2.01 2.01 3.08 3.07 2.01 2.12 2.12 2.12 2.12 2.14 2.14 2.14 2.14 2.18 2.18 2.18 0.63 3.35 2.17 2.17 2.17 2.17 2.17 2.17 2.17 2.20 2.20 2.20 2.20 0.65 0.65 0.65 2.24 2.23 2.23 2.23 3.44 3.62 3.62 9.44 3.62 6.59 3.57 4.52 3.37 3.35 3.35 3.35 3.35
0.57 0.71 0.57 0.27 0.56 0.56 0.56 0.56 2.02 2.02 2.02 2.02 1.98 3.02 1.98 1.98 1.99 1.99 1.99 1.99 2.00 2.00 2.00 2.00 2.08 2.08 2.08 2.08 3.15 2.05 2.05 2.05 2.02 2.02 2.02 2.02 1.99 3.05 1.99 1.99 2.08 3.20 3.20 2.08 2.14 2.14 2.14 2.14 2.20 2.20 0.64 0.64 3.77 3.36 2.18 4.62 2.15 2.15 2.15 2.15 2.17 3.35 2.17 2.17 2.22 0.65 0.65 0.65 2.23 2.23 3.44 3.44 3.60 3.60 6.64 6.62 3.57 3.57 3.57 3.37 3.34 3.34 3.34 3.34
0.57 0.57 2.02 0.57 1.18 2.01 2.01 2.01 2.02 2.02 2.02 2.02 1.98 1.98 1.98 1.98 1.99 1.99 1.99 1.99 2.00 2.00 2.00 2.00 2.08 2.08 2.08 2.08 2.05 2.05 2.05 2.05 2.02 2.02 2.02 2.02 1.99 1.99 1.99 1.99 2.08 2.08 2.08 2.08 2.14 2.14 2.14 2.14 2.20 2.20 2.20 2.20 7.50 2.18 2.18 2.18 2.15 2.15 2.15 2.15 4.99 2.17 2.17 2.17 2.22 2.22 0.65 0.65 2.23 2.23 6.34 3.44 3.60 3.60 3.60 3.60 3.57 7.13 3.57 3.57 3.34 3.34 3.34 3.34
1.51 2.63 2.63 2.63 4.10 2.61 2.61 2.61 2.73 2.73 2.73 2.73 2.67 2.67 2.67 2.67 2.69 7.73 2.69 2.69 2.71 4.26 2.71 2.71 2.90 2.90 2.90 2.90 2.86 4.47 4.47 2.86 2.81 2.81 2.81 2.81 2.78 6.09 2.78 2.78 2.80 4.36 2.80 2.80 2.86 2.86 2.86 2.86 2.94 2.94 2.94 4.62 6.44 6.44 2.92 2.92 2.81 2.81 2.81 2.81 2.83 2.83 2.83 2.83 2.90 2.90 0.91 0.91 2.91 2.91 4.17 4.17 4.28 4.28 4.28 4.28 4.24 4.24 7.87 4.24 4.05 4.05 4.05 4.05
2.63 2.63 2.63 2.63 2.61 4.10 2.61 2.61 2.73 2.73 2.73 2.73 2.67 2.67 2.67 2.67 2.69 2.69 2.69 2.69 2.71 2.71 2.71 2.71 2.90 2.90 2.90 2.90 2.86 2.86 2.86 2.86 2.81 6.17 2.81 2.81 2.78 2.78 2.78 2.78 6.09 4.36 2.80 2.80 2.86 2.86 2.86 2.86 2.94 2.94 2.94 2.94 2.92 2.92 2.92 2.92 2.81 2.81 2.81 2.81 2.83 2.83 2.83 2.83 2.90 2.90 0.91 0.91 2.70 4.17 4.17 4.17 4.28 4.28 4.28 4.28 4.24 4.24 4.24 4.24 4.21 4.05 4.05 4.05
2.61 2.61 2.61 2.61 2.60 2.60 2.60 2.60 2.72 2.72 2.72 2.72 2.67 2.67 2.67 2.67 4.20 4.21 2.68 2.68 2.70 2.70 2.70 4.25 2.88 2.88 2.88 2.88 2.84 2.84 2.84 2.84 2.79 2.79 2.79 2.79 2.72 2.72 2.72 2.72 2.79 2.79 2.79 2.79 2.88 2.88 2.88 4.50 2.94 2.94 2.94 2.94 2.90 2.90 4.54 2.90 2.79 2.79 2.79 2.79 2.84 2.84 2.84 2.84 2.93 2.93 0.92 0.92 3.20 7.78 4.20 4.20 4.29 4.29 4.29 4.29 4.23 4.23 4.23 4.23 7.82 7.06 4.05 9.60
2.61 2.61 2.61 2.61 2.60 2.60 2.60 2.60 4.29 2.72 2.72 2.72 2.67 2.67 2.67 2.67 2.68 2.68 2.68 2.68 2.70 2.70 2.70 2.70 4.51 2.88 2.88 2.88 2.84 2.84 2.84 2.84 2.79 2.79 2.79 2.79 2.72 2.72 2.72 2.72 4.36 2.79 2.79 2.79 2.88 2.88 2.88 2.88 2.94 2.94 2.94 2.94 2.90 2.90 2.90 2.90 2.79 2.79 2.79 2.79 2.84 2.84 2.84 2.84 2.93 2.93 0.92 0.92 2.94 4.20 4.20 7.86 7.95 4.29 4.29 4.29 4.23 4.23 4.23 4.23 4.22 4.05 4.05 4.05
2.61 2.61 2.61 2.61 2.60 2.60 2.60 2.60 2.72 2.72 2.72 4.26 2.67 2.67 2.67 2.67 2.68 2.68 2.68 2.68 2.70 5.95 2.70 2.70 2.88 2.88 2.88 2.88 2.84 4.44 4.44 2.84 2.79 4.35 2.79 4.35 2.72 2.72 2.72 2.72 2.79 2.79 2.79 2.79 2.88 2.88 2.88 2.88 2.94 2.94 2.94 2.94 2.90 2.90 2.90 2.90 2.79 2.79 2.79 2.79 2.84 2.84 2.84 2.84 2.93 2.93 0.92 1.69 4.20 4.20 4.20 4.20 4.29 4.29 4.29 4.29 4.23 4.23 4.23 4.23 4.22 4.22 4.05 4.05
2.61 4.08 2.61 2.61 2.60 2.60 2.60 2.60 2.72 2.72 4.29 4.26 2.67 2.67 2.67 2.67 5.88 2.68 2.68 2.68 2.70 2.70 4.23 2.70 4.50 2.88 2.88 2.88 2.84 4.41 2.84 2.84 2.79 2.79 2.79 2.79 2.72 2.72 2.72 2.72 2.79 2.79 2.79 2.79 2.88 2.88 2.88 2.88 2.94 2.94 2.94 2.94 4.54 4.54 2.90 2.90 2.79 2.79 2.79 2.79 2.84 2.84 2.84 2.84 2.93 2.93 2.93 2.93 4.20 4.20 4.20 4.20 4.29 4.29 4.29 4.29 4.23 4.23 4.23 4.23 4.22 4.22 4.05 4.05
2.58 2.58 2.58 2.58 2.58 2.58 4.04 2.58 2.72 2.72 2.72 2.72 2.67 2.67 2.67 2.67 4.19 2.66 2.66 2.66 2.67 2.67 2.67 7.21 2.85 2.85 2.85 2.85 2.79 4.36 2.79 2.79 2.71 5.25 2.71 2.71 4.35 2.79 2.79 2.79 2.86 2.86 2.86 2.86 2.92 2.92 2.92 2.92 2.95 2.95 2.95 2.95 2.90 2.90 2.90 2.90 2.79 2.79 2.79 2.79 2.88 2.88 2.88 2.88 2.96 2.96 2.96 2.96 4.22 7.83 4.22 4.22 4.31 4.31 4.31 4.31 4.25 4.25 4.25 4.25 4.22 4.22 4.22 4.05
2.58 2.58 2.58 2.58 2.58 2.58 2.58 6.30 6.01 2.72 2.72 2.72 4.19 2.67 2.67 2.67 2.66 2.66 4.18 2.66 2.67 2.67 2.67 4.19 4.46 2.85 2.85 2.85 2.79 2.79 2.79 2.79 2.71 2.71 4.26 2.71 2.79 2.79 2.79 2.79 2.86 2.86 2.86 2.86 2.92 2.92 2.92 2.92 2.95 2.95 2.95 2.95 2.90 2.90 2.90 4.47 2.79 2.79 2.79 2.79 2.88 2.88 2.88 4.50 2.96 2.96 2.96 7.84 4.22 4.22 7.83 7.90 15.34 8.00 4.31 4.31 4.25 4.25 4.25 4.25 4.22 4.22 4.22 4.05
4.03 2.58 2.58 2.58 2.58 2.58 2.58 2.58 2.72 2.72 2.72 2.72 2.67 2.67 2.67 2.67 4.18 2.66 2.66 2.66 2.67 2.67 2.67 2.67 2.85 4.46 4.46 2.85 2.79 2.79 2.79 2.79 2.71 2.71 2.71 2.71 2.79 2.79 2.79 2.79 2.86 2.86 2.86 2.86 2.92 2.92 2.92 2.92 2.95 2.95 2.95 4.63 2.90 2.90 4.53 2.90 2.79 2.79 2.79 2.79 2.88 2.88 2.88 2.88 2.96 2.96 2.96 4.23 4.22 4.22 4.22 4.22 4.31 4.31 8.00 15.17 7.88 4.25 4.25 4.25 4.22 4.22 4.22 4.05
2.58 2.58 2.58 4.01 2.58 2.58 2.58 2.58 2.72 2.72 2.72 2.72 2.67 2.67 2.67 2.67 2.66 2.66 4.17 2.66 2.67 2.67 4.18 2.67 2.85 2.85 2.85 4.43 2.79 2.79 2.79 2.79 2.71 2.71 2.71 2.71 2.79 2.79 2.79 2.79 2.86 2.86 2.86 2.86 2.92 2.92 2.92 2.92 2.95 2.95 2.95 2.95 2.90 4.52 2.90 2.90 6.12 2.79 2.79 2.79 2.88 2.88 2.88 2.88 2.96 2.96 2.96 4.23 4.22 4.22 4.22 4.22 4.31 7.98 4.31 7.98 4.25 7.88 4.25 7.85 4.22 7.82 4.22 4.22
2.52 2.52 2.52 2.52 2.53 2.53 2.53 2.53 2.70 2.70 2.70 2.70 2.66 2.66 2.66 2.66 2.64 2.64 2.64 4.15 2.64 2.64 4.15 2.64 4.42 2.83 4.42 2.83 4.29 2.72 2.72 2.72 2.78 2.78 2.78 2.78 2.89 2.89 2.89 2.89 2.95 2.95 2.95 2.95 2.98 2.98 2.98 2.98 2.96 2.96 2.96 2.96 2.86 2.86 2.86 2.86 2.80 2.80 2.80 2.80 2.92 2.92 2.92 2.92 2.98 2.98 5.68 11.64 7.80 4.21 4.21 4.21 4.29 4.29 4.29 4.29 4.23 7.85 7.85 4.23 4.20 4.20 4.20 6.31
2.52 3.95 2.52 2.52 2.53 2.53 2.53 2.53 2.70 2.70 2.70 4.24 4.18 2.66 2.66 2.66 2.64 2.64 2.64 4.15 2.64 2.64 2.64 4.15 2.83 2.83 2.83 2.83 2.72 2.72 2.72 2.72 2.78 2.78 2.78 2.78 2.89 2.89 2.89 2.89 2.95 2.95 2.95 2.95 2.98 2.98 2.98 2.98 2.96 2.96 5.79 2.96 2.86 2.86 2.86 2.86 2.80 2.80 2.80 2.80 2.92 2.92 2.92 2.92 2.98 4.68 4.25 4.25 4.21 4.21 11.57 4.21 4.29 4.29 4.29 4.29 4.23 4.23 7.85 4.23 4.20 4.20 4.20 7.79
2.52 2.52 2.52 2.52 3.96 2.53 2.53 2.53 2.70 2.70 2.70 2.70 2.66 4.18 2.66 2.66 2.64 2.64 2.64 2.64 2.64 2.64 2.64 2.64 6.11 2.83 2.83 2.83 4.29 2.72 2.72 2.72 2.78 2.78 2.78 2.78 4.46 4.53 2.89 2.89 4.59 2.95 2.95 2.95 2.98 2.98 2.98 4.67 6.57 4.65 4.65 2.96 2.86 2.86 2.86 2.86 2.80 2.80 2.80 2.80 2.92 2.92 2.92 2.92 2.98 2.98 11.67 4.25 4.21 4.21 4.21 4.21 4.29 4.29 4.29 4.29 4.23 4.23 4.23 4.23 4.20 4.20 4.20 4.20
2.52 2.52 2.52 2.52 2.53 2.53 2.53 2.53 2.70 2.70 2.70 2.70 2.66 4.17 2.66 2.66 2.64 2.64 2.64 2.64 2.64 1.18 2.64 2.64 2.83 2.83 2.83 2.83 4.29 2.72 2.72 2.72 2.78 3.50 2.78 2.78 2.89 2.89 2.89 2.89 2.95 2.95 2.95 2.95 2.98 2.98 2.98 2.98 2.96 2.96 2.96 2.96 2.86 2.86 2.86 2.86 2.80 2.80 2.80 2.80 2.92 2.92 2.92 2.92 2.98 4.25 4.25 4.25 4.21 4.21 4.21 4.21 7.93 4.29 4.29 7.91 4.23 4.23 4.23 4.23 4.20 4.20 4.20 4.20
2.48 2.48 2.48 2.48 2.47 2.47 2.47 2.47 2.66 4.17 2.66 4.17 2.64 2.64 2.64 2.64 2.62 2.62 2.62 2.62 2.61 1.18 2.61 2.61 2.81 4.39 2.81 2.81 2.78 2.78 2.78 2.79 1.27 2.84 2.84 2.84 2.93 2.93 2.93 2.93 2.98 2.98 2.98 2.98 4.69 2.99 4.70 2.99 4.56 2.91 2.91 2.91 2.82 2.82 2.82 2.82 2.86 2.86 2.86 2.86 2.97 2.97 2.97 2.97 2.96 4.22 7.83 4.22 4.15 4.15 4.15 4.15 4.25 4.25 7.89 4.25 4.23 4.23 4.23 4.23 4.19 4.19 4.19 4.19
2.48 2.48 2.48 2.48 2.47 2.47 2.47 5.68 2.66 2.66 2.66 2.66 2.64 2.64 2.64 2.64 2.62 1.18 1.18 0.87 0.87 1.18 2.61 2.61 2.81 2.81 2.81 2.81 2.78 2.78 4.53 1.02 1.27 2.84 2.84 2.84 2.93 2.93 2.93 2.93 2.98 2.98 4.69 5.26 2.99 2.99 2.99 2.99 2.91 2.91 2.91 2.91 2.82 2.82 4.41 2.82 2.86 2.86 2.86 2.86 2.97 2.97 2.97 2.97 2.96 14.95 4.22 4.22 4.15 4.15 4.15 4.15 4.25 4.25 8.34 7.87 4.23 7.83 7.83 12.01 7.76 4.19 4.19 4.19
3.40 3.40 3.40 3.40 3.39 5.43 3.39 5.43 3.71 3.71 3.71 5.98 5.94 3.68 5.94 7.89 1.74 1.74 1.32 1.32 2.75 5.87 3.65 3.65 3.85 3.85 4.85 3.85 3.82 3.82 6.18 1.95 3.89 3.89 3.89 3.89 10.93 4.02 4.02 6.53 6.35 3.91 3.91 3.91 3.92 3.92 3.92 3.92 3.82 3.82 3.82 3.82 3.71 3.71 3.71 3.71 3.60 3.60 3.60 3.60 3.73 3.73 8.01 5.55 5.04 5.04 10.57 5.04 4.95 4.95 10.39 4.95 4.79 4.79 4.79 4.79 4.76 4.76 4.76 4.76 4.72 8.78 4.72 4.72
3.40 3.40 3.40 3.40 3.39 3.39 3.39 3.39 3.71 3.71 3.71 3.71 3.68 3.68 3.68 4.74 1.74 0.71 0.71 3.83 4.45 3.65 3.65 3.65 7.21 4.34 0.77 0.77 1.43 3.82 3.82 3.82 3.89 3.89 3.89 6.33 4.02 4.02 4.02 4.02 3.91 3.91 3.91 3.91 3.92 3.92 6.36 3.92 3.82 3.82 3.82 3.82 3.71 6.00 3.71 3.71 3.60 3.60 3.60 5.83 5.98 6.01 6.01 3.73 5.04 5.04 5.04 5.04 4.95 10.36 4.95 4.95 4.79 4.79 4.79 4.79 4.76 4.76 4.76 4.76 4.72 4.72 4.72 4.72
3.39 3.39 3.39 3.39 3.37 3.37 3.37 3.37 3.67 3.67 3.67 3.67 3.66 1.74 1.74 1.32 1.74 1.23 0.71 0.71 1.32 3.64 3.64 4.40 3.88 0.77 0.77 0.77 1.43 1.53 1.43 1.86 3.93 3.93 3.93 3.93 4.02 4.02 4.02 4.02 3.91 6.34 3.91 3.91 3.87 3.87 3.87 3.87 3.74 3.74 3.74 3.74 3.74 3.74 3.74 3.74 3.67 3.67 3.67 3.67 3.72 3.72 3.72 3.72 4.98 4.98 4.98 4.98 4.91 4.91 4.91 4.91 4.79 4.79 4.79 4.79 4.75 4.75 4.75 4.75 8.68 4.67 4.67 4.67
3.39 3.39 3.39 3.39 3.37 3.37 3.37 3.37 3.67 3.67 3.67 3.67 1.74 1.74 1.32 1.32 1.32 1.33 0.71 3.05 0.71 0.71 1.23 3.64 1.42 0.95 0.77 0.77 1.43 1.53 1.43 1.86 3.93 3.93 3.93 3.93 4.02 4.02 4.02 6.54 3.91 3.91 3.91 3.91 3.87 3.87 3.87 3.87 3.74 3.74 3.74 3.74 3.74 3.74 3.74 3.74 3.67 3.67 3.67 3.67 3.72 3.72 3.72 15.81 10.46 4.98 4.98 4.98 4.91 4.91 4.91 4.91 4.79 4.79 4.79 4.79 4.75 4.75 4.75 4.75 8.68 4.67 4.67 4.67
3.39 3.39 3.39 3.39 3.37 3.37 3.37 3.37 3.67 3.67 3.67 3.67 1.32 1.85 0.99 0.71 0.71 3.05 3.05 0.59 0.71 0.71 1.23 0.71 0.77 0.77 0.77 0.77 0.77 1.43 1.43 1.86 1.86 3.93 3.93 3.93 4.02 4.02 4.02 4.02 3.91 3.91 3.91 3.91 3.87 3.87 6.28 3.87 3.74 6.04 6.04 3.74 3.74 3.74 3.74 3.74 3.67 3.67 3.67 3.67 3.72 3.72 3.72 11.88 4.98 4.98 4.98 4.98 4.91 4.91 4.91 4.91 4.79 4.79 4.79 4.79 4.75 4.75 4.75 4.75 4.67 4.67 4.67 4.67
1.19 1.27 3.39 3.39 3.37 3.37 3.37 3.37 3.67 3.67 3.67 5.33 1.32 3.83 1.31 0.84 0.89 0.71 0.84 0.71 0.71 1.23 0.84 0.71 0.77 0.77 0.77 0.77 0.77 0.77 1.43 1.86 1.86 3.93 3.93 3.93 4.02 4.02 4.02 4.02 3.91 3.91 3.91 3.91 3.87 3.87 3.87 3.87 3.74 3.74 3.74 3.74 3.74 3.74 3.74 3.74 3.67 3.67 3.67 3.67 3.72 3.72 6.96 5.04 4.98 4.98 10.46 4.98 4.91 4.91 10.31 4.91 4.79 4.79 4.79 4.79 4.75 4.75 4.75 4.75 4.67 4.67 4.67 4.67
1.57 1.27 3.40 1.19 3.40 1.19 3.40 2.25 1.32 3.69 3.69 1.32 1.32 3.83 2.25 0.84 1.06 0.84 0.84 0.71 0.71 0.71 0.71 0.71 0.77 0.77 0.77 0.65 0.91 0.91 0.91 1.86 3.98 3.98 3.98 3.98 4.04 4.04 4.04 4.04 3.85 3.85 3.85 3.85 3.76 6.07 3.76 3.76 6.02 3.73 3.73 3.73 3.83 3.83 3.83 3.83 3.68 3.68 3.68 3.68 8.35 5.87 4.97 4.97 4.91 4.91 4.91 4.91 10.32 7.11 4.92 4.92 4.80 8.93 4.80 4.80 4.74 4.74 4.74 4.74 4.61 4.61 4.61 12.69
3.40 1.19 3.40 1.19 3.40 3.40 1.19 1.19 3.69 3.69 3.69 1.32 1.32 1.32 1.06 3.05 1.06 0.84 0.71 0.71 0.71 0.71 0.71 0.71 0.77 0.77 0.65 0.65 0.65 1.36 1.36 3.94 3.98 3.98 3.98 3.98 4.04 4.04 4.04 4.04 6.36 3.85 3.85 3.85 3.76 3.76 3.76 3.76 3.73 3.73 3.73 3.73 3.83 3.83 3.83 3.83 3.68 3.68 5.93 5.93 5.87 3.65 4.97 4.97 4.91 4.91 4.91 4.91 4.92 4.92 4.92 10.22 4.80 4.80 4.80 4.80 4.74 12.60 8.82 4.74 4.61 8.58 4.61 4.61
3.40 1.19 1.19 1.19 3.40 3.40 1.19 1.19 1.32 3.69 1.77 0.71 0.87 0.71 0.71 1.31 0.71 0.71 0.71 0.84 0.71 0.71 0.71 0.59 0.65 0.65 0.65 0.65 1.36 2.40 1.36 3.94 3.98 3.98 3.98 3.98 4.04 4.04 4.04 4.04 3.85 3.85 3.85 3.85 3.76 3.76 3.76 3.76 3.73 3.73 3.73 3.73 3.83 3.83 3.83 3.83 6.02 3.68 3.68 3.68 3.65 3.65 4.97 4.97 4.91 4.91 4.91 4.91 4.92 4.92 4.92 4.92 4.80 4.80 4.80 4.80 4.74 8.82 8.82 4.74 4.61 4.61 4.61 4.61
8.03 2.11 2.11 1.19 3.40 4.33 1.57 3.66 5.95 1.25 1.01 0.84 0.71 0.87 0.84 1.73 1.39 0.71 0.71 0.84 0.89 0.84 0.83 0.59 0.65 0.65 0.65 0.91 0.91 1.36 3.94 3.94 3.98 3.98 3.98 3.98 4.04 4.04 2.02 4.04 3.85 3.85 3.85 3.85 3.76 3.76 3.76 3.76 3.73 3.73 3.73 3.73 3.83 3.83 3.83 3.83 3.68 3.68 3.68 3.68 3.65 4.97 4.97 4.97 4.91 4.91 4.91 4.91 4.92 23.71 10.30 4.92 4.80 4.80 4.80 4.80 4.74 4.74 4.74 4.74 8.55 4.61 4.61 4.61
6.07 3.61 3.61 3.61 3.80 3.80 1.57 1.19 3.70 3.70 1.25 0.71 0.71 0.84 0.84 1.39 1.32 1.32 0.71 0.84 0.84 1.26 0.59 0.59 0.65 0.65 0.65 0.91 1.35 1.27 3.97 3.97 3.98 3.98 3.98 3.98 6.46 3.98 3.98 2.00 3.75 3.75 3.75 3.75 1.50 0.73 1.35 3.72 3.77 3.77 3.77 3.77 6.12 3.79 3.79 3.79 3.58 3.58 3.58 3.58 3.55 4.86 4.86 4.86 4.86 4.86 4.86 4.86 9.11 4.89 4.89 4.89 8.91 8.91 4.78 4.78 4.70 4.70 4.70 4.70 4.58 4.58 4.58 4.58
3.61 3.61 3.61 3.61 3.61 3.61 3.61 2.58 2.08 3.90 3.70 1.25 0.71 0.84 0.84 0.84 0.84 0.71 0.71 0.84 0.84 0.84 1.26 0.59 0.65 0.65 0.91 0.77 0.91 0.77 4.46 1.43 1.38 3.98 3.98 3.98 3.98 3.98 2.81 2.00 3.75 3.75 1.28 0.73 0.73 0.73 1.35 3.72 3.77 3.77 3.77 3.77 3.79 3.79 3.79 3.79 3.58 3.58 3.58 3.58 9.06 4.86 4.86 9.05 4.86 4.86 4.86 4.86 4.89 4.89 4.89 4.89 4.78 4.78 4.78 4.78 4.70 4.70 4.70 4.70 4.58 4.58 8.51 4.58
3.61 3.61 3.61 3.61 3.61 3.61 5.31 2.58 2.81 3.90 3.90 1.58 4.24 1.99 1.06 0.59 0.59 0.71 0.71 0.84 0.71 0.84 0.71 0.71 3.24 0.65 3.24 0.95 0.91 0.77 0.77 0.91 0.91 1.38 1.38 2.34 2.00 4.47 2.00 2.00 1.35 0.73 0.89 0.73 0.73 0.73 1.35 3.72 3.77 3.77 3.77 3.77 3.79 3.79 3.79 3.79 3.58 3.58 3.58 5.76 4.86 9.06 4.86 12.03 4.86 4.86 9.05 13.75 7.11 4.89 4.89 4.89 4.78 4.78 4.78 8.84 4.70 4.70 4.70 4.70 4.58 4.58 4.58 4.58
4.64 1.43 3.61 3.61 6.08 3.61 4.49 2.22 4.84 3.90 5.12 1.66 2.81 4.24 1.99 4.24 1.51 0.71 0.71 0.71 0.71 0.71 0.71 0.87 0.65 0.77 0.77 0.77 0.98 0.77 0.77 0.91 0.77 0.77 1.38 0.95 0.77 0.77 0.95 0.77 0.89 0.73 0.73 0.73 0.73 0.73 3.72 3.72 6.06 8.54 6.05 6.05 3.79 3.79 3.79 3.79 3.58 3.58 3.58 3.58 4.86 4.86 4.86 7.11 7.11 7.11 7.11 7.11 7.11 7.11 7.11 7.11 6.98 6.98 4.78 4.78 4.70 4.70 4.70 4.70 8.51 4.58 4.58 4.58
1.42 1.21 1.42 3.59 3.61 3.61 4.49 3.61 6.62 3.91 1.59 1.59 1.99 1.51 1.51 1.34 1.51 1.51 1.51 1.51 1.51 0.71 0.87 3.07 3.24 0.77 0.95 0.77 0.91 0.91 0.98 0.91 0.91 0.77 0.77 0.77 0.77 0.77 0.77 0.77 0.73 0.73 0.73 0.73 0.73 1.26 3.72 4.18 3.70 3.70 3.70 3.70 3.69 3.69 3.69 4.14 3.50 3.50 3.50 4.81 8.97 4.83 4.83 7.11 7.11 7.11 7.11 7.11 7.11 7.11 7.11 7.11 4.77 4.77 4.77 4.77 8.72 4.68 4.68 26.22 8.58 8.58 4.61 4.61
1.37 1.42 1.42 1.42 1.37 1.96 1.81 1.44 1.59 4.24 1.34 1.59 1.51 1.51 4.24 4.24 4.24 1.51 1.51 1.51 1.51 2.07 1.51 1.51 0.77 0.77 0.77 0.77 0.77 0.77 0.77 0.91 0.77 0.77 0.77 0.77 0.77 0.77 0.77 0.77 0.73 0.73 0.73 0.73 1.06 0.89 0.92 0.73 0.73 0.73 0.73 0.73 0.73 0.73 0.73 1.54 3.50 3.50 3.50 4.81 9.18 4.83 4.83 7.11 7.11 7.11 7.11 4.87 4.89 18.96 12.31 4.89 8.87 4.77 4.77 4.77 4.68 4.68 4.68 4.68 4.61 4.61 4.61 4.61
1.93 1.55 1.80 1.73 1.73 1.73 2.26 1.81 2.59 1.94 1.77 1.99 2.22 1.99 5.37 5.37 5.37 1.99 1.99 1.99 1.99 1.99 1.99 5.37 2.11 2.11 2.11 2.36 0.99 0.99 0.99 0.99 0.99 0.99 0.99 0.99 0.99 0.99 0.99 0.99 0.90 0.90 0.90 0.90 1.11 0.90 0.90 0.90 0.90 1.70 0.90 0.90 3.59 3.59 0.90 2.68 2.09 3.71 3.71 5.03 5.06 5.06 5.06 7.41 7.41 5.10 5.10 5.10 7.41 7.41 12.36 7.41 4.61 4.61 4.61 4.61 4.52 4.52 4.52 4.52 4.47 4.47 4.47 4.47
2.26 1.80 1.13 1.73 1.73 2.40 2.40 1.73 1.94 1.99 1.99 2.22 1.99 1.99 1.99 1.99 1.77 5.37 2.22 3.71 5.37 1.99 1.99 1.77 5.63 2.11 2.94 2.11 2.11 2.11 2.11 0.99 0.99 0.99 0.99 0.99 0.99 0.99 0.99 0.99 0.90 1.11 0.90 0.90 0.90 0.90 0.90 0.90 0.90 3.59 3.59 0.90 0.90 0.76 0.76 2.68 0.73 2.30 10.59 5.03 5.06 3.97 5.06 5.06 7.41 5.10 5.10 22.24 7.41 5.12 5.12 5.12 4.61 4.61 4.61 4.61 8.41 4.52 4.52 4.52 4.47 4.47 4.47 4.47
