New_Model_Runs/8_Future_Present_Scn1_out/post_prcessed_with_MFR/Monthly_summaries/runoff_monthly_SEP.asc
NCOLS 700
NROWS 400
XLLCENTER 515000.000000
YLLCENTER 8409000.000000
CELLSIZE 50.000000
NODATA_value -999.000000
[rows 190 to 227 of 400, columns 252 to 335 of 700]
2.78 2.78 2.78 2.78 3.02 3.02 4.92 3.02 2.99 2.99 2.99 2.99 2.94 2.94 2.94 2.94 2.90 2.90 2.90 4.70 3.09 6.47 3.09 3.09 5.09 3.11 3.11 3.11 3.20 3.20 3.20 3.20 3.28 3.28 3.28 3.28 5.11 5.11 5.11 5.11 5.13 5.13 5.13 5.13 5.05 5.05 5.05 5.05 4.87 4.87 4.87 2.73 2.89 2.89 2.89 2.89 5.16 5.16 5.16 5.16 5.26 5.26 5.26 10.09 10.21 10.21 5.32 5.32 5.76 5.76 5.76 5.76 5.74 5.74 5.74 5.74 5.71 5.71 5.71 5.71 5.65 5.65 5.64 5.64
2.78 2.78 2.78 4.47 3.02 3.02 3.02 3.02 2.99 2.99 2.99 2.99 2.94 2.94 2.94 2.94 4.66 2.90 2.90 2.90 3.09 3.09 5.04 3.09 3.11 3.11 3.11 5.09 3.20 3.20 3.20 5.20 3.28 3.28 3.28 3.28 3.62 3.62 5.11 5.11 5.13 5.13 5.13 5.13 5.05 5.05 5.05 5.05 4.87 4.87 2.73 2.73 2.89 2.89 2.89 5.11 5.16 5.16 5.16 9.91 10.01 10.12 5.26 5.26 10.18 5.32 5.32 5.32 5.76 5.76 5.76 5.76 5.74 5.74 5.74 5.74 5.71 5.71 5.71 10.96 5.65 5.65 5.65 5.65
2.74 2.74 2.74 2.74 2.94 6.37 2.94 2.94 4.64 2.86 2.86 2.86 2.80 2.80 2.80 2.80 2.83 4.58 2.83 2.83 3.08 3.08 3.08 3.08 3.12 3.12 3.12 3.12 3.14 3.14 3.14 3.14 3.16 3.16 3.16 3.16 3.47 3.47 3.47 4.95 4.95 4.95 4.95 4.95 4.85 4.85 4.85 4.85 4.76 2.65 2.65 2.65 2.91 2.91 2.91 5.14 5.22 5.22 5.22 10.02 5.29 5.29 5.29 5.29 5.36 10.29 5.36 5.36 5.79 5.79 5.79 5.79 5.81 5.81 5.81 5.81 5.83 5.83 5.83 5.83 10.95 5.75 5.75 5.75
2.74 2.74 2.74 2.74 2.94 5.14 2.94 2.94 2.86 2.86 2.86 2.86 2.80 2.80 2.80 2.80 2.83 2.83 2.83 2.83 3.08 3.08 3.08 3.08 3.12 3.12 3.12 3.12 3.14 3.14 3.14 5.26 3.16 3.16 3.16 3.16 3.47 3.47 3.47 3.47 3.47 4.95 4.95 4.95 4.85 4.85 2.71 2.71 4.76 2.65 2.65 2.65 2.91 2.91 2.91 5.14 5.22 5.22 14.52 5.22 5.29 5.29 5.29 5.29 5.36 5.36 5.36 5.36 5.79 5.79 5.79 5.79 5.81 5.81 5.81 5.81 5.83 5.83 5.83 5.83 5.75 5.75 5.75 5.75
3.48 3.48 3.48 3.48 3.51 5.79 3.51 3.51 3.42 3.42 5.64 3.42 3.34 3.34 5.50 3.34 3.38 3.38 3.38 3.38 3.27 3.27 3.27 3.27 3.32 3.32 3.32 3.32 3.33 3.33 3.33 3.33 3.35 3.35 3.35 3.35 3.43 3.43 3.43 3.43 3.42 3.42 4.90 4.90 4.81 2.68 2.68 2.68 2.62 2.62 2.62 2.62 2.77 2.77 2.77 7.60 5.01 9.61 5.01 5.01 5.07 5.07 5.07 5.07 9.81 5.14 5.14 5.14 5.01 5.01 9.61 5.01 5.03 5.03 5.03 5.03 5.04 3.92 5.04 5.04 4.97 4.97 10.22 4.97
3.48 3.48 3.48 3.48 3.51 3.51 5.72 3.51 3.42 3.42 3.42 3.42 3.34 3.34 3.34 3.34 3.38 3.38 3.38 3.38 3.27 3.27 3.27 3.27 3.32 3.32 3.32 3.32 3.33 3.33 3.33 3.33 3.35 3.35 3.35 3.35 3.43 3.43 3.43 3.43 3.42 3.42 3.42 4.90 2.68 2.68 2.68 4.81 4.72 2.62 2.62 4.72 4.93 2.77 2.77 2.77 5.01 5.01 3.98 5.01 5.07 5.07 5.07 5.07 5.14 5.14 5.14 9.87 5.01 5.01 5.01 9.61 5.03 5.03 5.03 5.03 5.04 5.04 14.40 5.04 4.97 9.54 4.97 4.97
5.73 5.73 5.73 3.47 3.40 3.40 3.40 3.40 3.32 3.32 5.46 3.32 3.41 3.41 3.41 3.41 3.54 3.54 3.54 3.54 3.39 3.39 3.39 3.39 3.39 3.39 3.39 3.39 3.39 3.39 3.39 3.39 3.40 3.40 3.40 3.40 3.42 3.42 3.42 3.42 3.34 3.34 3.34 3.34 3.29 4.76 4.76 4.76 4.74 4.74 4.74 4.74 2.80 2.80 2.80 2.80 5.03 13.60 5.03 5.03 5.08 5.08 5.08 5.08 5.15 5.15 5.15 5.15 5.03 5.03 5.03 5.03 9.72 5.10 5.10 5.10 5.11 5.11 5.11 5.11 4.99 4.99 4.99 4.99
3.47 3.47 3.47 5.68 3.40 3.40 3.40 3.40 3.32 3.32 3.32 3.32 3.41 3.41 3.41 3.41 3.54 3.54 3.54 3.54 3.39 3.39 3.39 3.39 3.39 3.39 3.39 3.39 3.39 3.39 3.39 3.39 3.40 3.40 3.40 3.40 3.42 3.42 3.42 3.42 3.34 3.34 3.34 3.34 3.29 3.29 4.76 4.76 4.74 4.74 4.74 4.74 2.80 2.80 2.80 2.80 4.51 4.51 5.03 5.03 5.08 5.08 5.08 5.08 5.15 5.15 5.15 5.15 5.03 5.03 5.03 5.03 5.10 5.10 5.10 5.10 5.11 5.11 5.11 5.11 4.99 4.99 4.99 4.99
3.47 3.47 3.47 5.68 3.40 3.40 3.40 3.40 3.32 3.32 3.32 3.32 3.41 3.41 3.41 3.41 3.54 3.54 3.54 3.54 3.39 3.39 3.39 3.39 3.39 3.39 3.39 3.39 3.39 3.39 3.39 3.39 3.40 3.40 3.40 3.40 3.42 3.42 3.42 3.42 3.34 3.34 3.34 3.34 3.29 3.29 3.29 3.29 4.74 4.74 4.74 4.74 2.80 2.80 4.98 2.80 2.83 2.83 5.03 5.03 5.08 5.08 5.08 5.08 5.15 5.15 5.15 5.15 5.03 5.03 5.03 5.03 5.10 5.10 5.10 5.10 5.11 5.11 9.80 9.69 4.99 4.99 4.99 9.08
3.47 3.47 3.47 3.47 3.40 3.40 3.40 3.40 5.46 3.32 3.32 3.32 3.41 3.41 3.41 3.41 3.54 3.54 3.54 3.54 3.39 3.39 3.39 3.39 3.39 3.39 3.39 3.39 3.39 3.39 3.39 3.39 3.40 3.40 3.40 3.40 3.42 3.42 3.42 3.42 3.34 3.34 3.34 3.34 3.29 3.29 3.29 3.29 3.27 4.74 4.74 4.74 4.98 4.98 4.98 4.98 5.03 5.03 5.03 5.03 5.08 5.08 5.08 5.08 5.15 5.15 5.15 5.15 9.75 9.65 9.65 9.65 5.10 5.10 5.10 5.10 5.11 9.80 5.11 5.11 4.99 4.99 4.99 4.99
3.43 3.43 3.43 3.43 3.34 3.34 3.34 3.34 7.96 3.38 3.38 3.38 3.57 3.57 3.57 3.57 3.68 3.68 3.68 3.68 3.49 3.49 3.49 3.49 3.47 3.47 3.47 3.47 3.50 3.50 3.50 3.50 3.51 3.51 3.51 3.51 3.47 3.47 3.47 3.47 3.37 3.37 5.55 3.37 3.30 3.30 5.42 3.30 3.29 3.29 3.29 4.76 5.05 5.05 5.05 5.05 5.10 5.10 5.10 5.10 5.11 5.11 5.11 5.11 5.15 5.15 5.15 5.15 14.34 5.04 5.04 5.04 5.10 5.10 5.10 5.10 9.76 5.09 5.09 5.09 4.95 4.95 4.95 12.98
3.43 3.43 3.43 3.43 3.34 5.50 5.50 3.34 3.38 3.38 3.38 3.38 3.57 3.57 3.57 3.57 3.68 3.68 3.68 3.68 3.49 3.49 3.49 3.49 3.47 3.47 3.47 3.47 3.50 3.50 3.50 3.50 3.51 3.51 3.51 3.51 3.47 3.47 5.73 3.47 5.55 5.55 3.37 3.37 3.30 3.30 3.30 3.30 3.29 3.29 0.75 3.29 5.05 5.05 5.05 5.05 5.10 5.10 5.10 5.10 5.11 5.11 5.11 5.11 5.15 5.15 5.15 9.87 5.04 5.04 5.04 5.04 5.10 5.10 5.10 5.10 5.09 5.09 5.09 9.76 14.13 13.91 9.50 9.03
3.43 3.43 3.43 3.43 3.34 3.34 3.34 3.34 3.38 3.38 3.38 3.38 3.57 3.57 3.57 3.57 3.68 3.68 3.68 1.40 3.49 3.49 3.49 3.49 3.47 3.47 3.47 3.47 3.50 3.50 3.50 3.50 3.51 3.51 3.51 5.77 3.47 3.47 3.47 3.47 3.37 3.37 3.37 3.37 3.30 3.30 3.30 3.30 3.29 3.29 0.75 3.29 3.57 5.05 5.05 5.05 5.10 5.10 5.10 5.10 5.11 5.11 5.11 5.11 5.15 5.15 5.15 5.15 5.04 5.04 5.04 5.04 5.10 5.10 5.10 5.10 5.09 9.76 5.09 5.09 4.95 4.95 9.50 4.95
3.43 5.66 5.66 5.60 3.34 3.34 3.34 3.34 3.38 3.38 3.38 3.38 3.57 5.96 3.57 3.57 3.68 3.68 3.68 1.40 2.58 3.49 3.49 3.49 3.47 3.47 3.47 3.47 3.50 3.50 3.50 3.50 3.51 1.31 3.51 3.51 3.47 3.47 3.47 3.47 3.37 3.37 3.37 3.37 5.42 3.30 3.30 3.30 3.29 3.29 3.29 3.29 3.57 3.57 3.57 5.05 5.10 5.10 9.79 5.10 5.11 5.11 5.11 5.11 5.15 5.15 5.15 5.15 5.04 5.04 5.04 5.04 5.10 5.10 5.10 14.54 5.09 5.09 9.76 5.09 4.95 4.95 4.95 4.95
3.41 3.41 3.41 3.41 3.32 3.32 3.32 3.32 3.44 3.44 3.44 3.44 3.64 3.64 3.64 3.64 3.72 3.72 3.72 1.42 1.33 3.54 5.85 3.54 3.54 3.54 3.54 3.54 3.55 3.55 3.55 1.33 1.31 4.38 3.49 3.49 3.44 3.44 3.44 3.44 3.36 3.36 3.36 3.36 5.41 3.29 3.29 3.29 3.34 3.34 3.34 3.34 3.61 3.61 3.61 3.61 5.14 5.14 5.14 5.14 5.17 5.17 5.17 5.17 5.20 5.20 5.20 5.20 5.06 5.06 5.06 5.06 5.10 5.10 5.10 9.79 5.05 5.05 5.05 5.05 4.91 4.91 4.91 4.91
2.41 3.41 3.41 3.41 3.32 3.32 3.32 3.32 5.67 3.44 3.44 3.44 3.64 3.64 3.64 3.64 3.72 3.72 1.42 1.42 1.88 3.54 3.54 3.54 3.54 3.54 1.33 3.54 3.55 3.55 1.33 1.33 1.81 3.49 3.49 3.49 3.44 3.44 3.44 3.44 3.36 3.36 3.36 3.36 3.29 3.29 3.29 3.29 3.34 3.34 3.34 3.34 3.61 3.61 3.61 3.61 3.66 3.66 5.14 5.14 5.17 5.17 5.17 5.17 5.20 5.20 5.20 5.20 5.06 5.06 5.06 5.06 5.10 5.10 5.10 5.10 5.05 5.05 5.05 5.05 4.91 4.91 4.91 4.91
2.41 3.41 3.41 3.41 3.32 3.32 3.32 3.32 3.44 3.44 3.44 3.44 3.64 3.64 3.64 3.64 3.72 3.72 1.42 1.42 1.33 3.54 3.54 3.54 3.54 1.33 1.33 1.33 1.33 1.33 1.33 1.33 3.49 3.49 5.77 3.49 3.44 3.44 5.67 3.44 3.36 3.36 5.52 3.36 3.29 3.29 3.29 3.29 3.34 3.34 3.34 3.34 3.61 3.61 3.61 3.61 3.66 7.42 3.66 5.14 5.17 5.17 5.17 5.17 5.20 5.20 5.20 5.20 5.06 5.06 5.06 5.06 5.10 5.10 5.10 5.10 5.05 5.05 5.05 5.05 4.91 4.91 4.91 4.91
2.41 3.41 3.41 3.41 3.32 3.32 3.32 3.32 3.44 3.44 3.44 3.44 3.64 3.64 3.64 3.64 3.72 3.72 1.42 1.42 1.33 1.33 3.54 3.54 3.54 1.33 1.33 1.33 1.33 1.33 1.85 3.55 3.49 3.49 3.49 3.49 3.44 3.44 3.44 3.44 3.36 3.36 5.52 5.48 3.29 3.29 3.29 3.29 3.34 3.34 3.34 3.34 3.61 3.61 3.61 3.61 3.66 3.66 3.66 3.66 3.68 5.17 5.17 5.17 5.20 5.20 5.20 5.20 5.06 5.06 5.06 5.06 5.10 5.10 3.79 8.03 5.05 5.05 5.05 5.05 4.91 14.02 4.91 4.91
2.37 2.37 3.36 3.36 3.33 3.33 3.33 3.33 3.54 3.54 3.54 3.54 3.69 3.69 3.69 3.69 3.73 3.73 1.42 1.42 1.34 1.34 3.57 3.57 1.34 1.34 3.56 1.34 1.31 3.69 5.78 3.50 3.40 3.40 3.40 3.40 3.40 3.40 3.40 3.40 3.33 3.33 3.33 3.33 3.31 3.31 3.31 3.31 3.38 3.38 3.38 3.38 3.62 3.62 3.62 3.62 3.68 3.68 3.68 3.68 3.74 3.74 5.23 5.23 5.26 5.26 5.26 5.26 5.12 5.12 5.12 5.12 5.14 5.14 2.93 3.44 5.05 3.42 3.42 5.05 4.89 4.89 4.89 4.89
2.37 4.01 3.36 3.36 3.33 3.33 3.33 3.33 3.54 3.54 3.54 3.54 3.69 3.69 3.69 3.69 3.73 3.73 1.42 1.42 1.34 1.34 1.34 1.34 1.34 3.56 5.90 1.34 1.31 3.50 3.50 6.88 3.40 3.40 3.40 3.40 3.40 3.40 3.40 3.40 3.33 3.33 3.33 3.33 3.31 3.31 3.31 3.31 3.38 3.38 3.38 3.38 3.62 3.62 3.62 3.62 3.68 3.68 3.68 3.68 3.74 3.74 3.74 3.74 5.26 5.26 5.26 5.26 5.12 5.12 5.12 3.48 3.49 4.65 4.65 2.77 2.93 3.42 3.42 3.42 4.89 4.89 4.89 4.89
2.70 2.70 3.79 3.79 3.39 3.39 3.39 3.39 3.60 3.60 3.60 3.60 3.74 3.74 3.74 3.74 3.79 3.79 1.45 1.45 1.16 2.23 3.19 3.19 3.18 3.18 3.18 1.16 1.13 3.12 3.12 3.12 4.94 3.03 3.03 3.03 2.83 2.83 2.83 2.83 4.48 2.77 2.77 2.77 2.75 2.75 2.75 2.75 2.81 2.81 2.81 2.81 2.79 2.79 2.79 2.79 2.84 2.84 2.84 2.84 2.88 4.01 2.88 2.88 2.91 4.35 4.35 4.35 4.11 4.11 3.71 3.71 3.71 3.71 1.98 5.96 2.25 2.66 2.66 2.66 3.92 3.92 3.92 3.92
2.70 4.17 2.70 3.79 3.39 3.39 3.39 3.39 3.60 3.60 3.60 3.60 3.74 3.74 3.74 3.74 3.79 1.45 1.45 1.45 1.16 3.19 3.19 3.19 3.18 5.21 1.16 1.16 3.12 3.12 3.12 3.12 3.03 3.03 3.03 3.03 2.83 2.83 2.83 2.83 2.77 4.48 2.77 2.77 2.75 2.75 2.75 2.75 2.81 2.81 2.81 2.81 2.79 2.79 2.79 2.79 2.84 2.84 2.84 2.84 4.68 2.88 2.88 4.01 2.91 2.91 4.35 4.35 2.70 4.11 2.11 2.25 3.71 8.22 2.71 2.71 4.05 4.05 4.05 4.05 3.92 3.92 3.92 3.92
4.94 2.65 2.65 3.72 3.48 3.48 3.48 3.48 3.71 3.71 3.71 3.71 3.78 3.78 3.78 3.78 3.80 1.46 1.46 1.46 1.16 3.18 3.18 3.18 3.15 3.15 3.15 3.15 3.05 3.05 3.05 3.05 3.00 3.00 3.00 3.00 2.82 2.82 2.82 4.54 2.77 2.77 2.77 2.77 2.79 2.79 2.79 2.79 2.83 2.83 2.83 2.83 2.82 2.82 2.82 2.82 2.85 2.85 2.85 2.85 2.88 2.88 2.88 1.45 4.01 2.91 2.91 1.02 2.25 2.70 1.98 2.11 4.58 2.25 2.69 4.09 3.98 3.98 3.98 7.57 3.91 3.91 3.91 3.91
2.65 4.08 2.65 2.65 3.48 3.48 3.48 3.48 3.71 3.71 3.71 3.71 3.78 3.78 3.78 3.78 3.80 1.46 1.46 1.46 1.16 3.18 3.18 3.18 3.15 3.15 3.15 3.15 3.05 3.05 3.05 3.05 3.00 3.00 3.00 3.00 6.62 2.82 2.82 2.82 2.77 2.77 2.77 2.77 2.79 2.79 2.79 2.79 2.83 2.83 2.83 2.83 2.82 2.82 2.82 2.82 2.85 2.85 2.85 2.85 2.88 2.88 1.02 2.88 4.01 2.91 2.91 2.69 0.50 3.71 3.71 2.11 2.11 2.11 2.69 4.09 3.98 3.98 3.98 3.98 3.91 3.91 3.91 3.91
2.65 2.65 2.65 2.65 3.48 3.48 3.48 3.48 3.71 3.71 3.71 3.71 3.78 3.78 3.78 3.78 3.80 1.46 1.46 1.46 1.16 3.18 3.18 3.18 3.15 3.15 5.15 3.15 3.05 3.05 4.98 3.05 3.00 3.00 3.00 3.00 4.69 2.82 2.82 2.82 4.49 2.77 2.77 2.77 2.79 2.79 2.79 2.79 2.83 2.83 2.83 2.83 2.82 2.82 2.82 2.82 2.85 2.85 2.85 2.85 2.88 2.88 2.88 0.67 1.03 2.91 2.91 2.91 0.50 2.45 2.45 2.67 2.25 7.84 4.09 4.09 3.98 3.98 3.98 3.98 3.91 3.91 3.91 3.91
2.65 2.65 2.65 2.65 3.48 3.48 3.48 3.48 3.71 3.71 3.71 3.71 3.78 3.78 3.78 3.78 3.80 1.46 1.46 1.46 3.18 3.18 3.18 3.18 5.15 1.14 5.15 3.15 3.05 3.05 4.98 3.05 3.00 3.00 3.00 3.00 8.68 2.82 2.82 2.82 2.77 2.77 2.77 2.77 2.79 2.79 2.79 2.79 2.83 2.83 2.83 2.83 2.82 2.82 2.82 2.82 2.85 2.85 2.85 2.85 2.88 2.88 2.88 1.99 0.86 2.91 2.91 2.91 0.93 1.19 2.45 1.19 2.97 2.69 2.67 4.09 3.98 3.98 3.98 3.98 3.91 3.91 3.91 3.91
4.09 2.66 2.66 2.66 2.56 3.60 3.60 3.60 3.79 3.79 3.79 3.79 3.82 3.82 3.82 3.82 3.81 1.46 1.46 3.81 3.17 3.17 3.17 5.20 3.89 1.13 1.13 3.13 3.03 3.03 3.03 3.03 2.99 2.99 2.99 6.95 2.82 2.82 2.82 2.82 2.81 2.81 2.81 2.81 2.82 2.82 2.82 2.82 2.83 4.09 2.83 2.83 2.84 2.84 2.84 2.84 2.86 2.86 2.86 2.86 2.86 4.64 2.86 1.01 0.67 1.40 0.57 1.02 0.91 0.91 0.97 2.45 6.95 2.45 2.11 4.03 3.96 3.96 3.96 3.96 3.95 3.95 3.95 3.95
2.66 2.66 2.66 2.66 2.56 3.60 3.60 3.60 3.79 3.79 3.79 3.79 3.82 3.82 3.82 1.47 1.46 1.46 3.81 3.81 3.17 3.17 3.17 3.17 3.13 1.13 1.13 5.06 3.03 3.03 3.03 3.03 2.99 2.99 2.99 2.99 2.82 2.82 2.82 2.82 2.81 2.81 2.81 2.81 2.82 2.82 2.82 2.82 1.45 2.83 2.83 2.83 2.84 2.84 4.60 2.84 2.86 2.86 2.86 2.86 2.86 2.86 2.86 1.01 0.67 1.32 2.69 2.27 0.50 2.45 0.97 2.45 3.00 0.91 0.91 3.71 2.59 3.96 3.96 2.59 2.58 2.58 3.95 5.31
2.66 2.66 2.66 2.66 2.56 2.56 3.60 3.60 3.79 3.79 3.79 3.79 0.96 0.96 0.96 0.96 1.46 1.46 3.81 3.81 3.17 3.17 3.17 1.13 1.13 0.74 0.64 3.13 1.09 1.09 3.03 3.03 2.99 2.99 2.99 2.99 2.82 2.82 2.82 2.82 2.81 2.81 2.81 2.81 2.82 2.82 2.82 2.82 2.83 2.83 2.83 2.83 2.84 2.84 2.84 2.84 2.86 2.86 2.86 2.86 2.86 2.86 1.01 0.59 0.67 1.02 3.32 2.69 0.91 2.45 0.97 2.45 2.45 2.45 2.45 2.23 2.23 4.66 0.86 0.86 0.85 0.74 3.71 4.89
2.66 2.66 2.66 2.66 2.56 2.56 3.60 3.60 3.79 3.79 3.79 3.79 0.96 0.96 0.96 0.83 1.46 3.81 3.81 3.81 3.17 1.45 1.93 1.13 1.13 1.45 0.74 0.74 0.65 1.09 1.09 3.03 2.99 2.99 2.99 3.12 0.59 1.05 2.82 2.82 2.81 2.81 2.81 2.81 2.82 2.82 2.82 4.56 2.83 2.83 2.83 2.83 2.84 2.84 4.60 2.84 2.86 2.86 2.86 2.86 2.86 2.86 1.01 1.01 1.32 1.02 2.69 2.69 0.91 2.45 2.45 0.97 2.45 2.45 2.23 2.23 2.23 2.23 2.23 2.23 2.23 2.23 2.23 2.23
2.74 2.74 2.74 2.74 2.62 2.62 3.68 3.68 3.81 3.81 3.81 3.81 0.96 0.83 0.83 0.83 3.80 3.80 3.80 3.80 3.17 1.45 1.13 1.13 0.64 0.64 0.74 0.74 0.94 1.47 2.12 4.88 2.93 2.93 2.93 2.93 4.45 4.48 2.84 2.84 2.87 2.87 2.87 2.87 2.83 2.83 2.83 2.83 2.83 2.83 2.83 2.83 2.84 2.84 1.00 2.84 2.87 2.87 2.87 1.44 1.44 2.85 1.00 1.00 0.59 1.02 2.69 2.69 2.45 0.91 2.45 2.45 2.45 2.23 2.23 2.23 2.23 2.23 5.12 0.00 2.23 2.23 2.23 2.23
2.74 2.74 2.74 2.74 2.62 2.62 2.62 3.68 3.81 3.81 3.81 3.81 0.96 0.83 0.96 3.82 3.80 3.80 3.80 3.80 3.17 1.13 1.54 1.13 0.64 2.46 2.46 0.74 0.74 2.10 1.07 3.00 2.93 2.93 2.93 2.93 2.75 3.78 2.02 4.62 2.87 2.87 2.87 2.87 2.83 2.83 2.83 2.83 2.83 2.83 2.83 2.83 2.84 2.84 0.67 0.67 1.69 2.87 2.94 4.01 4.01 6.06 2.85 1.00 1.01 2.69 1.32 2.69 2.45 2.45 2.45 2.45 2.23 2.23 2.23 2.23 2.23 0.95 5.12 0.00 0.00 0.00 2.23 1.13
2.74 2.74 2.74 2.74 2.62 2.62 2.62 3.68 3.81 3.81 3.81 3.81 0.83 0.83 0.96 3.82 3.80 3.80 3.80 3.80 3.17 3.27 1.13 1.20 3.80 2.46 0.74 0.74 1.07 1.07 3.00 3.00 1.53 2.93 2.93 2.93 0.59 2.32 2.32 1.00 2.87 1.46 2.87 2.87 2.83 2.83 2.83 2.83 2.83 2.83 2.83 1.05 2.84 2.84 0.67 2.27 1.02 0.67 0.67 4.01 4.01 4.01 2.85 2.85 2.86 0.57 2.69 2.69 2.45 2.45 2.45 2.23 2.23 2.23 2.23 2.23 2.23 1.13 0.00 0.00 0.00 0.00 0.00 5.12
2.74 2.74 2.74 2.74 2.62 2.62 2.62 1.19 3.81 3.81 3.81 3.83 0.83 0.83 1.80 3.82 3.80 3.80 3.80 3.80 3.17 1.45 1.45 1.20 2.46 2.46 3.13 3.13 1.07 3.00 4.84 3.00 1.53 2.93 1.53 4.25 2.84 1.00 2.32 2.32 0.69 0.69 0.60 2.87 2.83 2.83 2.83 2.83 2.83 2.83 2.83 1.05 2.84 1.02 0.67 2.69 1.32 1.32 2.69 2.69 4.01 1.44 4.01 2.85 0.67 1.32 2.69 2.69 2.45 2.45 2.23 2.23 0.89 0.89 1.13 2.23 2.23 2.23 0.00 0.00 0.00 0.00 0.00 0.00
2.79 2.79 2.79 2.79 2.65 4.05 2.65 2.65 3.82 3.90 1.46 0.83 1.42 1.42 1.80 3.81 3.79 3.79 3.79 3.79 3.16 5.59 1.13 3.49 1.38 3.10 3.10 3.10 6.10 2.93 2.93 2.93 1.52 2.07 2.07 2.90 2.85 2.85 2.75 3.78 2.32 2.32 0.69 2.89 4.60 2.84 2.84 2.84 2.84 2.84 2.84 1.05 1.02 1.02 2.27 2.69 2.69 2.69 2.69 2.27 4.01 4.01 2.69 2.69 2.69 2.69 2.69 2.69 2.45 2.23 2.23 2.23 2.23 2.23 2.23 1.13 2.23 2.23 0.00 0.00 0.00 0.00 0.00 0.00
2.79 2.79 2.79 2.79 2.65 2.65 2.65 2.65 1.80 1.85 0.83 1.42 1.42 5.06 3.81 3.81 3.79 3.79 3.79 3.79 3.16 3.16 0.55 2.46 0.92 3.10 3.10 3.10 2.93 4.77 2.93 2.07 2.90 2.07 2.07 4.04 2.85 2.85 2.85 4.06 2.75 2.32 1.89 2.89 2.84 4.60 2.84 2.84 2.84 2.84 2.84 2.84 2.84 1.02 2.27 2.69 2.69 2.69 2.69 2.69 0.49 1.09 2.69 2.69 2.69 2.69 1.09 1.09 2.23 2.23 0.89 0.89 2.23 2.23 2.23 2.23 1.13 2.23 5.12 0.00 0.00 0.00 0.00 0.00
2.63 2.63 2.63 2.63 2.38 2.38 2.38 2.38 0.71 0.72 0.72 1.61 1.78 1.78 1.78 3.47 3.44 3.44 3.44 6.52 2.75 2.75 2.13 0.77 2.13 0.94 0.94 2.70 2.56 2.56 3.66 1.79 1.79 1.79 1.79 2.53 2.27 2.27 2.27 2.27 1.93 4.84 1.93 1.10 1.10 2.26 2.26 2.26 3.50 2.26 1.18 3.50 2.11 0.75 1.76 2.11 2.11 2.11 2.11 2.11 2.11 2.11 2.11 2.11 2.11 0.75 0.75 0.96 0.87 0.67 0.72 4.25 1.77 1.77 1.77 0.87 0.67 4.25 4.25 0.00 0.00 0.00 0.00 0.00
2.63 2.63 2.63 2.63 2.38 2.38 2.38 2.38 0.71 0.84 0.72 1.61 1.61 4.64 1.78 3.47 3.44 3.44 1.61 5.10 1.23 1.23 2.13 0.53 0.94 0.94 0.94 2.70 2.56 2.56 2.56 1.79 1.79 1.79 1.79 1.79 2.27 2.27 2.27 0.46 1.93 3.41 2.31 0.54 2.26 2.26 2.26 2.26 1.18 0.84 1.23 3.50 3.23 0.75 1.76 2.11 2.11 2.11 2.11 2.11 2.11 0.75 2.11 2.39 2.39 1.06 5.23 1.29 0.87 0.87 4.85 4.91 4.25 4.25 1.77 0.72 4.91 1.99 0.00 0.00 0.00 0.00 0.00 0.00
