New_Model_Runs/8_Future_Present_Scn1_out/post_prcessed_with_MFR/Monthly_summaries/runoff_monthly_AUG.asc
NCOLS 700
NROWS 400
XLLCENTER 515000.000000
YLLCENTER 8409000.000000
CELLSIZE 50.000000
NODATA_value -999.000000
[rows 228 to 265 of 400, columns 252 to 335 of 700]
3.54 3.54 3.54 3.54 3.24 3.24 3.24 3.24 1.25 1.05 1.05 1.84 3.41 1.48 3.59 3.59 3.56 3.56 1.84 2.19 2.73 2.32 1.09 2.80 2.69 1.03 1.03 2.69 4.31 2.58 2.58 1.98 1.98 1.98 1.98 1.98 2.45 2.45 2.45 0.59 2.07 2.44 2.44 2.07 2.07 2.44 3.59 2.44 2.44 2.07 2.07 2.07 3.21 1.08 1.82 2.15 2.15 2.15 2.15 2.15 0.85 1.08 1.08 2.41 2.41 4.73 6.75 0.00 6.30 0.00 0.00 0.00 0.00 0.00 0.00 0.00 0.00 0.00 0.00 0.00 0.00 0.00 0.00 0.00
3.54 3.54 3.54 3.54 3.24 3.24 5.80 1.68 1.12 1.67 1.05 1.84 1.84 1.84 3.59 3.59 1.84 3.56 3.56 1.57 2.32 2.80 2.80 2.80 2.69 2.69 1.03 1.03 4.31 2.58 2.58 2.58 2.64 2.64 2.64 2.64 2.45 2.45 2.45 0.68 2.07 2.07 4.00 3.78 3.30 2.07 0.99 2.44 2.44 2.07 2.07 2.44 1.82 2.15 2.15 2.15 2.15 2.15 2.15 2.15 2.15 2.15 0.85 5.67 6.75 0.00 0.00 0.00 0.00 0.00 0.00 0.00 0.00 0.00 0.00 0.00 0.00 0.00 0.00 0.00 0.00 0.00 0.00 0.00
3.54 3.54 3.54 3.54 3.24 3.24 3.24 1.68 2.02 1.12 0.93 1.48 1.48 1.84 3.59 1.84 1.48 1.84 9.39 4.89 1.14 2.80 2.80 2.80 2.69 2.69 2.69 4.44 2.58 2.58 2.58 2.58 2.64 2.64 2.64 2.64 2.45 2.45 2.45 2.07 2.07 2.07 5.00 2.44 2.44 2.44 2.07 2.07 2.44 2.07 2.44 2.44 2.15 2.15 2.15 2.15 1.08 2.15 2.15 2.15 2.15 2.15 4.94 6.75 6.75 0.00 0.00 0.00 0.00 0.00 0.00 0.00 0.00 0.00 0.00 0.00 0.00 0.00 0.00 0.00 0.00 0.00 0.00 0.00
3.54 3.54 3.54 3.54 3.24 3.24 3.24 3.24 3.31 2.02 1.12 1.48 1.48 1.84 3.59 4.89 1.84 1.48 1.95 3.63 2.80 2.80 2.80 2.80 2.69 2.69 2.69 2.69 2.58 2.58 2.58 2.58 2.64 2.64 2.64 1.01 0.92 2.45 2.45 0.92 2.07 1.05 1.26 2.44 2.44 2.44 2.44 2.44 2.07 2.07 1.26 2.44 2.15 2.15 2.15 2.15 0.85 0.90 2.15 2.15 2.15 2.15 4.53 0.00 0.00 0.00 0.00 0.00 0.00 0.00 0.00 6.30 0.00 0.00 0.00 0.00 0.00 0.00 0.00 0.00 0.00 0.00 0.00 0.00
3.57 3.57 3.57 3.57 3.23 3.23 3.23 3.23 3.28 5.88 1.12 1.48 1.48 1.48 1.48 1.48 3.41 1.48 3.41 3.41 2.20 2.73 4.58 2.73 2.62 2.62 2.62 2.62 2.60 2.60 2.60 2.60 2.68 2.68 2.68 0.79 0.59 0.59 0.68 2.07 2.07 2.44 2.44 4.00 2.44 2.44 2.44 2.44 2.44 2.44 0.99 2.44 1.08 2.15 2.15 2.15 0.90 0.90 0.90 0.90 2.15 4.53 7.90 6.75 0.00 0.00 0.00 0.00 0.00 0.00 0.00 6.30 0.00 0.00 0.00 0.00 0.00 0.00 0.00 0.00 0.00 0.00 0.00 0.00
3.57 3.57 3.57 3.57 3.23 3.23 3.23 3.23 3.28 3.28 1.12 1.84 2.77 1.84 1.48 3.41 3.41 1.57 1.57 3.41 2.73 4.58 2.73 2.73 2.62 2.62 2.62 2.62 2.60 2.60 2.60 2.60 2.68 2.68 2.68 2.68 2.47 0.68 0.68 0.68 2.44 1.05 1.05 2.44 5.75 2.44 2.44 1.26 2.44 2.44 2.44 2.44 2.15 2.15 2.15 2.15 2.15 2.15 2.15 0.85 3.20 4.53 3.51 3.91 0.00 6.75 0.00 0.00 0.00 0.00 6.30 6.30 6.30 0.00 0.00 0.00 0.00 0.00 0.00 0.00 0.00 0.00 0.00 0.00
3.57 3.57 3.57 3.57 3.23 3.23 3.23 3.23 3.28 3.28 1.25 2.02 1.84 1.84 1.84 3.41 3.41 1.84 3.41 3.52 2.73 2.73 2.73 2.73 2.62 2.62 2.62 2.62 2.60 2.66 2.60 2.60 2.68 2.68 2.68 4.50 2.47 0.68 0.68 2.44 2.44 2.44 2.44 2.44 2.44 2.44 2.44 1.26 1.26 1.26 1.26 1.26 2.15 2.15 2.15 2.15 2.15 2.15 2.15 3.51 3.51 4.53 3.51 3.91 3.91 6.75 6.75 0.00 0.00 0.00 0.00 9.89 0.00 0.00 0.00 0.00 0.00 0.00 0.00 0.00 0.00 0.00 0.00 0.00
3.57 3.57 3.57 3.57 3.23 3.23 3.23 3.23 2.02 1.25 1.68 2.02 1.84 1.84 3.41 3.41 1.84 1.84 5.83 3.52 2.73 2.73 2.73 2.83 2.62 2.62 2.62 2.62 2.60 2.60 2.60 2.60 2.68 2.68 2.68 2.68 0.93 0.68 1.26 1.05 2.44 2.44 2.44 1.05 0.99 0.99 3.11 0.99 1.26 1.26 0.99 0.99 0.85 2.15 2.15 2.15 2.15 2.15 3.51 6.31 3.51 3.51 3.91 3.91 6.75 6.75 6.75 0.00 0.00 0.00 0.00 0.00 0.00 0.00 0.00 0.00 0.00 0.00 0.00 0.00 0.00 0.00 0.00 0.00
3.63 3.63 3.63 3.63 3.24 3.24 3.24 3.24 2.02 1.12 3.44 2.02 2.02 3.41 3.41 3.41 1.84 1.84 1.84 3.46 2.73 2.73 2.73 2.73 2.66 2.66 2.66 2.66 2.65 4.41 2.65 2.65 2.67 2.67 2.67 2.67 0.68 1.26 1.26 2.44 1.26 2.44 2.44 0.99 0.99 1.92 0.99 0.99 1.26 1.26 0.99 0.99 0.85 2.15 2.15 2.15 2.15 3.20 3.51 0.00 0.00 0.00 6.75 6.75 0.00 6.75 6.75 0.00 0.00 0.00 0.00 0.00 0.00 0.00 0.00 0.00 0.00 0.00 0.00 0.00 0.00 0.00 0.00 0.00
3.63 3.63 3.63 3.63 3.24 3.24 3.24 3.24 3.26 1.68 1.68 2.02 2.02 1.84 3.41 3.41 3.41 1.84 1.84 3.41 2.73 2.73 2.73 2.73 4.46 2.66 2.66 2.66 2.65 2.65 2.65 2.65 2.67 2.67 2.67 2.67 2.07 2.43 2.44 2.44 2.44 2.44 2.44 2.44 2.44 2.44 2.44 2.44 2.44 0.99 1.26 0.99 0.85 2.15 0.90 1.08 2.15 4.53 6.31 0.00 0.00 0.00 0.00 0.00 0.00 0.00 0.00 0.00 0.00 0.00 0.00 0.00 0.00 0.00 0.00 0.00 0.00 0.00 0.00 0.00 0.00 0.00 0.00 0.00
3.63 3.63 3.63 3.63 3.24 3.24 3.24 3.24 1.12 1.68 3.44 2.02 2.02 1.84 1.84 3.41 3.41 3.41 3.41 1.57 2.73 2.73 2.73 7.88 2.66 2.66 0.69 2.32 0.69 1.02 2.65 2.65 2.67 2.67 2.67 0.69 2.07 2.44 2.44 2.44 2.44 1.26 2.44 2.44 4.00 2.44 2.44 2.44 2.44 2.44 0.99 0.99 2.15 0.85 2.15 1.29 1.07 3.75 3.27 0.00 0.00 0.00 0.00 0.00 0.00 0.00 0.00 0.00 0.00 0.00 0.00 0.00 0.00 0.00 0.00 0.00 0.00 0.00 0.00 0.00 0.00 0.00 0.00 0.00
3.63 3.63 3.63 3.63 3.24 3.24 3.24 1.25 1.00 3.44 3.44 3.44 1.68 2.02 1.84 3.41 3.41 1.57 3.41 1.84 1.43 4.51 2.73 2.73 1.02 2.32 2.32 0.95 2.32 2.32 2.32 2.32 2.32 2.67 2.67 2.73 2.44 2.44 1.05 2.44 2.44 2.44 2.44 2.44 2.44 2.44 2.44 2.44 2.44 1.26 2.44 1.26 2.15 2.15 0.20 3.75 3.75 4.26 4.26 2.45 0.00 0.00 0.00 0.00 0.00 0.00 0.00 0.00 0.00 0.00 0.00 0.00 0.00 0.00 0.00 0.00 0.00 0.00 0.00 0.00 0.00 0.00 0.00 0.00
3.68 3.68 3.68 3.68 3.25 3.25 3.02 1.00 3.02 1.68 3.44 3.44 3.44 3.44 1.84 3.41 3.41 1.84 1.84 1.84 1.43 2.10 1.20 2.73 1.20 1.20 3.97 1.43 1.43 1.43 2.73 2.73 2.73 2.73 2.73 2.73 2.44 2.44 1.05 2.44 2.44 2.44 2.44 2.44 2.44 2.44 2.44 2.44 1.26 2.44 2.44 1.49 1.29 1.29 1.81 1.07 4.26 2.45 5.67 4.26 0.00 0.00 0.00 0.00 0.00 0.00 0.00 0.00 0.00 0.00 0.00 0.00 0.00 0.00 0.00 0.00 0.00 0.00 0.00 0.00 0.00 0.00 0.00 0.00
3.68 3.68 3.68 3.68 3.25 3.25 3.02 1.25 1.68 1.68 1.68 3.44 3.44 3.44 2.02 3.41 1.84 1.84 1.84 1.84 1.43 1.43 1.43 2.70 1.20 0.06 1.43 1.43 1.43 1.43 4.51 1.68 2.73 1.20 2.73 2.73 2.44 2.44 2.44 2.44 1.49 2.44 2.44 2.44 2.39 2.44 2.44 3.59 0.99 2.44 2.44 1.49 2.01 1.07 2.45 4.26 4.26 7.97 4.26 4.26 2.45 0.00 0.00 0.00 0.00 0.00 0.00 0.00 0.00 0.00 0.00 0.00 0.00 0.00 0.00 0.00 0.00 0.00 0.00 0.00 0.00 0.00 0.00 0.00
1.59 1.59 2.63 2.63 2.25 2.37 2.37 1.56 1.56 3.77 2.72 2.72 2.72 2.72 2.72 2.78 1.16 1.16 1.16 0.28 0.14 0.14 0.14 0.05 0.05 0.14 1.27 1.20 1.20 0.14 0.14 1.43 0.34 1.01 1.20 1.20 0.89 2.12 1.07 1.07 1.07 2.12 2.12 2.12 2.12 2.12 2.06 1.07 2.12 1.07 0.18 1.27 3.49 2.26 3.98 3.98 3.98 3.98 2.26 3.98 3.98 2.26 0.00 0.00 0.00 0.00 0.00 0.00 0.00 0.00 0.00 0.00 0.00 0.00 0.00 0.00 0.00 0.00 0.00 0.00 0.00 0.00 0.00 0.00
2.44 1.59 2.63 2.63 1.03 2.37 2.72 1.35 1.56 2.72 2.72 2.72 2.72 2.72 2.72 2.78 1.16 1.16 1.16 1.16 0.21 0.14 0.14 0.05 0.05 0.14 1.43 2.35 0.21 1.43 0.21 1.43 1.60 1.43 0.05 0.21 1.27 2.12 2.12 1.07 1.07 1.07 0.84 0.89 2.12 4.88 2.12 2.12 0.18 0.18 0.11 3.71 3.49 3.98 4.87 3.98 3.98 3.98 3.98 2.26 2.26 3.98 2.26 0.00 0.00 0.00 0.00 0.00 0.00 0.00 0.00 0.00 0.00 0.00 0.00 0.00 0.00 0.00 0.00 0.00 0.00 0.00 0.00 0.00
1.59 1.59 1.59 2.63 2.72 2.72 2.72 2.72 2.72 2.72 1.35 1.28 1.28 1.28 1.28 1.28 1.16 1.16 1.16 1.16 0.95 0.14 0.14 0.14 0.14 0.14 1.43 0.95 0.21 0.21 0.21 0.21 1.43 1.43 0.21 0.21 2.12 0.84 0.89 0.89 2.12 0.89 0.89 0.89 2.12 2.12 2.12 3.43 0.11 1.27 1.44 1.44 3.49 3.49 3.98 7.68 3.98 3.98 3.98 7.68 3.98 3.98 3.98 3.98 0.00 0.00 0.00 0.00 0.00 0.00 0.00 0.00 0.00 0.00 0.00 0.00 0.00 0.00 0.00 0.00 0.00 0.00 0.00 0.00
1.59 1.59 1.59 3.29 2.72 2.72 2.72 2.72 2.72 2.72 1.35 1.35 1.28 2.72 1.28 2.72 1.16 1.16 1.16 1.16 0.21 0.14 0.14 0.14 0.14 0.05 0.34 1.43 1.43 0.21 0.21 1.43 1.43 1.43 0.21 0.21 2.12 2.12 2.12 2.12 0.84 0.89 0.84 2.12 2.12 2.12 1.95 2.12 3.43 4.51 3.71 1.44 1.33 3.49 3.98 2.36 7.68 6.23 3.98 3.98 3.98 7.68 3.98 3.98 0.00 0.00 0.00 0.00 0.00 0.00 0.00 0.00 0.00 0.00 0.00 0.00 0.00 0.00 0.00 0.00 0.00 0.00 0.00 6.05
1.59 1.59 1.59 3.29 1.35 2.72 2.72 2.72 1.35 2.72 1.35 2.72 2.72 2.72 2.72 2.72 1.35 1.16 0.28 0.28 0.21 0.14 0.14 0.14 0.21 0.14 1.43 1.43 1.43 1.43 1.43 1.43 1.43 1.43 1.43 1.43 1.27 2.12 2.12 2.12 2.12 1.07 1.07 1.53 3.43 2.12 2.12 2.12 4.49 1.71 1.78 3.71 3.49 3.49 3.98 3.98 2.40 2.26 3.98 3.98 3.98 3.98 3.98 2.26 0.00 0.00 0.00 0.00 0.00 0.00 0.00 0.00 0.00 0.00 0.00 0.00 0.00 0.00 0.00 0.00 0.00 0.00 0.00 6.05
1.59 3.29 3.29 1.66 1.35 2.72 2.72 2.72 2.78 1.56 1.56 2.72 2.72 1.28 1.28 1.28 2.72 1.16 1.72 0.28 0.21 0.14 0.14 1.43 1.43 1.43 1.43 0.14 0.14 1.43 1.43 1.43 1.43 1.43 1.43 1.43 1.27 1.27 1.27 0.84 0.84 0.89 1.07 2.12 2.12 2.12 2.12 4.49 3.71 3.71 1.78 3.71 3.49 3.98 3.98 5.22 2.40 3.98 3.98 3.98 3.98 2.26 3.98 7.68 3.91 2.26 0.00 0.00 0.00 0.00 0.00 0.00 0.00 0.00 0.00 0.00 0.00 0.00 0.00 0.00 0.00 0.00 0.00 6.05
3.29 3.29 3.29 1.66 2.72 2.72 1.35 2.72 1.35 1.35 1.28 1.56 1.28 1.56 1.35 1.56 1.56 2.78 2.78 1.72 0.21 0.14 0.14 0.21 1.43 1.43 1.43 0.14 0.21 0.21 0.21 1.43 1.43 1.43 1.43 1.43 1.27 1.27 2.12 2.12 1.07 1.07 2.81 2.12 5.05 2.12 3.24 7.08 3.71 3.71 3.71 4.21 3.98 3.98 3.98 3.98 3.98 5.45 3.98 4.02 3.98 3.98 3.98 3.98 3.98 2.26 0.00 0.00 0.00 0.00 0.00 0.00 0.00 0.00 0.00 0.00 0.00 0.00 0.00 0.00 0.00 0.00 0.00 0.00
3.29 3.29 3.29 3.29 2.72 2.72 1.56 2.72 1.56 1.35 1.28 1.28 1.28 1.28 2.72 2.72 1.56 1.56 1.72 0.28 0.21 0.14 0.14 0.21 1.43 1.43 0.05 0.14 0.14 0.14 1.43 1.43 1.43 1.43 0.05 1.43 1.27 0.29 2.12 2.12 2.12 2.12 1.68 2.12 3.72 3.71 3.71 3.71 3.71 3.71 4.21 4.21 3.98 3.98 3.98 3.98 3.98 3.98 2.40 3.98 3.98 3.98 3.98 3.98 3.98 2.26 0.00 0.00 0.00 0.00 0.00 0.00 0.00 0.00 0.00 0.00 0.00 0.00 0.00 0.00 0.00 0.00 0.00 0.00
3.29 3.29 3.29 1.66 2.72 1.56 1.56 2.72 2.72 1.28 1.28 1.28 1.28 1.28 1.56 1.28 2.72 1.56 0.19 0.19 0.14 0.14 0.21 1.43 1.43 0.05 0.05 0.14 0.14 1.43 0.05 0.05 1.43 0.05 0.05 1.43 1.27 0.29 1.27 2.12 2.12 2.12 2.12 0.18 3.71 3.71 3.71 3.71 4.21 4.21 4.21 4.21 3.98 3.98 3.98 3.98 2.26 3.98 3.98 3.98 3.98 3.98 3.98 3.98 3.98 2.26 9.96 0.00 0.00 0.00 0.00 0.00 0.00 0.00 0.00 0.00 0.00 0.00 0.00 0.00 0.00 0.00 0.00 0.00
3.29 3.29 3.29 1.66 1.28 2.72 1.56 1.56 1.28 1.28 1.28 1.56 1.56 1.56 1.56 1.56 1.28 1.28 1.16 0.28 0.21 1.43 1.43 1.43 0.05 1.43 1.43 0.14 0.21 1.43 1.43 1.43 1.43 1.43 1.43 1.43 1.27 1.27 1.27 1.27 1.88 0.29 0.04 3.71 3.71 3.71 3.71 4.21 4.21 4.21 4.21 4.21 3.98 3.98 3.98 3.98 3.98 3.98 3.98 3.98 3.98 3.98 3.98 3.98 3.98 2.26 3.98 0.00 0.00 0.00 0.00 0.00 0.00 0.00 0.00 0.00 0.00 0.00 0.00 0.00 0.00 0.00 0.00 0.00
3.29 1.66 1.92 1.59 1.28 1.56 2.72 1.35 1.56 1.28 1.28 1.28 1.56 1.56 1.56 1.56 1.56 1.28 1.28 1.16 0.21 0.14 1.43 1.43 0.24 1.43 1.43 1.43 1.43 1.43 0.05 1.43 1.43 1.43 1.43 0.34 1.27 1.27 1.27 1.27 1.27 1.27 3.71 3.71 3.71 3.71 3.71 3.71 4.21 4.21 4.21 4.21 3.98 3.98 3.98 3.98 3.98 3.98 3.98 3.98 3.98 3.98 2.26 2.26 2.26 2.26 2.26 0.00 0.00 0.00 0.00 0.00 0.00 0.00 0.00 0.00 0.00 0.00 0.00 0.00 0.00 0.00 0.00 0.00
3.29 1.92 1.66 1.59 1.28 1.28 2.31 1.56 1.56 1.28 1.28 1.28 1.28 1.56 1.56 1.56 1.56 1.28 1.56 1.16 2.35 1.43 0.21 1.43 1.43 1.43 0.05 1.43 1.43 1.43 0.05 1.43 1.43 1.43 1.43 1.43 1.27 1.27 1.27 1.27 0.04 4.65 3.71 3.71 3.71 3.71 3.71 3.71 3.71 4.21 2.42 4.21 3.98 3.98 3.98 3.98 3.98 3.98 3.98 3.98 3.98 3.98 2.26 2.26 2.26 2.26 2.26 2.26 0.00 0.00 0.00 0.00 0.00 0.00 0.00 0.00 0.00 0.00 0.00 0.00 0.00 0.00 0.00 0.00
3.29 3.29 3.29 1.66 2.72 2.72 2.72 2.72 2.72 1.28 1.28 1.35 1.28 1.28 1.56 1.56 1.56 1.56 1.56 1.56 2.35 0.05 1.43 1.43 1.43 1.43 1.43 1.43 1.43 1.43 1.43 1.43 1.43 1.43 1.43 2.55 1.27 1.27 1.27 1.27 1.05 3.71 3.71 3.71 3.71 3.71 3.71 3.71 3.71 3.71 2.42 4.21 3.98 3.98 3.98 3.98 3.98 3.98 3.98 3.57 3.57 3.98 3.98 3.98 2.26 2.26 2.26 2.26 4.93 4.93 0.00 0.00 0.00 0.00 0.00 0.00 0.00 0.00 0.00 0.00 0.00 0.00 0.00 0.00
3.29 1.59 3.29 1.66 2.72 2.72 1.28 1.28 1.35 2.72 1.28 1.35 1.99 1.28 1.28 1.28 1.56 1.56 0.28 0.35 1.43 1.43 1.43 0.04 0.04 1.43 1.43 1.43 2.13 1.43 0.62 1.43 0.05 1.43 2.13 1.43 1.27 0.04 1.27 1.27 3.71 3.71 3.71 3.71 3.71 3.71 3.71 3.71 3.71 3.71 4.21 4.21 3.98 3.98 3.98 3.98 3.98 3.98 3.98 3.98 3.98 2.26 2.26 2.26 2.26 2.26 2.26 2.26 4.93 4.93 4.93 4.93 4.93 4.93 4.93 8.61 4.93 4.93 4.93 8.61 4.93 8.61 4.93 8.61
1.66 1.92 4.51 5.80 2.72 2.68 1.28 0.39 0.39 1.28 1.28 2.72 2.72 1.28 1.56 1.56 0.28 0.28 0.28 0.16 1.43 0.04 0.34 0.04 0.04 0.04 1.43 1.43 1.43 1.43 0.05 0.05 1.43 1.43 1.43 1.43 1.27 1.27 1.27 3.71 2.06 1.44 1.71 1.44 3.71 3.71 0.94 1.07 1.05 3.71 3.71 4.21 3.98 3.98 2.26 2.26 2.26 2.26 2.26 2.26 2.26 2.26 2.26 2.26 2.26 3.98 3.98 3.98 3.77 3.77 3.77 3.77 3.77 3.77 3.77 3.77 3.77 3.77 3.77 3.77 3.77 3.77 3.77 3.77
1.59 3.29 1.66 3.29 1.28 1.28 1.79 0.39 0.39 1.79 1.79 1.88 1.35 0.28 0.16 0.28 0.28 0.39 0.28 1.79 0.21 0.04 0.04 0.24 1.43 1.43 1.43 1.43 1.43 1.43 0.05 1.43 1.43 1.99 1.99 1.99 1.79 0.69 4.21 4.21 4.21 4.21 1.71 1.44 3.71 2.66 1.07 3.71 3.71 3.71 7.08 1.05 2.26 2.26 2.26 2.26 2.26 2.26 2.26 2.26 2.26 2.26 2.26 2.26 2.26 2.26 3.98 3.98 3.77 3.77 3.77 3.77 3.77 3.77 3.77 3.77 3.77 3.77 3.77 3.77 3.77 3.77 3.77 3.77
1.33 1.26 1.26 2.69 0.96 0.29 0.29 0.29 1.36 1.36 1.36 0.12 1.36 1.36 1.36 0.21 0.29 0.12 1.36 1.36 0.17 0.03 1.24 1.24 0.03 0.03 0.03 0.03 1.24 0.28 0.28 1.24 1.24 1.76 1.76 1.76 1.61 3.93 3.93 3.93 3.93 3.93 3.93 3.44 3.44 3.44 3.44 3.44 3.44 3.44 3.44 3.44 3.36 2.16 2.16 2.16 2.16 3.83 2.16 2.16 2.16 2.16 2.16 2.16 2.16 2.16 3.83 3.83 3.71 2.07 2.07 2.07 2.07 2.07 2.07 2.07 2.07 2.07 2.07 2.07 2.07 2.07 2.07 2.07
1.26 1.26 1.26 1.26 0.12 0.12 1.36 1.36 1.36 1.36 0.12 1.36 1.36 1.36 1.36 1.36 0.12 0.21 0.21 1.36 1.10 1.10 1.24 1.24 0.03 0.03 0.03 0.03 1.24 1.24 1.24 1.24 1.24 1.76 1.76 1.76 3.93 3.93 3.93 3.93 3.93 3.93 3.93 3.44 3.44 3.44 3.44 3.44 6.55 3.44 3.44 3.44 3.36 3.36 2.16 2.16 2.16 3.83 3.83 2.16 2.16 2.16 2.16 2.16 3.83 3.83 3.83 3.83 3.71 2.07 0.00 0.00 0.00 0.00 0.00 0.00 0.00 0.00 0.00 0.00 0.00 0.00 0.00 0.00
1.26 1.26 2.69 2.69 0.12 1.36 1.36 1.36 1.36 1.36 1.36 0.21 0.21 0.29 1.36 1.36 0.21 0.21 1.36 1.36 1.10 1.10 1.24 0.03 0.03 0.03 0.03 0.03 1.24 0.04 0.04 0.04 0.04 1.76 0.41 4.16 3.93 3.93 3.93 3.93 3.93 3.93 3.93 3.44 3.44 3.44 3.44 3.44 3.44 1.62 3.44 3.44 3.36 3.36 3.36 3.83 2.16 2.16 2.16 2.16 2.16 3.83 3.83 3.83 2.16 3.83 3.83 3.83 3.71 3.71 0.00 0.00 0.00 0.00 0.00 0.00 0.00 0.00 0.00 0.00 0.00 0.00 0.00 0.00
2.69 1.26 1.26 2.69 0.12 1.36 1.36 1.36 1.36 1.36 1.36 0.29 1.36 0.21 1.36 0.41 1.36 1.36 1.36 0.21 0.17 0.00 0.03 0.03 0.03 0.03 0.03 0.03 0.03 0.04 0.04 0.04 0.04 1.76 2.38 4.16 2.22 3.93 2.22 3.93 3.93 3.93 3.44 3.44 3.44 3.44 3.44 3.44 1.62 1.62 1.62 0.94 3.36 3.36 3.36 3.83 3.83 2.16 2.16 2.16 3.83 3.83 3.83 3.83 3.83 3.83 3.83 3.83 3.71 3.71 3.71 0.00 0.00 0.00 0.00 0.00 0.00 0.00 0.00 0.00 0.00 0.00 0.00 0.00
1.33 1.26 2.69 2.95 1.36 1.36 1.36 1.36 1.36 0.12 0.29 1.36 1.36 0.21 1.36 1.36 0.21 0.21 1.36 0.12 0.17 0.00 0.00 0.03 0.03 0.03 0.03 0.11 1.24 1.24 1.24 1.24 1.24 4.16 4.16 4.16 3.93 3.93 2.71 3.93 3.93 3.93 3.44 3.44 3.44 3.44 3.44 3.44 0.94 2.22 3.93 3.44 3.36 3.36 3.83 3.83 3.83 3.83 2.16 2.16 3.83 3.83 2.16 3.83 3.83 3.83 3.83 3.83 3.71 7.16 3.71 9.47 0.00 0.00 0.00 0.00 0.00 0.00 0.00 0.00 0.00 0.00 2.07 3.71
2.69 2.69 2.95 1.77 1.36 1.36 1.36 0.12 1.36 0.21 0.21 0.21 0.21 1.36 1.36 1.36 0.21 0.21 0.21 1.36 0.17 0.00 0.00 0.03 0.03 0.03 0.11 0.11 1.24 1.24 1.24 1.24 3.66 4.16 4.16 4.16 3.93 3.93 2.22 3.93 4.80 3.93 3.44 3.44 3.44 3.44 0.94 3.93 3.93 3.93 3.93 3.93 3.36 3.36 2.16 3.83 3.83 2.16 2.16 3.83 2.16 3.83 2.16 3.83 3.83 3.83 3.83 3.83 3.71 3.71 3.71 3.71 0.00 0.00 0.00 0.00 0.00 0.00 0.00 0.00 2.07 4.79 3.71 3.71
2.69 1.61 2.95 0.39 0.29 0.29 1.36 0.29 0.29 0.21 0.21 0.21 0.21 1.36 1.36 1.36 1.36 1.36 1.36 0.21 0.00 0.00 0.00 0.00 0.03 0.03 0.11 1.24 1.24 1.24 1.24 3.66 3.66 3.66 3.66 3.66 3.44 3.44 3.44 0.94 3.44 3.44 3.44 3.44 3.44 3.44 3.93 2.22 2.22 3.93 3.93 3.93 3.83 3.83 2.16 3.83 3.83 3.83 3.83 3.83 3.83 2.16 2.16 3.72 3.83 3.83 3.83 3.83 3.71 2.07 0.00 3.71 3.71 0.00 0.00 0.00 0.00 0.00 0.00 2.07 3.71 3.71 3.71 3.71
1.39 1.39 0.39 0.39 0.29 0.29 0.29 0.12 0.29 0.21 0.21 0.21 1.36 1.36 1.36 1.36 1.36 1.36 1.36 0.21 1.10 1.48 1.48 1.48 1.76 1.76 1.76 1.76 1.76 1.76 4.16 4.16 4.16 3.66 3.66 3.66 3.44 3.44 3.44 3.44 3.44 3.44 3.44 3.44 1.30 2.50 2.50 2.22 2.22 2.22 2.22 3.93 3.83 3.83 3.83 3.83 3.83 3.83 3.83 3.83 3.83 3.83 2.16 3.83 2.16 2.16 2.16 2.16 3.71 0.00 0.00 0.00 3.71 3.71 0.00 0.00 0.00 4.79 3.71 3.71 3.71 3.71 3.71 0.00
