New_Model_Runs/8_Future_Present_Scn1_out/post_prcessed_with_MFR/Monthly_summaries/runoff_monthly_SEP.asc
NCOLS 700
NROWS 400
XLLCENTER 515000.000000
YLLCENTER 8409000.000000
CELLSIZE 50.000000
NODATA_value -999.000000
[rows 114 to 151 of 400, columns 420 to 503 of 700]
0.00 0.00 0.00 0.00 0.00 0.00 0.00 0.19 0.19 0.19 0.19 0.19 0.28 0.23 0.23 0.23 0.24 0.24 0.24 0.24 0.26 0.26 0.00 0.00 0.00 0.00 0.00 0.15 0.17 0.00 0.44 0.02 0.02 0.10 0.70 0.70 0.68 0.68 0.68 0.68 0.66 0.66 0.66 0.66 0.62 0.62 0.62 0.62 0.62 0.62 0.62 0.62 0.67 0.67 0.67 0.10 0.02 0.02 0.58 0.58 0.02 0.02 0.10 0.64 0.64 0.24 0.28 0.24 1.03 1.03 0.01 0.10 0.08 0.08 0.08 0.08 0.06 0.06 0.06 0.06 0.00 0.00 0.00 0.00
0.00 0.00 0.00 0.00 0.00 0.00 0.00 0.00 0.19 0.19 0.19 0.19 0.23 0.23 0.23 0.23 0.24 0.24 0.24 0.24 0.26 0.02 0.02 0.02 0.02 0.00 0.00 0.02 0.17 0.22 0.44 0.01 0.03 0.04 0.17 0.70 0.68 0.68 0.68 0.68 0.66 0.66 0.66 0.66 0.62 0.62 0.62 0.62 0.62 0.62 0.62 0.82 0.67 0.67 0.67 0.67 0.02 0.02 0.02 0.02 0.01 0.02 0.10 0.64 0.64 0.24 0.24 0.24 1.03 1.03 0.31 0.10 0.08 0.08 0.08 0.08 0.06 0.06 0.06 0.06 0.00 0.00 0.00 0.00
0.00 0.00 0.00 0.00 0.00 0.00 0.00 0.00 0.20 0.20 0.20 0.20 0.24 0.24 0.24 0.24 0.24 0.24 0.24 0.24 0.25 0.02 0.02 0.02 0.02 0.02 0.02 0.25 0.28 0.28 0.03 0.44 0.44 0.03 0.03 0.11 0.11 0.69 0.69 0.69 0.67 0.67 0.10 0.10 0.15 0.63 0.63 0.63 0.63 0.63 0.63 0.63 0.87 0.88 0.66 0.10 0.03 0.02 0.02 0.02 0.02 0.01 0.09 0.63 0.62 0.09 0.09 0.10 0.02 1.03 0.31 0.10 0.10 0.07 0.07 0.07 0.06 0.06 0.06 0.06 0.00 0.00 0.00 0.06
0.00 0.00 0.00 0.00 0.00 0.00 0.00 0.00 0.00 0.20 0.20 0.20 0.24 0.24 0.24 0.24 0.24 0.24 0.24 0.24 0.25 0.02 0.02 0.25 0.25 0.25 0.25 0.04 0.28 0.02 0.03 0.03 0.03 0.03 0.03 0.02 0.02 0.11 0.11 0.11 0.10 0.10 0.10 0.10 0.09 0.63 0.83 0.63 0.63 0.83 0.63 0.63 0.66 0.66 0.66 0.10 0.11 0.11 0.69 0.69 0.09 0.09 0.02 0.63 0.62 0.62 0.62 0.09 0.08 0.08 0.10 0.10 0.07 0.07 0.07 0.07 0.06 0.07 0.06 0.06 0.00 0.06 0.06 0.06
0.00 0.00 0.00 0.00 0.00 0.00 0.00 0.00 0.00 0.20 0.20 0.20 0.24 0.24 0.24 0.24 0.30 0.30 0.24 0.24 0.25 0.25 0.25 0.25 0.25 0.25 0.25 0.25 0.02 0.10 0.02 0.02 0.47 0.44 0.03 0.11 0.11 0.12 0.11 0.12 0.10 0.10 0.10 0.10 0.09 0.63 0.63 0.63 0.63 0.83 0.63 0.63 0.66 0.66 0.88 0.88 0.69 0.69 0.69 0.69 0.86 0.09 0.02 0.84 0.62 0.62 0.62 0.82 0.14 0.09 0.10 0.10 0.07 0.07 0.07 0.07 0.06 0.07 0.06 0.06 0.06 0.07 0.06 0.06
0.00 0.00 0.00 0.00 0.00 0.00 0.00 0.00 0.00 0.20 0.20 0.20 0.24 0.24 0.24 0.24 0.24 0.24 0.24 0.24 0.25 0.25 0.25 0.25 0.25 0.32 0.25 0.25 0.28 0.19 0.69 0.11 0.11 0.44 0.11 0.11 0.11 0.11 0.11 0.11 0.67 0.67 0.67 0.67 0.63 0.91 0.83 0.63 0.63 0.63 0.63 0.63 0.66 0.66 0.66 0.66 0.69 0.69 0.69 0.69 0.63 0.09 0.09 0.63 0.90 0.82 0.62 0.62 0.60 0.08 0.10 0.10 0.07 0.07 0.07 0.07 0.06 0.06 0.06 0.06 0.06 0.06 0.06 0.07
0.00 0.00 0.00 0.00 0.00 0.00 0.00 0.00 0.00 0.00 0.21 0.21 0.25 0.25 0.25 0.25 0.24 0.24 0.24 0.24 0.24 0.24 0.24 0.24 0.25 0.25 0.25 0.25 0.28 0.69 0.69 0.02 0.44 0.44 0.05 0.11 0.11 0.68 0.68 0.68 0.66 0.66 0.66 0.66 0.64 0.92 0.85 0.64 0.64 0.64 0.64 0.84 0.65 0.65 0.65 1.10 0.66 0.66 0.66 0.66 0.61 0.61 0.61 0.61 0.59 0.59 0.59 0.59 0.57 0.76 0.08 0.08 0.07 0.07 0.07 0.07 0.06 0.06 0.06 0.06 0.05 0.06 0.05 0.06
0.00 0.00 0.00 0.00 0.00 0.00 0.00 0.00 0.00 0.00 0.21 0.21 0.25 0.25 0.25 0.25 0.24 0.24 0.24 0.24 0.24 0.24 0.30 0.24 0.25 0.25 0.02 0.02 0.03 0.11 0.11 0.02 0.44 0.02 0.04 0.11 0.18 0.68 0.68 0.68 0.66 0.66 0.66 0.66 0.85 0.85 0.64 0.64 0.64 0.64 0.84 0.64 0.65 0.65 0.65 0.65 0.66 0.88 0.66 0.66 0.61 0.61 0.81 0.98 1.07 0.78 0.59 0.59 0.57 0.57 0.08 0.08 0.10 0.07 0.10 0.07 0.06 0.06 0.06 0.06 0.05 0.05 0.05 0.05
0.00 0.00 0.00 0.00 0.00 0.00 0.00 0.00 0.00 0.00 0.00 0.21 0.25 0.25 0.25 0.25 0.24 0.24 0.24 0.24 0.24 0.24 0.24 0.24 0.25 0.02 0.02 0.02 0.03 0.11 0.11 0.04 0.03 0.03 0.03 0.11 0.11 0.68 0.68 0.68 0.66 0.88 0.66 0.66 0.64 0.64 0.64 0.64 0.64 0.84 0.64 0.64 0.65 0.65 0.65 0.65 0.66 0.66 0.66 0.66 0.61 0.61 0.61 0.61 0.78 0.59 0.59 0.59 0.57 0.76 0.11 0.08 0.07 0.07 0.07 0.07 0.06 0.06 0.06 0.06 0.05 0.05 0.05 0.05
0.00 0.00 0.00 0.00 0.00 0.00 0.00 0.00 0.00 0.00 0.00 0.21 0.25 0.25 0.25 0.25 0.24 0.24 0.24 0.24 0.24 0.24 0.24 0.24 0.25 0.25 0.25 0.25 0.28 0.69 0.69 0.44 0.03 0.02 0.03 0.02 0.11 0.68 0.68 0.68 0.66 0.66 0.66 0.66 0.64 0.64 0.64 0.64 0.64 0.64 0.84 0.64 0.65 0.65 0.65 1.09 0.66 0.66 0.66 0.66 0.61 0.61 0.61 0.79 0.59 0.59 0.59 0.59 0.57 0.57 0.08 0.10 0.07 0.07 0.07 0.07 0.06 0.06 0.06 0.06 0.05 0.05 0.05 0.05
0.01 0.00 0.00 0.00 0.00 0.00 0.00 0.00 0.00 0.00 0.00 0.01 0.26 0.02 0.02 0.26 0.25 0.25 0.25 0.02 0.24 0.24 0.02 0.24 0.24 0.24 0.24 0.24 0.27 0.68 0.68 0.17 0.59 0.02 0.04 0.02 0.10 0.10 0.68 0.68 0.67 0.67 0.67 0.67 0.65 0.65 0.65 0.65 0.64 0.64 0.64 0.64 0.63 0.63 0.63 0.84 0.64 0.64 0.64 0.64 0.58 0.76 0.58 0.58 0.56 0.56 0.56 0.56 0.56 0.56 0.07 0.07 0.07 0.07 0.07 0.07 0.06 0.06 0.06 0.06 0.06 0.06 0.06 0.06
0.01 0.00 0.00 0.00 0.00 0.00 0.00 0.00 0.00 0.00 0.00 0.00 0.00 0.02 0.02 0.02 0.00 0.02 0.02 0.00 0.00 0.24 0.24 0.24 0.24 0.24 0.24 0.24 0.27 0.68 0.68 0.68 0.17 0.59 0.02 0.02 0.10 0.10 0.68 0.68 0.67 0.67 0.67 0.67 0.65 0.87 0.65 0.65 0.64 0.64 0.64 0.64 0.63 0.63 0.63 0.63 0.64 0.64 0.64 1.34 0.58 0.76 0.58 0.58 0.56 0.56 0.56 0.56 0.56 0.56 0.07 0.07 0.07 0.07 0.07 0.07 0.06 0.06 0.06 0.06 0.06 0.06 0.06 0.06
0.00 0.00 0.00 0.00 0.00 0.00 0.00 0.00 0.00 0.00 0.00 0.00 0.00 0.00 0.15 0.15 0.15 0.15 0.15 0.00 0.02 0.02 0.24 0.24 0.24 0.24 0.24 0.24 0.27 0.68 0.68 0.68 0.91 0.11 0.10 0.02 0.03 0.10 0.10 0.68 0.67 0.67 0.67 0.88 0.65 0.65 0.65 0.65 0.64 0.64 0.64 0.64 0.63 0.63 0.63 0.63 0.64 0.64 0.64 0.85 0.78 0.76 0.58 0.58 0.56 0.56 0.56 0.56 0.56 0.56 0.07 0.07 0.07 0.07 0.07 0.07 0.06 0.06 0.06 0.06 0.06 0.06 0.06 0.06
0.00 0.00 0.00 0.00 0.00 0.00 0.00 0.00 0.00 0.00 0.00 0.00 0.00 0.00 0.00 0.02 0.02 0.15 0.02 0.00 0.00 0.00 0.03 0.24 0.24 0.24 0.24 0.24 0.27 0.74 0.68 0.68 0.69 0.69 0.69 0.02 0.02 0.11 0.10 0.10 0.67 0.67 0.67 0.67 0.65 0.65 0.65 0.65 0.64 0.64 0.64 0.64 0.84 0.84 0.63 0.63 0.64 0.64 0.64 0.64 0.58 0.76 0.58 0.58 0.56 0.56 0.56 0.56 0.56 0.56 0.07 0.07 0.07 0.07 0.07 0.07 0.06 0.06 0.06 0.06 0.06 0.06 0.06 0.06
0.00 0.00 0.00 0.00 0.00 0.00 0.00 0.00 0.00 0.00 0.00 0.00 0.00 0.00 0.00 0.00 0.02 0.02 0.00 0.00 0.00 0.00 0.05 0.24 0.23 0.23 0.10 0.23 0.26 0.65 0.65 0.65 0.68 0.68 0.10 0.02 0.02 0.02 0.12 0.11 0.17 0.90 0.68 0.21 0.10 0.10 0.10 0.66 0.64 0.64 0.64 0.64 0.62 0.83 0.62 0.62 0.62 0.62 0.62 0.62 0.56 0.56 0.56 0.56 0.57 0.57 0.57 0.57 0.57 0.57 0.07 0.07 0.07 0.07 0.07 0.07 0.06 0.06 0.06 0.06 0.06 0.06 0.06 0.06
0.00 0.00 0.00 0.00 0.00 0.00 0.00 0.00 0.00 0.00 0.00 0.00 0.00 0.00 0.00 0.02 0.02 0.00 0.00 0.00 0.00 0.00 0.24 0.24 0.23 0.10 0.10 0.10 0.65 0.65 0.65 0.65 0.68 0.68 0.10 0.03 0.02 0.02 0.11 0.11 0.21 0.10 0.10 0.10 0.10 0.10 0.12 0.16 0.09 0.85 0.64 0.64 0.62 0.62 0.62 0.62 0.62 0.62 0.62 0.62 0.56 0.74 0.56 0.56 0.57 0.57 0.57 0.57 0.57 0.57 0.07 0.07 0.07 0.07 0.07 0.07 0.06 0.06 0.06 0.06 0.06 0.06 0.06 0.06
0.00 0.00 0.00 0.00 0.00 0.00 0.00 0.00 0.00 0.00 0.00 0.00 0.00 0.00 0.00 0.03 0.04 0.04 0.00 0.02 0.02 0.24 0.24 0.30 0.10 0.10 0.10 0.10 0.36 0.71 0.95 0.71 0.74 0.74 0.12 0.20 0.12 0.12 1.00 0.74 0.20 0.12 0.12 0.12 0.12 0.74 1.00 0.20 0.12 0.72 1.25 0.72 0.70 0.70 0.70 0.70 0.70 0.70 0.93 0.70 0.58 0.58 0.58 0.58 0.58 0.58 0.58 0.58 0.58 0.58 0.08 0.08 0.08 0.08 0.08 0.08 0.06 0.06 0.06 0.06 0.06 0.06 0.06 0.06
0.00 0.00 0.00 0.00 0.00 0.00 0.00 0.00 0.00 0.00 0.00 0.00 0.00 0.00 0.00 0.00 0.02 0.25 0.31 0.25 0.24 0.24 0.24 0.24 0.11 0.10 0.10 0.10 0.36 0.71 0.71 0.71 0.74 0.74 0.74 0.12 0.12 0.74 0.74 0.74 0.12 0.12 0.12 0.12 0.74 0.74 0.74 0.74 0.72 0.72 0.72 0.72 0.70 0.70 0.70 0.70 0.70 0.70 0.70 0.70 0.58 0.58 0.58 0.58 0.58 0.58 0.58 0.58 0.18 0.58 0.08 0.08 0.08 0.08 0.08 0.08 0.06 0.06 0.06 0.06 0.06 0.06 0.06 0.06
0.00 0.00 0.00 0.09 0.00 0.00 0.00 0.00 0.00 0.00 0.00 0.00 0.00 0.00 0.00 0.00 0.31 0.25 0.25 0.25 0.23 0.23 0.23 0.26 0.10 0.10 0.10 0.10 0.36 0.69 0.69 0.69 0.72 0.72 0.11 0.11 0.72 0.72 0.72 0.72 0.12 0.72 0.72 0.72 0.73 0.73 0.73 0.73 0.71 0.71 0.71 0.71 1.20 0.70 0.70 0.70 0.69 0.69 0.69 0.69 0.59 0.59 0.59 0.59 0.60 0.60 0.60 0.60 1.05 0.60 0.08 0.08 0.08 0.08 0.08 0.08 0.06 0.06 0.06 0.06 0.06 0.06 0.06 0.06
5.67 0.00 0.00 0.09 0.00 0.00 0.00 0.00 0.00 0.00 0.00 0.00 0.00 0.00 0.00 0.32 0.25 0.25 0.25 0.25 0.23 0.29 0.23 0.23 0.12 0.11 0.10 0.10 0.36 0.69 0.69 0.69 0.72 0.11 0.11 0.72 0.72 0.72 0.72 0.72 0.72 0.97 0.72 0.72 0.73 0.73 0.73 0.73 0.71 0.71 0.71 0.71 0.70 0.70 0.70 0.70 0.69 0.69 0.69 0.69 0.59 0.59 0.59 0.59 0.60 0.60 0.60 0.60 0.60 0.60 0.08 0.08 0.08 0.08 0.08 0.08 0.06 0.06 0.06 0.06 0.06 0.06 0.06 0.06
0.00 0.00 5.67 0.00 0.00 0.00 0.00 0.00 0.00 0.00 0.00 0.00 0.01 0.00 0.01 0.01 0.25 0.25 0.25 0.25 0.23 0.23 0.23 0.23 0.10 0.10 0.10 0.10 0.36 0.36 0.69 0.69 1.21 0.72 0.72 0.72 0.72 0.72 0.72 0.72 0.72 0.72 0.72 0.72 0.73 0.73 0.98 0.73 0.71 0.71 0.96 0.71 0.70 0.70 0.70 0.70 0.69 0.69 0.69 0.69 0.59 0.59 0.59 0.59 0.60 0.60 0.60 0.60 0.60 0.60 0.08 0.08 0.08 0.08 0.08 0.08 0.06 0.06 0.06 0.06 0.06 0.06 0.06 0.06
0.00 0.00 0.00 0.00 0.00 0.00 0.00 0.00 0.00 0.00 0.00 0.00 0.01 0.01 0.01 0.01 0.25 0.25 0.25 0.25 0.23 0.23 0.10 0.10 0.11 0.10 0.10 0.10 0.36 0.36 0.69 0.69 0.44 0.72 0.72 0.36 0.36 0.36 0.72 0.72 0.72 0.72 0.96 0.72 0.73 0.98 0.73 0.73 0.71 1.33 0.96 0.71 0.70 0.70 0.70 0.70 0.69 0.69 0.69 0.69 0.59 0.59 0.59 0.59 0.60 0.60 0.60 0.60 0.60 0.60 0.08 0.08 0.08 0.08 0.08 0.08 0.06 0.06 0.06 0.06 0.06 0.06 0.06 0.06
0.00 0.00 0.00 0.00 0.00 0.00 0.00 0.00 0.00 0.00 0.00 0.00 0.01 0.01 0.01 0.01 0.23 0.23 0.23 0.23 0.22 0.10 0.10 0.10 0.11 0.10 0.10 0.10 0.36 0.36 0.36 0.36 0.36 0.36 0.36 0.36 0.36 0.70 0.83 0.70 0.71 0.71 0.71 0.71 0.72 0.72 0.72 0.72 0.71 0.71 0.71 0.71 0.70 0.70 0.70 0.70 0.70 0.70 0.70 0.70 0.59 0.59 0.59 0.59 0.60 0.60 0.60 0.60 0.60 0.60 0.08 0.08 0.08 0.08 0.08 0.08 0.06 0.06 0.06 0.06 0.06 0.06 0.06 0.06
0.00 0.00 0.00 0.00 0.00 0.00 0.00 0.00 0.00 0.00 0.00 0.00 0.01 0.01 0.01 0.01 0.01 0.23 0.23 0.26 0.22 0.22 0.10 0.10 0.10 0.10 0.10 0.10 0.36 0.36 0.52 0.44 0.36 0.36 0.36 0.36 0.36 0.36 0.36 0.70 0.71 0.71 0.71 0.71 0.72 0.72 0.72 0.72 0.71 0.71 0.71 0.71 0.70 0.70 0.70 0.70 0.70 0.70 0.70 0.70 0.59 0.59 0.59 0.59 0.60 0.60 0.60 0.60 0.60 0.60 0.08 0.08 0.13 0.11 0.08 0.08 0.06 0.06 0.06 0.06 0.06 0.06 0.06 0.06
0.00 0.00 0.00 0.00 5.67 0.00 0.00 0.00 0.00 0.00 0.00 0.00 0.01 0.01 0.01 0.01 0.01 0.23 0.23 0.10 0.10 0.10 0.10 0.10 0.10 0.10 0.10 0.10 0.36 0.36 0.36 0.36 0.36 0.36 0.36 0.36 0.36 0.36 0.36 0.70 0.71 0.71 0.71 0.71 0.72 0.72 0.72 0.72 0.96 0.71 0.96 1.22 0.70 0.70 0.70 0.94 0.70 0.70 0.70 0.70 0.59 0.59 0.59 0.59 0.60 0.60 0.60 0.60 0.60 0.60 0.08 0.08 0.11 0.12 0.08 0.08 0.06 0.06 0.06 0.06 0.06 0.06 0.06 0.00
0.00 0.00 0.00 0.00 0.00 0.00 0.00 0.00 0.00 0.00 0.00 0.00 0.01 0.01 0.01 0.01 0.00 0.00 0.10 0.10 0.10 0.10 0.10 0.10 0.10 0.10 0.10 0.10 0.36 0.36 0.37 0.36 0.36 0.36 0.36 0.36 0.70 0.70 0.70 0.70 0.95 0.71 0.71 0.71 0.97 0.72 0.72 0.72 0.71 0.71 0.71 0.71 1.42 1.20 1.20 0.70 0.70 0.70 0.70 0.70 0.81 0.59 0.59 0.59 0.60 0.79 0.60 0.60 0.60 0.60 0.08 0.08 0.08 0.08 0.11 0.08 0.06 0.06 0.06 0.06 0.06 0.06 0.06 0.07
0.00 0.00 0.00 0.00 0.00 0.00 0.00 0.00 0.00 0.00 0.00 0.00 0.01 0.01 0.01 0.01 0.01 0.01 0.22 0.10 0.10 0.10 0.10 0.10 0.10 0.10 0.10 0.29 0.36 0.04 0.03 0.36 0.36 0.36 0.36 0.70 0.71 0.71 1.22 0.95 0.71 0.71 0.71 0.71 0.72 0.72 0.72 0.72 0.96 0.71 0.71 0.71 0.70 0.70 0.70 0.70 0.71 0.71 0.71 0.71 0.58 0.58 0.58 0.58 0.77 0.58 0.58 0.58 0.60 0.60 0.08 0.08 0.09 0.09 0.09 0.12 0.06 0.06 0.06 0.06 0.06 0.06 0.06 0.06
0.00 0.00 0.00 0.00 0.00 0.00 0.00 0.00 0.00 0.00 0.00 0.00 0.01 0.01 0.01 0.01 0.01 0.01 0.22 0.22 0.21 0.10 0.10 0.21 0.22 0.10 0.10 0.29 0.36 0.36 0.36 0.36 0.36 0.36 0.70 0.70 0.71 0.71 0.71 0.71 0.71 0.71 0.95 0.71 0.72 0.72 0.72 0.72 0.71 0.71 0.71 0.71 0.70 0.70 0.70 0.70 0.71 0.71 0.71 0.71 0.58 0.58 0.58 0.58 0.58 0.58 0.58 0.58 0.78 0.60 0.08 0.08 0.09 0.09 0.09 0.09 0.06 0.06 0.06 0.06 0.25 0.06 0.06 0.06
0.00 0.00 0.00 0.00 0.00 0.00 0.00 0.00 0.00 0.00 0.00 0.00 0.00 0.00 0.00 0.01 0.01 0.01 0.01 0.22 0.21 0.21 0.21 0.21 0.22 0.22 0.10 0.29 0.36 0.36 0.36 0.36 0.36 0.36 0.36 0.70 0.71 0.71 0.71 0.71 0.71 0.71 0.71 0.71 0.72 0.72 0.96 0.72 0.71 0.71 0.71 0.71 0.70 0.70 0.70 0.70 0.71 0.71 0.71 0.71 0.58 0.58 0.58 0.58 0.58 0.58 0.58 0.58 0.78 0.60 0.08 0.08 0.09 0.09 0.09 0.00 0.06 0.06 0.06 0.06 0.06 0.06 0.06 0.06
0.00 0.00 0.00 5.67 0.00 0.00 0.00 0.00 0.00 0.00 0.00 0.00 0.00 0.00 0.00 0.00 0.01 0.01 0.01 0.22 0.21 0.21 0.21 0.21 0.22 0.22 0.22 0.29 0.36 0.36 0.36 0.36 0.36 0.36 0.36 0.36 0.71 0.71 0.71 0.71 0.71 0.71 0.71 0.71 0.72 0.72 0.72 0.72 0.96 0.71 0.71 0.71 0.70 0.94 0.70 0.70 0.71 0.71 0.71 0.71 0.58 0.58 0.58 0.58 0.58 0.58 0.58 0.58 0.60 0.60 0.08 0.08 0.09 0.09 0.09 0.00 0.00 0.06 0.06 0.06 0.06 0.06 0.00 0.06
0.00 0.00 0.00 0.00 0.00 0.00 0.00 0.00 0.00 0.00 0.00 0.00 0.00 0.00 0.00 0.01 0.00 0.00 0.00 0.00 0.22 0.22 0.22 0.22 0.24 0.24 0.24 0.59 0.73 0.73 0.36 0.36 0.36 0.36 0.36 0.36 0.72 0.72 0.72 0.72 0.70 0.70 0.70 0.70 0.71 0.71 0.71 0.71 0.71 0.71 0.71 0.71 0.71 0.71 0.71 0.71 0.73 0.73 0.73 0.73 0.59 0.59 0.59 0.59 0.58 0.58 0.58 0.58 0.60 0.60 0.08 0.08 0.09 0.09 0.01 0.06 0.00 0.04 0.00 0.00 0.00 0.00 0.00 0.00
0.00 0.00 0.00 0.00 0.00 0.00 0.00 0.00 0.00 0.00 0.00 0.00 0.00 0.00 0.01 0.01 0.00 0.00 0.00 0.00 0.22 0.22 0.22 0.22 0.24 0.24 0.24 0.59 0.73 0.73 0.73 0.36 0.73 0.36 0.73 0.36 0.72 0.72 0.72 0.72 0.70 0.70 0.70 0.70 0.71 0.71 0.71 0.71 0.71 0.71 0.71 0.71 0.71 0.71 0.71 0.71 0.73 0.73 0.73 0.73 0.59 0.59 0.59 0.59 0.58 0.58 0.58 0.58 0.60 0.60 0.08 0.08 0.09 0.11 0.09 0.00 0.00 0.00 0.00 0.00 0.00 0.00 0.04 0.00
0.00 0.00 0.00 0.00 0.00 0.00 0.00 0.00 0.00 0.00 0.00 0.00 0.00 0.00 0.00 0.00 0.00 0.00 0.00 0.00 0.19 0.19 0.19 0.19 0.20 0.20 0.20 0.52 0.58 0.58 0.58 0.58 0.58 0.58 0.58 0.28 0.57 0.57 0.57 0.57 0.56 0.56 0.56 0.56 0.53 0.53 0.53 0.53 0.53 0.53 0.53 0.53 0.53 0.53 0.53 0.53 0.54 0.54 0.54 0.54 0.46 0.46 0.46 0.46 0.45 0.45 0.45 0.45 0.46 0.46 0.05 0.05 0.06 0.06 0.06 0.06 0.04 0.04 0.00 0.01 0.01 0.01 0.01 0.01
0.00 0.00 0.00 0.00 0.00 0.00 0.00 0.00 0.00 0.00 0.00 0.00 0.00 0.00 0.00 0.00 0.00 0.00 0.00 0.00 0.00 0.19 0.19 0.19 0.20 0.20 0.20 0.52 0.58 0.58 0.58 0.58 0.58 0.58 0.58 0.28 0.57 0.57 0.57 0.57 0.56 0.56 0.56 0.56 0.53 0.53 0.53 0.53 0.53 0.53 0.53 0.53 0.53 0.53 0.53 0.53 0.54 0.54 0.07 0.54 0.46 0.46 0.46 0.46 0.45 0.45 0.45 0.45 0.46 0.46 0.05 0.06 0.06 0.06 0.06 0.06 0.04 0.04 0.00 0.00 0.01 0.01 0.01 0.00
0.00 0.00 0.00 0.00 0.00 0.00 0.00 0.00 0.00 0.00 0.00 0.00 0.00 0.00 0.00 0.00 0.00 0.00 0.00 0.00 0.00 0.20 0.20 0.20 0.21 0.21 0.21 0.54 0.60 0.18 0.60 0.60 0.59 0.59 0.59 0.59 0.57 0.57 0.75 0.57 0.55 0.55 0.55 0.55 0.52 0.52 0.52 0.52 0.53 0.53 0.53 0.53 0.54 0.54 0.54 0.54 0.56 0.56 0.08 0.08 0.06 0.06 0.06 0.49 0.47 0.47 0.47 0.47 0.46 0.46 0.05 0.05 0.05 0.05 0.05 0.05 0.04 0.04 0.00 0.01 0.01 0.01 0.00 0.00
0.00 0.00 5.53 0.00 0.00 0.00 0.00 0.00 0.00 0.00 0.00 0.00 0.00 0.00 0.00 0.00 0.00 0.00 0.00 0.00 0.00 0.00 0.20 0.20 0.21 0.21 0.21 0.54 0.60 0.18 0.60 0.60 0.59 0.59 0.59 0.59 0.57 0.57 0.75 0.57 0.55 0.55 0.55 0.55 0.52 0.52 0.52 0.52 0.53 0.53 0.53 0.53 0.54 0.54 0.54 0.54 0.08 0.08 0.08 0.08 0.06 0.06 0.06 0.49 0.47 0.47 0.47 0.47 0.46 0.46 0.05 0.05 0.05 0.05 0.05 0.05 0.04 0.04 0.00 0.01 0.01 0.01 5.09 0.00
0.00 0.00 0.00 0.00 0.00 0.00 0.00 0.00 0.00 0.00 0.00 0.00 0.00 0.00 0.00 0.00 0.00 0.00 0.00 0.00 0.00 0.00 0.20 0.20 0.26 0.21 0.21 0.54 0.60 0.60 0.60 0.60 0.59 0.59 0.59 0.78 0.75 0.57 0.57 0.57 0.55 0.55 0.55 0.55 0.52 0.52 0.52 0.52 0.53 0.53 0.53 0.53 0.54 0.54 0.54 0.71 0.56 0.56 0.08 0.08 0.06 0.06 0.06 0.06 0.47 0.47 0.47 0.47 0.46 0.46 0.05 0.05 0.05 0.05 0.05 0.05 0.04 0.04 0.04 0.01 0.01 0.00 0.00 0.00
0.00 0.00 0.00 5.53 0.00 0.00 0.00 0.00 0.00 0.00 0.00 0.00 0.00 0.00 0.00 0.00 0.00 0.00 0.00 0.00 0.00 0.00 0.20 0.20 0.21 0.21 0.54 0.54 0.60 0.60 0.60 0.60 0.59 0.59 0.78 0.59 0.57 0.57 0.57 0.57 0.55 0.55 0.55 0.55 0.52 0.52 0.52 0.52 0.53 0.53 0.53 0.53 0.54 0.54 0.54 0.54 0.56 0.56 0.08 0.08 0.01 0.01 0.06 0.06 0.05 0.47 0.47 0.47 0.46 0.46 0.05 0.05 0.05 0.05 0.05 0.05 0.04 0.04 0.04 0.00 0.01 0.00 0.00 0.00
