New_Model_Runs/8_Future_Present_Scn1_out/post_prcessed_with_MFR/Monthly_summaries/runoff_monthly_JUL.asc
NCOLS 700
NROWS 400
XLLCENTER 515000.000000
YLLCENTER 8409000.000000
CELLSIZE 50.000000
NODATA_value -999.000000
[rows 152 to 189 of 400, columns 252 to 335 of 700]
0.00 0.00 0.00 0.00 0.00 0.00 0.00 0.00 0.00 0.00 0.00 0.00 0.00 0.00 0.00 0.00 0.00 0.00 0.00 0.00 0.00 0.00 0.00 0.00 0.00 0.00 0.00 0.00 0.00 0.00 0.00 0.00 0.00 0.00 0.00 0.00 0.00 0.00 0.00 0.00 0.00 0.00 0.00 0.00 0.00 0.00 0.00 0.30 0.29 0.37 0.29 0.29 0.31 0.31 0.31 0.31 0.39 0.31 0.31 0.31 0.31 0.31 0.31 0.31 0.32 0.32 0.32 0.32 0.36 0.36 0.36 0.36 0.37 0.08 0.04 0.31 0.22 0.22 0.02 0.02 0.23 0.22 0.00 0.24
0.00 0.00 0.00 0.00 0.00 0.00 0.00 0.00 0.00 0.00 0.00 0.00 0.00 0.00 0.00 0.00 0.00 0.00 0.00 0.00 0.00 0.00 0.00 0.00 0.00 0.00 0.00 0.00 0.00 0.00 0.00 0.00 0.00 0.00 0.00 0.00 0.00 0.00 0.00 0.00 0.00 0.00 0.00 0.00 0.00 0.00 0.30 0.30 0.29 0.29 0.29 0.29 0.31 0.31 0.31 0.31 0.31 0.31 0.31 0.31 0.31 0.31 0.31 0.31 0.32 0.32 0.32 0.32 0.36 0.36 0.01 0.36 0.04 0.04 0.02 0.22 0.22 0.01 0.22 0.22 0.22 0.01 0.31 0.08
0.00 0.00 0.00 0.00 0.00 0.00 0.00 0.00 0.00 0.00 0.00 0.00 0.00 0.00 0.00 0.00 0.00 0.00 0.00 0.00 0.00 0.00 0.00 0.00 0.00 0.00 0.00 0.00 0.00 0.00 0.00 0.00 0.00 0.00 0.00 0.00 0.00 0.00 0.00 0.00 0.00 0.00 0.00 0.00 0.00 0.39 0.30 0.30 0.29 0.29 0.29 0.29 0.31 0.31 0.31 0.31 0.31 0.31 0.31 0.31 0.31 0.31 0.31 0.31 0.32 0.32 0.32 0.32 0.36 0.05 0.01 0.01 0.00 0.22 0.22 0.22 0.22 0.22 0.00 0.02 0.31 0.40 0.08 0.08
0.00 0.00 0.00 0.00 0.00 0.00 0.00 0.00 0.00 0.00 0.00 0.00 0.00 0.00 0.00 0.00 0.00 0.00 0.00 0.00 0.00 0.00 0.00 0.00 0.00 0.00 0.00 0.00 0.00 0.00 0.00 0.00 0.00 0.00 0.00 0.00 0.00 0.00 0.00 0.00 0.00 0.00 0.00 0.00 0.00 0.30 0.30 0.30 0.29 0.29 0.29 0.29 0.31 0.31 0.31 0.31 0.31 0.31 0.31 0.31 0.31 0.31 0.31 0.31 0.32 0.32 0.32 0.32 0.36 0.05 0.05 0.01 0.00 0.22 0.02 0.22 0.22 0.22 0.31 0.04 0.37 0.37 0.04 0.08
0.00 0.00 0.00 0.00 0.00 0.00 0.00 0.00 0.00 0.00 0.00 0.00 0.00 0.00 0.00 0.00 0.00 0.00 0.00 0.00 0.00 0.00 0.00 0.00 0.00 0.00 0.00 0.00 0.00 0.00 0.00 0.00 0.00 0.00 0.00 0.00 0.00 0.00 0.00 0.00 0.00 0.00 0.00 0.00 0.78 0.30 0.30 0.30 0.30 0.30 0.30 0.30 0.32 0.32 0.32 0.32 0.32 0.32 0.32 0.32 0.32 0.32 0.32 0.32 0.33 0.33 0.42 0.33 0.46 0.05 0.05 0.05 0.01 0.01 0.22 0.22 0.22 0.04 0.31 0.08 0.08 0.04 0.38 0.37
0.00 0.00 0.00 0.00 0.00 0.00 0.00 0.00 0.00 0.00 0.00 0.00 0.00 0.00 0.00 0.00 0.00 0.00 0.00 0.00 0.00 0.00 0.00 0.00 0.00 0.00 0.00 0.00 0.00 0.00 0.00 0.00 0.00 0.00 0.00 0.00 0.00 0.00 0.00 0.00 0.00 0.00 0.00 0.00 0.13 0.30 0.30 0.30 0.30 0.30 0.30 0.30 0.32 0.32 0.32 0.32 0.32 0.32 0.32 0.32 0.32 0.32 0.32 0.41 0.33 0.33 0.33 0.33 0.36 0.36 0.05 0.00 0.00 0.01 0.00 0.22 0.22 0.05 0.38 0.37 0.04 0.04 0.37 0.08
0.00 0.00 0.00 0.00 0.00 0.00 0.00 0.00 0.00 0.00 0.00 0.00 0.00 0.00 0.00 0.00 0.00 0.00 0.00 0.00 0.00 0.00 0.00 0.00 0.00 0.00 0.00 0.25 0.00 0.00 0.00 0.00 0.00 0.00 0.00 0.00 0.00 0.00 0.00 0.00 0.00 0.00 0.00 0.00 0.30 0.30 0.30 0.30 0.30 0.30 0.30 0.30 0.32 0.32 0.32 0.32 0.32 0.32 0.32 0.32 0.32 0.32 0.32 0.32 0.33 0.33 0.33 0.33 0.36 0.36 0.00 0.00 0.00 0.02 0.22 0.22 0.22 0.01 0.37 0.37 0.37 0.04 0.37 0.08
0.00 0.00 0.00 0.00 0.00 0.00 0.00 0.00 0.00 0.00 0.00 0.00 0.00 0.00 0.00 0.00 0.00 0.00 0.00 0.00 0.00 0.00 0.00 0.00 0.00 0.00 0.32 0.25 0.00 0.00 0.00 0.00 0.00 0.00 0.00 0.00 0.00 0.00 0.00 0.00 0.00 0.00 0.00 0.00 0.00 0.00 6.63 0.30 0.30 0.30 0.30 0.30 0.32 0.32 0.32 0.32 0.32 0.32 0.32 0.32 0.32 0.51 0.32 0.32 0.33 0.33 0.33 0.33 0.36 0.36 0.05 0.00 0.00 0.22 0.22 0.22 0.22 0.00 0.00 0.37 0.37 0.37 0.37 0.37
0.00 0.00 0.00 0.00 0.00 0.00 0.00 0.00 0.00 0.00 0.00 0.00 0.00 0.00 0.00 0.00 0.00 0.00 0.00 0.00 0.00 0.00 0.00 0.00 0.00 0.26 0.26 0.26 0.25 0.00 0.00 0.00 0.00 0.00 0.00 0.00 0.00 0.00 0.00 0.00 0.00 0.00 0.00 0.00 0.00 0.00 0.00 0.00 0.31 0.31 0.03 0.06 0.34 0.34 0.34 0.34 0.34 0.34 0.34 0.34 0.33 0.33 0.33 0.33 0.33 0.33 0.33 0.33 0.36 0.36 0.00 0.22 0.22 0.22 0.22 0.22 0.01 0.22 0.22 0.37 0.36 0.36 0.36 0.36
0.00 0.00 0.00 0.00 0.00 0.00 0.00 0.00 0.00 0.00 0.00 0.00 0.00 0.00 0.00 0.00 0.00 0.00 0.00 0.00 0.00 0.00 0.00 0.00 0.00 0.26 0.26 0.26 0.25 0.25 0.25 0.00 0.00 0.00 0.00 0.00 0.00 0.00 0.00 0.00 0.00 0.00 0.00 0.00 0.00 0.00 0.00 0.00 0.00 0.00 0.19 0.10 0.44 0.34 0.34 0.34 0.34 0.34 0.34 0.34 0.33 0.33 0.33 0.33 0.04 0.33 0.33 0.33 0.36 0.05 0.01 0.22 0.22 0.22 0.02 0.22 0.01 0.01 0.22 0.05 0.36 0.36 0.36 0.36
0.00 0.00 0.00 0.00 0.00 0.00 0.00 0.00 0.00 0.00 0.00 0.00 0.00 0.00 0.00 0.00 0.00 0.00 0.00 0.00 0.00 0.00 0.00 0.00 0.00 0.35 0.45 0.35 0.35 0.35 0.35 0.00 0.00 0.00 0.00 0.00 0.00 0.00 0.00 0.00 0.00 0.00 0.00 0.00 0.00 0.00 0.00 0.00 0.00 0.00 0.27 0.43 0.46 0.46 0.46 0.46 0.46 0.46 0.46 0.46 0.06 0.45 0.45 0.06 0.06 0.44 0.40 0.44 0.12 0.03 0.02 0.03 0.02 0.02 0.02 0.33 0.01 0.01 0.03 0.03 0.52 0.52 0.52 0.52
0.00 0.00 0.00 0.00 0.00 0.00 0.00 0.00 0.00 0.00 0.00 0.00 0.00 0.00 0.00 0.00 0.00 0.00 0.00 0.00 0.00 0.00 0.00 0.00 0.35 0.35 0.35 0.35 0.35 0.44 0.35 0.35 0.35 7.07 0.35 7.07 0.00 0.00 0.00 0.00 0.00 0.00 0.00 0.00 0.00 0.00 0.00 0.00 0.00 0.00 0.27 0.43 0.46 0.46 0.46 0.46 0.46 0.46 0.46 0.07 0.06 0.11 0.06 0.06 0.44 0.63 0.58 0.44 0.51 0.12 0.03 0.02 0.02 0.02 0.02 0.33 0.33 0.33 0.33 0.03 0.52 0.70 0.52 0.52
0.00 0.00 0.00 0.00 0.00 0.00 0.00 0.00 0.00 0.00 0.00 0.00 0.00 0.00 0.00 0.00 0.00 0.00 0.00 0.00 0.00 0.00 0.36 0.36 0.44 0.34 0.34 0.34 0.34 0.34 0.34 0.09 0.35 0.35 0.08 0.08 0.42 7.50 0.00 0.00 0.00 0.00 0.00 0.00 0.00 0.00 0.00 0.00 0.00 0.00 0.00 0.27 0.29 0.29 0.01 0.01 0.07 0.07 0.07 0.07 0.07 0.07 0.07 0.46 0.44 0.44 0.40 0.44 0.51 0.51 0.12 0.07 0.33 0.33 0.46 0.44 0.33 0.08 0.02 0.03 0.07 0.53 0.53 0.53
0.00 0.00 0.00 0.00 0.00 0.00 0.00 0.00 0.00 0.00 0.00 0.00 0.00 0.00 0.00 0.00 0.00 0.00 0.00 0.00 0.36 0.36 0.36 0.36 0.34 0.34 0.34 0.34 0.34 0.43 0.34 0.43 0.68 0.05 0.08 0.08 0.42 0.42 0.42 7.56 0.00 0.00 0.00 0.00 0.00 0.00 0.00 0.00 0.00 0.00 0.00 0.27 0.29 0.01 0.29 0.29 0.02 0.02 0.02 0.07 0.07 0.02 0.02 0.46 0.44 0.44 0.44 0.44 0.51 0.51 0.51 0.07 0.12 0.07 0.46 0.33 0.54 0.53 0.53 0.12 0.19 0.53 0.53 0.53
0.00 0.00 0.00 0.00 0.00 0.00 0.00 0.00 0.00 0.00 0.00 0.00 0.00 0.00 0.00 0.00 0.65 0.30 0.00 6.96 0.36 0.36 0.36 0.36 0.44 0.44 0.34 0.34 0.43 0.34 0.34 0.43 0.35 0.04 0.35 0.35 0.42 0.12 0.06 0.06 0.44 0.00 0.00 0.00 0.00 0.00 0.00 0.00 0.00 0.00 0.00 0.27 0.29 0.29 0.29 0.29 0.29 0.01 0.02 0.07 0.07 0.13 0.61 0.46 0.44 0.44 0.58 0.44 0.51 0.67 0.51 0.51 0.07 0.07 0.12 0.33 0.71 0.53 0.53 0.53 0.12 0.53 0.53 0.53
0.00 0.00 0.00 0.00 0.00 0.00 0.00 0.00 0.00 0.00 0.00 0.00 0.00 0.00 0.00 0.00 0.30 0.30 0.30 0.30 0.36 0.46 0.46 0.36 0.34 0.34 0.34 0.34 0.34 0.34 0.34 0.34 0.35 0.35 0.35 0.35 0.42 0.10 0.42 0.06 0.43 0.00 0.00 0.00 0.00 0.00 0.00 0.00 0.00 0.00 0.00 0.27 0.29 0.29 0.29 0.01 0.01 0.06 0.06 0.47 0.46 0.46 0.46 0.46 0.44 0.44 0.58 0.44 0.51 0.51 0.51 0.51 0.07 0.07 0.12 0.52 0.53 0.53 0.53 0.53 0.12 0.53 0.70 0.53
0.00 0.00 0.00 0.00 0.00 0.00 0.00 0.00 0.00 0.00 0.00 0.00 0.00 0.65 0.30 0.30 0.30 0.30 0.30 0.30 0.35 0.35 0.35 0.35 0.33 0.33 0.33 0.33 0.43 0.34 0.34 0.34 0.36 0.36 0.36 0.36 0.43 0.43 0.43 0.43 0.44 0.00 0.00 0.00 0.00 0.00 0.00 0.00 0.00 0.00 0.37 0.27 0.36 0.29 0.29 0.01 0.29 0.06 0.48 0.48 0.47 0.47 0.47 0.47 0.45 0.45 0.45 0.45 0.50 0.50 0.50 0.50 0.12 0.07 0.07 0.51 0.52 0.52 0.52 0.52 0.12 0.52 0.52 0.52
0.00 0.00 0.00 0.00 0.00 0.00 0.00 0.00 0.00 0.00 0.00 0.00 0.65 0.30 0.30 0.30 0.30 0.30 0.30 0.30 0.35 0.35 0.35 0.35 0.57 0.45 0.33 0.33 0.34 0.34 0.34 0.34 0.36 0.36 0.36 0.36 0.80 0.06 0.06 0.27 7.50 0.00 0.00 0.00 0.00 0.00 0.00 0.00 0.00 0.27 0.44 0.44 0.06 0.29 0.29 0.29 0.01 0.06 0.11 0.48 0.13 0.13 0.47 0.47 0.45 0.45 0.45 0.45 0.50 0.50 0.50 0.50 0.51 0.51 0.07 0.51 0.52 0.52 0.52 0.52 0.52 0.70 0.52 0.69
0.00 0.00 0.00 0.00 0.00 0.00 0.00 0.00 0.00 0.00 0.00 0.00 0.30 0.30 0.30 0.30 0.30 0.30 0.30 0.30 0.35 0.35 0.35 0.35 0.42 0.33 0.42 0.33 0.34 0.34 0.34 0.34 0.36 0.36 0.36 0.36 0.10 0.02 0.27 0.27 0.27 0.00 0.00 0.00 0.00 0.00 0.00 0.00 0.27 0.44 0.44 0.44 0.06 0.11 0.01 0.29 0.29 0.01 0.01 0.01 0.06 0.47 0.47 0.47 0.45 0.45 0.45 0.45 0.50 0.50 0.50 0.50 0.51 0.51 0.51 0.51 0.52 0.52 0.52 0.52 0.52 0.52 0.52 0.52
0.00 0.00 0.00 0.00 0.00 0.00 0.00 0.00 0.00 0.00 0.00 0.65 0.30 0.30 0.30 0.30 0.30 0.30 0.38 0.30 0.35 0.35 0.35 0.35 0.33 0.33 0.33 0.33 0.34 0.34 0.34 0.34 0.36 0.36 0.68 0.36 0.06 0.02 0.37 0.37 0.27 0.27 0.00 0.00 0.00 0.00 0.00 0.27 0.06 0.44 0.44 0.44 0.48 0.06 0.02 0.29 0.29 0.29 0.29 0.29 0.42 0.06 0.47 0.61 0.45 0.45 0.45 0.69 0.72 0.50 0.50 0.50 0.51 0.51 0.51 0.93 0.52 0.52 0.52 0.52 0.52 0.52 0.52 0.52
0.00 0.00 0.00 0.00 0.00 0.00 0.00 0.00 0.00 0.00 0.31 0.31 0.38 0.30 0.30 0.30 0.29 0.37 0.29 0.29 0.33 0.33 0.33 0.33 0.33 0.33 0.33 0.33 0.36 0.36 0.36 0.36 0.37 0.37 0.37 0.37 0.44 0.02 0.10 0.80 0.27 0.27 0.27 0.27 0.00 7.50 0.27 0.27 0.00 0.44 0.44 0.44 0.47 0.47 0.01 0.01 0.01 0.01 0.31 0.01 0.06 0.06 0.62 0.47 0.46 0.46 0.46 0.61 0.49 0.65 0.49 0.49 0.65 0.49 0.65 0.66 0.51 0.51 0.51 0.51 0.51 0.51 0.51 0.51
0.00 0.00 0.00 0.00 0.00 0.00 0.00 0.00 0.00 0.00 0.07 0.06 0.30 0.30 0.38 0.30 0.29 0.29 0.29 0.29 0.33 0.33 0.33 0.33 0.33 0.33 0.33 0.33 0.36 0.36 0.36 0.36 0.37 0.37 0.37 0.37 0.44 0.06 0.02 0.10 0.27 0.27 0.27 0.27 0.27 0.33 0.27 0.27 0.02 0.06 0.10 0.10 0.47 0.47 0.47 0.11 0.01 0.01 0.07 0.07 0.07 0.48 0.47 0.47 0.46 0.60 0.46 0.46 0.49 0.49 0.49 0.49 0.49 0.49 0.49 0.49 0.51 0.51 0.51 0.51 0.51 0.51 0.51 0.51
0.00 0.00 0.00 0.00 0.00 0.00 0.00 0.00 0.00 0.00 0.00 0.06 0.06 0.30 0.30 0.30 0.29 0.29 0.29 0.29 0.33 0.33 0.33 0.33 0.33 0.33 0.33 0.33 0.36 0.36 0.36 0.36 0.37 0.37 0.37 0.37 0.44 0.44 0.06 0.02 0.37 0.27 0.27 0.27 0.37 0.27 0.01 0.01 0.02 0.02 0.10 0.10 0.47 0.47 0.47 0.47 0.06 0.06 0.01 0.07 0.07 0.47 0.47 0.47 0.46 0.46 0.46 0.46 0.49 0.49 0.49 0.49 0.49 0.49 0.49 0.49 0.51 0.51 0.51 0.51 0.51 0.51 0.51 0.51
0.00 0.00 0.00 0.00 0.00 0.00 0.00 0.00 0.00 0.00 0.00 0.06 0.06 0.06 0.06 0.30 0.29 0.29 0.29 0.29 0.33 0.33 0.33 0.33 0.33 0.33 0.33 0.33 0.36 0.36 0.36 0.36 0.37 0.37 0.37 0.37 0.44 0.44 0.02 0.02 0.10 0.03 0.27 0.37 0.10 0.10 0.00 0.01 0.01 0.01 0.02 0.06 0.47 0.47 0.47 0.47 0.47 0.06 0.01 0.01 0.02 0.08 0.47 0.47 0.46 0.46 0.46 0.61 0.49 0.49 0.49 0.49 0.49 0.49 0.49 0.49 0.51 0.51 0.51 0.51 0.51 0.51 0.51 0.51
0.00 0.00 0.00 0.00 0.00 0.00 0.00 0.00 0.00 0.00 0.00 0.06 0.06 0.06 0.06 0.06 0.28 0.28 0.28 0.28 0.42 0.33 0.33 0.33 0.35 0.35 0.04 0.04 0.05 0.05 0.37 0.37 0.38 0.38 0.13 0.05 0.06 0.06 0.02 0.10 0.37 0.27 0.27 0.37 0.06 0.10 0.10 0.01 0.06 0.01 0.01 0.06 0.47 0.47 0.47 0.47 0.46 0.46 0.07 0.07 0.01 0.07 0.07 0.46 0.45 0.45 0.45 0.45 0.48 0.48 0.48 0.48 0.48 0.48 0.48 0.48 0.50 0.50 0.50 0.50 0.50 0.50 0.50 0.50
0.00 0.00 0.00 0.00 0.00 0.00 0.00 0.00 0.00 0.00 0.00 0.06 0.06 0.06 0.06 0.06 0.06 0.36 0.28 0.28 0.44 0.33 0.33 0.33 0.35 0.04 0.04 0.04 0.05 0.05 0.37 0.37 0.38 0.05 0.13 0.05 0.15 0.02 0.02 0.02 0.02 0.01 0.27 0.37 0.06 0.06 0.10 0.10 0.44 0.10 0.02 0.44 0.47 0.47 0.47 0.47 0.46 0.46 0.46 0.46 0.46 0.46 0.46 0.46 0.45 0.45 0.45 0.45 0.48 0.48 0.48 0.48 0.48 0.48 0.48 0.48 0.50 0.50 0.50 0.69 0.50 0.50 0.50 0.50
0.00 0.00 0.00 0.00 0.10 0.00 0.00 0.00 0.00 0.00 7.32 0.10 0.09 0.09 0.09 0.09 0.09 0.09 0.09 0.37 0.39 0.39 0.39 0.39 0.41 0.06 0.06 0.06 0.06 0.07 0.06 0.06 0.07 0.07 0.07 0.01 0.08 0.02 0.02 0.32 0.02 0.01 0.02 0.32 0.02 0.12 0.12 0.52 0.51 0.51 0.51 0.51 0.56 0.56 0.75 0.56 0.55 0.55 0.55 0.55 0.55 0.55 0.55 0.55 0.72 0.54 0.54 0.54 0.74 0.55 0.55 0.55 0.55 0.55 0.55 0.55 0.57 0.57 0.57 0.57 0.57 0.57 0.57 0.57
0.00 0.00 0.00 0.08 0.10 0.10 0.00 0.00 0.00 0.10 0.10 0.10 0.09 0.09 0.09 0.09 0.09 0.09 0.09 0.09 0.39 0.39 0.39 0.39 0.41 0.06 0.06 0.06 0.06 0.06 0.06 0.07 0.07 0.07 0.07 0.45 0.52 0.02 0.02 0.02 0.02 0.01 0.01 0.01 0.01 0.01 0.52 0.52 0.51 0.51 0.51 0.51 0.56 0.56 0.75 0.56 0.55 0.55 0.55 0.73 0.55 0.55 0.55 0.55 0.54 0.54 0.54 0.54 0.55 0.55 0.55 0.55 0.55 0.03 0.55 0.55 0.57 0.57 0.57 0.57 0.57 0.57 0.57 0.57
0.08 0.08 0.08 0.08 0.10 0.10 0.11 0.11 0.10 0.10 0.00 0.10 0.10 0.10 0.10 0.10 0.09 0.10 0.09 0.09 0.10 0.10 0.40 0.40 0.42 0.06 0.06 0.06 0.06 0.07 0.06 0.06 0.07 0.07 0.46 0.46 0.12 0.01 0.02 0.32 0.01 0.03 0.02 0.01 0.01 0.01 0.52 0.68 0.51 0.67 0.67 0.51 0.55 0.55 0.55 0.55 0.52 0.52 0.52 0.52 0.51 0.51 0.51 0.51 0.67 0.51 0.51 0.68 0.73 0.54 0.03 0.03 0.03 0.03 0.56 0.56 0.56 0.56 0.56 0.56 0.57 0.77 0.57 0.57
0.08 0.08 0.08 0.09 0.10 0.10 0.10 0.10 0.10 0.11 0.10 0.10 0.10 0.10 0.10 0.10 0.09 0.09 0.09 0.09 0.10 0.10 0.10 0.40 0.42 0.42 0.06 0.06 0.06 0.06 0.06 0.06 0.46 0.46 0.46 0.46 0.01 0.01 0.02 0.02 0.32 0.02 0.03 0.01 0.03 0.02 0.52 0.52 0.51 0.51 0.51 0.51 0.55 0.55 0.73 0.79 0.70 0.52 0.52 0.52 0.51 0.51 0.51 0.51 0.51 0.51 0.51 0.51 0.54 0.54 0.03 0.54 0.03 0.28 0.56 0.56 0.56 0.56 0.56 0.03 0.57 0.57 0.57 0.28
0.08 0.08 0.09 0.08 0.10 0.10 0.10 0.10 0.10 0.10 0.11 0.10 0.10 0.10 0.10 0.10 0.09 0.09 0.09 0.09 0.10 0.10 0.10 0.10 0.10 0.42 0.06 0.06 0.44 0.44 0.44 0.44 0.46 0.46 0.46 0.02 0.01 0.01 0.02 0.32 0.32 0.12 0.12 0.07 0.02 0.02 0.07 0.52 0.51 0.51 0.51 0.51 0.55 0.55 0.55 0.55 0.52 0.52 0.52 0.52 0.51 0.51 0.51 0.51 0.51 0.51 0.51 0.67 0.54 0.54 0.54 0.54 0.56 0.56 0.56 0.56 0.56 0.56 0.56 0.03 0.57 0.57 0.28 0.34
0.08 0.08 0.08 0.08 0.10 0.10 0.10 0.10 0.10 0.10 0.10 0.10 0.10 0.10 0.10 0.10 0.09 0.09 0.09 0.09 0.10 0.10 0.10 0.10 0.10 0.10 0.42 0.42 0.44 0.44 0.44 0.44 0.46 0.46 0.46 0.02 0.52 0.52 0.03 0.04 0.32 0.12 0.52 0.07 0.12 0.01 0.01 0.52 0.51 0.51 0.51 0.51 0.72 0.55 0.55 0.55 0.52 0.52 0.52 0.52 0.51 0.51 0.51 0.51 0.51 0.51 0.51 0.51 0.54 0.54 0.54 0.54 0.56 0.56 0.56 0.56 0.56 0.56 0.28 0.28 0.57 0.57 0.28 0.28
0.08 0.08 0.09 0.08 0.10 0.10 0.10 0.10 0.10 0.10 0.10 0.10 0.10 0.11 0.10 0.10 0.09 0.09 0.09 0.09 0.10 0.10 0.10 0.10 0.10 0.10 0.10 0.10 0.44 0.44 0.44 0.44 0.46 0.46 0.07 0.08 0.69 0.52 0.12 0.05 0.01 0.69 0.52 0.12 0.07 0.08 0.02 0.08 0.08 0.07 0.49 0.49 0.51 0.51 0.51 0.51 0.49 0.49 0.49 0.49 0.50 0.50 0.50 0.50 0.50 0.50 0.50 0.50 0.56 0.56 0.56 0.56 0.57 0.57 0.57 0.57 0.76 0.56 0.03 0.03 0.28 0.28 0.28 0.28
0.08 0.08 0.08 0.08 0.10 0.11 0.10 0.10 0.10 0.10 0.10 0.10 0.10 0.10 0.10 0.11 0.09 0.09 0.09 0.09 0.10 0.10 0.10 0.10 0.10 0.10 0.10 0.10 0.11 0.44 0.44 0.44 0.46 0.07 0.07 0.46 0.52 0.52 0.12 0.04 0.01 0.02 0.52 0.07 0.07 0.07 0.07 0.08 0.07 0.49 0.49 0.49 0.51 0.51 0.51 0.51 0.49 0.49 0.49 0.49 0.50 0.50 0.50 0.50 0.50 0.50 0.50 0.50 0.56 0.56 0.56 0.56 0.57 0.57 0.57 0.57 0.56 0.76 0.56 0.56 0.28 0.28 0.28 0.28
0.08 0.08 0.08 0.08 0.10 0.10 0.10 0.10 0.10 0.10 0.10 0.10 0.10 0.10 0.10 0.10 0.09 0.09 0.09 0.09 0.10 0.10 0.10 0.11 0.10 0.10 0.10 0.10 0.11 0.11 0.44 0.44 0.60 0.07 0.07 0.85 0.69 0.52 0.08 0.02 0.01 0.02 0.55 0.07 0.52 0.69 0.52 0.52 0.49 0.49 0.49 0.49 0.51 0.51 0.51 0.69 0.49 0.49 0.49 0.49 0.50 0.50 0.50 0.50 0.50 0.50 0.50 0.50 0.56 0.56 0.56 0.56 0.57 0.57 0.57 0.57 0.56 0.56 0.56 0.56 0.28 0.28 0.28 0.28
0.08 0.08 0.08 0.08 0.10 0.12 0.10 0.10 0.10 0.10 0.10 0.10 0.10 0.10 0.10 0.10 0.09 0.09 0.09 0.09 0.10 0.10 0.10 0.10 0.10 0.10 0.10 0.10 0.11 0.11 0.11 0.12 0.46 0.07 0.46 0.62 0.52 0.52 0.08 0.01 0.01 0.01 0.08 0.69 0.52 0.52 0.52 0.52 0.49 0.49 0.65 0.49 0.53 0.02 0.02 0.04 0.49 0.49 0.49 0.49 0.50 0.50 0.50 0.50 0.50 0.50 0.50 0.50 0.56 0.56 0.56 0.56 0.57 0.77 0.57 0.57 0.56 0.56 0.56 0.56 0.28 0.28 0.28 0.28
0.08 0.08 0.08 0.09 0.09 0.09 0.11 0.09 0.09 0.09 0.09 0.10 0.09 0.09 0.09 0.09 0.09 0.09 0.09 0.09 0.10 0.10 0.10 0.10 0.10 0.10 0.10 0.10 0.10 0.13 0.10 0.10 0.11 0.44 0.58 0.44 0.51 0.51 0.67 0.51 0.12 0.08 0.08 0.51 0.66 0.50 0.50 0.66 0.46 0.46 0.46 0.46 0.02 0.02 0.26 0.02 0.02 0.50 0.50 0.50 0.52 0.52 0.52 0.52 0.53 0.53 0.53 0.53 0.58 0.58 0.58 0.58 0.58 0.58 0.58 0.58 0.57 0.57 0.57 0.57 0.28 0.28 0.28 0.28
0.08 0.08 0.08 0.08 0.09 0.11 0.09 0.09 0.09 0.09 0.09 0.09 0.10 0.09 0.09 0.09 0.09 0.09 0.10 0.09 0.10 0.10 0.10 0.10 0.10 0.10 0.10 0.10 0.12 0.10 0.10 0.10 0.11 0.11 0.11 0.44 0.51 0.51 0.51 0.51 0.51 0.51 0.51 0.51 0.50 0.50 0.50 0.50 0.46 0.46 0.46 0.46 0.02 0.02 0.02 0.02 0.50 0.50 0.50 0.50 0.52 0.52 0.52 0.52 0.53 0.53 0.53 0.53 0.58 0.58 0.58 0.58 0.58 0.78 0.58 0.58 0.57 0.57 0.57 0.57 0.56 0.28 0.28 0.28
