New_Model_Runs/8_Future_Present_Scn1_out/post_prcessed_with_MFR/Monthly_summaries/runoff_monthly_MAY.asc
NCOLS 700
NROWS 400
XLLCENTER 515000.000000
YLLCENTER 8409000.000000
CELLSIZE 50.000000
NODATA_value -999.000000
[rows 266 to 303 of 400, columns 252 to 335 of 700]
2.28 2.28 0.22 0.22 0.29 0.29 0.29 0.29 0.34 0.29 1.89 1.89 1.89 1.89 1.89 1.89 1.89 1.89 1.89 1.89 1.77 2.42 0.64 0.64 2.11 2.11 2.11 2.11 2.11 2.20 2.20 2.20 2.20 2.20 1.60 1.60 1.53 1.53 1.53 1.53 1.53 1.53 1.53 1.53 1.53 0.20 0.72 0.55 0.55 0.55 0.55 0.55 2.04 2.04 2.04 2.04 2.04 2.04 0.53 2.04 2.04 2.04 2.04 0.53 2.04 0.53 0.53 0.53 1.99 0.00 0.00 0.00 0.00 1.99 1.99 0.51 1.99 1.99 1.99 1.99 1.99 0.00 0.00 0.00
2.28 0.22 0.22 0.22 0.18 0.29 0.29 0.29 0.29 0.29 1.89 0.06 1.89 0.40 0.47 2.93 1.89 1.89 1.89 1.89 0.05 2.42 0.64 0.64 0.64 2.11 2.11 2.11 2.20 2.20 2.20 2.20 2.20 1.60 1.60 1.60 1.53 1.53 1.53 0.11 1.53 1.53 1.53 1.53 1.53 0.09 0.90 0.72 0.55 0.90 0.90 0.63 2.04 2.04 2.04 2.04 2.04 2.04 0.53 2.04 2.04 2.04 2.04 0.53 0.53 0.53 0.53 0.53 1.99 11.65 0.00 0.00 0.00 0.51 1.99 1.99 1.99 1.99 1.99 0.00 0.00 0.00 0.00 0.00
2.28 0.22 0.34 2.06 0.29 0.29 0.29 0.29 0.29 0.29 0.47 1.89 0.18 0.18 0.06 0.18 1.89 1.89 0.06 1.89 0.64 2.42 2.42 2.42 2.42 2.11 2.11 2.20 2.20 2.20 2.20 0.97 1.60 1.60 1.60 1.60 1.53 1.53 1.53 1.53 1.53 1.53 1.53 1.53 2.11 2.11 2.11 0.55 0.72 0.89 0.89 0.89 0.53 0.53 2.04 2.04 2.04 2.04 2.04 2.04 2.04 2.04 2.04 2.04 0.53 0.53 0.53 2.04 1.99 0.00 0.00 0.00 0.51 1.99 1.99 1.99 1.99 1.99 0.00 0.00 0.00 0.00 0.00 0.00
2.06 0.34 0.34 0.40 0.29 0.29 0.83 0.06 1.70 1.89 1.89 1.89 2.93 0.18 1.89 0.29 0.06 1.89 1.89 1.89 0.64 0.82 6.13 2.42 2.42 2.42 2.20 2.20 2.20 2.20 0.58 2.20 1.60 1.60 1.60 1.60 1.53 1.53 1.53 1.53 1.53 2.11 2.11 2.11 2.11 2.11 0.72 0.72 0.72 0.72 0.89 0.59 0.53 0.53 0.53 2.04 2.04 2.04 2.04 2.04 2.04 2.04 2.04 0.53 0.53 0.53 0.53 2.04 0.51 0.00 0.51 1.99 1.99 1.99 1.99 1.99 0.51 0.00 0.00 0.00 0.00 0.00 0.00 0.00
0.22 0.34 0.34 0.22 3.29 3.29 1.44 1.44 1.44 1.89 2.93 1.89 0.06 1.89 1.89 1.89 0.18 0.06 0.06 1.89 0.73 0.64 0.64 0.64 2.80 2.42 2.20 2.20 0.58 2.20 2.20 2.20 1.60 0.12 1.60 0.12 1.53 1.53 1.53 1.53 2.11 2.11 2.11 2.11 2.11 0.72 2.11 1.42 0.72 0.89 1.22 0.59 0.53 0.53 0.53 2.04 2.04 2.04 2.04 2.04 0.53 2.04 2.04 2.04 0.53 2.04 2.04 0.53 0.51 1.99 1.99 1.99 1.99 1.99 0.00 0.00 1.99 1.99 0.00 0.00 0.00 0.00 0.00 0.00
0.22 0.22 0.34 3.55 1.44 1.44 1.44 1.70 3.29 1.89 1.89 1.89 0.06 0.06 1.89 1.89 0.29 0.18 0.18 0.18 2.42 2.42 0.64 0.64 0.64 2.20 2.20 3.54 0.58 0.58 2.20 1.60 1.60 1.60 1.60 1.60 1.53 1.53 2.11 2.11 2.11 2.11 2.11 2.11 0.55 0.72 2.11 2.11 0.55 0.55 0.89 0.59 2.39 2.04 2.04 2.04 2.04 2.04 0.53 2.04 2.04 0.53 2.04 2.04 2.04 2.04 0.53 0.53 1.99 1.99 1.99 1.99 0.00 0.00 0.00 0.00 0.00 0.00 0.00 0.00 0.00 0.00 0.00 0.00
0.22 0.22 1.86 1.59 1.44 1.44 1.44 3.29 1.89 1.89 1.89 1.89 1.89 1.89 1.89 1.89 0.18 0.18 1.89 1.89 2.42 2.42 2.42 2.42 2.42 2.20 2.20 2.20 3.54 2.20 2.20 2.20 1.60 1.60 0.30 1.60 1.53 2.11 2.11 2.11 2.11 0.63 2.11 2.11 2.11 2.11 0.55 0.55 2.11 2.11 0.55 2.11 2.04 2.04 2.04 2.04 0.53 0.53 2.04 2.04 2.04 0.53 2.04 2.04 2.04 0.53 2.04 2.04 3.19 1.99 1.99 0.00 0.00 0.00 0.00 0.00 0.00 0.00 0.00 0.00 0.00 0.00 0.00 0.00
0.22 1.86 1.59 1.59 1.44 1.44 1.44 0.29 1.89 1.89 1.89 1.89 1.89 1.89 1.89 1.89 0.18 1.89 1.89 0.79 2.42 2.42 0.64 0.64 2.20 0.58 0.58 2.20 2.20 2.20 2.20 2.20 1.60 1.60 0.30 0.12 1.53 2.11 2.11 2.11 2.11 0.63 0.72 0.89 0.72 2.11 0.55 2.11 2.11 2.11 2.11 2.11 2.04 2.04 2.04 2.04 2.04 0.53 2.04 2.04 2.04 2.04 0.53 0.53 2.04 2.04 2.04 2.04 1.99 0.00 0.00 0.00 0.00 0.00 0.00 0.00 0.00 0.00 0.00 0.00 0.00 0.00 0.00 0.00
1.71 1.46 1.46 1.46 3.16 1.37 0.05 0.27 0.27 1.80 0.05 0.05 1.80 1.80 1.80 1.80 1.80 1.80 1.80 0.85 0.79 0.96 2.32 2.32 0.72 0.72 0.55 0.72 0.72 2.10 2.10 2.10 2.10 0.11 1.52 0.11 0.37 1.43 0.51 1.99 0.51 1.99 0.80 0.80 0.67 1.99 1.99 1.99 1.99 1.51 1.51 2.34 1.89 1.89 1.89 1.89 1.89 0.48 1.89 1.89 0.48 0.48 1.89 1.89 1.89 1.89 1.89 1.89 0.00 0.00 0.00 0.00 0.00 0.00 0.00 0.00 0.00 0.00 0.00 0.00 0.00 0.00 0.00 0.00
1.71 3.31 1.46 3.31 1.62 1.62 0.05 0.05 1.80 0.05 0.05 0.05 0.05 0.05 0.05 0.05 1.80 0.05 2.45 0.85 0.55 2.32 2.32 2.10 0.63 0.55 2.10 2.10 2.10 2.10 2.10 2.48 2.10 2.10 0.28 0.11 0.18 1.43 0.51 0.58 0.67 0.55 1.99 0.58 0.58 1.99 1.99 1.51 1.51 2.34 2.34 2.34 2.23 1.89 1.89 1.89 1.89 1.89 1.89 0.48 1.89 1.89 1.89 1.89 1.89 0.48 0.73 0.91 0.00 0.00 0.00 0.00 0.00 0.00 0.00 0.00 0.00 0.00 0.00 0.00 0.00 0.00 0.00 0.00
1.71 1.71 3.31 3.31 3.16 3.16 1.80 1.80 1.80 0.05 1.80 1.80 0.05 0.05 0.05 0.05 1.80 0.65 0.65 2.45 2.32 2.32 0.96 2.10 2.10 2.10 2.10 2.10 2.10 2.10 0.55 2.10 2.10 2.10 2.10 1.52 1.43 1.43 1.99 0.51 1.99 0.51 0.67 1.99 1.99 0.67 1.99 2.34 2.34 0.51 2.34 2.34 0.48 1.89 1.89 1.89 1.89 0.48 0.48 1.89 1.89 1.89 1.89 0.48 0.73 0.91 0.91 2.23 0.00 0.00 0.00 0.00 0.00 0.00 0.00 0.00 0.00 0.00 0.00 0.00 0.00 0.00 0.00 0.00
1.46 3.31 3.31 2.14 1.37 3.16 1.80 1.80 1.80 1.80 1.80 0.44 0.05 0.17 1.80 1.80 0.27 0.27 1.80 1.80 2.32 2.32 0.63 2.10 2.10 2.10 2.10 2.10 2.10 2.10 2.10 0.86 2.10 2.10 0.55 2.10 1.43 1.43 0.10 1.99 1.99 1.99 1.99 1.99 2.34 2.34 2.34 2.34 2.34 1.99 1.99 1.99 1.89 1.89 1.89 1.89 0.48 1.89 1.89 1.89 1.89 1.89 0.91 0.91 2.23 2.23 2.23 0.00 0.00 0.00 0.00 0.00 0.00 0.00 0.00 0.00 0.00 0.00 0.00 0.00 0.00 0.00 0.00 0.00
1.46 1.46 1.46 1.46 1.37 3.16 3.16 1.62 3.16 1.80 0.05 0.05 0.05 0.17 1.80 1.80 0.05 1.80 1.80 1.80 1.69 1.52 0.28 0.63 2.10 2.10 2.10 3.38 3.38 2.10 2.10 2.10 0.55 0.55 0.55 0.55 1.99 1.99 1.43 1.99 1.99 1.99 1.99 1.99 2.34 2.34 2.34 2.34 1.99 1.99 1.99 1.99 0.48 0.48 0.48 1.89 1.89 1.89 1.89 1.89 0.91 0.91 2.23 0.00 0.00 0.00 0.00 0.00 0.00 0.00 0.00 0.00 0.00 0.00 0.00 0.00 0.00 0.00 0.00 0.00 0.00 0.00 0.00 0.00
3.31 1.71 3.31 3.31 3.16 3.16 0.27 1.80 1.80 1.80 0.27 0.27 0.17 0.27 1.80 1.80 1.80 1.80 0.27 0.05 1.69 1.52 0.28 1.52 1.52 2.10 2.10 2.10 1.52 1.52 2.10 2.10 2.10 0.55 0.55 0.55 1.99 1.99 1.99 1.99 1.99 1.99 1.99 2.34 2.34 2.34 1.99 1.99 1.99 1.99 0.51 0.51 0.48 0.48 1.89 1.89 1.89 1.89 1.89 0.91 0.91 2.23 0.00 0.00 0.00 0.00 0.00 0.00 0.00 0.00 0.00 0.00 0.00 0.00 0.00 0.00 0.00 0.00 0.00 0.00 0.00 0.00 0.00 0.00
3.31 3.31 3.31 3.31 3.16 1.37 1.80 1.80 1.80 3.16 3.16 0.27 0.05 1.62 1.80 1.80 1.80 0.27 0.27 1.80 1.52 1.52 1.52 1.52 1.52 0.40 1.52 1.52 1.52 1.52 1.52 1.52 1.52 2.10 0.55 0.55 1.99 1.99 1.99 1.99 1.99 1.99 1.99 2.34 2.34 1.99 1.99 1.99 0.51 0.51 0.51 0.51 1.89 1.89 1.89 1.89 1.89 2.23 1.44 2.23 2.23 0.00 0.00 0.00 0.00 0.00 0.00 0.00 0.00 0.00 0.00 0.00 0.00 0.00 0.00 0.00 0.00 0.00 0.00 0.00 0.00 0.00 0.00 0.00
2.11 2.11 2.11 3.31 0.05 0.05 1.80 1.80 1.80 3.16 3.16 1.80 1.71 3.16 0.05 0.05 1.80 0.05 0.05 0.05 1.52 1.52 1.52 1.52 1.52 1.52 1.52 1.52 1.52 0.28 1.52 1.52 1.52 1.52 2.10 2.10 2.36 1.18 0.51 1.99 1.99 1.99 1.99 1.99 1.99 1.99 0.51 0.51 0.51 0.51 1.99 1.99 1.89 1.89 1.89 2.23 0.00 0.00 0.00 0.00 0.00 0.00 0.00 0.00 0.00 0.00 0.00 0.00 0.00 0.00 0.00 0.00 0.00 0.00 0.00 0.00 0.00 0.00 0.00 0.00 0.00 0.00 0.00 0.00
3.31 2.11 1.71 1.71 0.05 1.80 1.80 3.16 3.16 3.16 3.16 3.16 2.00 2.00 2.00 1.80 1.80 1.80 0.05 1.62 1.52 1.52 1.52 1.52 1.52 1.52 1.52 1.52 1.52 0.28 1.52 1.52 1.52 1.52 2.10 0.55 1.99 0.58 1.99 1.99 1.99 0.51 0.51 0.51 1.99 1.99 1.99 1.99 1.99 1.99 1.99 1.99 1.89 1.89 0.00 0.00 0.00 0.00 0.00 0.00 0.00 0.00 0.00 0.00 0.00 0.00 0.00 0.00 0.00 0.00 0.00 0.00 0.00 0.00 0.00 0.00 0.00 0.00 0.00 0.00 0.00 0.00 0.00 0.00
1.46 1.46 1.71 1.71 1.62 0.17 1.80 3.16 1.62 1.62 3.16 3.16 2.00 2.00 0.17 1.80 1.80 1.80 1.80 1.62 1.52 1.52 1.52 0.40 1.52 1.52 1.52 0.40 1.52 0.28 0.28 1.52 1.52 0.55 2.10 2.10 3.25 0.51 0.58 1.99 1.99 0.51 0.51 0.51 1.99 1.99 1.99 1.99 1.99 1.99 1.99 1.99 2.23 0.00 0.00 0.00 0.00 0.00 0.00 0.00 0.00 0.00 0.00 0.00 0.00 0.00 0.00 0.00 0.00 0.00 0.00 0.00 0.00 0.00 0.00 0.00 0.00 0.00 0.00 0.00 0.00 0.00 0.00 0.00
1.46 1.46 1.71 1.71 1.62 3.16 1.62 1.62 1.62 1.62 1.62 3.16 3.16 2.00 0.44 1.80 1.80 1.80 1.62 1.62 1.52 1.52 1.52 1.52 1.52 2.33 1.52 1.52 1.52 1.52 1.52 0.55 2.10 0.86 0.86 2.10 1.99 1.99 3.18 1.99 1.99 0.51 0.51 0.51 0.51 1.99 1.99 1.99 1.99 1.99 0.96 0.00 0.00 0.00 0.00 0.00 0.00 0.00 0.00 0.00 0.00 0.00 0.00 0.00 0.00 0.00 0.00 0.00 0.00 0.00 0.00 0.00 0.00 0.00 0.00 0.00 0.00 0.00 0.00 0.00 0.00 0.00 0.00 0.00
1.71 1.71 1.46 1.71 1.62 1.62 1.62 1.62 1.62 5.59 1.62 1.62 3.16 3.16 3.16 1.80 0.05 0.05 0.13 1.62 0.11 1.52 1.52 1.52 1.52 1.52 1.52 1.52 1.52 0.11 2.10 2.10 2.10 2.10 2.10 2.10 1.99 0.51 0.51 0.51 1.99 1.99 1.99 1.99 1.99 1.99 1.99 0.51 0.96 2.34 0.00 0.00 0.00 0.00 0.00 0.00 0.00 0.00 0.00 0.00 0.00 0.00 0.00 0.00 0.00 0.00 0.00 0.00 0.00 0.00 0.00 0.00 0.00 0.00 0.00 0.00 0.00 0.00 0.00 0.00 0.00 0.00 0.00 0.00
1.38 1.71 1.71 1.71 1.62 1.62 1.62 1.62 1.62 2.45 1.62 1.62 1.62 1.37 3.16 1.80 1.80 1.62 1.62 1.62 0.28 0.28 0.28 0.28 1.52 0.11 1.52 1.52 1.52 2.10 0.63 2.10 2.10 2.10 2.10 0.55 0.51 0.51 0.51 1.99 1.99 1.99 1.99 1.99 1.99 1.99 0.51 0.96 0.00 0.00 0.00 0.00 0.00 0.00 0.00 0.00 0.00 0.00 0.00 0.00 0.00 0.00 0.00 0.00 0.00 0.00 0.00 0.00 0.00 0.00 0.00 0.00 0.00 0.00 0.00 0.00 0.00 0.00 0.00 0.00 0.00 0.00 0.00 0.00
1.38 1.38 1.71 1.71 1.62 1.62 1.62 1.62 1.62 1.62 1.62 1.62 1.62 3.16 1.37 1.62 1.80 0.13 0.13 1.62 1.52 0.28 0.28 0.28 0.28 1.52 0.28 1.52 1.52 2.10 0.63 2.10 0.55 0.55 0.55 0.55 0.51 0.51 0.51 3.18 1.99 1.99 1.99 0.51 1.99 1.99 1.99 0.96 0.00 0.00 0.00 0.00 0.00 0.00 0.00 0.00 0.00 0.00 0.00 0.00 0.00 0.00 0.00 0.00 0.00 0.00 0.00 0.00 0.00 0.00 0.00 0.00 0.00 0.00 0.00 0.00 0.00 0.00 0.00 0.00 0.00 0.00 0.00 0.00
1.38 1.38 1.71 1.71 1.62 1.62 1.62 1.62 1.62 1.62 1.62 1.62 1.62 1.62 3.16 3.16 1.81 0.22 0.31 1.62 1.52 1.52 0.28 1.52 1.52 1.52 1.52 1.52 1.52 1.52 0.55 0.55 0.55 0.55 0.55 0.55 0.51 0.51 1.99 1.99 1.99 0.51 0.51 0.51 0.51 1.99 0.54 0.30 1.08 0.00 0.00 0.00 0.00 0.00 0.00 0.00 0.00 0.00 0.00 0.00 0.00 0.00 0.00 0.00 0.00 0.00 0.00 0.00 0.00 0.00 0.00 0.00 0.00 0.00 0.00 0.00 0.00 0.00 0.00 0.00 0.00 0.00 0.00 0.00
1.71 1.71 1.71 1.71 1.62 1.62 1.62 1.62 1.62 1.62 1.62 1.62 1.62 1.62 3.16 1.62 0.22 0.22 1.62 1.62 0.28 1.52 1.52 0.11 1.52 1.52 1.52 1.52 0.20 1.52 0.55 0.55 0.55 0.55 0.55 0.55 0.51 0.51 1.99 1.99 0.51 0.51 0.51 0.51 1.99 0.51 1.43 1.43 1.08 0.00 0.00 0.00 0.00 0.00 0.00 0.00 0.00 0.00 0.00 0.00 0.00 0.00 0.00 0.00 0.00 0.00 0.00 0.00 0.00 0.00 0.00 0.00 0.00 0.00 0.00 0.00 0.00 0.00 0.00 0.00 0.00 0.00 0.00 0.00
1.69 1.69 1.69 1.69 1.62 1.62 1.62 1.62 1.62 1.62 1.62 5.58 1.62 1.62 2.45 0.12 1.62 1.62 1.62 2.90 1.49 0.27 0.20 0.39 0.11 1.49 1.49 1.49 1.49 1.49 0.11 0.54 0.54 0.54 0.54 0.54 0.48 0.63 0.48 0.48 0.48 0.48 1.90 1.90 1.37 1.37 0.09 0.09 1.03 0.00 0.00 0.00 0.00 0.00 0.00 0.00 0.00 0.00 0.00 0.00 0.00 0.00 0.00 0.00 0.00 0.00 0.00 0.00 0.00 0.00 0.00 0.00 0.00 0.00 0.00 0.00 0.00 0.00 0.00 0.00 0.00 0.00 0.00 0.00
1.69 1.69 1.69 1.69 1.62 1.62 1.62 1.62 3.16 1.62 1.62 1.62 1.62 1.62 1.62 0.12 0.43 1.62 2.90 2.90 1.42 0.27 0.27 0.27 1.49 1.49 1.49 1.49 1.49 0.07 1.49 0.54 0.54 0.54 0.54 0.54 0.48 0.48 0.48 0.48 0.48 1.90 1.90 1.37 1.37 0.09 0.09 1.37 1.03 0.00 0.00 0.00 0.00 0.00 0.00 0.00 0.00 0.00 0.00 0.00 0.00 0.00 0.00 0.00 0.00 0.00 0.00 0.00 0.00 0.00 0.00 0.00 0.00 0.00 0.00 0.00 0.00 0.00 0.00 0.00 0.00 0.00 0.00 0.00
1.69 1.69 1.69 1.69 1.62 1.62 1.62 1.62 1.62 1.62 1.62 1.62 1.62 1.62 1.45 2.90 2.90 2.90 2.90 2.90 2.70 1.49 0.27 0.27 1.49 1.49 1.49 1.49 1.49 1.49 1.49 2.28 0.54 0.54 0.54 0.54 0.48 0.48 0.48 0.48 1.90 1.90 1.37 1.37 0.09 0.09 1.37 1.37 1.03 0.00 0.00 0.00 0.00 0.00 0.00 0.00 0.00 0.00 0.00 0.00 0.00 0.00 0.00 0.00 0.00 0.00 0.00 0.00 0.00 0.00 0.00 0.00 0.00 0.00 0.00 0.00 0.00 0.00 0.00 0.00 0.00 0.00 0.00 0.00
1.69 1.69 1.69 1.69 1.62 1.62 1.62 1.62 1.62 1.62 1.62 1.62 1.62 1.62 2.90 1.45 1.23 1.80 2.90 1.45 1.34 1.34 0.27 0.27 0.33 1.49 0.27 1.13 1.67 1.49 1.49 0.11 0.11 0.54 0.54 0.54 0.48 0.48 0.48 1.90 1.37 1.37 0.17 0.17 1.37 0.09 0.06 0.09 1.37 0.00 0.00 0.00 0.00 0.00 0.00 0.00 0.00 0.00 0.00 0.00 0.00 0.00 0.00 0.00 0.00 0.00 0.00 0.00 0.00 0.00 0.00 0.00 0.00 0.00 0.00 0.00 0.00 0.00 0.00 0.00 0.00 0.00 0.00 0.00
1.69 1.69 1.69 1.69 1.62 1.62 1.62 1.62 1.62 1.62 1.62 1.62 1.62 2.90 2.90 2.90 2.90 2.90 2.90 2.90 2.70 2.70 1.13 0.27 0.27 1.49 1.34 1.13 4.51 1.34 2.70 0.11 1.49 0.54 0.54 0.54 0.48 0.48 1.90 0.34 0.09 1.37 0.17 0.17 0.06 0.06 0.06 0.06 0.09 0.00 0.00 0.00 0.00 0.00 0.00 0.00 0.00 0.00 0.00 0.00 0.00 0.00 0.00 0.00 0.00 0.00 0.00 0.00 0.00 0.00 0.00 0.00 0.00 0.00 0.00 0.00 0.00 0.00 0.00 0.00 0.00 0.00 0.00 0.00
1.69 1.69 1.69 1.69 1.62 1.62 1.62 1.62 1.62 1.62 3.16 3.16 1.37 1.23 2.90 2.90 1.23 2.90 2.90 2.90 2.70 2.70 1.13 1.13 1.13 2.70 2.70 1.13 2.70 1.13 1.13 1.13 3.52 1.49 0.54 0.54 1.90 0.63 1.37 1.37 1.37 0.17 1.37 1.37 0.06 0.06 0.06 0.06 0.09 0.00 0.00 0.00 0.00 0.00 0.00 0.00 0.00 0.00 0.00 0.00 0.00 0.00 0.00 0.00 0.00 0.00 0.00 0.00 0.00 0.00 0.00 0.00 0.00 0.00 0.00 0.00 0.00 0.00 0.00 0.00 0.00 0.00 0.00 0.00
1.69 1.69 1.69 1.69 1.62 1.62 1.62 1.62 2.44 1.62 2.00 2.00 1.80 1.80 2.90 1.23 1.23 2.90 2.90 1.45 1.34 1.34 2.70 2.70 2.70 2.70 2.70 2.70 2.70 1.13 1.13 1.13 1.13 1.49 2.07 2.07 0.48 0.24 0.24 0.17 1.37 0.09 1.37 0.06 0.06 0.06 0.06 0.28 0.00 1.03 0.00 0.00 0.00 0.00 0.00 0.00 0.00 0.00 0.00 0.00 0.00 0.00 0.00 0.00 0.00 0.00 0.00 0.00 0.00 0.00 0.00 0.00 0.00 0.00 0.00 0.00 0.00 0.00 0.00 0.00 0.00 0.00 0.00 0.00
1.69 1.69 1.69 4.12 1.62 1.62 1.62 3.16 1.62 1.62 2.00 2.00 1.80 1.80 2.90 2.90 1.23 2.90 2.90 2.90 1.34 2.70 2.70 2.70 2.70 2.70 2.70 2.70 2.70 1.13 1.67 1.13 1.49 1.49 0.11 1.49 1.37 1.37 0.24 0.24 1.37 0.24 1.37 1.37 0.06 0.06 0.06 0.28 0.00 0.00 0.00 0.00 0.00 0.00 0.00 0.00 0.00 0.00 0.00 0.00 0.00 0.00 0.00 0.00 0.00 0.00 0.00 0.00 0.00 0.00 0.00 0.00 0.00 0.00 0.00 0.00 0.00 0.00 0.00 0.00 0.00 0.00 0.00 0.00
3.28 1.69 1.69 1.69 1.62 3.16 1.62 1.62 3.16 2.00 2.00 1.80 1.80 2.90 2.90 1.53 1.23 1.80 2.90 2.90 2.70 2.70 1.34 1.34 2.70 2.70 2.70 1.13 1.67 1.49 0.27 0.20 1.49 1.49 1.49 1.49 1.37 1.37 1.37 0.24 1.37 0.09 0.09 0.34 0.06 0.28 0.28 1.03 0.00 0.00 0.00 0.00 0.00 0.00 0.00 0.00 0.00 0.00 0.00 0.00 0.00 0.00 0.00 0.00 0.00 0.00 0.00 0.00 0.00 0.00 0.00 0.00 0.00 0.00 0.00 0.00 0.00 0.00 0.00 0.00 0.00 0.00 0.00 0.00
3.28 3.28 1.69 1.69 1.62 1.62 1.62 1.62 3.16 2.00 2.00 1.80 1.23 2.90 2.90 1.80 1.80 1.23 1.45 2.90 2.70 2.70 1.13 2.70 1.34 1.13 1.13 1.13 1.13 1.49 1.49 0.07 0.07 0.11 0.11 0.11 1.37 1.37 1.37 1.37 0.09 0.17 0.09 0.17 0.17 0.00 0.00 0.00 0.00 0.00 0.00 0.00 0.00 0.00 0.00 0.00 0.00 0.00 0.00 0.00 0.00 0.00 0.00 0.00 0.00 0.00 0.00 0.00 0.00 0.00 0.00 0.00 0.00 0.00 0.00 0.00 0.00 0.00 0.00 0.00 0.00 0.00 0.00 0.00
1.69 1.69 1.69 1.69 1.62 1.62 3.16 1.37 1.37 2.00 1.80 1.80 2.90 2.90 1.45 1.23 1.23 1.80 1.45 1.45 2.70 2.70 1.67 1.34 2.70 2.70 1.13 1.34 0.11 0.39 1.49 1.49 0.07 0.07 1.49 1.49 1.37 1.37 0.09 0.17 0.34 1.37 0.17 0.17 0.28 0.00 0.00 0.00 0.00 0.00 0.00 0.00 0.00 0.00 0.00 0.00 0.00 0.00 0.00 0.00 0.00 0.00 0.00 0.00 0.00 0.00 0.00 0.00 0.00 0.00 0.00 0.00 0.00 0.00 0.00 0.00 0.00 0.00 0.00 0.00 0.00 0.00 0.00 0.00
1.78 1.69 1.44 1.69 3.16 2.76 3.16 1.62 3.16 3.16 1.23 1.23 1.45 1.80 1.80 1.80 1.23 1.80 1.45 2.90 1.34 1.34 1.13 1.13 2.70 1.13 1.13 0.20 0.20 0.27 0.11 1.49 1.49 0.07 0.11 1.49 0.08 0.06 0.06 0.06 0.17 0.09 1.37 0.28 1.03 0.00 0.00 0.00 0.00 0.00 0.00 0.00 0.00 0.00 0.00 0.00 0.00 0.00 0.00 0.00 0.00 0.00 0.00 0.00 0.00 0.00 0.00 0.00 0.00 0.00 0.00 0.00 0.00 0.00 0.00 0.00 0.00 0.00 0.00 0.00 0.00 0.00 0.00 0.00
3.28 2.08 2.08 2.08 2.00 1.62 3.16 3.16 3.16 1.23 1.23 1.23 2.90 2.90 1.80 1.23 1.80 1.80 1.80 1.45 1.67 1.67 2.70 1.67 2.70 2.70 1.67 1.67 1.67 0.27 0.20 0.27 0.27 0.11 0.11 0.11 0.08 0.06 0.06 0.28 0.28 1.03 1.03 1.03 1.03 0.00 0.00 0.00 0.00 0.00 0.00 0.00 0.00 0.00 0.00 0.00 0.00 0.00 0.00 0.00 0.00 0.00 0.00 0.00 0.00 0.00 0.00 0.00 0.00 0.00 0.00 0.00 0.00 0.00 0.00 0.00 0.00 0.00 0.00 0.00 0.00 0.00 0.00 0.00
3.28 2.08 2.08 1.44 1.37 2.00 3.16 3.16 1.62 1.23 1.23 2.90 2.90 1.80 1.23 1.23 1.80 1.23 1.80 1.80 1.67 1.13 2.70 2.70 1.34 1.67 1.67 1.67 1.67 0.20 0.27 0.20 0.20 0.11 1.49 0.31 1.03 0.28 0.28 1.03 1.03 0.00 0.00 0.00 0.00 0.00 0.00 0.00 0.00 0.00 0.00 0.00 0.00 0.00 0.00 0.00 0.00 0.00 0.00 0.00 0.00 0.00 0.00 0.00 0.00 0.00 0.00 0.00 0.00 0.00 0.00 0.00 0.00 0.00 0.00 0.00 0.00 0.00 0.00 0.00 0.00 0.00 0.00 0.00
