New_Model_Runs/14_Future_RCP8.5_Scn1_out/post_prcessed_no_MFR/actual_et_annual.asc
NCOLS 700
NROWS 400
XLLCENTER 515000.000000
YLLCENTER 8409000.000000
CELLSIZE 50.000000
NODATA_value -999.000000
[rows 180 to 215 of 400, columns 243 to 323 of 700]
15.21 15.21 15.21 0.00 0.00 54.74 0.00 1.13 15.21 15.21 15.21 15.21 15.21 13.91 13.91 13.91 13.91 13.91 13.91 20.41 13.91 13.91 13.91 13.91 13.91 13.91 13.91 13.91 13.91 13.85 13.85 13.85 13.85 13.85 13.85 13.85 13.85 13.85 13.85 13.85 13.85 13.85 13.85 13.85 13.85 36.33 38.07 36.02 45.60 38.07 36.02 36.02 38.07 38.07 38.07 12.99 12.99 12.99 12.99 12.99 12.99 13.34 13.34 13.34 13.34 13.34 13.34 13.34 13.34 13.34 13.34 13.34 13.34 13.34 13.34 13.34 13.34 11.37 11.37 11.37 11.37
15.21 15.21 15.21 15.21 1.13 15.21 15.21 15.21 15.21 15.21 15.21 15.21 15.21 13.91 13.91 13.91 13.91 13.91 13.91 13.91 13.91 13.91 13.91 13.91 13.91 13.91 13.91 13.91 13.91 13.85 13.85 13.85 13.85 13.85 13.85 13.85 13.85 13.85 13.85 13.85 13.85 13.85 13.85 13.85 13.85 38.07 38.07 36.02 38.07 45.60 36.02 36.03 38.07 36.02 36.02 12.99 12.99 12.99 12.99 12.99 12.99 13.34 13.34 13.34 13.34 13.34 13.34 13.34 13.34 13.34 13.34 13.34 13.34 13.34 13.34 13.34 13.34 11.37 11.37 11.37 11.37
15.21 15.21 15.21 15.21 15.21 15.21 15.21 15.21 15.21 15.21 15.21 15.21 15.21 13.91 13.91 13.91 13.91 13.91 13.91 13.91 13.91 13.91 13.91 13.91 13.91 13.91 13.91 13.91 13.91 13.85 13.85 13.85 13.85 13.85 13.85 13.85 13.85 13.85 13.85 13.85 13.85 13.85 13.85 13.85 37.78 38.07 38.07 36.02 45.60 45.60 36.33 36.33 38.44 36.02 36.02 38.44 12.99 12.99 12.99 12.99 12.99 13.34 13.34 13.34 13.34 13.34 13.34 13.34 13.34 13.34 13.34 13.34 13.34 13.34 13.34 13.34 13.34 11.37 11.37 11.37 11.37
15.21 15.21 15.21 15.21 15.21 15.21 15.21 15.21 15.21 15.21 15.21 15.21 15.21 13.91 13.91 13.91 13.91 13.91 13.91 13.91 13.91 13.91 13.91 13.91 13.91 13.91 13.91 13.91 13.91 13.85 13.85 13.85 13.85 13.85 13.85 13.85 13.85 13.85 13.85 13.85 13.85 13.85 13.85 13.85 37.78 12.99 12.99 36.03 43.76 45.60 36.33 12.99 38.44 36.33 38.07 38.07 12.99 12.99 12.99 12.99 12.99 13.34 13.34 13.34 13.34 13.34 13.34 13.34 13.34 13.34 13.34 13.34 13.34 13.34 13.34 13.34 13.34 11.37 11.37 11.37 11.37
15.21 15.21 15.21 15.21 15.21 15.21 15.21 15.21 15.21 15.21 15.21 15.21 15.21 13.91 13.91 13.91 13.91 13.91 13.91 13.91 13.91 13.91 13.91 13.91 13.91 13.91 13.91 13.91 13.91 13.85 13.85 13.85 13.85 13.85 13.85 13.85 13.85 13.85 13.85 13.85 13.85 13.85 13.85 13.85 13.85 12.99 12.99 36.33 43.77 43.76 12.99 12.99 36.33 38.44 38.44 36.02 12.99 12.99 12.99 12.99 12.99 13.34 13.34 13.34 13.34 13.34 13.34 13.34 13.34 13.34 13.34 13.34 13.34 13.34 13.34 13.34 13.34 11.37 11.37 11.37 11.37
15.21 15.21 15.21 15.21 15.21 15.21 15.21 15.21 15.21 15.21 15.21 15.21 15.21 13.91 13.91 13.91 13.91 13.91 13.91 13.91 13.91 13.91 13.91 13.91 13.91 13.91 13.91 13.91 13.91 13.85 13.85 13.85 13.85 13.85 13.85 13.85 13.85 13.85 13.85 13.85 13.85 13.85 13.85 13.85 13.85 12.99 12.99 36.33 43.76 38.07 36.02 12.99 38.44 38.44 38.44 38.44 12.99 12.99 12.99 12.99 12.99 13.34 13.34 13.34 13.34 13.34 13.34 13.34 13.34 13.34 13.34 13.34 13.34 13.34 13.34 13.34 13.34 11.37 11.37 11.37 11.37
15.21 15.21 15.21 15.21 15.21 15.21 15.21 15.21 15.21 15.21 15.21 15.21 15.21 13.91 13.91 13.91 13.91 13.91 13.91 13.91 13.91 13.91 13.91 13.91 13.91 13.91 13.91 13.91 13.91 13.85 13.85 13.85 13.85 13.85 13.85 13.85 13.85 13.85 13.85 13.85 13.85 13.85 13.85 13.85 13.85 12.99 12.99 12.99 38.07 38.07 36.02 12.99 38.44 12.99 12.99 12.99 12.99 12.99 12.99 12.99 12.99 13.34 13.34 13.34 13.34 13.34 13.34 13.34 13.34 13.34 13.34 13.34 13.34 13.34 13.34 13.34 13.34 11.37 11.37 11.37 11.37
15.21 15.21 15.21 15.21 15.21 15.21 15.21 15.21 15.21 15.21 15.21 15.21 15.21 13.91 13.91 13.91 13.91 13.91 13.91 13.91 13.91 13.91 13.91 13.91 13.91 13.91 13.91 13.91 13.91 13.85 13.85 13.85 13.85 13.85 13.85 13.85 13.85 13.85 13.85 13.85 13.85 13.85 13.85 13.85 13.85 12.99 12.99 12.99 38.07 38.07 38.07 12.99 12.99 12.99 12.99 12.99 12.99 12.99 12.99 12.99 12.99 13.34 13.34 13.34 13.34 13.34 13.34 13.34 13.34 13.34 13.34 13.34 13.34 13.34 13.34 13.34 13.34 11.37 11.37 11.37 11.37
15.21 15.21 15.21 15.21 15.21 15.21 15.21 15.21 15.21 15.21 15.21 15.21 15.21 13.91 13.91 13.91 13.91 13.91 13.91 13.91 13.91 13.91 13.91 13.91 13.91 13.91 13.91 13.91 13.91 13.85 13.85 13.85 13.85 13.85 13.85 13.85 13.85 13.85 13.85 13.85 13.85 13.85 13.85 13.85 13.85 12.99 12.99 12.99 12.99 36.33 12.99 12.99 12.99 12.99 12.99 12.99 12.99 12.99 12.99 12.99 12.99 13.34 13.34 40.07 13.34 13.34 13.34 13.34 13.34 13.34 13.34 13.34 13.34 13.34 13.34 13.34 13.34 11.37 11.37 11.37 11.37
15.21 15.21 15.21 15.21 15.21 15.21 15.21 15.21 15.21 15.21 15.21 15.21 15.21 13.91 13.91 13.91 13.91 13.91 13.91 13.91 13.91 13.91 13.91 13.91 13.91 13.91 13.91 13.91 13.91 13.85 13.85 13.85 13.85 13.85 13.85 13.85 13.85 13.85 13.85 13.85 13.85 13.85 13.85 13.85 13.85 12.99 12.99 12.99 12.99 12.99 12.99 12.99 12.99 12.99 12.99 12.99 12.99 12.99 12.99 12.99 12.99 13.34 13.34 13.34 13.34 13.34 13.34 13.34 13.34 13.34 13.34 13.34 13.34 13.34 13.34 13.34 13.34 11.37 11.37 11.37 11.37
15.21 15.21 15.21 15.21 15.21 15.21 15.21 15.21 15.21 15.21 15.21 15.21 15.21 13.91 13.91 13.91 13.91 13.91 13.91 13.91 13.91 13.91 13.91 13.91 13.91 13.91 13.91 13.91 13.91 13.85 13.85 13.85 13.85 13.85 13.85 13.85 13.85 13.85 13.85 13.85 13.85 13.85 13.85 13.85 13.85 12.99 12.99 12.99 12.99 12.99 12.99 12.99 12.99 12.99 12.99 12.99 12.99 12.99 12.99 12.99 12.99 13.34 13.34 13.34 13.34 13.34 13.34 13.34 13.34 13.34 13.34 13.34 13.34 13.34 13.34 13.34 13.34 11.37 11.37 11.37 11.37
15.21 15.21 15.21 15.21 15.21 15.21 15.21 15.21 15.21 15.21 15.21 15.21 15.21 13.91 13.91 13.91 13.91 13.91 13.91 13.91 13.91 13.91 13.91 13.91 13.91 13.91 13.91 13.91 13.91 13.85 13.85 13.85 13.85 13.85 13.85 13.85 13.85 13.85 13.85 13.85 13.85 13.85 13.85 13.85 13.85 12.99 12.99 12.99 12.99 12.99 12.99 12.99 12.99 12.99 12.99 12.99 12.99 12.99 12.99 12.99 12.99 13.34 13.34 13.34 13.34 13.34 13.34 13.34 13.34 13.34 13.34 13.34 13.34 13.34 13.34 13.34 13.34 11.37 11.37 11.37 11.37
15.21 15.21 15.21 15.21 15.21 15.21 15.21 15.21 15.21 15.21 15.21 15.21 15.21 13.91 13.91 13.91 13.91 13.91 13.91 13.91 13.91 13.91 13.91 13.91 13.91 13.91 13.91 13.91 13.91 13.85 13.85 13.85 13.85 13.85 13.85 13.85 13.85 13.85 13.85 13.85 13.85 13.85 13.85 13.85 13.85 12.99 12.99 12.99 12.99 12.99 12.99 12.99 12.99 12.99 12.99 12.99 12.99 12.99 12.99 12.99 12.99 13.34 13.34 13.34 13.34 13.34 13.34 13.34 13.34 13.34 13.34 13.34 13.34 13.34 13.34 13.34 13.34 11.37 11.37 11.37 11.37
15.21 15.21 15.21 15.21 15.21 15.21 15.21 15.21 15.21 15.21 15.21 15.21 15.21 13.91 13.91 13.91 13.91 13.91 13.91 13.91 13.91 13.91 13.91 13.91 13.91 13.91 13.91 13.91 13.91 13.85 13.85 13.85 13.85 13.85 13.85 13.85 13.85 13.85 13.85 13.85 13.85 13.85 13.85 13.85 13.85 12.99 12.99 12.99 12.99 12.99 12.99 12.99 12.99 12.99 12.99 12.99 12.99 12.99 12.99 12.99 12.99 13.34 13.34 13.34 13.34 13.34 13.34 13.34 13.34 13.34 13.34 13.34 13.34 13.34 13.34 13.34 13.34 11.37 11.37 11.37 11.37
14.52 14.52 14.52 14.52 14.52 14.52 14.52 14.52 14.52 14.52 14.52 14.52 14.52 12.83 12.83 12.83 12.83 12.83 12.83 12.83 12.83 12.83 12.83 12.83 12.83 12.83 12.83 12.83 12.83 12.60 12.60 12.60 12.60 12.60 12.60 12.60 12.60 12.60 12.60 12.60 12.60 12.60 12.60 12.60 12.60 13.40 13.40 13.40 13.40 13.40 13.40 13.40 13.40 13.40 13.40 13.40 13.40 13.40 13.40 13.40 13.40 11.63 11.63 11.63 11.63 11.63 11.63 11.63 11.63 11.63 11.63 11.63 11.63 11.63 11.63 11.63 11.63 11.58 11.58 11.58 11.58
14.52 14.52 14.52 14.52 14.52 14.52 14.52 14.52 14.52 14.52 14.52 14.52 14.52 12.83 12.83 12.83 12.83 12.83 12.83 12.83 12.83 12.83 12.83 12.83 12.83 12.83 12.83 12.83 12.83 12.60 12.60 12.60 12.60 12.60 12.60 12.60 12.60 12.60 12.60 12.60 12.60 12.60 12.60 12.60 12.60 13.40 13.40 13.40 13.40 13.40 13.40 13.40 13.40 13.40 13.40 13.40 13.40 13.40 13.40 13.40 13.40 11.63 11.63 11.63 11.63 11.63 11.63 17.03 11.63 11.63 11.63 11.63 11.63 11.63 11.63 11.63 11.63 11.58 11.58 11.58 11.58
14.52 14.52 14.52 14.52 14.52 14.52 14.52 14.52 14.52 14.52 14.52 14.52 14.52 12.83 12.83 12.83 12.83 12.83 12.83 12.83 12.83 12.83 12.83 12.83 12.83 12.83 12.83 12.83 12.83 12.60 12.60 12.60 12.60 12.60 12.60 12.60 12.60 12.60 12.60 12.60 12.60 12.60 12.60 12.60 12.60 13.40 13.40 13.40 13.40 13.40 13.40 13.40 13.40 13.40 13.40 13.40 13.40 13.40 13.40 13.40 13.40 11.63 11.63 11.63 11.63 11.63 11.63 11.63 11.63 11.63 11.63 11.63 11.63 11.63 11.63 11.63 11.63 11.58 11.58 11.58 11.58
14.52 14.52 14.52 14.52 14.52 14.52 14.52 14.52 14.52 14.52 14.52 14.52 14.52 12.83 12.83 12.83 12.83 12.83 12.83 12.83 12.83 12.83 12.83 12.83 12.83 12.83 12.83 12.83 12.83 12.60 12.60 12.60 12.60 12.60 12.60 12.60 12.60 12.60 12.60 12.60 12.60 12.60 12.60 12.60 12.60 13.40 13.40 13.40 13.40 13.40 13.40 13.40 13.40 13.40 13.40 13.40 13.40 13.40 13.40 13.40 13.40 11.63 11.63 11.63 11.63 35.87 35.87 11.63 11.63 11.63 11.63 11.63 11.63 11.63 11.63 11.63 11.63 11.58 11.58 11.58 11.58
14.52 14.52 14.52 14.52 14.52 14.52 14.52 14.52 14.52 14.52 14.52 14.52 14.52 12.83 12.83 12.83 12.83 12.83 12.83 12.83 12.83 12.83 12.83 12.83 12.83 12.83 12.83 12.83 12.83 12.60 12.60 12.60 12.60 12.60 12.60 12.60 12.60 12.60 12.60 12.60 12.60 12.60 12.60 12.60 12.60 13.40 13.40 13.40 13.40 13.40 13.40 13.40 13.40 13.40 13.40 13.40 13.40 13.40 13.40 13.40 13.40 11.63 11.63 11.63 11.63 11.63 11.63 11.63 11.63 11.63 11.63 11.63 11.63 11.63 11.63 11.63 11.63 11.58 11.58 11.58 11.58
14.52 14.52 14.52 14.52 14.52 14.52 14.52 14.52 14.52 14.52 14.52 14.52 14.52 12.83 12.83 12.83 12.83 12.83 12.83 12.83 12.83 12.83 12.83 12.83 12.83 12.83 12.83 12.83 12.83 12.60 12.60 12.60 12.60 12.60 12.60 12.60 12.60 12.60 12.60 12.60 12.60 12.60 12.60 12.60 12.60 13.40 13.40 13.40 13.40 13.40 13.40 13.40 13.40 13.40 13.40 13.40 13.40 13.40 13.40 13.40 13.40 11.63 11.63 11.63 11.63 11.63 11.63 11.63 11.63 11.63 11.63 11.63 11.63 11.63 11.63 11.63 11.63 11.58 11.58 11.58 11.58
14.52 14.52 14.52 14.52 14.52 14.52 14.52 14.52 14.52 14.52 14.52 14.52 14.52 12.83 12.83 12.83 12.83 12.83 12.83 12.83 12.83 12.83 12.83 12.83 12.83 12.83 12.83 12.83 12.83 12.60 12.60 12.60 12.60 12.60 12.60 12.60 12.60 12.60 12.60 12.60 12.60 12.60 12.60 12.60 12.60 13.40 13.40 13.40 13.40 13.40 13.40 13.40 13.40 13.40 13.40 13.40 13.40 13.40 13.40 13.40 13.40 11.63 11.63 11.63 11.63 11.63 11.63 11.63 11.63 11.63 11.63 11.63 11.63 11.63 11.63 11.63 11.63 11.58 11.58 11.58 11.58
14.52 14.52 14.52 14.52 14.52 14.52 14.52 14.52 14.52 14.52 14.52 14.52 14.52 12.83 12.83 12.83 12.83 12.83 12.83 12.83 12.83 12.83 12.83 12.83 12.83 12.83 12.83 12.83 12.83 12.60 12.60 12.60 12.60 12.60 12.60 12.60 12.60 12.60 12.60 12.60 12.60 12.60 12.60 12.60 12.60 13.40 13.40 13.40 13.40 13.40 13.40 13.40 13.40 13.40 13.40 13.40 13.40 13.40 13.40 13.40 13.40 11.63 11.63 11.63 11.63 11.63 11.63 11.63 11.63 11.63 11.63 11.63 11.63 11.63 11.63 11.63 11.63 11.58 11.58 11.58 11.58
14.52 14.52 14.52 14.52 14.52 14.52 14.52 14.52 14.52 14.52 14.52 14.52 14.52 12.83 12.83 12.83 12.83 12.83 12.83 12.83 12.83 12.83 12.83 12.83 12.83 12.83 12.83 12.83 12.83 12.60 12.60 12.60 12.60 12.60 12.60 12.60 12.60 12.60 12.60 12.60 12.60 12.60 12.60 12.60 12.60 13.40 13.40 13.40 13.40 13.40 13.40 13.40 13.40 13.40 13.40 13.40 13.40 13.40 13.40 13.40 13.40 11.63 11.63 11.63 11.63 11.63 11.63 11.63 11.63 11.63 11.63 11.63 11.63 11.63 11.63 11.63 11.63 11.58 11.58 11.58 11.58
14.52 14.52 14.52 14.52 14.52 14.52 14.52 14.52 14.52 14.52 14.52 14.52 14.52 12.83 12.83 12.83 12.83 12.83 12.83 12.83 12.83 12.83 12.83 12.83 12.83 12.83 12.83 12.83 12.83 12.60 12.60 12.60 12.60 12.60 12.60 12.60 12.60 12.60 12.60 12.60 12.60 12.60 12.60 12.60 12.60 13.40 13.40 13.40 13.40 13.40 13.40 13.40 13.40 13.40 13.40 13.40 13.40 13.40 13.40 13.40 13.40 11.63 11.63 11.63 11.63 11.63 11.63 11.63 11.63 11.63 11.63 11.63 11.63 11.63 11.63 11.63 11.63 11.58 11.58 11.58 11.58
14.52 14.52 14.52 14.52 14.52 14.52 14.52 14.52 14.52 14.52 14.52 14.52 14.52 12.83 12.83 12.83 12.83 12.83 12.83 12.83 12.83 12.83 12.83 12.83 12.83 12.83 12.83 12.83 12.83 12.60 12.60 12.60 12.60 12.60 12.60 12.60 12.60 12.60 12.60 12.60 12.60 12.60 12.60 12.60 12.60 13.40 13.40 13.40 13.40 13.40 13.40 13.40 13.40 13.40 13.40 13.40 13.40 13.40 13.40 13.40 13.40 11.63 11.63 11.63 11.63 11.63 11.63 11.63 11.63 11.63 11.63 11.63 11.63 11.63 11.63 11.63 11.63 11.58 11.58 11.58 11.58
14.52 14.52 14.52 14.52 14.52 14.52 14.52 14.52 14.52 14.52 14.52 14.52 14.52 12.83 12.83 12.83 12.83 12.83 12.83 12.83 12.83 12.83 12.83 12.83 12.83 12.83 12.83 12.83 12.83 12.60 12.60 12.60 12.60 12.60 12.60 12.60 12.60 12.60 12.60 12.60 12.60 12.60 12.60 12.60 12.60 13.40 13.40 13.40 13.40 13.40 13.40 13.40 13.40 13.40 13.40 13.40 13.40 13.40 13.40 13.40 13.40 11.63 11.63 11.63 11.63 11.63 11.63 11.63 11.63 11.63 11.63 11.63 11.63 11.63 11.63 11.63 11.63 11.58 11.58 11.58 11.58
14.52 14.52 14.52 14.52 14.52 14.52 14.52 14.52 14.52 14.52 14.52 14.52 14.52 12.83 12.83 12.83 12.83 12.83 12.83 12.83 12.83 12.83 12.83 12.83 12.83 12.83 12.83 12.83 12.83 12.60 12.60 12.60 12.60 12.60 12.60 12.60 12.60 12.60 12.60 12.60 12.60 12.60 12.60 12.60 12.60 13.40 13.40 13.40 13.40 13.40 13.40 13.40 13.40 13.40 13.40 13.40 13.40 13.40 13.40 13.40 13.40 11.63 11.63 11.63 11.63 11.63 11.63 11.63 11.63 11.63 11.63 11.63 11.63 11.63 11.63 11.63 11.63 11.58 11.58 11.58 11.58
14.52 14.52 14.52 14.52 14.52 14.52 14.52 14.52 14.52 14.52 14.52 14.52 14.52 12.83 12.83 12.83 12.83 12.83 12.83 12.83 12.83 12.83 12.83 12.83 12.83 12.83 12.83 12.83 12.83 12.60 12.60 12.60 12.60 12.60 12.60 12.60 12.60 12.60 12.60 12.60 12.60 12.60 12.60 12.60 12.60 13.40 13.40 13.40 13.40 13.40 13.40 13.40 13.40 13.40 13.40 13.40 13.40 13.40 13.40 13.40 13.40 11.63 11.63 11.63 11.63 11.63 11.63 11.63 11.63 11.63 11.63 11.63 11.63 11.63 11.63 11.63 11.63 11.58 11.58 11.58 11.58
14.52 14.52 14.52 14.52 14.52 14.52 14.52 14.52 14.52 14.52 14.52 14.52 14.52 12.83 12.83 12.83 12.83 12.83 12.83 12.83 12.83 12.83 12.83 12.83 12.83 12.83 12.83 12.83 12.83 12.60 12.60 12.60 12.60 12.60 12.60 12.60 12.60 12.60 12.60 12.60 12.60 12.60 12.60 12.60 12.60 13.40 13.40 13.40 13.40 13.40 13.40 13.40 13.40 13.40 13.40 13.40 13.40 13.40 13.40 13.40 13.40 11.63 11.63 11.63 11.63 11.63 11.63 11.63 11.63 11.63 11.63 11.63 11.63 11.63 11.63 11.63 11.63 11.58 11.58 11.58 11.58
14.52 14.52 14.52 14.52 14.52 14.52 14.52 14.52 14.52 14.52 14.52 14.52 14.52 12.83 12.83 12.83 12.83 12.83 12.83 12.83 12.83 12.83 12.83 12.83 12.83 12.83 12.83 12.83 12.83 12.60 12.60 12.60 12.60 12.60 12.60 12.60 12.60 12.60 12.60 12.60 12.60 12.60 12.60 12.60 12.60 13.40 13.40 13.40 13.40 13.40 13.40 13.40 13.40 13.40 13.40 13.40 13.40 13.40 13.40 13.40 13.40 11.63 11.63 11.63 11.63 11.63 11.63 11.63 11.63 11.63 11.63 11.63 11.63 11.63 11.63 11.63 11.63 11.58 11.58 11.58 11.58
13.07 13.07 13.07 13.07 13.07 13.07 13.07 13.07 13.07 13.07 13.07 13.07 13.07 12.08 12.08 12.08 12.08 12.08 12.08 12.08 12.08 12.08 12.08 12.08 12.08 12.08 12.08 12.08 12.08 13.90 13.90 13.90 13.90 13.90 13.90 13.90 13.90 13.90 13.90 13.90 13.90 13.90 13.90 13.90 13.90 13.74 13.74 13.74 13.74 13.74 13.74 13.74 13.74 13.74 13.74 13.74 13.74 13.74 13.74 13.74 13.74 12.68 12.68 12.68 12.68 12.68 12.68 12.68 12.68 12.68 39.83 12.68 12.68 12.68 12.68 12.68 12.68 13.05 13.05 30.35 30.35
13.07 13.07 13.07 13.07 13.07 13.07 13.07 13.07 13.07 13.07 13.07 13.07 13.07 12.08 12.08 12.08 12.08 12.08 12.08 12.08 12.08 12.08 12.08 12.08 12.08 12.08 12.08 12.08 12.08 13.90 13.90 13.90 13.90 13.90 13.90 13.90 13.90 13.90 13.90 13.90 13.90 13.90 13.90 13.90 13.90 13.74 13.74 13.74 13.74 13.74 13.74 13.74 13.74 13.74 13.74 13.74 13.74 13.74 13.74 13.74 13.74 12.68 12.68 12.68 12.68 12.68 12.68 12.68 12.68 12.68 12.68 12.68 39.83 12.68 12.68 12.68 12.68 13.05 13.05 37.79 35.84
13.07 13.07 13.07 13.07 13.07 13.07 13.07 13.07 13.07 13.07 13.07 13.07 13.07 12.08 12.08 12.08 12.08 12.08 12.08 12.08 12.08 12.08 12.08 12.08 12.08 12.08 12.08 12.08 12.08 13.90 13.90 13.90 13.90 13.90 13.90 13.90 13.90 13.90 13.90 13.90 13.90 13.90 13.90 13.90 13.90 13.74 13.74 13.74 13.74 13.74 13.74 13.74 13.74 13.74 13.74 13.74 13.74 13.74 13.74 13.74 13.74 12.68 12.68 12.68 12.68 12.68 12.68 12.68 12.68 12.68 12.68 12.68 18.60 39.83 12.68 12.68 41.22 35.84 13.05 43.36 37.79
13.07 13.07 13.07 13.07 13.07 13.07 13.07 13.07 13.07 13.07 13.07 13.07 13.07 12.08 12.08 12.08 12.08 12.08 12.08 12.08 12.08 12.08 12.08 12.08 12.08 12.08 12.08 12.08 12.08 13.90 13.90 13.90 13.90 13.90 13.90 13.90 13.90 13.90 13.90 13.90 13.90 13.90 13.90 13.90 13.90 13.74 13.74 13.74 13.74 13.74 13.74 13.74 13.74 13.74 13.74 13.74 13.74 13.74 13.74 13.74 13.74 12.68 12.68 12.68 12.68 12.68 12.68 12.68 12.68 12.68 12.68 12.68 12.68 39.83 12.68 12.68 48.90 41.92 45.35 45.35 37.79
13.07 13.07 13.07 13.07 13.07 13.07 13.07 13.07 13.07 13.07 13.07 13.07 13.07 12.08 12.08 12.08 12.08 12.08 12.08 12.08 12.08 12.08 12.08 12.08 12.08 12.08 12.08 12.08 12.08 13.90 13.90 13.90 13.90 13.90 13.90 13.90 13.90 13.90 13.90 13.90 13.90 13.90 13.90 13.90 13.90 13.74 13.74 13.74 13.74 13.74 13.74 13.74 13.74 13.74 13.74 13.74 13.74 13.74 13.74 13.74 13.74 12.68 12.68 12.68 12.68 12.68 12.68 12.68 12.68 12.68 12.68 12.68 38.07 12.68 12.68 12.68 12.68 41.92 50.13 50.13 38.52
13.07 13.07 13.07 13.07 13.07 13.07 13.07 13.07 13.07 13.07 13.07 13.07 13.07 12.08 12.08 12.08 12.08 12.08 12.08 12.08 12.08 12.08 12.08 12.08 12.08 12.08 12.08 12.08 12.08 13.90 13.90 13.90 13.90 13.90 13.90 13.90 13.90 13.90 13.90 13.90 13.90 13.90 13.90 13.90 13.90 13.74 13.74 13.74 13.74 13.74 13.74 13.74 13.74 13.74 13.74 13.74 13.74 13.74 13.74 13.74 13.74 12.68 12.68 12.68 12.68 12.68 12.68 12.68 12.68 12.68 12.68 12.68 12.68 38.07 12.68 12.68 12.68 13.05 39.17 50.13 39.17
