New_Model_Runs/14_Future_RCP8.5_Scn1_out/post_prcessed_no_MFR/interception_annual.asc
NCOLS 700
NROWS 400
XLLCENTER 515000.000000
YLLCENTER 8409000.000000
CELLSIZE 50.000000
NODATA_value -999.000000
[rows 216 to 251 of 400, columns 81 to 161 of 700]
0.00 21.19 21.19 21.51 21.51 21.51 21.51 23.03 23.03 23.03 23.03 23.86 23.86 23.86 23.86 22.03 22.03 22.03 22.03 20.11 20.11 20.11 0.00 20.33 20.33 20.33 20.33 20.69 20.69 20.69 20.69 19.98 19.98 19.98 19.98 19.43 19.43 19.43 19.43 20.57 20.57 20.57 20.57 21.37 21.37 21.37 21.37 21.06 21.06 21.06 21.06 20.28 20.28 20.28 20.28 20.89 20.89 20.89 20.89 22.71 22.71 22.71 22.71 0.00 0.00 0.00 0.00 23.79 23.79 23.79 23.79 22.25 22.25 22.25 22.25 21.14 21.14 21.14 21.14 21.52 21.52
0.00 0.00 0.00 21.51 21.51 21.51 21.51 23.03 23.03 23.03 23.03 23.86 23.86 23.86 23.86 22.03 22.03 22.03 22.03 20.11 20.11 20.11 20.11 20.33 20.33 20.33 20.33 20.69 20.69 20.69 20.69 0.00 0.00 19.98 0.00 19.43 19.43 19.43 19.43 20.57 20.57 20.57 20.57 21.37 21.37 21.37 21.37 21.06 21.06 21.06 21.06 20.28 20.28 20.28 20.28 20.89 20.89 20.89 20.89 22.71 22.71 22.71 0.00 0.00 0.00 0.00 0.00 0.00 23.79 23.79 23.79 22.25 22.25 22.25 22.25 21.14 21.14 21.14 21.14 22.20 22.20
21.19 0.00 21.19 21.51 21.51 21.51 21.51 23.03 23.03 23.03 23.03 23.86 23.86 23.86 23.86 22.03 22.03 22.03 22.03 20.11 20.11 20.11 20.11 20.33 20.33 20.33 20.33 20.69 20.69 20.69 20.69 19.98 19.98 19.98 19.98 19.43 19.43 19.43 19.43 20.57 20.57 20.57 20.57 21.37 21.37 21.37 21.37 21.06 21.06 21.06 21.06 20.28 20.28 20.28 20.28 20.89 0.00 0.00 20.89 22.71 0.00 22.71 0.00 0.00 0.00 0.00 0.00 0.00 0.00 23.79 23.79 22.25 22.25 22.25 22.25 21.14 21.14 21.14 21.14 22.20 22.20
0.00 0.00 0.00 0.00 0.00 21.51 21.51 23.03 23.03 23.03 23.03 23.86 23.86 23.86 23.86 22.03 22.03 22.03 22.03 20.11 20.11 20.11 20.11 20.33 20.33 20.33 20.33 20.69 20.69 20.69 20.69 19.98 19.98 19.98 19.98 19.43 19.43 19.43 19.43 20.57 20.57 20.57 20.57 21.37 21.37 21.37 21.37 21.06 21.06 21.06 21.06 20.28 20.28 20.28 20.28 20.89 20.89 20.89 20.89 22.71 22.71 22.71 0.00 0.00 0.00 0.00 0.00 0.00 23.79 0.00 0.00 22.25 22.25 22.25 22.25 21.14 21.14 21.14 21.14 22.20 22.20
0.00 0.00 0.00 0.00 0.00 0.00 0.00 0.00 21.50 21.50 21.50 22.79 22.79 22.79 22.79 23.54 23.54 23.54 23.54 21.99 21.99 21.99 21.99 22.29 22.29 22.29 22.29 21.84 21.84 21.84 21.84 20.48 20.48 20.48 20.48 20.20 20.20 20.20 20.20 19.98 19.98 19.98 19.98 20.07 20.07 20.07 20.07 20.46 20.46 20.46 20.46 20.78 20.78 20.78 20.78 22.05 22.05 22.05 22.05 23.66 23.66 23.66 0.00 0.00 0.00 0.00 0.00 0.00 0.00 0.00 0.00 23.68 23.68 23.68 0.00 24.04 24.04 24.04 24.04 24.35 24.35
0.00 0.00 0.00 0.00 0.00 0.00 21.07 0.00 21.50 21.50 21.50 22.79 22.79 22.79 22.79 23.54 23.54 23.54 23.54 21.99 21.99 21.99 21.99 22.29 22.29 22.29 22.29 21.84 21.84 21.84 21.84 20.48 20.48 20.48 20.48 20.20 20.20 20.20 20.20 19.98 19.98 19.98 19.98 20.07 20.07 20.07 20.07 20.46 20.46 20.46 20.46 20.78 20.78 20.78 20.78 22.05 22.05 0.00 22.05 23.66 23.66 0.00 0.00 0.00 0.00 0.00 0.00 0.00 0.00 0.00 0.00 0.00 23.68 0.00 0.00 0.00 0.00 0.00 0.00 0.00 0.00
21.36 0.00 0.00 0.00 0.00 0.00 0.00 21.50 21.50 21.50 21.50 22.79 22.79 22.79 22.79 23.54 23.54 23.54 23.54 21.99 21.99 21.99 21.99 22.29 22.29 22.29 22.29 21.84 21.84 21.84 21.84 20.48 20.48 20.48 20.48 20.20 20.20 20.20 20.20 19.98 19.98 19.98 19.98 20.07 20.07 20.07 20.07 20.46 20.46 20.46 20.46 20.78 20.78 20.78 20.78 22.05 22.05 0.00 22.05 23.66 0.00 0.00 0.00 0.00 0.00 0.00 0.00 23.74 23.74 23.74 0.00 0.00 0.00 0.00 0.00 0.00 0.00 0.00 0.00 0.00 0.00
21.36 0.00 0.00 0.00 0.00 21.07 0.00 21.50 21.50 21.50 21.50 22.79 22.79 22.79 22.79 23.54 23.54 23.54 23.54 21.99 21.99 21.99 21.99 22.29 22.29 22.29 22.29 21.84 21.84 21.84 21.84 20.48 20.48 20.48 20.48 20.20 20.20 20.20 20.20 19.98 19.98 19.98 19.98 20.07 20.07 20.07 20.07 20.46 20.46 20.46 20.46 20.78 20.78 20.78 20.78 22.05 22.05 22.05 22.05 23.66 0.00 0.00 0.00 0.00 0.00 0.00 24.37 23.74 23.74 0.00 23.74 23.68 0.00 0.00 0.00 0.00 0.00 0.00 0.00 0.00 0.00
22.20 22.20 22.20 21.49 21.49 21.49 21.49 21.07 21.07 21.07 21.07 21.52 21.52 21.52 21.52 23.41 23.41 23.41 23.41 24.19 24.19 24.19 24.19 24.33 24.33 24.33 24.33 22.73 22.73 22.73 22.73 21.68 21.68 21.68 21.68 21.96 21.96 21.96 21.96 21.08 21.08 21.08 21.08 20.57 20.57 20.57 20.57 21.65 21.65 21.65 21.65 22.41 22.41 22.41 22.41 23.83 23.83 23.83 23.83 24.40 24.40 24.40 0.00 0.00 23.93 23.93 23.93 23.62 23.62 23.62 23.62 0.00 0.00 0.00 0.00 0.00 0.00 0.00 0.00 0.00 0.00
22.20 22.20 22.20 21.49 21.49 21.49 21.49 21.07 21.07 21.07 21.07 21.52 21.52 21.52 21.52 23.41 23.41 23.41 23.41 24.19 24.19 24.19 24.19 24.33 24.33 24.33 24.33 22.73 22.73 22.73 22.73 21.68 21.68 21.68 21.68 21.96 21.96 21.96 21.96 21.08 21.08 21.08 21.08 20.57 20.57 20.57 20.57 21.65 21.65 21.65 21.65 22.41 22.41 22.41 22.41 23.83 23.83 23.83 23.83 24.40 0.00 0.00 24.40 23.93 23.93 23.93 23.93 23.62 23.62 23.62 23.62 0.00 0.00 0.00 0.00 0.00 0.00 0.00 0.00 0.00 0.00
23.32 23.32 23.32 22.52 22.52 22.52 22.52 22.05 22.05 22.05 22.05 22.55 22.55 22.55 22.55 24.50 24.50 24.50 24.50 25.37 25.37 25.37 25.37 25.52 25.52 25.52 25.52 23.75 23.75 23.75 23.75 22.45 22.45 22.45 22.45 22.76 22.76 22.76 22.76 21.79 21.79 21.79 21.79 21.24 21.24 21.24 21.24 22.22 22.22 22.22 22.22 23.03 23.03 23.03 23.03 24.54 24.54 24.54 24.54 25.15 25.15 25.15 25.15 0.00 24.55 24.55 24.55 24.22 24.22 24.22 24.22 25.04 0.00 0.00 0.00 0.00 25.24 0.00 0.00 0.00 0.00
23.32 23.32 23.32 22.52 22.52 22.52 22.52 22.05 22.05 22.05 22.05 22.55 22.55 22.55 22.55 24.50 24.50 24.50 24.50 25.37 25.37 25.37 25.37 25.52 25.52 25.52 25.52 23.75 23.75 23.75 23.75 22.45 22.45 22.45 22.45 22.76 22.76 22.76 22.76 21.79 21.79 21.79 21.79 21.24 21.24 21.24 21.24 22.22 22.22 22.22 22.22 23.03 23.03 23.03 23.03 24.54 24.54 24.54 24.54 25.15 25.15 0.00 25.15 24.55 24.55 0.00 0.00 24.22 24.22 24.22 24.22 0.00 0.00 0.00 0.00 0.00 25.24 25.24 0.00 0.00 25.19
24.13 24.13 24.13 23.80 23.80 23.80 23.80 23.54 23.54 23.54 23.54 23.70 23.70 23.70 23.70 24.90 24.90 24.90 24.90 26.95 26.95 26.95 26.95 27.45 27.45 27.45 27.45 25.99 25.99 25.99 25.99 25.50 25.50 25.50 25.50 24.53 24.53 24.53 24.53 23.28 23.28 23.28 23.28 22.71 22.71 22.71 22.71 24.04 24.04 24.04 24.04 25.23 25.23 25.23 25.23 25.79 25.79 25.79 25.79 24.64 24.64 24.64 24.64 24.11 24.11 0.00 0.00 24.63 24.63 24.63 24.63 0.00 0.00 0.00 0.00 0.00 24.35 24.35 24.35 23.95 23.95
24.13 24.13 24.13 23.80 23.80 23.80 23.80 23.54 23.54 23.54 23.54 23.70 23.70 23.70 23.70 24.90 24.90 24.90 24.90 26.95 26.95 26.95 26.95 27.45 27.45 27.45 27.45 25.99 25.99 25.99 25.99 25.50 25.50 25.50 25.50 24.53 24.53 24.53 24.53 23.28 23.28 23.28 23.28 22.71 22.71 22.71 22.71 24.04 24.04 24.04 24.04 25.23 25.23 25.23 25.23 25.79 25.79 25.79 25.79 24.64 24.64 24.64 24.64 24.11 24.11 0.00 0.00 24.63 0.00 24.63 24.63 25.27 0.00 0.00 0.00 0.00 24.35 24.35 24.35 23.95 23.95
24.13 24.13 24.13 23.80 23.80 23.80 23.80 23.54 23.54 23.54 23.54 23.70 23.70 23.70 23.70 24.90 24.90 24.90 24.90 26.95 26.95 26.95 26.95 27.45 27.45 27.45 27.45 25.99 25.99 25.99 25.99 25.50 25.50 25.50 25.50 24.53 24.53 24.53 24.53 23.28 23.28 23.28 23.28 22.71 22.71 22.71 22.71 24.04 24.04 24.04 24.04 25.23 25.23 25.23 25.23 25.79 25.79 25.79 25.79 24.64 24.64 24.64 24.64 24.11 24.11 24.11 24.11 24.63 0.00 0.00 0.00 25.27 25.27 0.00 0.00 0.00 24.35 24.35 24.35 23.95 23.95
24.13 24.13 24.13 23.80 23.80 23.80 23.80 23.54 23.54 23.54 23.54 23.70 23.70 23.70 23.70 24.90 24.90 24.90 24.90 26.95 26.95 26.95 26.95 27.45 27.45 27.45 27.45 25.99 25.99 25.99 25.99 25.50 25.50 25.50 25.50 24.53 24.53 24.53 24.53 23.28 23.28 23.28 23.28 22.71 22.71 22.71 22.71 24.04 24.04 24.04 24.04 25.23 25.23 25.23 25.23 25.79 25.79 25.79 25.79 24.64 24.64 24.64 24.64 24.11 24.11 24.11 24.11 24.63 24.63 24.63 24.63 25.27 25.27 0.00 0.00 0.00 0.00 24.35 24.35 23.95 23.95
25.50 25.50 25.50 25.64 25.64 25.64 25.64 25.87 25.87 25.87 25.87 26.01 26.01 26.01 26.01 27.77 27.77 27.77 27.77 28.87 28.87 28.87 28.87 27.57 27.57 27.57 27.57 25.94 25.94 25.94 25.94 25.23 25.23 25.23 25.23 23.61 23.61 23.61 23.61 23.62 23.62 23.62 23.62 24.41 24.41 24.41 24.41 25.53 25.53 25.53 25.53 25.37 25.37 25.37 25.37 24.06 24.06 24.06 24.06 22.44 22.44 22.44 22.44 22.59 22.59 22.59 22.59 23.97 23.97 23.97 23.97 24.63 24.63 0.00 24.63 23.15 23.15 23.15 23.15 22.36 22.36
25.50 25.50 25.50 25.64 25.64 25.64 25.64 25.87 25.87 25.87 25.87 26.01 26.01 26.01 26.01 27.77 27.77 27.77 27.77 28.87 28.87 28.87 28.87 27.57 27.57 27.57 27.57 25.94 25.94 25.94 25.94 25.23 25.23 25.23 25.23 23.61 23.61 23.61 23.61 23.62 23.62 23.62 23.62 24.41 24.41 24.41 24.41 25.53 25.53 25.53 25.53 25.37 25.37 25.37 25.37 24.06 24.06 24.06 24.06 22.44 22.44 22.44 22.44 22.59 22.59 22.59 22.59 23.97 23.97 23.97 23.97 24.63 24.63 24.63 24.63 23.15 23.15 23.15 23.15 22.36 22.36
25.50 25.50 25.50 25.64 25.64 25.64 25.64 25.87 25.87 25.87 25.87 26.01 26.01 26.01 26.01 27.77 27.77 27.77 27.77 28.87 28.87 28.87 28.87 27.57 27.57 27.57 27.57 25.94 25.94 25.94 25.94 25.23 25.23 25.23 25.23 23.61 23.61 23.61 23.61 23.62 23.62 23.62 23.62 24.41 24.41 24.41 24.41 25.53 25.53 25.53 25.53 25.37 25.37 25.37 25.37 24.06 24.06 24.06 24.06 22.44 22.44 22.44 22.44 22.59 22.59 22.59 22.59 23.97 23.97 23.97 23.97 24.63 24.63 24.63 24.63 23.15 23.15 23.15 23.15 22.36 22.36
25.50 25.50 25.50 25.64 25.64 25.64 25.64 25.87 25.87 25.87 25.87 26.01 26.01 26.01 26.01 27.77 27.77 27.77 27.77 28.87 28.87 28.87 28.87 27.57 27.57 27.57 27.57 25.94 25.94 25.94 25.94 25.23 25.23 25.23 25.23 23.61 23.61 23.61 23.61 23.62 23.62 23.62 23.62 24.41 24.41 24.41 24.41 25.53 25.53 25.53 25.53 25.37 25.37 25.37 25.37 24.06 24.06 24.06 24.06 22.44 22.44 22.44 22.44 22.59 22.59 22.59 22.59 23.97 23.97 23.97 23.97 24.63 24.63 24.63 24.63 23.15 23.15 23.15 23.15 22.36 22.36
26.82 26.82 26.82 27.83 27.83 27.83 27.83 27.80 27.80 27.80 27.80 28.06 28.06 28.06 28.06 28.96 28.96 28.96 28.96 26.98 26.98 26.98 26.98 24.55 24.55 24.55 24.55 23.45 23.45 23.45 23.45 22.80 22.80 22.80 22.80 22.71 22.71 22.71 22.71 24.13 24.13 24.13 24.13 24.52 24.52 24.52 24.52 23.90 23.90 23.90 23.90 22.62 22.62 22.62 22.62 21.28 21.28 21.28 21.28 20.19 20.19 20.19 20.19 20.87 20.87 20.87 20.87 23.25 23.25 23.25 23.25 24.08 24.08 24.08 24.08 22.23 22.23 22.23 22.23 21.60 21.60
26.82 26.82 26.82 27.83 27.83 27.83 27.83 27.80 27.80 27.80 27.80 28.06 28.06 28.06 28.06 28.96 28.96 28.96 28.96 26.98 26.98 26.98 26.98 24.55 24.55 24.55 24.55 23.45 23.45 23.45 23.45 22.80 22.80 22.80 22.80 22.71 22.71 22.71 22.71 24.13 24.13 24.13 24.13 24.52 24.52 24.52 24.52 23.90 23.90 23.90 23.90 22.62 22.62 22.62 22.62 21.28 21.28 21.28 21.28 20.19 20.19 20.19 20.19 20.87 20.87 20.87 20.87 23.25 23.25 23.25 23.25 24.08 24.08 24.08 24.08 22.23 22.23 22.23 22.23 21.60 21.60
26.82 26.82 26.82 27.83 27.83 27.83 27.83 27.80 27.80 27.80 27.80 28.06 28.06 28.06 28.06 28.96 28.96 28.96 28.96 26.98 26.98 26.98 26.98 24.55 24.55 24.55 24.55 23.45 23.45 23.45 23.45 22.80 22.80 22.80 22.80 22.71 22.71 22.71 22.71 24.13 24.13 24.13 24.13 24.52 24.52 24.52 24.52 23.90 23.90 23.90 23.90 22.62 22.62 22.62 22.62 21.28 21.28 21.28 21.28 20.19 20.19 20.19 20.19 20.87 20.87 20.87 20.87 23.25 23.25 23.25 23.25 24.08 24.08 24.08 24.08 22.23 22.23 22.23 22.23 21.60 21.60
26.82 26.82 26.82 27.83 27.83 27.83 27.83 27.80 27.80 27.80 27.80 28.06 28.06 28.06 28.06 28.96 28.96 28.96 28.96 26.98 26.98 26.98 26.98 24.55 24.55 24.55 24.55 23.45 23.45 23.45 23.45 22.80 22.80 22.80 22.80 22.71 22.71 22.71 22.71 24.13 24.13 24.13 24.13 24.52 24.52 24.52 24.52 23.90 23.90 23.90 23.90 22.62 22.62 22.62 22.62 21.28 21.28 21.28 21.28 20.19 20.19 20.19 20.19 20.87 20.87 20.87 20.87 23.25 23.25 23.25 23.25 24.08 24.08 24.08 24.08 22.23 22.23 22.23 22.23 21.60 21.60
28.18 28.18 27.96 28.71 28.71 28.71 28.71 27.84 27.84 27.84 27.84 27.25 27.25 27.25 27.25 27.08 27.08 27.08 27.08 23.81 23.81 23.81 23.81 21.93 21.93 21.93 21.93 20.89 20.89 20.89 20.89 21.20 21.20 21.20 21.20 22.95 22.95 22.95 22.95 23.83 23.83 23.83 23.83 23.62 23.62 23.62 23.62 22.72 22.72 22.72 22.72 20.76 20.76 20.76 20.76 19.47 19.47 19.47 19.47 19.01 19.01 19.01 19.01 20.98 20.98 20.98 20.98 23.97 23.97 23.97 23.97 24.23 24.23 24.23 24.23 22.35 22.35 22.35 22.35 21.43 21.43
28.18 28.18 28.18 28.93 28.93 28.71 28.71 27.84 27.84 27.84 27.84 27.25 27.25 27.25 27.25 27.08 27.08 27.08 27.08 23.81 23.81 23.81 23.81 21.93 21.93 21.93 21.93 20.89 20.89 20.89 20.89 21.20 21.20 21.20 21.20 22.95 22.95 22.95 22.95 23.83 23.83 23.83 23.83 23.62 23.62 23.62 23.62 22.72 22.72 22.72 22.72 20.76 20.76 20.76 20.76 19.47 19.47 19.47 19.47 19.01 19.01 19.01 19.01 20.98 20.98 20.98 20.98 23.97 23.97 23.97 23.97 24.23 24.23 24.23 24.23 22.35 22.35 22.35 22.35 21.43 21.43
28.06 28.06 28.06 28.80 28.80 28.80 28.80 27.94 27.94 27.72 27.72 27.14 27.14 27.14 27.14 26.64 26.64 26.64 26.64 23.47 23.47 23.47 23.47 21.65 21.65 21.65 21.65 20.65 20.65 20.65 20.65 20.84 20.84 20.84 20.84 22.51 22.51 22.51 22.51 23.35 23.35 23.35 23.35 23.16 23.16 23.16 23.16 22.26 22.26 22.26 22.26 20.40 20.40 20.40 20.40 19.17 19.17 19.17 19.17 18.73 18.73 18.73 18.73 20.57 20.57 20.57 20.57 23.41 23.41 23.41 23.41 23.66 23.66 23.66 23.66 21.88 21.88 21.88 21.88 21.00 21.00
28.06 28.06 28.06 28.80 28.80 28.80 28.80 27.94 27.94 27.94 27.94 27.36 27.14 27.14 27.14 26.64 26.64 26.64 26.64 23.47 23.47 23.47 23.47 21.65 21.65 21.65 21.65 20.65 20.65 20.65 20.65 20.84 20.84 20.84 20.84 22.51 22.51 22.51 22.51 23.35 23.35 23.35 23.35 23.16 23.16 23.16 23.16 22.26 22.26 22.26 22.26 20.40 20.40 20.40 20.40 19.17 19.17 19.17 19.17 18.73 18.73 18.73 18.73 20.57 20.57 20.57 20.57 23.41 23.41 23.41 23.41 23.66 23.66 23.66 23.66 21.88 21.88 21.88 21.88 21.00 21.00
28.84 28.84 28.84 28.39 28.39 28.39 28.39 27.17 27.17 27.17 27.17 26.86 26.86 26.86 26.86 25.40 25.40 25.40 25.40 22.39 22.39 22.39 22.39 20.04 20.04 20.04 20.04 19.10 19.10 19.10 19.10 20.70 20.70 20.70 20.70 23.31 23.31 23.31 23.31 23.30 23.30 23.30 23.30 23.00 23.00 23.00 23.00 22.56 22.56 22.56 22.56 20.01 20.01 20.01 20.01 18.32 18.32 18.32 18.32 19.11 19.11 19.11 19.11 22.21 22.21 22.21 22.21 24.15 24.15 24.15 24.15 23.95 23.95 23.95 23.95 23.01 23.01 23.01 23.01 21.53 21.53
28.84 28.84 28.84 28.39 28.39 28.39 28.39 27.17 27.17 27.17 27.17 26.86 26.86 26.86 26.86 25.64 25.64 25.64 25.40 22.39 22.39 22.39 22.39 20.04 20.04 20.04 20.04 19.10 19.10 19.10 16.28 20.70 20.70 20.70 20.70 23.31 23.31 23.31 23.31 23.30 23.30 23.30 23.30 23.00 23.00 23.00 23.00 22.56 22.56 22.56 22.56 20.01 20.01 20.01 20.01 18.32 18.32 18.32 0.00 19.11 19.11 19.11 19.11 22.21 22.21 22.21 22.21 24.15 24.15 24.15 24.15 23.95 23.95 23.95 23.95 23.01 23.01 23.01 23.01 21.53 21.53
28.84 28.84 28.84 28.39 28.39 28.39 28.39 27.17 27.17 27.17 27.17 26.86 26.86 26.86 26.86 25.64 25.64 25.64 25.64 22.63 22.63 22.63 22.39 20.04 20.04 20.04 20.04 19.10 19.10 19.10 0.00 0.00 0.00 20.70 0.00 23.31 23.31 23.31 23.31 23.30 23.30 23.30 23.30 23.00 23.00 23.00 23.00 22.56 22.56 22.56 22.56 20.01 20.01 20.01 20.01 18.32 18.32 18.32 18.32 19.11 19.11 19.11 19.11 22.21 22.21 22.21 22.21 24.15 24.15 24.15 24.15 23.95 23.95 23.95 23.95 23.01 23.01 23.01 23.01 21.53 21.53
28.84 28.84 28.84 28.39 28.39 28.39 28.39 27.17 27.17 27.17 27.17 26.86 26.86 26.86 26.86 25.64 25.64 25.64 25.64 22.63 22.63 22.63 22.63 20.29 20.29 20.04 20.04 19.10 19.10 19.10 0.00 0.00 0.00 0.00 20.70 23.31 23.31 23.31 23.31 23.30 23.30 23.30 23.30 23.00 23.00 23.00 23.00 22.56 22.56 22.56 22.56 20.01 20.01 20.01 20.01 18.32 18.32 18.32 18.32 19.11 19.11 19.11 19.11 22.21 22.21 22.21 22.21 24.15 24.15 24.15 24.15 23.95 23.95 23.95 23.95 23.01 23.01 23.01 23.01 21.53 21.53
29.20 29.20 29.20 28.18 28.18 28.18 28.18 26.86 26.86 26.86 26.86 26.67 26.67 26.67 26.67 25.62 25.62 25.62 25.62 22.08 22.08 22.08 22.08 19.34 19.34 19.34 19.34 19.31 19.06 0.00 0.00 0.00 0.00 21.46 21.46 23.76 23.76 23.76 23.76 23.32 23.32 23.32 23.32 22.75 22.75 22.75 22.75 23.33 23.33 23.33 23.33 20.95 20.95 20.95 20.95 18.70 18.70 18.70 18.70 20.24 20.24 20.24 20.24 23.23 23.23 23.23 23.23 24.07 24.07 24.07 24.07 24.18 24.18 24.18 24.18 24.03 24.03 24.03 24.03 21.96 21.96
29.20 29.20 29.20 28.18 28.18 28.18 28.18 26.86 26.86 26.86 26.86 26.67 26.67 26.67 26.67 25.62 25.62 25.62 25.62 22.08 22.08 22.08 22.08 19.34 19.34 19.34 19.34 0.00 19.31 19.31 0.00 0.00 0.00 21.46 21.46 23.76 23.76 23.76 23.76 23.32 23.32 23.32 23.32 22.75 22.75 22.75 22.75 23.33 23.33 23.33 23.33 20.95 20.95 20.95 20.95 18.70 18.70 0.00 0.00 20.24 20.24 20.24 20.24 23.23 23.23 23.23 23.23 24.07 24.07 24.07 24.07 24.18 24.18 24.18 24.18 24.03 24.03 24.03 24.03 21.96 21.96
29.20 29.20 29.20 28.18 28.18 28.18 28.18 26.86 26.86 26.86 26.86 26.67 26.67 26.67 26.67 25.62 25.62 25.62 25.62 22.08 22.08 22.08 22.08 19.34 0.00 0.00 0.00 0.00 19.31 19.31 0.00 21.70 17.42 21.70 21.70 23.76 23.76 23.76 23.76 23.32 23.32 23.32 23.32 22.75 22.75 22.75 22.75 23.33 23.33 23.33 23.33 20.95 20.95 20.95 20.95 18.70 18.70 0.00 0.00 20.24 20.24 20.24 20.24 23.23 23.23 23.23 23.23 24.07 24.07 24.07 24.07 24.18 24.18 24.18 24.18 24.03 24.03 24.03 24.03 21.96 21.96
29.20 29.20 29.20 28.18 28.18 28.18 28.18 26.86 26.86 26.86 26.86 26.67 26.67 26.67 26.67 25.62 25.62 25.62 25.62 22.08 22.08 22.08 22.08 0.00 0.00 0.00 0.00 0.00 19.31 19.31 19.31 21.70 21.70 17.42 21.70 24.00 24.00 24.00 23.76 23.32 23.32 23.32 23.32 22.75 22.75 22.75 22.75 23.33 23.33 23.33 23.33 20.95 20.95 20.95 20.95 18.70 18.70 18.70 0.00 20.24 20.24 20.24 20.24 23.23 23.23 23.23 23.23 24.07 18.90 18.90 24.07 24.18 24.18 24.18 24.18 24.03 24.03 24.03 24.03 21.96 21.96
