New_Model_Runs/14_Future_RCP8.5_Scn1_out/post_prcessed_no_MFR/net_infiltration_annual.asc
NCOLS 700
NROWS 400
XLLCENTER 515000.000000
YLLCENTER 8409000.000000
CELLSIZE 50.000000
NODATA_value -999.000000
[rows 280 to 314 of 400, columns 158 to 236 of 700]
0.00 177.66 0.00 0.00 0.00 37.93 88.18 64.64 162.58 122.07 116.86 97.25 126.32 115.89 102.68 114.66 114.66 116.27 117.02 103.95 103.95 103.95 118.74 121.03 104.33 104.33 118.74 117.02 118.74 116.46 86.22 150.66 150.66 150.66 150.77 150.77 150.77 141.75 146.96 174.99 86.88 92.09 125.65 112.37 92.09 132.92 134.95 127.70 126.05 126.05 122.91 124.62 124.62 124.62 124.95 124.95 124.62 124.62 122.91 165.63 122.91 122.91 147.09 96.72 128.12 122.91 121.50 120.09 120.09 107.93 113.88 113.88 85.95 82.58 101.60 45.08 91.17 119.10 113.88
162.44 101.45 130.30 53.57 15.64 49.00 125.08 112.57 114.65 116.86 97.25 102.47 102.47 92.04 102.68 102.68 102.68 102.68 74.69 103.95 103.95 103.91 118.38 94.29 99.90 109.55 123.96 104.86 103.73 116.46 116.31 141.66 141.66 150.66 150.77 147.19 141.75 141.75 121.81 155.09 164.52 97.31 121.81 122.80 130.86 127.70 127.70 127.70 126.05 126.05 124.62 124.62 122.91 129.84 129.84 124.62 122.91 124.62 127.33 165.63 122.91 122.91 128.12 96.72 116.90 111.50 110.10 110.10 110.10 115.32 106.82 94.82 137.54 101.60 101.60 97.42 97.42 97.42 108.67
0.00 85.81 102.14 80.29 59.43 86.50 152.15 114.65 119.66 92.04 116.86 127.29 127.29 102.47 121.49 102.68 102.68 102.68 74.69 103.95 103.91 74.39 118.38 123.60 119.44 94.29 94.29 121.96 122.38 101.87 121.52 114.96 120.18 141.66 142.37 92.09 115.22 116.59 116.59 116.59 134.81 92.09 108.22 107.74 128.59 127.70 137.70 127.70 127.70 127.70 124.62 124.62 122.91 124.62 124.62 122.91 122.91 122.11 135.05 165.63 122.91 122.91 129.84 96.72 116.90 142.08 110.10 110.10 110.10 110.10 117.48 89.61 68.03 40.96 108.67 117.52 108.67 108.67 118.82
0.00 0.00 162.58 112.57 102.14 81.28 43.78 104.22 119.58 135.95 119.58 127.29 97.25 36.48 97.25 102.68 102.68 107.90 109.17 103.95 103.91 103.91 104.29 104.29 115.45 42.37 116.66 134.03 101.87 36.30 117.16 101.87 114.26 91.43 41.71 97.31 121.81 121.81 97.31 97.31 89.64 107.73 107.73 46.92 140.15 127.70 127.70 127.70 127.70 127.70 124.62 124.62 124.62 124.62 124.62 124.62 122.91 122.91 122.91 170.84 139.44 126.30 147.49 96.72 131.37 168.26 123.73 81.02 110.10 110.10 112.27 85.36 137.54 137.54 107.93 97.42 108.67 108.67 108.67
0.00 0.00 0.00 86.50 76.07 130.30 119.87 104.22 126.32 114.36 129.75 97.19 116.78 106.35 137.45 119.87 114.04 97.67 142.22 104.35 109.57 116.74 109.49 110.23 42.37 95.51 147.44 173.56 156.14 139.37 84.23 144.58 150.91 139.36 155.66 155.39 148.19 79.21 79.21 145.23 89.64 118.16 143.33 62.57 145.83 135.40 126.05 127.70 127.70 127.70 125.33 122.91 122.91 122.91 122.91 122.91 124.62 116.90 122.91 122.91 170.84 159.62 124.62 129.84 101.93 128.12 120.65 123.73 104.15 111.27 112.27 85.36 133.29 158.39 128.67 113.88 108.67 108.67 108.67
0.00 0.00 0.00 0.00 96.93 107.36 167.80 152.15 97.19 97.19 102.41 121.99 126.27 114.32 91.98 121.49 92.97 111.64 94.29 156.94 110.23 121.96 152.65 152.60 157.81 52.78 162.08 167.30 107.08 112.29 107.08 111.92 111.92 91.43 142.65 163.22 52.14 43.28 107.13 79.21 100.07 105.28 160.88 62.57 138.13 127.70 134.91 129.37 129.37 129.37 124.62 122.91 122.91 122.91 122.91 122.91 124.62 116.90 122.91 122.91 122.91 146.48 165.63 144.65 132.54 122.91 120.65 157.52 123.73 104.15 112.27 85.36 128.07 112.27 151.39 85.95 106.51 85.95 80.74
0.00 0.00 0.00 0.00 91.71 102.14 130.30 81.28 145.13 150.34 102.41 121.99 124.75 119.54 114.32 114.66 87.24 92.04 120.70 125.88 148.93 142.17 152.60 47.57 120.31 115.37 37.14 89.44 137.28 126.72 126.72 117.13 111.92 91.43 102.51 117.56 46.92 122.77 107.13 107.73 73.00 128.59 57.35 160.88 52.14 97.30 116.58 116.58 116.58 113.39 125.33 122.91 122.91 122.91 124.62 124.62 137.18 124.62 135.05 135.05 135.05 124.62 124.62 124.62 172.55 172.55 175.62 168.58 163.37 123.73 123.73 133.29 136.93 112.27 117.48 133.88 101.60 91.17 97.42
0.00 0.00 0.00 0.00 141.72 114.65 54.21 125.08 135.36 146.00 150.34 139.91 112.85 91.98 124.75 137.98 91.98 111.56 109.01 105.94 173.46 115.09 120.31 58.00 115.09 115.37 108.94 106.70 120.17 120.17 120.17 132.27 111.92 120.17 121.79 132.96 102.51 112.34 117.56 52.14 46.92 139.33 123.37 107.73 140.02 97.30 121.79 116.58 116.58 116.58 100.32 125.33 122.91 122.91 124.62 135.05 100.19 127.33 101.93 135.05 135.05 133.74 124.62 122.91 129.84 129.84 141.72 130.45 131.08 127.69 118.84 133.29 128.07 112.27 100.04 156.91 113.89 113.89 113.89
0.00 0.00 0.00 15.64 152.15 152.15 54.21 109.44 121.05 97.19 52.10 46.89 153.17 145.13 172.25 111.56 31.24 159.50 147.79 116.60 133.98 128.76 129.80 123.55 134.73 118.33 108.94 106.70 114.96 120.17 120.17 111.92 122.77 116.29 116.58 116.58 121.79 97.30 127.01 102.51 102.51 117.56 121.79 169.73 84.42 112.99 117.56 121.79 137.42 116.58 113.74 113.74 126.35 124.62 124.73 96.72 129.84 80.05 124.62 124.62 124.40 124.40 122.91 124.62 129.84 139.54 122.48 120.02 117.64 117.64 112.42 73.54 94.21 85.36 108.49 117.48 125.75 108.67 102.63
0.00 0.00 67.33 172.09 162.58 125.08 114.65 111.56 126.27 111.56 111.56 102.96 121.99 102.41 145.13 139.91 150.34 93.14 85.07 108.94 118.33 128.76 42.35 99.45 123.55 118.33 116.70 103.32 125.13 111.92 91.43 91.43 121.50 116.29 116.58 116.58 116.58 116.58 125.74 117.56 117.56 121.79 125.64 163.14 97.30 97.30 116.58 116.58 116.58 116.58 113.74 113.74 101.05 126.35 124.73 118.52 124.62 80.05 122.91 124.62 124.62 124.40 124.97 124.97 124.97 124.97 122.48 91.56 136.30 125.87 103.59 133.29 112.27 85.36 103.28 103.28 118.92 112.27 108.67
0.00 0.00 134.53 103.99 151.93 119.64 126.72 135.69 120.61 117.68 98.97 87.11 117.68 126.14 92.32 159.06 101.85 145.47 93.70 88.48 143.31 136.17 93.45 98.67 120.05 113.73 109.62 108.94 108.23 108.23 108.23 108.94 108.94 108.94 107.97 107.97 107.97 107.97 107.97 118.40 122.94 96.85 96.85 150.01 107.97 85.06 81.20 112.51 107.97 107.97 106.15 106.15 116.01 117.96 116.01 116.01 116.01 116.01 116.01 116.01 116.01 116.01 116.65 116.65 98.75 98.75 113.57 113.57 91.23 36.23 128.40 104.26 109.47 85.68 90.90 100.66 95.45 95.45 103.91
0.00 123.84 113.18 57.79 178.92 141.21 98.78 112.47 92.32 104.19 109.40 105.92 152.12 129.82 140.25 114.62 113.68 107.97 114.31 98.91 112.52 107.30 148.37 136.17 109.62 114.83 108.94 108.94 108.23 108.23 108.23 108.23 108.94 108.94 107.97 107.97 107.97 107.97 107.97 107.97 107.29 117.72 91.63 134.35 109.08 113.18 113.18 29.58 107.97 107.97 106.15 106.15 114.09 117.96 116.01 116.01 116.01 116.76 116.15 116.15 116.01 116.01 116.65 116.65 116.65 98.75 113.57 113.57 116.01 36.23 66.86 95.45 104.26 109.47 123.16 109.47 104.26 100.66 85.68
0.00 113.41 119.83 114.42 157.14 98.78 92.32 87.11 107.25 91.59 114.62 135.04 129.82 111.13 113.44 112.47 117.68 114.62 135.69 146.60 124.16 113.73 110.87 45.77 153.59 125.74 108.94 108.94 108.23 123.63 108.23 108.23 108.23 108.94 107.97 107.97 107.97 107.29 107.97 107.97 107.97 107.97 107.29 134.35 113.18 107.97 107.97 107.97 107.97 107.29 106.15 106.15 105.70 117.74 116.01 116.01 116.01 116.57 116.11 116.11 116.11 116.11 116.99 116.99 116.99 116.99 114.11 113.57 118.78 31.02 123.19 104.26 80.47 104.26 104.26 104.26 104.26 104.26 109.12
0.00 120.35 104.19 125.56 136.28 93.57 102.75 102.75 134.89 141.98 129.82 146.90 97.54 107.97 92.32 109.40 117.68 92.32 109.62 136.17 114.83 108.51 108.51 120.05 110.87 100.44 129.80 156.88 113.44 113.44 108.23 108.23 118.46 108.94 107.97 107.97 107.97 107.29 107.97 107.97 107.97 100.24 123.92 91.63 118.40 107.97 107.29 115.27 115.75 98.65 106.15 105.70 105.70 110.52 116.57 114.09 116.57 116.57 116.11 116.11 116.11 116.11 116.99 116.01 114.09 116.99 114.11 118.22 105.58 86.01 123.19 103.91 103.91 85.68 109.47 104.26 104.26 111.58 103.91
0.00 120.35 108.23 112.47 125.56 141.50 114.62 129.09 109.40 140.25 43.49 140.25 119.83 113.18 97.54 104.19 108.23 113.44 113.73 100.44 152.34 109.62 109.62 114.83 88.24 114.83 45.42 45.42 145.45 81.87 104.81 104.81 124.59 114.16 113.18 91.63 109.08 107.29 107.97 107.97 109.08 91.63 129.13 103.87 113.18 107.97 107.97 107.97 117.89 81.20 105.70 105.70 105.70 55.08 55.08 116.57 116.57 116.57 116.11 116.11 116.11 116.01 116.01 116.01 116.01 116.01 114.11 114.11 86.01 105.58 66.86 109.47 114.69 39.79 90.90 95.45 95.45 95.45 103.91
0.00 118.62 87.11 112.47 92.32 129.82 104.19 118.66 113.44 135.04 71.50 155.90 102.75 130.26 112.47 108.23 108.23 108.23 118.94 105.66 125.74 88.24 114.83 109.62 109.62 109.62 119.37 102.73 66.28 88.14 152.74 81.87 48.44 107.95 113.18 119.51 91.63 107.97 107.97 85.36 103.87 86.42 129.13 113.18 91.63 112.51 107.97 81.20 103.87 84.63 106.15 106.15 106.15 105.70 55.08 55.08 55.08 75.91 75.91 116.11 116.11 116.01 114.09 114.09 116.01 114.09 114.11 114.11 114.11 114.11 123.19 109.47 109.47 85.68 80.47 80.47 104.26 104.26 95.45
118.62 102.73 109.40 98.97 113.44 92.32 129.82 98.03 118.66 107.97 114.22 118.40 162.55 109.40 98.97 107.25 107.25 107.25 113.73 113.73 108.51 83.02 105.66 109.62 109.62 108.94 119.37 130.89 113.16 128.81 66.28 145.45 129.80 99.60 105.45 115.88 127.75 107.97 107.29 107.97 107.97 81.20 134.35 96.85 113.18 113.18 107.97 113.18 103.87 100.24 90.99 85.77 80.56 105.70 55.08 105.70 55.08 55.08 75.91 116.57 116.57 116.57 114.09 114.09 121.67 114.09 113.51 120.72 113.51 113.51 123.19 89.69 104.26 104.26 104.26 104.26 85.68 100.66 80.47
107.94 134.27 92.32 108.23 108.23 97.54 140.25 156.39 97.54 113.18 93.36 140.25 156.39 104.19 92.32 107.25 107.25 107.25 108.51 113.73 124.65 117.82 93.17 113.73 88.24 104.81 119.37 123.59 118.66 123.87 107.95 134.02 123.59 129.80 139.56 95.03 105.46 96.85 117.72 86.42 103.87 107.97 139.56 102.06 113.18 107.97 103.87 113.18 107.97 112.90 106.15 111.36 106.15 106.15 106.15 105.70 55.08 55.08 55.08 116.57 116.57 116.57 117.00 114.09 122.54 114.09 113.51 113.51 113.57 103.91 123.19 24.14 104.26 104.26 103.91 103.91 109.47 109.47 95.45
118.62 118.62 109.40 108.23 108.23 111.13 102.75 129.82 109.40 129.82 140.25 92.32 104.19 141.69 109.40 112.47 112.47 107.25 108.51 118.94 93.45 83.02 102.09 113.73 113.73 87.09 99.60 119.37 108.23 108.23 108.94 102.73 119.37 87.09 96.85 134.35 91.63 122.94 86.42 107.28 91.63 91.63 149.99 134.35 96.85 109.08 114.30 109.08 118.40 113.18 106.15 106.15 106.15 106.15 106.15 105.70 105.70 105.70 94.90 116.57 116.57 116.57 117.00 117.00 116.01 117.00 113.51 113.57 113.57 109.12 123.19 95.45 104.26 104.26 90.90 114.34 95.45 104.26 104.26
118.76 118.76 140.10 97.54 114.62 102.75 50.64 145.47 140.25 140.25 117.68 122.90 109.40 82.93 160.40 107.25 87.11 117.68 118.94 113.73 118.94 93.45 93.45 120.05 113.73 110.03 115.24 87.09 92.30 119.37 114.16 108.94 108.94 108.94 96.85 114.30 123.92 129.13 91.63 40.01 91.63 55.65 81.73 82.72 170.50 113.18 103.87 103.87 96.85 113.18 106.15 106.15 106.15 106.15 106.15 106.15 105.70 106.15 106.15 106.15 116.01 116.57 117.00 117.00 116.01 117.00 75.53 113.57 109.47 109.12 146.97 95.45 103.91 114.69 111.09 105.88 100.66 104.26 103.91
118.76 118.76 92.32 97.54 111.13 118.66 102.75 102.75 145.47 92.32 113.44 113.44 118.66 45.43 129.82 150.95 156.16 135.04 146.60 120.05 109.62 110.87 120.05 114.83 93.45 97.52 104.81 104.81 110.03 135.02 92.30 108.94 108.23 108.94 107.97 96.85 91.63 45.22 144.78 129.13 151.80 144.78 149.99 82.72 129.13 177.68 96.85 86.42 113.18 107.97 106.15 106.15 106.15 106.15 106.15 106.15 106.15 106.15 106.15 106.15 105.70 106.15 94.91 116.57 116.57 116.57 111.57 104.26 103.91 103.91 123.19 103.91 109.12 119.90 100.66 104.26 104.26 80.47 85.68
0.00 118.76 107.25 98.97 92.32 105.92 92.32 97.54 135.04 87.11 108.23 108.23 107.25 87.11 124.61 146.91 109.40 113.44 120.05 114.83 109.62 105.66 109.62 109.62 114.16 114.16 102.73 97.52 102.73 146.85 119.37 108.94 114.16 110.03 113.18 107.97 105.46 102.06 112.49 149.99 100.71 91.63 103.87 91.63 91.63 139.56 72.29 118.40 107.29 107.29 106.15 80.56 85.77 111.36 106.15 106.15 96.92 96.92 106.15 118.60 111.36 106.15 106.15 106.15 116.01 116.57 104.26 104.26 104.26 103.91 123.19 104.26 103.91 114.69 116.31 114.69 104.26 104.26 94.90
0.00 118.76 107.25 113.44 104.19 87.11 98.97 124.61 135.04 129.82 112.47 107.25 113.44 108.23 81.89 67.28 98.97 108.23 108.51 114.83 103.88 98.67 35.34 114.83 108.94 92.30 113.16 107.95 107.95 119.37 118.47 108.94 108.94 119.37 113.18 113.18 110.67 96.85 103.87 129.13 113.18 103.87 118.40 91.63 118.40 122.94 96.85 129.13 80.81 91.63 106.15 96.92 102.13 96.92 106.15 106.15 102.13 102.13 93.47 102.13 102.13 117.92 115.16 106.15 116.01 106.15 104.26 104.26 104.26 104.26 123.19 104.26 104.26 109.47 119.55 109.47 104.26 109.47 85.68
0.00 0.00 113.44 118.66 92.32 87.11 129.82 108.23 97.54 88.14 112.47 87.11 92.32 109.40 81.89 24.57 146.91 104.19 108.51 114.83 93.45 114.31 109.10 114.83 108.94 108.94 97.52 97.52 96.28 114.16 108.23 108.94 99.60 108.94 112.51 91.63 96.85 122.94 129.13 107.29 112.51 107.97 113.18 112.51 107.97 107.97 112.51 119.51 157.02 72.29 123.28 139.63 106.15 111.37 111.37 105.70 110.91 116.58 106.15 111.37 111.37 110.91 105.70 106.15 100.12 106.15 104.26 104.26 104.26 95.45 138.17 104.26 95.45 104.26 104.26 104.26 104.26 104.26 104.26
0.00 0.00 87.11 114.62 92.32 135.04 97.54 92.32 87.11 109.40 124.61 109.40 87.11 109.40 109.40 98.97 124.61 104.19 105.66 109.62 114.83 98.67 114.83 109.62 108.94 108.94 108.94 114.16 104.81 81.87 104.81 113.44 108.23 114.16 118.40 118.40 123.61 109.08 141.37 112.51 112.51 107.97 107.97 107.97 107.97 107.97 113.18 91.63 114.30 109.08 102.13 148.42 148.42 128.49 128.49 144.85 107.35 98.68 90.99 101.42 96.20 90.99 90.99 105.70 85.77 85.77 95.45 85.68 85.68 128.40 85.68 104.26 104.26 109.47 109.47 104.26 104.26 104.26 109.47
0.00 0.00 108.23 87.11 87.11 135.04 113.44 113.44 112.47 117.68 129.82 152.12 109.40 81.89 109.40 104.19 81.89 141.69 105.66 109.62 109.62 93.45 88.24 108.94 108.94 108.94 108.94 104.81 111.58 87.09 118.66 113.44 108.94 114.16 118.40 105.46 96.85 129.13 100.24 117.72 112.51 107.29 107.29 96.67 107.97 107.97 107.97 105.46 96.85 117.72 110.91 105.70 105.70 123.73 99.33 138.92 144.14 138.92 82.53 138.92 128.49 128.49 128.49 153.63 123.28 123.28 138.17 128.40 138.83 144.05 138.17 80.47 104.26 109.47 109.47 104.26 104.26 103.91 109.47
0.00 0.00 100.45 100.96 82.43 87.65 150.33 111.39 100.45 100.45 87.65 141.48 124.62 77.22 77.22 100.96 28.38 71.10 77.76 106.72 101.51 100.96 106.18 101.85 101.85 107.06 101.86 89.69 83.56 103.20 107.06 107.08 101.86 101.85 105.43 110.64 86.52 130.77 87.27 96.35 100.77 100.20 91.62 91.62 91.62 91.62 100.20 100.20 100.20 100.20 99.65 99.65 113.57 87.35 115.15 111.38 97.78 92.57 87.35 103.00 103.00 87.35 133.24 65.79 124.86 124.86 27.58 84.99 120.28 64.09 48.44 127.71 122.50 138.70 96.48 95.98 96.48 87.21 66.40
0.00 0.00 0.00 77.22 77.22 82.43 125.15 100.45 105.66 87.65 102.40 97.18 130.36 44.02 92.86 98.02 98.08 38.81 125.70 99.89 106.72 106.72 101.51 101.85 107.06 97.98 107.08 101.86 101.85 101.85 107.06 107.08 101.85 101.86 100.20 87.27 82.05 124.77 87.27 82.05 100.20 100.20 100.20 100.20 91.62 96.84 96.35 91.65 91.14 100.20 110.53 95.74 104.72 99.50 104.72 99.50 104.72 97.78 103.00 110.08 97.78 87.35 76.92 82.14 71.01 76.92 27.58 102.85 98.77 117.12 90.21 90.21 102.85 140.36 122.50 117.28 117.28 127.12 87.21
0.00 0.00 0.00 0.00 91.97 100.96 119.93 82.43 91.97 105.66 105.66 82.43 119.93 98.08 92.86 100.45 126.75 38.81 71.26 88.19 108.08 102.99 101.51 97.98 97.98 101.86 101.85 101.86 101.86 101.85 107.06 107.06 101.85 107.06 100.21 87.27 115.86 142.92 100.20 100.20 100.20 100.20 100.21 100.21 100.21 82.05 105.41 91.52 91.14 96.35 95.74 100.95 95.74 99.65 99.65 99.50 99.50 109.93 87.35 115.74 76.92 82.14 28.29 71.01 124.86 76.92 80.66 95.98 95.98 95.98 87.21 95.98 101.20 95.98 83.63 95.98 95.98 96.26 95.98
0.00 0.00 0.00 0.00 0.00 143.16 82.43 87.65 100.96 100.96 106.17 82.43 97.18 135.58 110.88 77.22 102.40 87.65 23.33 130.91 98.62 111.94 101.51 101.85 101.85 106.53 115.97 101.86 101.86 101.85 92.77 101.85 101.85 97.98 100.21 82.05 129.98 96.35 105.41 100.20 100.20 100.20 100.21 100.21 100.21 100.21 100.21 91.52 105.41 101.57 99.65 99.50 110.08 104.72 99.65 99.50 99.50 99.50 99.50 99.50 99.50 100.95 33.51 147.58 82.14 104.72 95.98 95.98 95.98 95.98 95.98 95.98 95.98 94.58 76.39 101.27 104.82 96.26 95.98
0.00 0.00 0.00 0.00 0.00 0.00 97.18 82.43 106.17 100.96 99.31 87.65 94.09 125.15 77.22 100.45 106.17 87.65 111.28 146.66 98.62 103.84 107.06 107.06 78.34 101.85 101.86 101.86 101.86 101.85 101.85 101.85 83.56 83.56 105.43 124.77 87.27 92.48 110.64 100.20 108.79 100.20 100.21 100.21 100.21 100.21 100.21 91.14 91.14 105.41 99.65 99.65 99.65 99.65 99.65 99.50 105.93 99.50 76.92 99.50 104.72 115.15 130.07 99.65 104.87 104.87 96.26 96.26 96.26 96.26 95.98 101.47 99.80 84.05 81.61 99.69 107.57 94.58 94.58
0.00 0.00 0.00 0.00 0.00 100.45 100.45 87.65 87.65 120.66 82.43 104.52 100.96 91.97 130.36 98.08 102.40 91.97 98.62 38.97 74.41 93.41 88.77 107.06 101.85 101.85 101.85 101.86 101.86 101.85 107.64 98.44 88.77 141.92 153.35 105.41 87.27 105.41 110.64 105.41 105.41 100.20 100.21 100.21 100.20 100.20 100.20 100.21 91.52 100.20 89.80 89.80 99.65 99.65 99.50 99.50 99.50 99.50 99.50 99.50 99.50 142.22 142.37 99.65 99.65 99.65 96.26 96.26 96.26 93.96 70.79 96.05 90.84 94.58 94.58 99.80 99.80 94.58 90.84
0.00 0.00 0.00 0.00 0.00 100.45 100.45 106.17 82.43 100.96 111.39 82.43 100.96 77.22 76.31 108.51 107.61 91.97 102.99 88.19 71.26 130.91 93.99 91.13 101.86 101.85 101.86 101.85 101.85 108.82 101.86 93.99 136.70 88.77 110.64 100.20 105.43 105.41 105.41 105.43 100.20 100.20 100.21 100.20 91.54 91.54 91.37 91.37 100.20 100.20 121.08 110.20 89.45 99.65 99.50 99.50 99.50 99.50 99.50 99.50 99.50 142.22 99.65 99.65 89.47 99.65 90.54 90.54 90.54 93.96 105.02 104.03 76.00 70.79 90.84 90.84 105.75 90.84 90.84
0.00 0.00 0.00 0.00 0.00 100.45 100.45 114.62 100.45 100.96 100.96 106.17 82.43 119.93 82.43 92.86 92.86 92.86 93.41 93.41 82.98 130.91 113.63 112.28 107.06 101.85 101.85 101.85 108.82 101.86 101.86 145.91 144.58 107.06 114.04 82.05 100.21 100.21 100.21 100.21 100.21 100.21 100.21 100.20 91.54 91.54 91.37 91.37 100.20 121.58 109.57 105.93 105.93 99.50 99.50 99.50 99.50 99.50 99.50 99.50 99.50 142.22 99.50 99.65 106.47 99.65 93.96 90.54 90.54 90.54 90.54 90.54 42.43 42.43 42.43 42.43 74.27 74.56 90.84
0.00 0.00 0.00 0.00 0.00 53.36 105.66 98.02 82.43 100.96 82.43 103.24 145.12 77.22 100.96 100.45 100.45 105.66 111.39 82.98 100.96 100.96 126.27 88.77 107.06 101.85 101.85 95.47 92.77 107.06 107.06 126.27 97.98 107.06 100.21 100.20 100.21 100.21 100.21 100.21 100.21 100.21 100.21 100.20 100.20 100.21 100.21 100.21 100.21 100.20 99.65 99.65 99.50 99.50 99.50 99.50 99.50 99.50 99.50 99.50 99.50 142.22 99.50 107.71 99.65 99.65 90.54 90.54 73.94 42.43 42.43 42.43 42.43 42.43 42.43 42.43 74.27 42.43 112.50
