New_Model_Runs/4_scn3_noclimate_out/post_prcessed_with_MFR/net_infiltration_annual.asc
NCOLS 700
NROWS 400
XLLCENTER 515000.000000
YLLCENTER 8409000.000000
CELLSIZE 50.000000
NODATA_value -999.000000
[rows 210 to 244 of 400, columns 78 to 155 of 700]
74.45 75.21 75.03 75.79 76.54 77.17 77.17 77.95 83.82 127.57 122.82 80.90 81.43 124.96 84.29 55.26 92.69 86.72 87.78 88.30 98.06 107.56 108.21 109.32 110.41 142.01 92.36 93.19 93.75 93.96 93.85 94.66 95.43 96.14 96.66 97.40 97.75 98.16 99.07 99.78 100.44 101.14 101.60 102.23 102.87 103.36 113.06 104.03 104.59 105.13 105.20 131.57 132.20 106.59 107.46 107.84 108.23 108.60 108.93 107.46 107.77 137.37 137.64 138.01 138.34 106.64 112.38 139.14 139.39 106.46 106.88 107.00 106.97 107.06 131.02 108.66 108.70 108.73
75.09 75.86 75.69 76.46 77.09 74.65 120.59 121.37 121.92 79.27 80.82 81.34 82.16 125.70 85.04 85.82 86.63 87.31 88.22 89.05 89.34 108.53 99.56 107.04 111.33 112.79 155.25 113.46 93.97 94.22 94.56 95.35 96.06 96.82 97.33 97.99 98.12 98.85 99.74 100.45 101.10 101.55 102.22 102.88 103.35 103.95 104.07 104.64 105.18 105.71 105.78 106.26 106.73 107.17 108.02 108.41 108.80 108.69 107.69 123.72 107.83 168.01 137.07 137.43 137.76 139.39 139.63 139.09 139.14 106.64 107.25 107.37 107.48 107.58 109.11 122.87 109.21 109.24
75.79 81.93 76.73 77.51 78.29 79.08 122.00 121.83 79.90 80.70 81.14 81.67 82.50 126.03 127.25 128.07 99.35 129.67 131.17 96.07 89.57 90.42 100.61 101.83 112.71 113.43 157.02 115.07 116.15 117.20 96.23 96.92 97.68 97.83 98.51 99.27 100.04 100.77 101.49 101.98 102.53 103.20 103.23 103.87 104.48 105.08 105.09 105.66 106.19 106.72 107.49 107.96 108.43 108.87 108.98 107.57 117.85 108.31 118.80 109.01 109.32 138.73 138.30 138.66 139.00 139.32 139.26 139.52 107.12 107.12 107.85 107.97 108.08 108.17 123.12 109.33 109.37 109.45
76.30 77.08 121.20 126.00 132.01 122.23 122.43 122.50 80.58 81.12 81.54 82.36 83.20 83.92 91.99 86.01 86.85 87.50 131.85 132.15 112.94 92.37 93.49 102.81 101.65 123.12 157.61 115.96 116.99 118.05 96.87 97.55 97.70 98.46 99.13 99.89 100.65 101.32 101.88 102.42 103.10 103.77 103.79 104.41 105.03 105.64 105.63 106.18 106.71 107.22 107.98 108.46 108.93 108.96 107.66 108.04 108.42 108.78 109.16 109.47 109.78 139.04 109.79 110.05 110.30 110.07 139.90 139.83 110.40 110.55 111.11 111.25 127.69 108.61 109.71 109.77 109.82 109.85
76.93 77.71 78.00 121.51 122.07 79.44 79.64 80.44 80.98 93.97 82.20 83.03 83.77 84.55 92.66 86.69 87.36 88.05 89.27 132.82 90.95 91.80 108.24 136.20 136.52 136.77 76.48 109.16 117.82 137.94 97.37 97.53 98.29 99.05 99.73 100.47 101.16 101.66 102.29 102.97 103.63 104.30 104.30 104.92 105.53 106.13 106.12 106.66 107.18 107.69 108.44 108.92 108.98 108.84 108.09 108.47 108.85 109.21 119.33 109.43 109.74 110.04 110.21 110.01 110.26 110.49 140.15 140.34 140.58 110.76 111.54 121.25 111.72 111.80 112.14 110.18 110.23 110.27
73.06 73.91 78.62 79.42 121.98 122.79 80.28 81.06 81.58 82.39 92.53 90.20 84.37 84.83 86.52 87.18 87.87 88.70 89.93 133.48 134.31 134.92 136.00 93.59 93.98 94.67 101.94 98.66 96.71 97.47 97.32 107.98 98.86 99.62 100.30 100.97 101.68 102.04 102.81 103.50 104.15 104.78 104.77 105.39 105.99 106.58 106.57 107.11 107.62 108.10 108.87 108.84 108.82 109.24 108.48 108.87 109.24 109.60 118.53 118.99 119.52 110.20 110.13 110.40 119.81 115.16 140.60 140.86 141.10 111.14 111.85 111.97 112.09 121.95 112.54 112.61 112.67 112.56
87.53 78.86 78.86 76.68 80.47 123.72 124.33 82.42 83.25 83.93 83.99 91.83 85.24 86.03 86.39 87.04 87.85 88.55 89.81 90.64 134.19 141.79 93.58 93.94 94.19 94.92 95.60 96.39 97.05 97.53 97.77 98.53 99.29 100.05 101.31 101.66 102.36 103.07 104.05 104.73 105.38 106.01 106.03 106.64 107.23 107.81 107.94 108.06 108.48 108.98 109.41 108.06 108.49 108.91 109.24 109.62 110.00 110.12 110.16 110.48 110.79 111.07 110.43 110.70 110.94 111.17 140.93 141.20 141.44 152.28 114.76 111.85 111.96 112.07 122.48 112.07 112.13 112.18
82.98 86.15 79.43 88.59 80.77 81.53 124.90 83.01 83.74 84.16 84.25 85.00 85.79 86.62 86.81 87.63 95.12 89.13 90.39 91.23 98.94 92.60 93.67 94.07 94.75 95.46 96.14 96.82 97.58 97.72 98.28 109.24 99.78 100.53 101.76 102.13 102.84 103.52 104.49 105.16 105.80 106.43 106.44 107.03 107.61 107.69 107.89 108.32 108.83 109.33 107.95 108.38 108.80 109.22 109.57 109.94 110.09 110.43 110.46 110.79 111.10 111.38 110.73 110.99 111.23 111.46 141.35 141.62 141.86 142.07 142.65 112.14 112.26 112.37 122.18 112.38 122.55 112.50
121.85 121.69 100.95 80.75 109.19 124.78 137.84 83.45 83.94 84.70 84.71 85.54 86.33 86.99 87.35 88.04 88.85 88.81 97.79 91.76 92.33 100.48 93.84 94.44 95.16 95.95 96.51 106.53 97.41 98.17 98.73 99.47 100.22 100.90 101.83 102.54 103.24 103.90 114.44 126.72 123.96 115.82 106.77 116.28 107.43 107.97 117.94 108.60 109.11 109.12 108.20 108.64 109.06 109.01 109.81 109.97 110.33 110.68 110.71 111.03 111.33 121.21 110.96 111.22 111.46 151.90 141.66 141.93 142.18 142.39 142.97 143.14 143.30 112.61 112.53 112.62 112.54 112.61
79.39 85.42 80.45 101.82 126.48 86.96 83.15 83.92 91.67 85.22 85.23 86.02 86.69 87.52 87.87 88.57 89.03 89.33 91.46 92.02 92.81 93.32 94.11 94.84 95.63 105.17 96.95 97.71 111.65 98.61 99.16 99.90 110.66 101.31 102.23 102.93 103.60 104.27 105.22 114.70 106.50 106.70 107.09 107.27 107.73 108.26 108.36 108.87 109.36 109.37 108.43 108.87 108.85 109.25 126.93 110.19 120.21 120.47 110.94 132.93 121.14 111.85 111.18 111.43 111.67 142.42 141.95 142.22 142.48 142.69 153.23 143.44 143.61 142.85 144.03 112.69 112.77 112.85
79.01 79.81 80.74 106.55 117.35 85.22 81.91 84.27 88.70 97.72 86.49 87.16 87.87 88.70 88.81 89.29 89.56 90.37 91.10 91.80 92.45 110.14 93.76 94.33 95.02 95.80 96.31 97.06 97.79 108.15 98.88 99.61 100.34 101.01 111.02 102.96 112.92 104.29 105.10 114.64 106.35 106.95 107.16 117.48 108.24 108.78 109.25 109.76 109.77 108.43 108.91 108.88 125.89 109.70 109.93 110.09 110.45 110.80 110.49 120.52 111.10 111.39 110.83 111.08 141.59 141.90 142.10 142.37 142.62 142.84 143.49 143.67 142.94 143.08 143.25 143.37 143.48 143.57
79.45 80.26 85.36 83.23 86.93 88.10 82.50 83.53 84.56 86.33 86.93 87.49 88.32 95.36 88.92 96.36 90.00 98.09 91.52 92.09 92.88 101.05 94.16 94.63 95.40 96.17 96.67 97.41 97.51 98.23 99.20 99.93 100.66 101.31 102.56 103.25 103.91 104.57 105.36 105.99 106.60 106.79 107.38 107.94 118.25 108.97 109.43 109.94 109.94 108.60 109.07 119.27 109.44 109.84 109.84 110.22 110.58 110.92 110.61 110.92 111.21 111.49 110.94 111.19 141.74 142.05 142.25 142.52 142.76 142.99 143.65 143.84 143.11 143.25 143.43 143.55 143.66 143.75
79.86 80.60 81.42 82.20 80.91 81.97 89.89 84.00 85.08 86.74 98.69 87.87 88.70 89.19 89.29 89.57 90.37 91.17 91.66 92.43 93.23 93.71 94.27 94.95 95.71 96.39 96.95 107.13 97.79 98.50 99.47 100.18 100.90 101.52 102.79 103.47 104.12 104.76 105.55 106.17 106.76 106.85 107.52 108.07 108.58 109.11 109.55 109.57 110.04 108.69 108.69 109.10 109.50 109.90 109.90 110.27 110.63 120.55 110.66 110.96 111.25 111.52 110.97 151.26 151.61 142.09 142.28 142.56 142.81 143.04 143.69 143.88 143.16 143.31 143.49 143.63 143.75 143.81
86.32 80.99 81.79 88.78 83.31 86.35 84.70 85.46 86.29 86.96 87.42 88.24 89.06 89.03 89.12 89.92 98.01 91.52 92.00 92.77 93.25 94.02 94.51 95.25 95.91 108.83 97.22 97.95 98.04 98.75 99.71 100.41 101.05 101.72 111.69 103.64 113.76 104.93 105.71 106.31 106.50 106.97 107.64 108.18 118.20 118.98 109.64 117.70 110.11 108.76 108.75 109.15 109.54 109.71 109.93 110.29 110.64 120.57 110.67 110.97 111.25 141.90 151.90 141.45 141.78 142.09 142.28 142.55 142.81 143.05 143.70 143.89 143.18 143.33 143.52 143.67 143.79 150.19
80.46 81.08 81.70 82.51 83.22 83.99 84.81 85.59 86.41 87.05 87.98 88.80 95.71 96.60 90.12 90.93 91.61 92.27 92.34 93.13 93.61 93.55 93.88 94.41 95.08 104.98 105.56 97.07 107.23 97.84 99.41 100.10 100.78 101.38 102.51 103.16 103.78 104.41 114.09 105.47 106.04 106.59 107.11 107.64 117.81 108.64 109.40 109.88 109.85 108.49 108.62 109.02 108.94 119.57 119.64 109.65 120.32 119.48 109.94 110.03 140.19 140.55 140.49 140.84 141.14 141.44 142.48 142.76 143.02 112.47 143.70 143.89 143.17 143.33 142.97 143.12 143.26 143.38
80.78 81.41 82.02 82.74 83.55 84.01 85.13 85.91 98.00 87.35 88.28 89.09 89.58 96.97 101.89 98.56 91.76 104.20 100.21 93.07 93.84 93.78 94.10 94.55 95.28 95.89 96.52 106.41 97.92 97.99 99.55 100.23 100.90 101.49 102.60 103.24 103.86 114.01 104.92 105.50 106.07 106.61 107.12 107.64 108.14 118.35 119.21 109.85 109.82 110.25 108.57 108.96 109.34 119.50 109.23 109.57 109.91 110.02 109.85 119.54 110.21 110.48 110.44 110.69 110.91 141.29 111.86 112.07 112.26 112.36 143.55 143.74 152.99 143.20 143.74 143.00 143.15 143.29
81.07 81.67 82.31 83.03 83.80 84.31 85.38 86.17 86.82 87.51 88.55 89.04 89.31 90.10 90.64 91.43 91.95 92.74 92.81 93.27 94.03 93.97 94.29 94.72 95.42 96.03 96.65 97.35 98.04 98.09 99.64 100.31 100.93 101.56 111.42 103.27 103.88 104.47 104.91 105.48 106.04 106.58 107.08 107.59 108.08 108.55 109.29 109.77 109.75 118.30 110.27 108.86 109.23 109.13 109.57 109.44 109.77 109.88 109.70 110.00 110.06 110.33 110.29 120.16 110.75 110.97 111.71 111.91 112.09 152.76 143.31 143.52 143.73 143.90 143.54 143.72 142.98 143.12
81.13 81.92 82.47 83.27 84.03 84.47 85.61 86.40 87.04 87.73 88.77 89.24 89.50 90.28 90.81 91.46 92.11 92.85 92.91 93.42 94.17 94.09 94.40 94.82 95.51 96.11 96.72 97.40 97.74 98.13 99.66 100.32 100.98 101.55 102.62 103.24 103.84 104.42 104.84 105.41 105.96 106.48 106.98 107.48 107.96 108.42 109.16 109.63 110.09 110.04 110.13 108.71 109.08 109.42 109.39 109.26 109.59 109.69 109.97 109.80 109.86 127.01 110.09 110.33 110.54 110.76 111.50 111.69 152.18 142.57 143.01 143.23 143.44 143.62 143.27 143.45 143.62 142.88
81.19 81.79 82.39 83.09 83.84 84.34 85.23 93.01 86.63 87.42 88.22 89.01 89.46 89.69 97.49 91.14 91.68 92.45 92.83 93.33 94.08 93.99 94.16 94.40 94.80 95.50 95.82 96.47 97.14 97.79 98.54 99.18 99.83 100.45 111.40 110.73 102.30 102.86 103.89 104.43 104.96 105.48 106.60 107.10 107.08 107.55 108.30 108.75 109.18 109.60 109.57 109.47 109.83 110.17 109.94 108.48 108.81 109.11 109.14 119.13 109.72 110.00 110.09 110.32 110.54 110.76 111.44 111.64 142.25 142.51 142.43 142.63 142.84 152.84 142.79 142.98 143.15 143.33
81.17 81.94 88.89 83.23 83.98 84.48 85.32 86.12 86.75 87.43 88.33 89.11 89.54 89.78 90.45 91.21 98.87 92.48 92.85 93.34 94.08 93.99 94.15 94.30 94.77 95.45 95.76 96.41 97.06 107.24 98.43 99.07 99.70 100.31 111.23 101.74 102.13 102.70 103.73 104.26 104.78 105.29 124.02 106.88 106.86 107.33 108.08 108.51 108.94 109.36 109.32 109.70 109.58 109.91 109.67 110.01 108.53 108.83 108.86 109.14 109.42 109.69 109.79 110.02 110.23 110.44 111.13 111.33 141.83 142.08 142.00 111.82 111.89 142.61 142.39 142.58 142.77 142.95
81.32 82.09 82.58 83.32 84.10 84.61 85.45 86.23 86.85 87.53 88.43 89.20 89.61 89.84 90.52 91.27 91.74 92.44 92.85 101.32 94.06 102.79 94.12 103.72 94.71 95.38 95.69 105.58 96.96 97.57 98.31 98.93 99.55 100.15 117.39 101.56 102.13 102.51 103.54 104.06 104.58 105.07 106.16 106.63 106.71 107.10 107.83 117.78 118.26 109.10 109.06 109.42 109.78 109.63 117.48 109.71 110.03 108.53 108.55 108.83 109.10 109.36 110.14 110.38 109.90 110.11 110.79 111.00 111.21 111.39 120.93 111.49 141.97 142.18 111.59 111.73 142.36 142.55
81.37 91.50 82.63 83.38 83.91 84.65 85.48 86.25 86.87 87.54 88.44 89.20 89.61 89.83 90.49 91.22 91.68 92.36 92.76 93.23 93.95 94.23 93.99 94.12 94.56 104.49 104.97 96.14 96.76 97.37 98.38 98.70 99.31 99.90 100.91 101.43 101.86 102.23 103.25 103.78 104.28 104.77 105.86 106.34 106.40 106.77 107.49 107.94 117.65 108.76 108.71 109.07 109.42 109.75 109.50 117.42 109.64 109.95 109.97 108.45 108.71 108.96 109.74 109.97 110.18 110.39 110.39 110.59 110.80 110.99 110.94 111.11 141.44 111.43 111.29 111.44 141.83 111.65
86.85 81.59 88.44 89.32 83.54 84.31 84.71 85.40 92.97 93.85 87.39 88.04 88.77 89.51 89.29 90.00 90.70 91.28 91.33 92.03 92.69 100.85 93.50 93.90 94.20 94.30 95.25 95.86 96.48 97.09 98.17 98.48 99.08 99.65 100.78 101.28 101.71 102.07 103.39 103.92 104.42 104.90 105.38 105.86 106.31 106.75 106.81 106.84 107.17 107.58 107.67 108.02 108.36 108.66 109.06 109.36 109.18 109.47 108.59 108.86 109.12 109.36 109.68 109.91 110.12 110.32 110.64 110.85 111.06 111.26 110.84 111.01 111.18 111.33 111.19 111.34 111.49 111.56
80.79 81.57 88.29 82.78 83.52 84.28 84.67 85.36 86.08 86.68 87.31 87.93 88.67 89.40 89.70 103.72 90.55 91.12 91.16 91.83 92.47 93.14 93.26 93.66 93.95 94.50 95.07 95.58 96.20 96.80 97.86 98.45 98.74 99.31 100.43 100.98 101.35 101.89 103.00 103.52 104.03 104.51 104.98 105.45 105.90 124.30 106.38 106.81 106.83 107.15 107.31 107.57 107.90 108.23 108.60 108.89 109.18 109.47 109.91 110.19 108.64 108.88 109.87 110.10 109.63 109.83 110.16 110.36 128.00 110.77 110.35 110.53 110.70 110.85 120.24 110.87 111.02 111.17
80.77 81.54 81.97 89.08 83.47 84.22 91.69 85.28 86.00 86.59 87.20 87.81 88.54 89.25 89.88 89.70 90.38 90.94 91.07 91.61 92.22 92.89 93.00 93.39 93.67 94.21 94.77 95.28 95.89 96.47 97.86 98.11 98.66 98.94 100.06 100.62 101.10 101.48 102.58 103.10 103.61 104.10 128.63 113.85 124.95 105.91 105.94 115.21 106.78 106.78 107.24 107.19 107.43 107.75 108.14 108.41 108.70 108.98 109.42 109.69 109.94 110.17 109.36 109.59 109.80 110.00 110.11 109.85 110.05 127.52 110.30 110.48 110.65 110.81 110.67 110.83 110.99 111.15
80.71 81.49 81.90 82.65 83.36 84.09 91.19 85.15 85.85 86.41 87.02 87.62 94.92 89.03 89.65 89.47 90.14 90.81 90.79 91.32 91.92 92.57 92.67 93.30 93.66 93.92 94.62 94.91 95.50 96.09 97.44 98.02 98.25 98.52 99.62 100.16 100.69 101.00 102.29 102.61 103.11 120.97 104.06 104.52 104.97 105.41 105.44 105.86 106.26 106.65 106.71 107.06 107.39 107.30 107.59 107.88 108.18 108.44 109.34 109.53 109.37 109.60 108.80 109.02 109.23 109.43 109.76 109.96 110.16 110.13 109.93 110.11 110.28 110.45 110.32 110.48 110.64 110.58
80.36 81.13 81.48 81.89 82.62 83.30 83.52 84.25 84.72 92.08 86.01 86.55 87.23 87.79 88.34 89.01 89.68 89.48 90.02 90.67 91.05 91.68 92.97 93.58 93.76 94.36 95.36 95.95 96.51 97.10 97.87 98.44 98.73 99.27 100.29 100.67 101.17 101.63 102.20 102.51 103.01 112.76 103.27 103.74 104.19 104.62 104.85 105.27 105.65 106.03 106.42 106.77 107.11 107.41 108.31 108.61 108.89 109.17 110.07 109.84 110.08 110.33 109.25 109.47 109.67 109.88 109.92 109.90 109.63 120.22 109.63 119.58 109.98 110.15 109.95 110.12 110.28 110.45
80.23 80.98 81.31 81.91 82.44 83.11 83.31 84.00 84.46 85.14 85.73 86.25 86.93 87.48 88.00 88.66 95.74 89.97 89.66 90.29 90.76 91.28 92.80 93.13 93.72 93.89 95.00 95.47 96.03 96.59 97.70 97.93 98.49 98.74 99.74 100.26 100.63 101.12 101.62 102.13 102.42 102.89 102.68 103.15 103.60 104.03 104.27 104.68 105.06 105.43 106.30 106.25 106.49 106.80 107.70 107.99 108.28 108.55 109.43 109.67 109.91 109.68 110.41 110.63 109.03 109.22 109.26 109.46 109.66 109.85 108.97 109.14 109.31 109.48 109.28 109.45 109.62 109.79
94.05 80.77 81.09 81.81 82.20 82.86 83.05 83.73 91.08 84.86 85.51 85.91 86.57 87.23 87.62 88.26 88.91 89.55 90.09 89.85 90.47 90.92 92.33 92.64 93.21 93.70 94.56 95.13 95.49 96.05 97.13 97.69 97.90 98.43 99.14 99.65 100.16 100.52 101.04 101.48 101.97 102.26 102.25 102.51 102.95 103.39 103.63 104.04 104.42 104.77 105.64 105.98 106.32 106.63 107.04 107.33 107.61 107.88 108.74 108.99 109.23 109.47 109.72 109.93 110.13 110.33 110.37 108.77 108.97 109.15 108.28 108.45 108.62 118.75 108.58 108.76 108.93 109.10
79.36 80.07 80.83 81.54 81.92 82.56 82.75 83.44 84.09 84.49 85.18 85.70 86.17 86.82 98.96 87.84 88.46 89.09 89.62 90.23 89.99 90.42 91.81 92.38 92.67 93.20 94.43 94.53 95.11 95.47 96.53 97.06 97.60 97.79 98.78 99.00 99.50 100.00 100.39 117.81 101.33 110.57 101.57 102.03 102.27 102.70 102.94 103.34 103.72 104.09 104.94 105.28 105.62 105.93 106.35 106.63 106.91 107.17 108.04 108.29 108.53 108.73 109.45 109.66 109.40 109.60 109.64 109.84 124.97 108.43 109.35 130.62 109.70 108.07 107.96 108.53 108.70 108.88
78.89 79.59 79.53 80.21 80.84 81.89 82.19 82.62 83.27 83.91 84.74 85.34 85.86 86.34 87.25 87.76 88.37 88.98 89.98 90.26 90.32 90.77 92.49 92.97 93.51 93.70 94.59 95.13 95.47 96.04 97.05 97.59 97.79 98.31 98.81 99.02 99.51 99.86 99.67 100.15 100.49 100.96 101.02 101.48 101.86 102.29 102.60 103.00 103.38 103.76 104.72 105.06 105.40 105.72 106.45 106.73 107.01 107.27 108.11 108.35 108.57 108.77 109.20 109.41 109.63 109.77 109.28 109.01 109.21 117.37 118.28 108.92 109.10 109.27 109.33 109.51 109.69 108.07
79.38 79.28 79.20 79.85 88.75 81.14 92.71 97.93 82.86 83.51 84.30 84.92 85.51 85.86 93.90 87.24 87.84 88.43 89.43 90.01 90.60 90.30 92.13 92.40 92.86 93.40 94.39 94.92 95.01 95.54 96.34 96.87 97.38 97.90 98.05 98.54 98.74 99.22 115.61 109.62 99.86 100.19 100.24 100.70 101.12 101.55 102.00 102.40 102.58 102.95 103.94 104.28 104.61 104.92 105.65 105.94 106.22 106.48 107.31 107.53 107.75 107.97 108.40 108.60 108.81 109.03 108.48 108.67 108.86 109.05 108.41 108.58 108.78 108.49 108.55 108.73 108.91 109.10
79.02 92.44 92.70 79.45 80.10 80.74 80.98 81.59 82.20 82.81 83.68 83.88 85.02 85.53 86.19 94.34 87.23 87.80 88.78 89.36 89.92 90.47 91.42 91.95 92.21 92.66 93.64 94.16 94.70 94.76 95.55 96.07 96.56 97.06 97.54 97.69 98.17 98.64 98.30 108.64 98.98 99.44 99.49 99.95 100.24 100.68 101.17 101.54 110.99 102.26 103.04 103.39 103.73 104.06 104.86 105.15 105.35 105.60 106.43 106.65 106.87 107.09 107.52 107.73 107.94 117.74 107.61 107.81 108.00 108.18 107.55 116.83 107.94 108.13 108.18 108.36 108.08 108.27
78.65 79.29 79.18 79.04 87.81 80.29 80.55 81.14 81.72 82.29 83.16 83.76 83.94 84.51 84.72 86.17 86.71 87.15 88.12 88.69 89.24 89.75 90.80 91.33 91.73 91.98 93.31 93.73 93.90 94.42 94.97 95.46 95.73 96.22 96.68 97.15 97.62 97.75 97.75 97.88 98.35 98.81 98.86 99.03 99.47 99.90 109.77 109.98 101.02 101.41 102.33 102.49 102.84 103.16 104.37 104.67 104.94 105.19 105.54 105.76 105.98 106.20 106.62 106.84 107.04 107.24 107.19 107.40 107.60 107.80 106.67 106.87 107.07 107.26 107.34 107.53 107.72 107.91
78.08 78.71 78.36 78.99 78.81 79.42 80.23 80.81 81.36 81.95 82.96 83.53 84.10 84.27 84.96 109.25 85.34 85.87 88.00 88.53 89.06 89.57 90.53 91.05 91.44 91.68 93.24 93.64 93.80 94.31 94.80 95.29 95.77 96.02 95.79 96.25 96.71 97.17 96.38 96.84 97.30 97.75 97.87 98.32 98.75 98.89 99.44 99.70 100.09 100.47 101.24 101.60 101.91 102.22 103.55 103.85 104.13 104.39 104.94 105.18 105.40 105.61 105.94 106.16 106.36 106.57 105.45 105.65 105.86 106.07 105.36 105.56 105.76 105.96 106.25 106.45 106.65 106.85
