New_Model_Runs/2_scn1_noclimate_out/post_prcessed_with_MFR/actual_et_annual.asc
NCOLS 700
NROWS 400
XLLCENTER 515000.000000
YLLCENTER 8409000.000000
CELLSIZE 50.000000
NODATA_value -999.000000
[rows 108 to 143 of 400, columns 405 to 485 of 700]
12.85 12.84 12.84 12.84 12.84 12.83 12.83 12.83 12.83 12.82 12.82 12.82 12.82 12.82 12.82 12.82 12.82 12.82 12.82 12.82 12.82 12.82 12.82 12.83 12.83 12.83 12.83 12.83 12.83 12.83 12.84 12.84 12.84 12.84 12.84 12.84 12.84 12.84 12.84 38.74 38.64 49.67 49.67 34.30 34.29 32.06 32.06 32.05 40.50 48.33 37.94 38.16 12.82 12.82 12.81 12.81 12.81 12.80 12.80 12.79 12.79 12.79 12.78 12.78 12.78 12.78 12.77 12.77 12.77 12.76 12.76 12.76 12.76 37.95 12.76 37.71 38.12 38.11 38.11 38.11 12.76
12.83 12.83 12.83 12.82 12.82 12.82 12.82 12.81 12.81 12.81 12.81 12.81 12.80 12.80 12.80 12.80 12.80 12.80 12.80 12.81 12.81 12.81 12.81 12.81 12.81 12.81 12.81 12.82 12.82 12.82 12.82 12.82 12.82 12.82 12.82 12.82 12.83 12.83 12.83 38.70 38.61 49.64 38.60 41.70 34.28 32.06 48.33 48.32 48.31 48.30 37.91 38.13 38.12 12.80 12.80 12.80 12.79 12.79 12.79 12.79 12.78 12.78 12.78 12.77 12.77 12.77 12.77 12.76 12.76 12.76 12.76 12.76 12.75 37.95 37.71 48.66 38.11 40.81 40.81 40.81 37.94
12.82 12.81 12.81 12.81 12.80 12.80 12.80 12.80 12.80 12.79 12.79 12.79 12.79 12.79 12.79 12.79 12.79 12.79 12.79 12.79 12.79 12.79 12.79 12.79 12.80 12.80 12.80 12.80 12.80 12.80 12.80 12.81 12.81 12.81 12.81 12.81 12.81 12.81 12.81 38.57 34.30 49.60 38.57 38.57 34.27 48.30 48.29 40.45 40.44 47.24 40.43 40.42 37.87 12.79 12.79 12.79 12.79 12.78 12.78 12.78 12.77 12.77 12.77 12.77 12.76 12.76 12.76 12.76 12.76 12.76 12.75 12.75 12.75 40.24 40.24 48.66 48.66 38.11 38.11 37.71 37.71
12.80 12.80 12.80 12.79 12.79 12.79 12.78 12.78 12.78 12.78 12.78 12.78 12.77 12.77 12.77 12.77 12.77 12.77 12.77 12.77 12.78 12.78 12.78 12.78 12.78 12.78 12.78 12.79 12.79 12.79 12.79 12.79 12.79 12.79 12.80 12.80 12.80 12.80 12.80 38.54 38.54 49.57 41.66 41.65 49.56 48.26 47.23 40.42 37.87 37.86 37.86 37.85 40.39 12.78 12.78 12.78 12.78 12.77 12.77 12.77 12.77 12.77 12.76 12.76 12.76 12.76 12.76 12.76 12.75 12.75 12.75 12.75 37.95 40.57 40.24 40.82 40.82 38.12 40.24 37.72 37.72
12.79 12.78 12.78 12.78 12.78 12.77 12.77 12.77 12.77 12.76 12.76 12.76 12.76 12.76 12.76 12.76 12.76 12.76 12.76 12.76 12.76 12.76 12.76 12.77 12.77 12.77 12.77 12.77 12.77 12.78 12.78 12.78 12.78 12.78 12.78 12.78 12.78 12.79 38.59 38.50 38.50 49.54 49.54 49.53 49.53 48.23 37.85 12.78 18.75 12.78 12.78 12.78 12.78 12.78 12.77 12.77 12.77 12.77 12.77 12.76 12.76 12.76 12.76 12.76 12.76 12.75 12.75 12.75 12.75 12.75 12.75 37.95 37.95 40.25 40.83 47.84 38.13 37.73 37.73 37.73 37.74
12.77 12.77 12.77 12.76 12.76 12.76 12.76 12.75 12.75 12.75 12.75 12.75 12.75 12.75 12.74 12.74 12.74 12.75 12.75 12.75 12.75 12.75 12.75 12.75 12.75 12.76 12.76 12.76 12.76 12.76 12.76 12.77 12.77 12.77 12.77 12.77 12.77 38.56 38.47 38.47 38.47 49.51 49.51 48.74 49.51 49.20 48.20 12.77 12.77 12.77 12.77 12.77 12.77 12.77 12.77 12.76 12.76 12.76 12.76 12.76 12.76 12.76 12.76 12.75 12.75 12.75 12.75 12.75 12.75 12.75 12.75 12.75 40.59 40.85 40.85 37.73 37.74 37.74 37.98 37.75 37.76
12.76 12.75 12.75 12.75 12.75 12.74 12.74 12.74 12.74 12.74 12.73 18.68 12.73 12.73 12.73 12.73 12.73 12.73 12.73 12.73 12.74 12.74 12.74 12.74 12.74 12.74 12.75 12.75 12.75 12.75 12.75 12.75 12.76 12.76 12.76 12.76 12.76 41.59 41.59 38.45 38.45 41.60 49.48 34.25 48.72 48.18 40.36 40.36 40.68 12.77 12.76 12.76 12.76 12.76 12.76 12.76 12.76 12.76 12.76 12.76 12.75 12.75 12.75 12.75 12.75 12.75 12.75 12.75 12.75 12.75 12.76 40.28 40.28 48.71 48.08 37.75 37.76 12.77 12.77 12.78 39.59
12.74 12.74 12.74 12.74 12.73 12.73 12.73 12.73 12.73 12.72 12.72 12.72 12.72 12.72 12.72 12.72 12.72 12.72 12.72 12.72 12.72 12.72 12.73 12.73 12.73 12.73 12.73 12.74 12.74 12.74 12.74 12.74 12.75 12.75 12.75 12.75 12.75 12.75 12.75 12.76 41.57 41.58 12.76 49.46 49.46 48.15 47.14 37.79 37.79 38.01 12.76 12.76 12.76 12.76 12.76 12.76 12.75 12.75 12.75 12.75 12.75 12.75 12.75 12.75 12.75 12.75 12.75 12.76 12.76 12.76 12.76 40.29 40.30 40.30 40.31 40.31 37.78 12.78 12.78 12.79 39.62
12.73 12.73 12.73 12.72 12.72 12.72 12.72 18.65 12.71 12.71 12.71 12.71 12.71 12.71 12.71 12.71 12.71 12.71 12.71 12.71 12.71 12.71 12.72 12.72 12.72 12.72 12.72 12.72 12.73 12.73 12.73 12.73 12.74 12.74 12.74 12.74 12.74 12.74 12.75 12.75 12.75 12.75 12.75 12.75 12.75 37.77 32.01 48.13 37.77 37.77 12.75 12.75 12.75 12.75 12.75 12.75 12.75 12.75 12.75 12.75 12.75 12.75 12.75 12.75 12.75 12.76 12.76 12.76 12.76 12.76 12.76 37.77 40.32 40.32 40.33 40.34 40.35 12.79 12.79 12.80 12.81
12.72 12.71 12.71 12.71 12.71 12.71 12.70 12.70 12.70 12.70 12.70 12.70 12.70 12.70 12.70 12.70 12.70 12.70 12.70 12.70 12.70 12.70 12.70 12.71 12.71 12.71 12.71 12.71 12.72 12.72 12.72 12.72 12.73 12.73 12.73 12.73 12.73 12.74 12.74 12.74 12.74 12.74 38.48 12.74 41.73 37.76 37.76 37.76 37.76 37.76 40.31 40.31 12.75 12.75 12.75 12.75 12.75 12.75 12.75 12.75 12.75 12.75 12.75 12.76 12.76 12.76 12.76 12.76 12.77 12.77 12.77 12.77 12.78 12.78 12.79 12.79 12.80 18.78 12.81 12.81 12.82
12.70 12.70 12.70 12.70 12.70 12.69 12.69 12.69 12.69 12.69 12.69 12.69 12.68 12.68 12.68 12.68 12.69 12.69 12.69 12.69 12.69 12.69 12.69 12.70 12.70 12.70 12.70 12.70 12.71 12.71 12.71 12.71 12.72 12.72 12.72 12.72 12.73 12.73 12.73 12.73 12.73 12.73 12.74 41.71 40.62 40.30 40.30 48.10 48.10 37.75 12.74 12.75 12.75 12.75 12.75 12.75 12.75 12.75 12.75 12.75 12.75 12.76 12.76 12.76 12.76 12.76 12.77 12.77 12.77 12.78 12.78 12.78 12.79 12.79 12.80 12.80 12.81 18.79 12.82 12.83 12.84
12.69 12.69 12.69 12.69 12.68 12.68 12.68 12.68 12.68 12.68 12.68 12.67 12.67 12.67 12.67 12.67 12.68 12.68 12.68 12.68 12.68 12.68 12.68 12.69 12.69 12.69 12.69 12.70 12.70 12.70 12.70 12.71 12.71 12.71 12.71 12.72 12.72 12.72 12.72 12.72 12.73 12.73 12.73 12.73 38.45 12.74 12.74 12.74 48.09 12.74 12.74 12.74 12.74 12.75 12.75 12.75 12.75 12.75 12.75 12.75 12.76 12.76 12.76 12.76 12.77 12.77 12.77 12.78 12.78 12.78 12.79 12.79 12.80 12.80 12.81 12.82 12.82 12.83 12.84 12.85 12.85
12.68 12.68 12.68 12.68 12.67 12.67 12.67 12.67 12.67 12.67 12.67 12.66 12.66 12.66 12.66 12.66 12.67 12.67 12.67 12.67 12.67 12.67 12.68 12.68 12.68 12.68 12.69 12.69 12.69 12.69 12.70 12.70 12.70 12.70 12.71 12.71 12.71 12.71 12.72 12.72 12.72 12.72 12.73 12.73 12.73 12.73 40.29 48.08 48.08 37.74 12.74 12.74 12.74 12.75 12.75 12.75 12.75 12.75 12.76 12.76 12.76 12.76 12.77 12.77 12.77 12.78 12.78 12.78 12.79 12.79 12.80 12.80 12.81 12.82 12.82 12.83 12.84 12.85 12.85 12.86 12.87
12.67 12.67 12.67 12.66 12.66 12.66 12.66 12.66 12.66 12.66 12.66 12.66 12.65 12.65 12.66 12.66 12.66 12.66 12.66 12.66 12.66 12.67 12.67 12.67 12.67 12.68 12.68 12.68 12.68 12.69 12.69 12.69 12.70 12.70 12.70 12.70 12.71 12.71 12.71 12.71 12.72 12.72 12.72 12.72 12.73 12.73 40.28 48.08 40.29 37.73 12.74 12.74 12.74 12.75 12.75 12.75 12.75 12.76 12.76 12.76 12.77 12.77 12.77 12.78 12.78 12.79 12.79 12.79 12.80 12.81 12.81 12.82 12.82 12.83 12.84 12.85 12.85 12.86 12.87 12.88 12.89
12.66 12.66 12.66 12.65 12.65 12.65 12.65 12.65 12.65 12.65 12.65 12.65 12.65 12.65 12.65 12.65 12.65 12.65 12.65 12.65 12.66 12.66 18.57 12.66 12.67 12.67 12.67 12.67 12.68 12.68 12.68 12.69 12.69 12.69 12.70 12.70 12.70 12.71 12.71 12.71 12.71 12.72 12.72 12.72 12.73 12.73 37.72 37.72 37.73 37.74 12.74 12.74 12.75 12.75 12.75 12.76 12.76 12.76 12.77 12.77 12.77 12.78 12.78 12.79 12.79 12.80 12.80 12.81 12.81 12.82 12.82 12.83 12.84 12.85 12.86 12.86 12.87 12.88 12.89 12.90 12.92
12.65 12.65 12.65 12.64 12.64 12.64 12.64 12.64 12.64 12.64 12.64 12.64 12.64 12.64 12.64 12.64 12.64 12.64 12.65 12.65 12.65 12.65 18.56 38.40 12.66 12.66 12.67 12.67 12.67 12.68 12.68 12.68 12.69 12.69 12.69 12.70 12.70 12.70 12.71 12.71 12.71 12.72 12.72 12.72 12.73 12.73 48.07 37.73 40.30 37.74 40.31 12.75 12.75 12.75 12.76 12.76 12.76 12.77 12.77 12.78 12.78 12.79 12.79 12.80 12.80 12.81 12.81 12.82 12.83 12.83 12.84 12.85 12.86 12.86 12.87 12.88 12.89 12.90 12.91 12.93 12.94
12.64 12.64 12.64 12.64 12.64 12.64 12.63 12.63 12.63 12.63 12.63 12.63 12.63 12.63 12.63 12.64 12.64 41.97 12.64 12.64 12.65 12.65 38.37 49.70 38.39 38.40 12.66 12.67 12.67 12.67 12.68 12.68 12.68 12.69 12.69 12.69 12.70 48.86 12.71 12.71 12.71 12.72 12.72 12.72 12.73 12.73 37.94 48.43 40.31 40.32 40.32 12.75 12.76 12.76 12.76 12.77 12.77 12.78 12.78 12.79 12.79 12.80 12.80 12.81 12.81 12.82 12.83 12.83 12.84 12.85 12.86 12.87 12.87 12.88 12.89 12.90 12.91 12.93 12.94 12.95 12.96
12.63 12.63 12.63 12.63 12.63 12.63 12.63 12.63 12.63 12.63 12.63 12.63 12.63 12.63 12.63 12.63 41.95 12.63 41.96 12.64 38.34 38.35 12.65 49.69 49.70 49.71 49.59 38.16 12.67 12.67 12.67 41.37 12.68 12.69 41.40 18.62 12.70 12.70 12.71 12.71 12.71 12.72 12.72 12.73 12.73 12.73 12.74 37.96 48.46 40.33 40.34 12.76 12.76 12.77 12.77 12.78 12.78 12.79 12.79 12.80 12.80 12.81 12.81 12.82 12.83 12.83 12.84 12.85 12.86 12.87 12.88 12.88 12.89 12.90 12.92 12.93 12.94 12.95 12.96 12.98 12.99
12.62 12.62 12.62 12.62 12.62 12.62 12.62 12.62 12.62 12.62 12.62 12.62 12.62 41.98 41.98 41.93 41.93 38.31 38.32 49.63 49.65 12.64 12.64 49.68 49.69 49.71 49.72 38.15 41.33 49.15 49.17 49.19 49.20 49.22 41.41 12.69 12.70 12.70 12.71 12.71 12.72 12.72 12.72 12.73 12.73 12.74 12.74 12.75 47.58 40.67 40.36 37.80 12.77 12.77 12.78 12.79 12.79 12.80 12.80 12.81 12.81 12.82 12.83 12.84 12.84 12.85 12.86 12.87 12.88 12.89 12.90 12.91 12.92 12.93 12.94 12.95 12.96 12.98 12.99 13.00 13.02
12.61 12.61 12.61 12.61 12.62 12.62 12.62 12.62 12.62 12.62 12.62 12.62 12.62 41.97 41.97 41.92 38.29 49.48 38.31 49.63 49.64 38.34 49.66 32.89 49.69 32.90 38.39 49.73 41.33 41.34 12.67 12.68 49.21 12.69 41.41 41.43 38.27 12.71 12.71 12.72 12.72 12.72 12.73 12.73 12.74 12.74 12.75 12.75 12.76 12.76 40.38 40.40 12.78 12.78 12.79 12.80 12.80 12.81 12.82 12.82 12.83 12.84 12.84 12.85 12.86 12.87 12.88 12.89 12.90 12.91 12.92 12.93 12.94 12.95 12.96 12.98 12.99 13.00 13.02 13.03 13.05
12.61 12.61 12.61 12.61 12.61 12.61 12.61 12.61 41.94 41.95 41.95 41.89 41.90 12.62 41.91 12.62 49.59 49.60 49.61 49.62 32.87 49.65 49.66 32.89 42.00 49.71 49.72 38.41 41.33 38.18 38.19 12.68 12.69 38.24 41.42 41.44 18.63 18.64 12.72 12.72 12.73 42.06 12.74 12.74 12.75 12.75 12.76 12.76 12.77 12.77 40.41 40.43 40.44 12.80 12.80 12.81 12.82 12.82 18.82 12.84 12.84 12.85 12.86 12.87 12.88 12.89 12.90 12.91 12.92 12.93 12.94 12.95 12.96 12.98 12.99 13.00 13.02 13.03 13.05 13.06 13.08
41.85 41.85 12.60 12.60 38.24 12.61 18.49 12.61 38.25 38.25 38.26 12.61 49.56 49.56 49.57 49.58 32.85 32.86 32.86 49.63 32.87 49.65 49.67 49.68 49.70 49.72 49.73 49.75 42.06 38.19 12.68 12.69 38.23 41.42 38.26 38.28 18.64 12.72 12.72 12.73 42.06 42.08 42.10 12.75 12.75 12.76 12.77 12.77 12.78 12.78 37.87 40.46 40.48 12.81 12.82 12.82 12.83 12.84 12.85 12.85 12.86 12.87 12.88 12.89 12.90 12.91 12.92 12.93 12.94 12.95 12.96 12.98 12.99 13.00 13.02 13.03 13.05 13.06 13.08 13.09 13.11
32.79 32.79 32.80 12.60 12.60 12.60 38.24 38.24 18.49 12.61 12.61 12.61 32.83 49.56 32.84 49.58 32.85 49.61 32.86 32.87 32.87 49.66 32.88 49.70 42.02 49.73 49.75 49.77 38.44 38.20 12.69 12.69 12.70 41.44 12.71 12.71 12.72 12.72 12.73 42.07 42.09 42.11 42.13 41.33 12.76 12.77 12.78 12.78 12.79 12.80 12.80 12.81 12.82 12.82 12.83 12.84 12.85 12.86 12.86 12.87 12.88 12.89 12.90 12.91 12.92 12.93 12.94 12.95 12.97 12.98 12.99 13.00 13.02 13.03 13.05 13.06 13.08 13.09 13.11 13.13 13.15
0.00 0.00 0.00 0.00 49.50 49.51 38.23 49.52 49.53 49.53 32.82 49.55 0.00 32.83 32.84 32.84 49.60 49.62 49.63 49.65 49.66 32.88 30.46 49.71 49.73 42.05 12.67 42.08 42.10 41.38 41.40 12.70 12.70 12.71 12.71 12.72 12.73 12.73 12.74 42.10 42.12 42.14 42.16 41.36 12.78 12.78 12.79 12.80 12.80 12.81 12.82 12.83 12.83 12.84 12.85 12.86 12.87 12.87 12.88 12.89 12.90 12.91 12.92 12.93 12.94 12.96 12.97 12.98 12.99 13.00 13.02 13.03 13.05 13.06 13.08 13.09 13.11 13.12 13.14 13.16 13.18
0.00 0.00 0.00 0.00 0.00 0.00 0.00 25.64 32.81 49.53 1.05 0.00 0.00 0.00 49.59 32.84 49.61 32.86 49.50 49.66 32.88 49.70 49.71 49.73 49.75 38.43 12.68 12.68 12.69 42.14 41.42 12.71 12.71 12.72 12.72 12.73 12.74 12.74 12.75 42.13 42.16 42.18 42.20 41.40 12.79 12.80 12.80 12.81 12.82 12.83 12.83 12.84 12.85 12.86 12.87 12.88 12.89 12.89 12.90 12.91 12.92 12.94 12.95 12.96 12.97 12.98 12.99 13.01 13.02 13.03 13.05 13.06 13.08 13.09 13.11 13.12 13.14 13.16 13.18 13.20 13.22
0.00 0.00 0.00 0.00 0.00 0.00 0.00 0.00 0.00 0.00 0.00 0.00 0.00 0.00 0.00 1.05 32.85 32.86 49.51 49.54 49.70 49.72 49.74 32.91 38.44 38.46 38.47 42.13 38.51 12.70 12.71 12.71 12.72 12.73 12.73 12.74 12.75 12.75 12.76 42.17 42.20 42.22 42.25 41.44 12.81 12.81 12.82 12.83 12.84 12.84 12.85 12.86 12.87 12.88 12.89 12.90 12.91 12.92 12.93 12.94 12.95 12.96 12.97 12.98 13.00 13.01 13.02 13.03 13.05 13.06 13.08 13.09 13.11 13.12 13.14 13.16 13.17 13.19 13.21 13.23 13.25
0.00 0.00 0.00 0.00 0.00 0.00 0.00 0.00 0.00 0.00 0.00 0.00 0.00 0.00 0.00 0.00 0.00 1.05 49.69 32.88 32.89 49.75 49.77 49.79 12.68 12.69 12.69 12.70 12.71 12.71 12.72 12.73 12.73 12.74 12.75 12.75 12.76 12.77 12.78 42.22 42.24 42.27 42.30 41.48 41.51 12.83 12.84 12.85 12.85 12.86 12.87 12.88 12.89 12.90 12.91 12.92 12.93 12.94 12.95 12.96 12.97 12.99 13.00 13.01 13.02 13.04 13.05 13.06 13.08 13.09 13.11 13.12 13.14 13.16 13.17 13.19 13.21 13.23 13.25 13.27 13.29
0.00 0.00 0.00 0.00 0.00 0.00 0.00 0.00 0.00 0.00 0.00 0.00 0.00 0.00 0.00 0.00 0.00 0.00 32.05 32.89 49.76 32.91 49.80 12.69 12.69 12.70 12.70 12.71 12.72 12.72 12.73 12.74 12.75 12.75 12.76 12.77 12.78 42.21 42.24 42.27 42.29 42.32 42.35 41.53 41.56 12.85 12.86 41.63 12.87 12.88 41.71 41.74 41.77 12.92 12.93 12.94 12.95 12.97 12.98 12.99 13.00 13.01 13.03 13.04 13.05 13.07 13.08 13.10 13.11 13.13 13.14 13.16 13.17 13.19 13.21 13.23 13.25 13.27 13.29 13.31 13.33
0.00 0.00 0.00 0.00 0.00 0.00 0.00 0.00 0.00 0.00 0.00 0.00 0.00 0.00 0.00 0.00 0.00 0.00 0.00 32.90 32.91 49.82 49.87 12.70 12.70 12.71 12.72 12.72 12.73 12.74 12.74 12.75 12.76 12.77 12.78 12.78 42.24 42.26 42.29 42.32 42.35 42.38 42.41 41.59 41.61 41.64 41.66 41.69 41.72 41.75 41.78 41.81 12.94 12.95 12.96 12.97 12.98 12.99 13.00 13.02 13.03 13.04 13.05 13.07 13.08 13.10 13.11 13.13 13.14 13.16 13.17 13.19 13.21 13.23 13.24 13.26 13.28 13.30 13.32 13.35 13.37
0.00 0.00 0.00 0.00 0.00 0.00 0.00 0.00 0.00 0.00 0.00 0.00 0.00 0.00 0.00 0.00 0.00 0.00 0.00 32.91 32.92 49.89 12.70 12.71 12.72 12.72 12.73 12.74 12.74 12.75 12.76 12.77 12.78 12.78 12.79 12.80 12.81 42.32 42.35 42.38 42.41 42.44 42.47 41.64 41.67 41.70 41.72 41.75 41.78 41.81 41.84 41.87 41.91 41.94 12.98 12.99 13.01 13.02 13.03 13.04 13.06 13.07 13.09 13.10 13.11 13.13 13.14 13.16 13.18 13.19 13.21 13.23 13.24 13.26 13.28 13.30 13.32 13.34 13.36 13.38 13.41
0.00 0.00 0.00 0.00 0.00 0.00 0.00 0.00 0.00 0.00 0.00 0.00 0.00 0.00 0.00 0.00 0.00 0.00 0.00 1.05 49.88 12.71 12.72 12.72 12.73 12.74 12.74 12.75 12.76 12.77 12.78 12.78 12.79 12.80 42.29 42.32 42.35 42.38 42.41 42.44 42.47 42.50 42.53 41.70 41.73 41.76 41.79 41.82 41.85 41.88 41.91 41.95 41.98 42.01 13.01 13.02 13.03 13.05 13.06 13.07 13.09 13.10 13.12 13.13 13.15 13.16 13.18 13.19 13.21 13.23 13.25 13.26 13.28 13.30 13.32 13.34 13.36 13.38 13.40 13.42 13.45
0.00 0.00 0.00 0.00 0.00 0.00 0.00 0.00 0.00 0.00 0.00 0.00 0.00 0.00 0.00 0.00 0.00 0.00 0.00 0.00 49.97 12.72 12.73 12.74 12.75 12.75 12.76 12.77 12.78 12.79 12.79 42.65 42.68 42.31 42.34 42.38 42.41 42.44 42.47 42.50 42.54 42.57 42.60 41.76 41.79 41.82 41.86 41.89 41.92 41.95 41.99 13.00 13.01 13.03 13.04 13.05 13.06 13.08 13.09 13.11 13.12 13.13 13.15 13.16 13.18 13.20 13.21 13.23 13.25 13.26 13.28 13.30 13.32 13.34 13.36 13.38 13.40 13.42 13.44 13.47 13.49
0.00 0.00 0.00 0.00 0.00 0.00 0.00 0.00 0.00 0.00 0.00 0.00 0.00 0.00 0.00 0.00 0.00 0.00 0.00 0.00 12.73 12.74 12.75 12.75 12.76 12.77 12.78 12.79 12.80 12.80 12.81 12.82 12.83 12.84 42.41 42.44 42.47 42.51 42.54 42.57 42.61 42.64 41.80 41.83 12.95 12.96 41.93 41.96 41.99 42.03 13.02 13.03 13.04 13.06 13.07 13.08 13.10 13.11 13.12 13.14 13.15 13.17 13.18 13.20 13.22 13.23 13.25 13.27 13.28 13.30 13.32 13.34 13.36 13.38 13.40 13.42 13.44 13.46 13.48 13.51 13.53
0.00 0.00 0.00 0.00 0.00 0.00 0.00 0.00 0.00 0.00 0.00 0.00 0.00 0.00 0.00 0.00 0.00 0.00 0.00 32.98 12.75 12.76 12.76 12.77 42.48 12.79 12.80 12.81 12.82 12.82 12.83 12.84 12.85 12.86 12.87 12.88 42.54 42.58 12.91 12.92 42.68 42.72 41.87 41.90 41.93 41.97 42.00 42.04 42.07 13.03 13.05 13.06 13.07 13.09 13.10 13.11 13.13 13.14 13.16 13.17 13.19 13.20 13.22 13.23 13.25 13.27 13.29 13.30 13.32 13.34 13.36 13.38 13.40 13.42 13.44 13.46 13.48 13.50 13.52 13.55 13.57
0.00 0.00 0.00 0.00 0.00 0.00 0.00 0.00 0.00 0.00 0.00 0.00 0.00 0.00 0.00 0.00 0.00 0.00 32.98 33.00 12.77 12.77 12.78 42.51 42.48 12.81 12.82 12.83 12.84 12.85 12.85 12.86 12.87 12.88 12.89 12.90 12.91 12.92 12.94 12.95 12.96 42.80 41.94 41.98 42.01 42.04 42.08 42.12 42.15 42.19 13.08 13.09 13.10 13.12 13.13 13.15 13.16 13.18 13.19 13.21 13.22 13.24 13.25 13.27 13.29 13.31 13.32 13.34 13.36 13.38 13.40 13.42 13.44 13.46 13.48 13.50 13.52 13.54 13.57 13.59 13.61
0.00 0.00 0.00 0.00 0.00 0.00 0.00 0.00 0.00 0.00 0.00 0.00 0.00 0.00 0.00 0.00 0.00 0.00 0.32 12.78 12.79 12.79 42.55 42.51 42.54 42.57 12.84 12.85 12.86 12.87 12.88 12.89 12.90 12.91 12.92 12.93 12.94 12.95 12.96 12.97 12.98 13.00 42.02 42.05 42.09 42.13 42.16 42.20 42.24 42.28 42.32 13.12 13.14 13.15 13.17 13.18 13.19 13.21 13.23 13.24 13.26 13.27 13.29 13.31 13.33 13.34 13.36 13.38 13.40 13.42 13.44 13.46 13.48 13.50 13.52 13.54 13.56 13.59 13.61 13.63 13.66
