New_Model_Runs/2_scn1_noclimate_out/post_prcessed_with_MFR/net_infiltration_annual.asc
NCOLS 700
NROWS 400
XLLCENTER 515000.000000
YLLCENTER 8409000.000000
CELLSIZE 50.000000
NODATA_value -999.000000
[rows 175 to 209 of 400, columns 156 to 233 of 700]
0.00 0.00 0.00 0.00 0.00 0.00 0.00 83.19 81.79 81.87 81.94 82.03 81.81 81.90 0.00 0.00 0.00 0.00 0.00 0.00 0.00 0.00 0.00 0.00 0.00 0.00 0.00 0.00 0.00 0.00 0.00 0.00 0.00 0.00 0.00 0.00 0.00 0.00 0.00 0.00 0.00 0.00 0.00 0.00 0.00 0.00 0.00 85.27 85.20 0.00 0.00 0.00 0.00 84.89 84.88 84.87 85.01 85.00 84.98 0.00 0.00 0.00 0.00 0.00 0.00 0.00 0.00 0.00 0.00 0.00 0.00 0.00 0.00 0.00 0.00 0.00 0.00 0.00
0.00 0.00 0.00 0.00 0.00 0.00 0.00 89.13 82.31 82.39 82.47 82.56 84.29 84.38 84.47 0.00 0.00 0.00 0.00 0.00 0.00 0.00 0.00 0.00 0.00 0.00 0.00 0.00 0.00 0.00 0.00 0.00 0.00 0.00 0.00 0.00 0.00 0.00 0.00 0.00 0.00 0.00 0.00 44.58 0.00 0.00 86.02 86.03 85.50 85.50 85.50 85.50 85.62 85.59 85.58 85.58 86.61 86.60 86.59 0.00 0.00 0.00 0.00 0.00 0.00 0.00 0.00 0.00 0.00 0.00 0.00 0.00 0.00 0.00 0.00 0.00 0.00 0.00
0.00 0.00 0.00 0.00 0.00 84.53 84.60 84.68 89.38 89.45 83.57 83.65 85.28 85.36 85.45 0.00 0.00 0.00 0.00 0.00 0.00 0.00 0.00 0.00 0.00 0.00 0.00 0.00 0.00 0.00 0.00 0.00 0.00 0.00 0.00 0.00 0.00 0.00 0.00 0.00 0.00 0.00 87.39 87.42 86.97 86.98 86.98 86.98 86.39 86.38 86.37 86.37 86.49 86.46 86.45 86.46 87.64 87.62 0.00 0.00 0.00 0.00 0.00 0.00 0.00 0.00 0.00 0.00 0.00 0.00 0.00 0.00 0.00 0.00 0.00 0.00 0.00 0.00
0.00 85.78 85.81 85.91 85.28 85.36 85.45 85.53 84.43 84.51 84.59 84.67 85.41 85.50 85.59 0.00 0.00 0.00 0.00 0.00 0.00 0.00 0.00 0.00 0.00 0.00 0.00 0.00 0.00 0.00 0.00 0.00 0.00 0.00 0.00 0.00 0.00 0.00 0.00 46.13 88.13 88.16 88.20 88.22 93.90 87.55 87.55 87.55 87.41 93.18 87.40 93.14 87.51 87.50 87.49 87.47 88.04 91.52 0.00 0.00 0.00 0.00 0.00 0.00 0.00 0.00 0.00 0.00 0.00 0.00 0.00 0.00 0.00 0.00 0.00 0.00 0.00 0.00
0.00 86.82 86.92 87.01 85.55 85.64 85.72 85.81 85.29 85.36 85.44 85.52 86.51 86.59 86.68 0.00 0.00 0.00 0.00 0.00 0.00 0.00 0.00 0.00 0.00 0.00 0.00 0.00 46.13 0.00 0.00 0.00 0.00 0.00 0.00 0.00 0.00 0.00 0.00 89.41 89.17 89.21 88.90 88.92 88.28 88.29 88.29 88.28 94.25 87.81 87.80 87.82 87.90 87.90 87.88 87.87 108.62 86.69 75.68 0.00 0.00 0.00 0.00 0.00 0.00 0.00 0.00 0.00 0.00 0.00 88.74 0.00 0.00 0.00 0.00 0.00 0.00 0.00
87.33 87.42 87.51 87.60 86.17 86.25 86.33 86.41 86.50 86.57 86.65 86.73 89.01 89.09 89.17 0.00 0.00 0.00 0.00 0.00 0.00 0.00 0.00 0.00 0.00 0.00 0.00 50.73 90.06 0.00 0.00 0.00 0.00 0.00 0.00 0.00 0.00 0.00 0.00 90.65 89.80 89.83 89.85 89.87 89.21 89.21 89.22 89.21 95.90 88.99 88.97 88.96 89.54 89.53 89.51 89.50 110.83 76.72 93.71 76.78 0.00 0.00 0.00 0.00 0.00 96.89 90.16 90.15 96.34 89.69 89.74 89.79 0.00 0.00 0.00 0.00 0.00 0.00
95.32 87.79 87.87 87.96 87.30 87.37 87.44 87.52 87.61 87.68 87.76 87.83 89.10 89.17 88.49 0.00 0.00 0.00 0.00 0.00 0.00 0.00 47.14 47.23 0.00 0.00 0.00 89.60 89.72 0.00 0.00 0.00 0.00 0.00 90.35 90.39 90.18 90.23 29.63 90.97 90.86 90.89 102.41 90.93 89.92 89.92 89.92 89.92 90.05 90.03 90.01 90.00 90.58 90.56 90.55 110.93 111.52 90.66 97.54 91.38 78.03 78.07 78.11 78.15 95.68 91.16 91.16 91.16 90.68 97.48 90.76 90.81 91.52 0.00 0.00 0.00 0.00 0.00
88.83 88.91 88.99 89.08 87.61 87.68 87.76 95.45 87.91 87.98 95.66 88.13 89.44 97.46 89.58 0.00 0.00 0.00 0.00 0.00 0.00 0.00 90.90 90.97 0.00 90.55 90.62 90.69 90.81 112.37 0.00 0.00 0.00 113.03 90.97 91.00 91.24 90.84 99.39 90.91 90.50 90.53 91.21 97.91 90.97 90.96 90.96 90.96 97.35 90.74 90.73 90.70 90.85 90.85 90.82 111.61 91.26 98.69 91.21 91.18 112.88 103.48 105.74 105.76 96.98 91.41 91.41 91.41 91.69 91.72 91.00 91.05 91.32 0.00 0.00 0.00 0.00 0.00
97.63 89.30 89.38 89.13 96.47 96.29 88.88 88.95 89.03 89.10 89.17 89.23 90.56 90.62 90.69 0.00 0.00 0.00 0.00 0.00 0.00 0.00 91.57 91.64 91.59 91.66 99.82 91.34 91.46 113.53 113.61 113.68 114.10 114.16 92.04 92.08 91.87 91.91 100.53 91.97 91.11 91.13 91.15 91.16 98.62 91.26 91.26 91.25 105.51 91.03 91.01 90.98 91.45 91.44 91.41 91.37 91.62 92.26 92.23 92.21 114.24 114.21 121.36 115.60 91.97 91.97 91.97 91.98 91.49 91.52 91.55 91.60 92.32 0.00 0.00 0.00 0.00 0.00
89.58 89.66 89.73 89.81 88.99 89.07 89.13 89.20 90.30 90.36 90.42 90.48 92.25 92.31 92.37 0.00 0.00 0.00 0.00 0.00 0.00 0.00 92.38 92.44 91.98 92.05 92.11 92.19 92.48 114.93 115.00 115.05 115.10 92.50 92.58 92.62 92.80 92.83 92.86 92.89 92.10 92.12 92.13 92.13 91.22 91.22 91.22 91.20 91.19 91.17 91.16 91.14 92.14 92.12 92.09 92.06 92.48 92.44 92.42 92.40 115.18 115.14 115.11 92.74 100.68 92.14 100.57 92.83 92.48 92.50 92.53 92.57 92.98 0.00 0.00 0.00 0.00 0.00
90.70 90.79 90.87 90.94 90.13 90.20 90.26 90.33 91.39 91.45 91.52 91.57 92.90 92.96 93.01 116.05 0.00 0.00 0.00 0.00 0.00 0.00 93.49 93.56 92.59 92.66 92.73 92.79 93.11 116.08 116.14 116.19 116.52 116.57 93.50 93.54 93.25 93.28 93.31 93.34 92.66 92.68 92.71 92.71 92.27 92.27 92.26 92.24 92.22 92.20 92.18 92.16 93.05 93.02 92.99 92.96 93.03 93.00 92.97 92.94 116.21 116.16 136.39 93.27 93.13 93.13 93.14 101.96 92.80 92.82 92.85 92.89 93.50 0.00 0.00 0.00 0.00 0.00
106.81 91.95 92.02 91.64 90.90 90.96 91.02 91.08 92.06 92.12 92.18 92.24 94.00 94.05 117.48 119.25 0.00 0.00 0.00 0.00 0.00 94.39 94.46 94.52 93.69 93.76 93.81 93.75 102.62 94.11 137.68 117.61 125.59 118.03 94.54 94.58 94.29 94.33 94.35 94.38 93.60 93.60 93.59 93.60 92.81 92.80 92.79 92.80 101.17 92.76 92.61 92.60 93.57 93.56 93.53 102.76 94.01 94.01 93.97 93.94 117.56 117.51 124.95 117.42 93.65 93.65 93.64 93.65 93.31 93.33 93.36 93.40 94.49 104.15 0.00 0.00 0.00 0.00
100.13 92.17 92.24 92.32 99.02 91.64 91.70 91.75 92.71 115.58 115.65 92.88 95.01 95.06 118.96 120.67 119.99 0.00 0.00 0.00 119.37 95.49 104.09 95.63 94.65 94.71 94.78 94.84 95.15 95.20 119.04 119.09 140.02 104.35 95.62 95.65 95.35 95.39 104.14 95.44 94.61 94.62 94.62 94.62 102.38 102.36 93.70 93.67 93.64 93.62 93.59 93.56 94.55 94.52 94.48 102.96 95.00 94.96 94.92 94.88 103.77 104.11 118.49 118.45 94.59 94.62 94.62 94.63 94.29 94.31 94.33 94.37 94.99 95.05 95.12 0.00 0.00 0.00
100.84 92.79 92.86 92.93 93.10 93.15 93.20 93.25 119.49 119.55 119.62 119.69 96.40 96.45 94.01 122.87 122.96 123.05 94.41 123.23 120.73 96.40 96.46 96.53 103.99 104.33 95.67 95.73 95.94 95.99 120.23 128.11 96.43 96.46 96.49 96.51 96.40 96.44 96.46 96.48 95.68 95.68 95.68 95.68 94.83 94.81 94.80 94.77 94.73 94.70 94.66 94.63 95.23 95.20 95.17 95.14 95.24 95.19 95.14 95.10 95.83 95.80 95.76 119.78 95.47 95.46 95.46 95.48 94.84 94.86 94.88 94.92 95.54 95.58 95.66 0.00 0.00 0.00
93.68 93.76 93.82 93.89 94.06 94.12 94.16 94.21 120.78 120.84 120.90 120.97 122.50 122.57 95.26 124.52 124.59 122.81 131.06 122.96 121.97 122.05 121.82 96.67 96.60 96.67 96.73 96.79 97.00 97.04 97.08 142.89 113.75 97.06 97.09 97.12 96.87 106.57 106.59 106.05 96.56 96.56 96.57 96.70 95.83 95.81 95.79 95.76 95.72 104.38 95.66 95.62 95.78 95.75 104.70 95.67 96.22 96.17 96.13 96.08 96.82 105.90 96.73 121.09 96.43 96.43 96.42 96.44 95.80 95.81 95.83 95.86 96.48 105.73 96.60 0.00 0.00 0.00
94.32 94.40 94.46 103.12 94.69 94.75 94.79 94.84 122.29 122.34 122.40 122.45 123.99 124.05 96.49 96.58 96.67 124.29 132.75 124.43 123.09 123.16 97.60 97.65 105.97 96.78 96.84 96.90 97.06 97.10 97.14 97.17 97.52 119.14 106.99 97.61 97.36 97.37 97.38 106.78 97.11 97.11 97.11 97.11 105.19 96.66 96.64 96.61 96.70 96.67 96.63 96.16 96.76 96.73 96.68 96.64 97.13 97.09 97.05 97.00 97.73 97.68 97.63 122.37 97.33 97.32 97.32 106.20 96.68 96.69 96.70 96.73 97.36 97.41 97.47 122.19 123.30 123.42
95.40 95.35 95.41 95.47 95.63 95.69 95.74 95.78 123.47 123.51 123.56 123.61 125.35 125.40 133.85 126.89 125.56 125.62 125.68 125.74 124.52 98.57 98.62 98.67 97.68 107.18 97.79 97.85 98.05 107.81 98.13 98.16 98.51 98.54 98.57 98.59 98.33 98.34 98.34 98.34 97.54 97.54 97.54 97.53 96.67 113.87 97.09 97.06 97.01 106.17 106.54 96.92 97.53 97.49 97.45 97.41 97.96 97.91 97.87 97.82 98.54 98.49 98.57 123.64 107.34 98.25 98.25 98.26 97.60 97.61 97.62 97.65 98.28 98.32 98.38 98.45 124.43 124.54
96.55 96.62 96.68 96.74 98.09 98.14 98.19 98.24 98.43 125.38 125.42 125.47 126.02 135.90 126.10 128.56 125.72 125.77 125.83 125.88 99.00 98.24 98.29 98.35 98.49 107.98 98.60 98.64 98.70 98.74 98.77 98.80 99.14 99.17 99.18 99.20 98.88 98.89 98.88 98.87 107.99 98.52 98.52 98.51 97.72 97.70 97.67 97.64 97.14 106.61 97.09 97.05 97.32 106.63 106.76 97.68 98.22 98.64 98.59 98.54 99.06 99.48 125.17 125.11 112.28 108.74 98.95 116.23 98.18 98.19 98.21 98.23 98.52 107.61 98.63 98.69 99.65 125.42
97.54 106.49 97.66 97.72 97.76 97.81 97.85 97.89 99.42 99.46 99.49 126.89 127.44 127.48 99.97 127.56 151.67 99.74 99.78 99.82 98.83 98.88 98.94 98.99 98.44 98.49 98.53 98.57 98.84 98.87 98.90 98.92 99.27 99.27 99.28 99.30 98.97 98.98 98.97 98.96 99.19 99.19 99.18 99.17 98.60 98.58 98.56 98.53 98.03 98.00 97.97 97.93 98.21 98.18 98.15 98.12 98.90 98.85 98.81 98.76 99.92 99.87 99.81 99.77 125.99 99.37 99.84 99.83 98.72 98.74 98.76 98.91 116.72 99.24 99.29 99.35 100.39 100.48
97.52 97.14 97.20 97.26 98.77 98.81 98.85 98.89 100.37 100.41 100.44 100.47 153.18 100.88 100.91 100.95 111.87 100.66 100.70 100.73 99.75 99.80 99.85 99.91 99.05 99.09 99.13 99.16 99.43 126.59 99.46 99.48 99.78 110.81 99.82 99.83 99.84 99.84 99.83 99.82 99.24 109.61 109.60 99.21 99.23 99.21 99.18 99.15 98.87 116.35 98.81 98.78 98.83 108.75 98.78 98.75 99.76 99.71 99.67 99.62 100.79 100.73 100.67 110.62 118.19 118.02 100.18 100.17 99.58 99.59 99.60 99.62 99.91 99.95 100.01 100.06 101.24 101.32
97.74 97.79 97.85 97.91 99.71 99.75 99.79 99.82 101.36 101.39 101.42 101.45 101.84 101.87 101.89 101.92 101.59 112.62 101.65 101.69 100.66 100.70 100.75 100.80 99.94 99.97 99.99 100.02 100.24 100.26 100.27 100.27 100.60 100.59 100.59 100.59 100.26 100.26 100.25 100.28 99.73 99.72 100.05 100.04 99.25 117.51 99.20 99.17 98.67 99.45 99.42 99.39 117.36 109.64 99.60 99.57 100.59 100.56 100.51 100.46 100.82 101.58 101.53 101.48 101.04 101.03 101.02 101.01 99.94 99.94 99.96 99.98 100.24 100.27 100.33 100.39 101.61 101.69
100.37 100.42 100.47 100.52 102.24 102.28 102.32 102.35 102.55 102.57 102.59 123.22 102.38 102.41 102.44 102.46 102.23 102.25 102.28 102.31 101.48 101.52 101.56 101.60 100.70 100.73 100.75 100.77 111.96 111.99 100.92 100.92 101.30 101.29 101.29 112.38 100.85 100.84 100.83 100.82 100.18 100.17 100.16 100.14 99.67 99.64 99.62 99.58 99.00 98.97 98.94 98.91 99.56 99.53 99.50 99.46 100.73 100.70 100.66 111.02 101.57 101.52 101.48 101.44 101.60 101.58 111.61 101.56 100.41 100.40 100.42 100.44 101.15 101.19 101.24 101.30 102.59 102.67
101.33 101.38 101.42 101.46 102.09 102.12 102.17 102.20 102.39 114.70 102.42 102.45 102.22 102.24 102.27 102.29 102.90 102.92 102.95 102.98 112.95 102.16 102.20 102.23 101.56 101.59 101.61 101.62 101.76 101.75 101.74 101.73 102.11 102.11 102.11 102.11 112.75 101.63 101.62 101.61 100.94 100.93 100.91 100.89 100.06 100.03 100.00 99.97 99.77 99.74 99.70 99.67 110.86 100.29 100.26 100.22 101.16 101.47 101.45 101.41 101.78 102.07 102.04 102.00 101.59 101.56 101.54 101.54 101.20 101.19 101.19 101.21 101.93 101.97 102.02 102.08 102.54 102.62
102.24 102.30 102.33 102.36 102.98 103.02 103.05 103.07 103.27 103.29 103.31 103.33 103.10 103.12 103.13 103.15 102.91 102.94 102.96 102.98 102.98 103.01 103.03 114.02 102.13 102.15 102.16 102.16 102.30 102.29 102.28 102.28 102.66 122.74 102.65 102.65 102.43 102.42 102.40 102.39 101.71 112.76 112.73 101.65 100.80 111.67 100.74 111.60 100.12 100.08 100.04 100.01 100.66 100.62 100.63 100.94 101.83 101.80 101.82 101.79 102.47 102.48 102.44 102.41 102.11 102.08 102.05 102.04 101.13 101.12 101.13 101.95 101.60 101.64 101.69 102.56 103.26 103.34
102.89 102.95 102.98 103.01 103.65 103.68 103.70 103.72 103.87 103.90 103.92 103.95 103.70 116.54 103.73 103.75 103.76 103.79 103.77 103.78 102.96 102.98 115.51 114.90 102.92 102.93 102.93 102.93 123.30 103.06 103.05 103.05 103.43 103.43 114.67 103.41 114.15 102.94 102.92 102.91 102.23 113.62 102.42 102.40 101.54 101.51 101.47 101.43 100.84 100.80 100.76 100.71 101.32 101.29 101.25 101.22 102.29 102.26 102.24 102.21 103.19 103.16 103.12 103.09 113.79 113.59 102.45 102.43 101.61 101.61 101.61 101.62 102.32 102.35 102.40 102.45 103.97 104.04
104.08 104.12 104.16 104.19 104.69 104.72 125.22 104.76 104.15 117.22 117.25 104.22 103.88 103.89 103.91 103.93 104.01 104.03 116.85 104.05 103.69 103.69 103.70 103.71 103.68 103.68 103.68 103.68 115.22 103.58 103.57 103.57 103.67 103.66 103.65 128.71 103.26 103.25 103.22 103.20 102.21 113.44 102.17 102.14 101.52 117.66 101.45 101.40 113.33 102.02 101.97 101.92 102.87 102.83 102.79 102.76 103.58 103.54 103.52 103.50 103.97 103.94 103.91 103.89 103.06 103.03 103.01 103.03 102.27 102.26 102.26 102.27 103.30 103.32 103.37 103.75 103.96 104.03
104.91 104.95 104.99 105.02 105.51 117.29 105.55 105.57 104.95 104.97 105.00 105.01 104.66 104.68 104.70 104.72 104.80 104.81 104.81 127.00 123.97 104.41 104.42 104.42 115.91 103.53 103.53 103.52 103.43 103.42 115.74 103.46 103.51 103.50 103.49 116.04 115.23 103.98 103.95 103.92 102.93 102.90 102.88 102.85 102.19 102.19 113.36 102.09 102.51 102.45 102.40 102.35 103.54 103.49 103.45 103.41 104.24 104.20 104.17 104.15 103.76 103.74 103.71 103.70 103.72 103.70 103.68 114.66 102.59 102.59 102.59 102.60 103.96 103.98 104.02 115.44 104.35 104.42
105.71 105.75 105.78 105.80 106.05 106.07 106.08 106.09 105.48 105.50 105.51 105.52 117.58 105.46 105.47 105.48 105.29 105.30 105.30 105.30 104.95 104.95 104.94 104.93 104.21 104.21 104.21 104.20 116.76 104.11 104.10 104.10 104.19 104.19 104.17 104.16 103.81 115.79 116.14 103.73 103.63 103.61 103.58 103.55 102.64 102.59 102.54 102.48 103.18 103.12 103.06 103.00 104.20 104.14 104.09 104.04 104.02 103.98 103.94 103.91 104.37 104.35 104.33 116.65 104.34 104.32 115.50 104.29 103.18 103.17 103.22 103.22 104.54 104.57 104.65 104.70 104.71 104.77
106.23 106.27 106.29 106.31 106.82 106.83 106.85 106.86 106.25 106.25 106.26 118.31 105.93 105.94 105.96 117.87 106.03 106.03 106.03 106.02 105.41 105.40 105.38 105.37 104.91 104.91 104.91 104.91 104.82 104.81 116.37 104.80 104.90 104.89 116.41 104.86 104.48 104.46 104.43 116.42 104.28 104.25 104.22 104.22 103.31 103.26 103.20 103.15 103.85 103.77 103.70 103.64 103.99 104.78 104.72 104.66 104.59 104.55 104.54 104.50 104.93 104.91 104.93 104.92 104.93 116.18 104.91 104.89 123.64 103.77 103.77 103.77 104.29 104.32 104.10 104.14 105.30 105.37
106.31 106.33 106.36 119.85 106.41 106.42 106.44 106.45 106.45 106.45 106.46 106.47 105.81 105.82 105.82 105.82 105.94 105.94 105.94 105.93 105.64 105.63 105.61 105.60 105.27 105.27 105.28 105.28 105.17 105.17 105.16 116.30 105.12 105.11 116.88 105.08 116.37 104.75 116.16 104.71 115.72 104.38 104.34 104.30 104.53 104.47 104.41 104.35 105.20 105.13 105.05 104.99 105.72 105.65 105.58 105.51 105.59 105.54 105.51 105.47 105.26 105.24 105.22 105.20 105.02 105.01 104.99 104.99 104.55 104.53 104.53 104.54 105.13 105.15 105.19 105.24 106.09 106.19
107.03 107.05 120.77 106.94 106.97 120.82 106.99 125.58 119.35 106.01 106.01 106.02 106.50 118.84 106.51 106.51 106.33 106.33 106.32 106.31 106.31 106.29 106.28 118.53 117.55 105.68 105.68 105.68 105.36 105.36 105.35 117.15 105.31 105.30 105.29 117.08 105.44 105.41 105.39 105.37 105.05 105.02 104.98 104.93 105.16 105.10 105.03 104.96 105.62 105.54 105.47 105.39 106.07 106.00 105.92 105.84 106.17 106.12 106.07 106.02 105.81 105.78 123.32 105.74 104.71 104.70 104.69 104.68 105.10 105.08 105.08 105.08 105.63 105.65 105.73 105.77 106.60 119.98
121.17 107.61 107.62 107.63 121.59 107.68 107.67 107.68 106.55 106.54 106.54 106.54 105.89 105.90 105.90 105.89 119.65 105.99 105.98 105.97 105.67 105.65 105.64 105.63 105.90 118.11 105.89 105.89 105.87 105.86 105.86 105.85 105.81 105.81 105.80 105.92 126.91 105.82 105.79 105.76 116.10 105.68 105.63 105.58 104.95 105.74 105.67 105.59 116.97 117.98 105.83 105.74 118.50 106.59 106.51 106.43 106.75 106.68 106.63 118.35 127.19 118.30 118.61 106.26 104.93 104.93 104.92 104.91 104.51 104.49 104.49 104.49 106.13 106.15 106.18 106.22 107.12 107.18
108.23 108.25 108.27 108.28 131.35 108.32 122.00 121.34 120.73 120.72 107.14 107.14 106.51 106.51 106.52 106.51 106.62 106.61 106.59 106.58 106.29 106.26 106.25 106.24 105.66 119.16 105.65 105.65 105.34 105.34 105.34 105.33 105.30 122.76 105.28 105.27 105.82 105.79 105.77 105.75 116.63 105.47 105.42 105.37 105.59 112.82 105.44 105.36 106.31 106.52 106.43 106.34 106.96 106.87 106.79 106.99 107.01 107.23 107.16 107.10 106.86 106.81 106.77 106.75 105.40 105.39 105.38 105.37 104.96 104.98 104.98 104.98 106.62 106.63 106.66 106.69 107.55 107.47
108.91 108.93 108.94 108.96 122.57 108.98 108.99 108.99 107.52 107.52 107.53 107.52 106.36 106.36 106.37 106.36 106.23 106.21 106.20 106.18 106.24 119.89 106.21 119.86 105.92 105.91 105.90 105.91 105.49 105.50 105.50 105.50 105.43 123.65 105.42 105.42 105.26 118.74 106.06 106.04 105.82 106.08 106.03 92.91 123.64 106.17 106.09 106.01 106.62 106.53 106.43 106.33 107.07 106.97 106.88 106.79 120.29 106.82 119.96 107.51 118.52 106.48 106.44 106.41 105.18 105.17 105.16 105.18 106.12 106.10 106.10 106.10 107.78 107.79 107.81 107.80 107.71 107.57
109.49 109.51 109.52 109.53 109.55 109.56 109.57 109.57 108.10 108.10 122.01 108.09 106.93 106.93 106.92 106.92 106.79 106.77 106.75 125.92 106.79 106.78 106.76 106.75 106.47 106.46 106.46 106.46 106.05 124.36 124.39 126.99 127.03 124.51 106.00 105.99 105.84 105.83 105.81 105.79 105.36 105.32 117.91 117.84 124.46 105.91 105.84 105.75 107.19 107.10 107.00 106.90 107.63 107.52 120.91 121.05 107.27 107.18 107.09 107.15 107.01 106.95 106.90 106.86 105.62 105.62 117.39 105.60 106.56 106.55 106.54 106.54 108.21 108.18 108.21 108.23 108.14 149.16
