New_Model_Runs/9_Future_Present_Scn2_out/post_prcessed_no_MFR/net_infiltration_annual.asc
NCOLS 700
NROWS 400
XLLCENTER 515000.000000
YLLCENTER 8409000.000000
CELLSIZE 50.000000
NODATA_value -999.000000
[rows 216 to 251 of 400, columns 81 to 161 of 700]
56.87 54.06 96.81 96.70 54.01 54.03 54.06 53.47 56.73 53.53 53.55 53.23 53.25 53.28 53.31 57.20 57.22 99.97 103.45 58.08 58.11 58.13 56.17 58.09 58.12 58.14 56.21 58.04 58.06 58.08 58.11 61.89 61.91 61.93 61.96 62.20 62.22 62.24 62.26 61.90 61.92 61.94 61.96 61.66 61.68 61.70 61.72 65.98 66.00 66.02 66.04 66.37 66.38 66.40 66.42 66.20 66.22 66.24 66.26 65.79 65.81 65.83 65.85 77.27 77.29 77.30 79.89 69.49 68.15 68.16 68.18 73.84 68.76 68.78 68.79 69.23 69.24 69.26 74.52 72.52 72.54
58.17 54.08 54.11 96.71 54.02 54.05 54.08 53.49 53.52 53.54 53.57 53.24 53.27 56.49 53.32 57.21 57.24 60.73 57.29 58.10 58.12 58.15 56.20 58.11 56.17 58.16 56.23 58.05 61.35 58.10 58.12 61.91 61.93 61.95 61.97 62.21 62.23 62.25 62.28 61.92 61.94 61.96 61.98 61.67 61.69 61.71 61.73 65.99 66.01 66.03 66.05 66.38 66.40 66.42 66.44 66.22 66.24 66.25 66.27 65.81 65.83 65.84 65.86 77.28 77.30 77.32 77.33 72.81 68.16 68.18 68.19 73.85 68.77 73.99 68.81 74.43 69.26 69.27 69.29 70.83 70.85
54.07 102.01 96.84 102.72 54.04 54.06 54.09 53.50 53.53 53.56 53.58 53.26 53.28 53.31 53.34 60.07 57.26 57.28 60.77 58.11 58.14 58.16 58.19 58.12 61.37 58.17 58.19 58.07 58.09 58.11 58.14 61.92 61.94 61.96 61.99 65.92 70.89 69.36 65.98 61.93 65.50 61.97 61.99 65.28 61.71 61.73 61.75 66.01 66.03 66.05 66.07 66.39 66.41 66.43 66.45 66.23 66.25 66.27 70.02 65.82 65.84 65.86 77.05 77.30 77.31 77.33 77.35 77.47 77.49 77.51 68.21 68.77 68.79 68.80 68.82 69.25 69.27 69.28 69.30 70.85 70.86
95.00 99.59 55.92 54.02 54.05 57.24 54.10 53.52 53.54 53.57 53.60 53.27 53.30 53.33 53.35 57.24 57.27 57.30 57.32 58.13 58.15 58.18 61.34 58.14 58.16 62.86 58.21 58.08 58.11 61.34 58.15 61.94 61.96 61.98 62.00 62.24 65.86 62.28 62.30 61.94 61.96 61.98 62.00 61.70 61.72 61.74 61.76 66.02 66.04 66.06 66.08 74.19 66.42 70.20 70.12 66.24 77.59 69.95 66.30 65.83 65.85 65.87 74.10 77.31 77.32 77.34 77.36 80.30 77.50 77.52 77.53 78.25 68.80 68.81 68.83 69.27 69.28 69.30 69.31 70.86 70.88
99.52 76.70 58.72 52.46 54.25 57.59 60.24 54.15 54.18 54.20 54.23 53.74 53.77 53.79 53.82 56.64 56.67 56.69 64.45 55.28 57.41 57.43 57.46 57.36 57.38 57.40 60.90 57.63 57.65 57.68 57.70 64.82 61.84 65.41 61.89 62.02 65.57 62.06 62.08 62.11 65.81 62.16 62.17 62.23 62.25 62.27 62.29 66.27 66.29 74.02 66.32 66.22 66.24 66.26 66.27 66.02 69.51 66.06 66.07 65.52 65.54 73.67 73.68 77.31 77.32 77.34 77.36 77.52 77.54 77.55 77.57 77.61 77.63 77.64 77.66 77.51 80.33 77.54 80.36 79.69 79.70
58.68 47.57 45.19 42.77 52.52 55.26 54.32 54.16 54.19 54.22 57.32 53.75 57.01 53.81 57.65 56.65 56.68 56.71 60.19 57.39 55.34 57.44 57.47 57.37 57.39 57.42 57.44 57.64 57.67 57.69 57.71 61.83 61.86 61.88 61.90 62.03 62.05 62.07 62.10 62.13 62.15 65.84 62.19 62.25 62.27 62.28 62.30 66.28 70.05 66.32 66.33 66.23 66.25 66.27 66.28 66.03 66.05 66.07 66.08 65.53 65.55 73.68 73.69 77.32 77.33 77.35 77.37 77.53 77.55 77.56 77.58 77.62 77.64 77.65 77.67 77.52 77.53 77.55 77.57 82.46 79.71
54.04 55.07 42.74 60.32 57.08 57.11 54.33 60.19 54.20 54.23 54.26 53.76 53.79 53.82 53.84 56.67 56.69 56.72 56.74 57.41 55.35 57.46 57.48 57.38 60.86 57.43 57.45 57.66 57.68 57.70 57.72 61.85 61.87 61.89 61.91 62.04 62.07 62.09 62.11 62.14 62.16 62.18 62.20 62.26 61.08 62.30 62.31 66.29 66.31 66.33 66.34 66.24 66.26 66.28 69.97 66.04 66.06 66.08 66.09 65.54 75.87 75.88 73.70 77.32 77.34 77.36 77.37 77.54 77.56 77.57 77.59 77.63 77.65 77.66 73.11 77.53 77.54 73.00 77.58 79.71 79.72
57.16 54.08 56.98 54.26 54.29 54.31 54.34 54.19 54.21 54.24 54.27 53.78 53.80 57.06 53.86 56.68 56.70 56.73 56.76 57.42 57.44 57.47 62.14 57.39 57.41 57.44 57.46 57.67 57.69 57.71 57.73 64.81 61.88 65.38 61.92 62.05 62.08 62.10 62.12 62.15 62.17 65.75 65.79 62.27 63.45 62.30 62.32 66.30 66.32 66.33 66.35 66.25 66.27 66.28 69.97 66.05 66.07 66.08 74.38 75.77 73.68 73.69 73.71 77.33 77.35 77.37 77.38 77.55 77.57 77.58 77.60 77.64 77.65 77.67 76.54 77.54 77.55 77.57 77.59 79.72 79.73
53.74 53.76 53.79 54.09 54.12 54.14 54.17 54.38 54.40 57.60 57.61 54.30 54.32 54.35 54.38 56.74 56.77 56.80 56.82 56.53 56.55 56.58 60.04 59.56 57.40 60.00 57.45 57.31 57.34 57.36 57.38 61.40 61.42 61.44 61.46 64.95 61.39 61.41 61.43 61.79 61.81 65.36 61.85 62.07 62.09 62.11 62.13 65.84 65.86 65.88 69.56 69.31 65.87 69.35 69.25 65.43 65.44 73.55 73.57 73.40 73.42 73.44 73.46 77.40 77.42 77.43 68.15 77.61 77.63 77.64 77.66 77.46 77.48 72.86 77.51 77.44 77.46 77.47 77.49 79.65 79.67
53.75 53.77 53.80 54.10 54.13 61.43 54.18 54.39 54.41 54.44 58.81 58.78 57.49 54.36 59.77 60.22 56.78 56.80 56.83 56.53 56.56 56.58 56.61 57.39 60.91 57.44 57.46 57.32 57.35 57.37 57.39 61.41 61.43 61.45 66.23 61.38 61.40 61.42 61.44 61.80 61.82 61.84 66.54 67.18 62.10 62.12 62.14 65.85 65.87 65.89 70.69 65.86 65.88 65.90 65.92 65.43 68.77 65.47 65.49 65.45 65.47 65.49 73.46 68.10 68.12 68.14 68.15 77.62 77.63 80.46 77.66 77.47 77.49 77.50 77.52 77.45 77.47 77.48 77.50 79.66 79.68
60.06 60.09 60.11 60.10 60.13 60.16 60.18 60.40 60.42 60.45 60.48 60.31 60.33 60.36 60.39 63.07 63.10 63.13 63.15 63.19 63.22 63.24 63.27 63.23 63.25 63.28 63.30 63.52 63.54 63.56 63.58 69.02 66.61 66.63 66.65 66.55 66.57 66.59 66.61 67.01 67.03 67.05 67.07 66.00 66.02 66.04 70.80 68.90 68.92 68.94 68.96 68.72 68.74 68.76 68.77 68.22 68.24 68.26 68.28 68.06 71.98 68.10 68.12 71.58 71.60 71.61 85.06 82.09 82.10 82.12 82.14 81.78 77.51 81.82 81.83 81.76 81.78 81.79 81.81 84.91 84.93
60.07 60.09 60.12 60.11 60.14 60.16 60.19 60.41 60.43 60.46 60.49 60.31 60.34 60.37 60.39 63.08 63.11 63.13 63.16 63.20 63.22 63.25 63.27 63.24 63.26 63.28 63.31 63.52 63.55 63.57 63.59 66.59 66.62 66.64 66.66 66.56 66.58 66.60 66.62 67.01 67.03 67.05 67.07 66.01 66.03 66.05 66.07 68.91 68.93 68.95 68.96 68.73 68.74 68.76 68.78 68.23 68.25 68.27 77.40 68.07 68.09 68.10 68.12 71.58 71.60 85.03 81.93 82.09 82.11 82.12 82.14 81.79 81.81 81.82 81.84 71.53 71.54 71.56 81.82 84.92 84.94
59.75 59.78 59.80 59.96 63.55 60.02 60.04 60.17 60.20 60.23 60.25 63.78 60.24 60.27 60.29 62.93 62.96 62.98 63.01 62.58 62.60 62.63 62.65 62.48 62.50 62.53 62.55 63.15 63.17 63.20 63.22 68.40 69.02 65.54 65.56 65.96 65.98 66.00 66.02 66.44 66.46 66.48 66.50 66.74 66.76 66.78 66.80 68.28 68.29 68.31 68.33 67.90 67.92 67.94 67.96 68.43 72.49 68.46 68.48 68.27 68.28 68.30 68.32 71.74 71.75 82.11 82.13 81.92 81.93 81.95 85.08 81.69 81.71 81.73 81.74 71.85 71.86 71.88 71.90 74.33 74.35
59.76 59.78 59.81 59.97 60.00 60.02 60.05 60.18 60.21 60.23 60.26 60.22 60.25 63.84 60.30 62.94 62.96 62.99 63.01 62.58 62.61 62.63 62.66 62.48 62.51 62.53 66.36 63.16 63.18 63.20 63.22 68.40 65.52 65.55 65.57 65.96 65.98 66.00 66.03 73.08 66.47 66.49 66.51 66.75 66.77 66.78 66.80 68.28 68.30 68.32 68.34 67.91 67.93 67.94 67.96 68.43 68.45 68.47 68.48 68.27 68.29 68.30 68.32 71.74 71.76 82.12 82.13 81.92 71.65 71.66 81.97 81.70 81.71 81.73 77.48 71.85 71.87 71.88 71.90 74.34 74.36
59.76 58.00 59.81 59.97 60.00 60.03 60.05 60.18 60.21 60.24 60.26 60.23 60.25 60.28 60.31 62.94 66.44 62.99 66.24 62.59 66.36 62.64 62.66 62.49 66.25 62.53 62.56 63.16 63.18 63.20 63.23 71.53 65.53 65.55 65.57 65.97 65.99 66.01 66.03 66.45 66.47 66.49 66.51 66.75 69.63 69.65 66.81 68.28 68.30 68.32 68.34 72.71 67.93 67.95 67.97 68.43 68.45 68.47 68.49 68.27 68.29 68.31 68.32 71.74 71.76 71.78 71.79 76.81 71.65 81.95 81.97 71.46 71.48 81.73 77.48 71.85 71.87 71.89 71.90 74.34 74.36
59.77 59.79 59.82 59.98 60.01 60.03 60.06 60.19 60.22 60.24 60.27 60.23 60.26 60.28 60.31 62.94 62.97 63.00 63.02 62.59 62.62 62.64 66.38 66.22 62.51 62.54 62.56 63.16 63.19 63.21 63.23 65.51 65.53 65.55 65.57 65.97 65.99 66.01 66.03 66.46 66.48 66.49 66.51 66.75 66.77 69.50 66.81 68.29 68.31 68.32 68.34 67.91 72.73 67.95 67.97 68.44 68.45 68.47 68.49 68.28 68.29 68.31 68.33 71.75 71.76 71.78 71.80 71.64 71.65 81.96 71.69 71.46 71.48 81.73 71.51 71.86 71.87 71.89 71.91 74.35 74.36
62.73 59.24 59.27 59.24 59.27 62.80 62.83 59.26 59.28 59.31 59.34 59.31 59.33 59.36 59.39 62.17 60.85 62.22 65.91 61.83 61.86 61.88 61.90 62.44 62.47 62.49 62.51 63.18 63.21 63.23 63.25 65.62 65.64 65.66 65.68 66.25 66.27 66.29 66.31 66.33 66.35 66.37 66.39 66.18 66.20 66.22 66.24 68.36 68.38 68.40 68.42 68.50 68.51 68.53 68.55 68.43 68.44 68.46 68.48 69.06 69.08 69.09 69.11 72.30 72.32 72.34 72.35 71.86 71.88 71.90 71.91 71.70 71.72 71.74 71.75 72.30 72.31 72.33 72.35 74.92 74.94
59.22 59.25 59.27 59.25 59.27 59.30 59.33 59.26 59.29 59.31 59.34 59.31 65.19 59.36 59.39 62.17 62.19 62.22 62.24 61.83 61.86 61.88 61.91 62.45 62.47 62.49 62.52 63.19 63.21 63.23 63.25 65.62 65.64 65.66 65.68 66.25 66.27 66.30 66.32 66.33 66.35 66.37 73.02 66.18 66.20 66.22 66.24 68.36 68.38 68.40 68.42 68.50 68.51 68.53 68.55 68.43 68.44 68.46 68.48 69.06 69.08 69.09 69.11 72.30 72.32 81.37 72.35 71.87 71.88 71.90 71.91 76.88 71.72 71.74 71.75 72.30 72.32 72.33 72.35 74.92 74.94
62.73 59.25 59.28 62.75 59.28 59.30 59.33 59.26 59.29 59.31 59.34 59.31 59.34 59.36 59.39 62.17 62.19 62.22 62.24 61.83 61.86 61.88 61.91 62.45 62.47 62.49 62.52 63.19 63.21 63.23 63.25 65.62 65.64 65.66 65.68 66.25 66.28 66.30 66.32 76.51 69.18 72.95 66.39 66.18 68.89 66.22 66.24 68.36 68.38 68.40 68.42 68.50 68.52 68.53 68.55 68.43 68.44 68.46 68.48 69.06 69.08 69.09 69.11 72.30 72.32 72.34 81.31 71.87 71.88 71.90 71.92 71.70 71.72 71.74 71.75 72.30 72.32 72.33 72.35 74.92 74.94
59.22 59.25 59.28 62.58 59.28 59.30 59.33 59.26 59.29 62.66 59.34 59.31 59.34 59.36 59.39 62.17 62.19 62.22 62.24 61.83 61.86 61.88 61.91 62.45 62.47 62.49 62.52 63.19 63.21 63.23 63.25 65.62 65.64 65.66 65.68 66.25 66.28 66.30 73.04 66.33 66.35 66.37 66.39 66.18 66.20 66.22 66.24 68.36 68.38 68.40 68.42 68.50 68.52 68.53 68.55 68.43 68.44 68.46 68.48 69.06 69.08 69.09 69.11 72.30 72.32 72.34 72.35 71.87 71.88 71.90 71.91 71.70 71.72 71.74 71.75 72.30 72.32 72.33 72.35 74.92 74.94
58.70 58.72 58.75 58.52 58.54 58.57 61.82 58.64 58.66 58.69 58.72 58.64 58.66 58.69 58.71 61.69 61.72 61.75 61.77 62.58 62.61 62.63 62.66 63.28 63.30 63.33 63.35 63.66 63.69 63.71 63.73 66.48 66.50 66.52 66.54 66.60 66.62 66.64 69.40 66.20 66.22 66.24 66.26 66.14 66.16 66.18 66.20 68.34 68.36 68.38 68.40 68.88 68.90 68.92 68.94 69.17 69.19 69.20 69.22 69.64 69.66 69.67 69.69 72.94 72.95 72.97 78.10 72.13 77.34 72.16 72.18 71.89 71.90 71.92 71.94 72.64 72.65 72.67 72.69 75.19 75.21
58.70 58.72 58.75 58.52 58.54 58.57 58.60 58.64 58.66 58.69 58.71 58.63 58.66 61.90 58.71 61.69 61.72 61.74 61.77 62.58 62.61 62.63 62.65 63.28 63.30 63.33 63.35 63.66 63.68 63.71 63.73 66.48 66.50 66.52 66.54 66.60 66.62 66.64 66.66 66.20 66.22 66.24 66.26 66.14 66.16 66.18 66.19 68.34 68.36 68.38 68.40 68.88 68.90 68.92 68.93 69.17 69.18 69.20 69.22 69.64 69.66 69.67 69.69 72.93 72.95 72.97 72.98 72.12 72.14 72.16 72.17 71.89 71.90 71.92 71.94 72.63 72.65 72.67 72.69 75.19 75.21
58.70 58.72 58.75 58.52 58.54 61.79 58.59 58.63 58.66 58.69 58.71 58.63 58.66 58.68 58.71 61.69 61.72 61.74 61.77 62.58 62.60 62.63 62.65 63.28 63.30 63.32 63.35 63.66 63.68 63.70 63.72 66.47 66.50 66.52 66.54 66.60 66.62 66.64 66.66 66.19 66.21 66.23 66.25 66.14 66.15 66.17 66.19 68.34 68.36 68.38 68.39 68.88 68.90 68.91 68.93 69.16 69.18 69.20 69.22 69.64 69.65 69.67 69.69 72.93 72.95 72.97 72.98 72.12 72.14 72.15 82.04 71.88 71.90 71.92 71.93 72.63 72.65 72.67 72.68 75.19 75.21
58.70 58.72 58.75 58.51 58.54 58.57 58.59 58.63 58.66 58.68 58.71 65.02 58.66 58.68 58.71 61.69 61.71 61.74 61.76 62.58 62.60 62.62 62.65 63.27 63.30 63.32 63.34 63.65 63.68 63.70 63.72 66.47 66.49 66.51 66.53 66.59 73.40 66.63 69.39 66.19 66.21 66.23 66.25 66.13 66.15 66.17 66.19 68.34 68.36 68.37 68.39 68.88 68.89 68.91 68.93 69.16 69.18 69.20 69.21 69.63 69.65 69.67 69.68 72.93 72.95 81.61 72.98 72.12 82.26 73.71 72.17 71.88 71.90 71.91 71.93 72.63 72.65 72.66 72.68 75.18 75.20
59.39 59.42 58.43 58.96 58.98 59.01 59.04 58.61 58.64 58.66 58.69 58.95 58.98 59.00 59.03 62.43 62.46 62.48 62.51 63.32 63.35 63.37 63.39 63.55 63.57 63.60 63.62 64.04 64.06 64.09 64.11 65.79 65.81 65.83 65.86 66.49 66.52 66.54 66.56 66.31 66.33 66.35 66.37 66.40 66.42 66.44 66.46 68.76 68.78 68.80 68.82 69.28 69.30 69.31 69.33 69.83 69.85 69.86 69.88 70.07 70.08 70.10 70.12 72.89 72.90 72.92 78.02 77.08 71.87 71.89 71.90 71.82 73.36 73.38 71.87 72.58 72.60 72.62 72.63 75.24 75.26
59.39 63.65 59.44 64.97 65.96 59.01 59.03 58.61 58.63 58.66 58.68 62.16 58.97 59.00 59.02 62.43 62.45 61.18 62.50 63.32 63.34 63.37 63.39 63.54 63.57 63.59 63.61 64.04 64.06 64.08 64.10 65.79 65.81 65.83 65.85 73.44 69.37 66.53 66.55 66.30 66.32 66.34 66.36 66.39 66.41 66.43 66.45 68.76 68.78 68.79 68.81 69.28 69.29 69.31 69.33 69.83 69.84 69.86 69.88 70.06 70.08 70.10 70.11 72.88 72.90 72.92 72.93 71.85 71.87 71.88 71.90 71.82 71.84 71.85 71.87 72.58 72.59 72.61 72.63 75.24 75.26
58.54 58.56 58.59 58.31 58.34 58.36 58.39 58.76 58.79 58.55 58.57 58.79 61.45 58.84 58.86 60.06 60.08 60.11 60.13 61.41 61.43 61.46 61.48 61.87 61.90 61.92 61.94 62.36 62.38 62.41 61.42 63.72 63.74 63.76 63.78 63.30 67.15 63.34 63.36 63.40 63.42 63.44 63.46 63.56 63.58 68.09 63.62 66.33 66.35 66.37 66.38 67.02 67.03 67.05 67.07 67.56 67.58 67.59 67.61 67.09 67.11 67.13 70.94 69.41 69.42 69.44 69.46 68.47 73.46 68.50 68.52 68.44 68.46 68.48 68.49 69.18 69.20 69.22 69.23 72.44 72.46
58.53 62.27 58.58 58.31 58.33 58.36 58.38 58.76 58.78 58.81 58.84 59.09 58.80 58.83 58.86 60.05 60.08 60.10 60.13 61.40 61.43 61.45 61.47 61.87 61.89 61.92 61.94 62.36 62.38 62.40 62.42 63.71 63.74 63.76 63.78 63.29 63.31 63.33 63.35 63.40 63.42 63.44 63.46 67.14 67.16 63.59 63.61 66.32 66.34 66.36 66.38 67.01 67.03 67.05 67.06 67.55 67.57 67.59 67.61 67.09 67.11 67.12 67.48 69.40 69.42 69.43 69.45 68.47 68.48 68.50 68.52 68.44 68.45 68.47 68.49 69.18 69.19 69.21 69.23 72.43 76.93
58.21 58.24 58.26 58.47 58.50 58.52 58.55 59.06 59.09 59.11 59.14 59.29 68.43 59.34 59.37 60.52 60.55 60.57 60.60 61.83 61.85 61.87 61.90 62.34 62.37 62.39 62.41 62.81 62.83 62.85 62.87 63.76 63.78 63.80 63.82 63.33 63.35 63.37 63.39 63.41 63.43 63.45 63.47 63.26 63.28 63.30 63.31 66.20 66.22 66.24 66.26 67.15 67.17 67.19 67.21 67.17 67.19 67.21 67.22 67.64 67.66 67.67 67.69 68.85 68.86 68.88 68.90 68.18 68.20 68.21 68.23 68.32 68.34 68.36 68.37 68.74 68.76 68.78 68.80 72.30 72.32
58.20 58.23 58.25 58.47 58.49 58.52 58.54 59.06 59.08 59.11 59.13 59.29 59.31 59.34 59.36 61.02 61.04 61.07 60.59 61.82 61.84 61.87 61.89 62.34 62.36 62.38 62.41 62.80 62.82 62.84 64.12 62.98 63.77 63.80 63.82 63.32 63.34 63.36 63.38 63.41 63.43 63.45 63.47 63.25 63.27 63.29 63.31 66.19 66.21 66.23 66.25 73.83 67.16 67.18 67.20 67.17 67.18 67.52 74.84 67.63 67.65 67.67 67.68 68.84 68.86 68.87 73.07 68.17 68.19 68.21 68.22 68.32 68.33 68.35 68.37 68.74 68.76 68.77 68.79 72.29 76.65
58.20 58.22 58.25 58.46 58.48 58.51 58.54 59.05 59.07 59.10 59.12 59.28 59.30 59.33 59.35 61.01 61.04 61.06 61.09 62.27 62.30 62.32 61.88 62.33 62.35 62.37 62.40 62.79 62.81 62.84 64.11 68.31 65.89 63.79 63.07 63.31 63.33 63.36 63.38 63.40 63.42 63.44 63.46 63.24 63.26 63.28 63.30 66.19 66.21 66.22 66.24 70.75 67.16 67.18 67.19 67.16 67.18 67.19 67.21 67.63 67.64 67.66 67.68 68.83 68.85 68.87 73.06 68.17 68.19 68.20 68.22 68.31 68.33 68.34 68.36 68.73 68.75 68.77 68.79 72.29 72.30
58.19 58.22 65.54 58.45 58.48 58.50 58.53 62.78 59.07 59.09 59.12 57.23 63.04 59.32 59.35 61.00 61.03 61.05 61.08 62.26 62.29 62.31 62.34 63.28 63.30 62.37 62.39 62.78 66.85 67.13 64.68 53.31 53.37 65.91 63.80 63.31 63.33 63.35 63.37 63.39 63.41 63.43 63.45 77.96 63.26 63.28 67.39 66.18 66.20 66.22 66.24 67.13 67.15 67.17 71.01 67.15 67.17 67.19 71.01 67.62 67.64 67.65 67.67 69.55 68.84 68.86 68.88 68.16 68.18 68.20 68.21 68.30 68.32 68.34 68.35 72.98 68.74 68.76 68.78 72.28 72.30
58.04 58.06 58.09 58.53 58.55 58.58 58.60 59.16 59.19 59.21 59.24 59.34 59.36 59.39 59.41 61.00 61.03 61.05 61.08 62.47 62.50 62.52 62.54 63.64 63.66 63.69 63.71 70.48 62.81 64.06 51.55 53.28 65.74 67.49 63.65 63.12 63.14 63.16 63.18 63.38 63.40 70.73 70.75 78.06 63.35 63.36 63.38 66.10 66.12 66.13 66.15 66.77 66.78 66.80 70.61 67.00 67.02 67.03 74.86 67.18 67.20 67.21 67.23 68.44 68.45 68.47 68.49 68.18 68.20 68.22 73.29 68.21 68.22 68.24 68.26 76.87 68.35 68.37 68.38 72.11 72.13
58.03 58.05 61.80 58.52 58.54 58.57 58.59 59.15 59.18 59.20 59.23 59.33 57.33 59.38 59.40 60.99 61.02 61.04 61.07 62.46 71.33 62.51 62.53 63.63 63.65 63.68 63.70 63.74 63.76 62.91 65.14 65.71 70.94 63.62 63.64 63.11 63.13 63.15 63.17 63.37 63.39 70.72 70.74 70.87 70.89 67.46 63.38 66.09 66.11 66.13 66.14 66.76 66.78 66.79 66.81 66.99 67.01 68.66 68.67 67.17 71.00 67.21 71.48 68.43 68.45 68.46 68.48 68.18 68.19 68.21 68.23 68.20 68.22 68.23 68.25 68.33 68.34 68.36 68.38 72.11 72.12
58.02 58.04 58.07 58.51 58.53 58.56 58.58 59.14 59.17 59.19 59.22 59.32 59.35 59.37 59.40 60.98 61.01 61.03 61.06 62.45 62.48 62.50 62.52 63.62 64.42 63.67 85.66 64.50 63.75 62.90 63.79 63.62 66.37 64.43 64.45 63.10 63.12 63.14 63.16 63.36 63.38 63.40 70.73 70.86 70.88 70.90 63.37 66.08 66.10 66.12 66.14 66.75 66.77 66.79 66.80 66.98 70.79 68.65 68.66 67.16 67.18 67.20 67.21 68.42 68.44 69.12 68.47 68.17 68.19 68.20 68.22 68.19 68.21 68.23 68.24 68.32 68.34 68.35 68.37 72.10 72.12
58.01 58.04 58.06 58.50 58.52 58.55 58.57 59.13 59.16 59.18 59.21 59.31 59.34 63.10 59.39 60.97 61.00 61.02 61.05 62.44 71.30 62.49 62.51 64.38 64.41 72.16 58.65 65.65 63.74 63.76 63.79 64.38 64.40 66.82 78.98 63.57 63.59 63.61 63.15 63.35 63.37 63.39 70.72 70.85 72.89 70.89 70.91 72.36 66.09 66.11 66.13 66.74 66.76 66.78 66.80 66.98 66.99 67.01 72.99 67.16 67.17 67.19 67.21 68.41 68.43 69.11 68.46 68.16 72.08 72.11 68.21 68.19 68.20 68.22 68.24 68.31 68.33 69.05 68.36 72.09 72.11
