New_Model_Runs/9_Future_Present_Scn2_out/post_prcessed_no_MFR/net_infiltration_annual.asc
NCOLS 700
NROWS 400
XLLCENTER 515000.000000
YLLCENTER 8409000.000000
CELLSIZE 50.000000
NODATA_value -999.000000
[rows 216 to 251 of 400, columns 243 to 323 of 700]
67.36 67.14 66.69 66.69 66.69 65.46 65.46 65.46 72.94 68.39 65.57 65.57 65.57 66.03 68.43 68.43 68.43 70.04 70.04 70.04 70.04 70.21 70.21 70.21 70.21 70.09 78.75 78.75 70.04 63.23 63.23 63.23 67.09 63.67 69.69 69.69 62.83 61.61 61.61 61.61 61.61 61.04 61.04 61.04 68.39 59.26 59.26 59.26 59.26 59.20 59.20 59.20 59.20 59.23 59.23 59.23 57.88 59.42 65.46 59.42 59.42 60.17 60.17 60.17 60.17 60.43 60.43 60.43 60.43 60.50 63.80 60.50 66.66 63.00 61.14 70.49 64.10 58.45 62.99 38.73 36.95
67.36 66.69 72.46 70.83 66.69 65.46 69.40 65.46 65.46 65.57 65.57 65.57 65.57 66.03 68.43 68.43 68.43 70.04 70.04 70.04 70.04 70.21 70.21 70.21 78.90 78.75 78.75 70.04 70.04 63.23 63.23 62.50 62.50 62.78 69.69 64.16 66.41 61.61 61.61 61.61 61.61 61.04 61.04 61.04 61.04 59.26 59.26 59.26 59.26 59.20 59.20 59.20 59.20 59.23 59.23 59.23 57.88 60.51 58.09 59.42 59.42 60.17 60.17 64.27 60.17 60.43 60.43 60.43 60.43 60.50 60.50 60.50 66.66 63.00 52.28 54.06 56.27 50.91 50.27 38.73 79.67
67.36 66.69 70.83 70.83 66.69 65.46 65.46 65.46 65.46 65.57 65.57 65.57 65.57 66.03 66.03 68.43 68.43 70.04 70.04 70.04 70.04 78.90 60.82 78.90 74.95 78.75 78.75 70.04 70.04 63.23 62.50 62.50 64.35 64.12 69.69 69.69 62.83 68.24 68.24 61.61 61.61 61.04 61.04 61.04 61.04 59.26 59.26 59.26 59.26 59.20 59.20 59.20 59.20 59.23 59.23 59.23 57.88 59.42 59.42 59.42 59.42 60.17 60.17 60.17 60.17 60.43 60.43 59.58 60.43 60.50 60.50 66.66 63.59 63.00 52.28 54.51 42.07 47.19 47.19 47.19 85.02
67.36 66.69 66.69 66.69 66.69 69.18 65.46 65.46 65.46 65.57 65.57 65.57 65.57 66.03 66.03 68.43 68.43 70.04 70.04 70.04 70.04 78.90 75.36 75.36 79.67 78.75 70.04 70.04 70.04 38.41 38.41 71.71 64.35 64.12 62.78 69.69 69.69 65.21 68.24 68.24 61.61 61.04 61.04 61.04 63.29 67.97 63.30 59.26 59.26 59.20 59.20 59.20 59.20 59.23 59.23 59.23 60.50 59.42 59.42 59.42 59.42 60.17 60.17 63.44 60.17 60.43 60.43 60.43 60.43 60.50 60.50 66.66 61.78 60.79 52.28 42.07 42.07 46.70 38.73 38.73 81.45
67.18 66.29 66.29 66.29 66.29 65.43 65.43 65.43 65.43 65.73 65.73 65.73 65.73 66.92 66.92 69.35 69.35 70.09 70.09 70.09 70.09 78.96 79.34 79.70 75.85 70.15 70.15 70.15 70.15 62.47 67.51 50.30 64.33 55.07 71.19 70.30 69.68 68.56 69.27 74.30 65.31 60.28 60.28 60.28 60.28 20.68 78.97 59.52 59.52 59.98 59.98 59.98 59.98 59.41 59.41 59.41 59.41 59.34 59.34 59.34 59.34 60.27 60.27 66.39 60.27 60.63 59.80 59.80 61.46 61.31 59.51 66.50 61.63 63.61 52.28 42.07 12.62 44.92 46.70 38.73 81.45
67.18 66.29 66.29 66.29 66.29 65.43 65.43 68.88 65.43 65.73 65.73 65.73 65.73 66.92 66.92 66.92 69.35 70.09 70.09 70.09 70.09 121.68 79.34 78.96 70.22 70.15 70.15 70.15 70.15 62.47 64.33 56.67 50.30 54.19 48.95 121.62 71.47 67.72 74.21 67.72 61.17 60.28 60.28 60.28 60.28 59.52 66.43 73.72 62.86 59.98 59.98 59.98 59.98 59.41 59.41 59.41 59.41 59.34 58.00 59.34 59.34 60.27 60.27 67.19 62.33 72.90 59.80 61.46 65.76 39.30 39.96 59.51 61.63 63.62 51.88 42.07 12.62 11.09 14.83 16.61 53.98
70.87 66.29 66.29 66.29 66.29 65.43 65.43 65.43 65.43 65.73 65.73 65.73 65.73 66.92 66.92 66.92 69.35 71.51 70.09 70.09 70.09 122.42 79.70 78.96 70.22 70.15 70.15 70.15 70.15 62.47 70.21 64.33 50.30 59.67 92.37 116.59 71.47 67.72 62.38 61.17 60.10 62.02 60.28 60.28 60.28 66.74 55.42 69.90 69.27 59.98 60.83 58.73 59.98 59.41 59.41 59.41 59.41 59.34 59.34 59.34 61.55 60.27 60.27 67.19 94.51 54.06 59.84 65.45 65.76 39.30 65.74 60.37 60.37 62.33 70.23 42.07 42.07 53.98 81.45 55.59 54.55
67.18 66.29 66.29 66.29 66.29 68.88 65.43 65.43 65.43 65.73 65.73 65.73 65.73 66.92 66.92 66.92 70.02 71.51 70.09 70.09 70.47 109.94 75.85 70.22 70.22 70.15 70.15 70.15 70.15 62.47 63.21 63.21 45.25 91.67 115.69 62.82 62.82 67.72 60.10 62.12 60.10 62.02 60.28 62.02 63.16 58.21 65.71 57.11 47.68 63.63 61.85 63.10 58.73 58.09 59.41 59.41 59.41 59.34 58.00 59.34 61.55 59.40 61.97 97.21 84.78 52.28 55.84 43.85 65.76 65.74 61.31 67.53 62.15 67.44 62.08 84.78 84.78 11.09 11.09 39.43 42.99
67.01 70.22 66.13 66.13 78.41 66.75 66.75 65.48 65.48 66.31 66.31 66.31 66.31 67.30 69.92 67.76 67.30 70.17 74.25 78.85 122.36 113.38 70.66 70.07 70.07 69.99 69.99 69.99 69.99 63.08 67.66 64.26 47.53 121.59 62.37 62.37 62.37 65.84 60.30 59.11 59.11 61.79 61.79 46.77 58.60 58.40 59.68 61.72 59.17 52.12 53.00 62.02 58.95 63.24 59.50 59.50 59.50 59.59 59.59 59.59 61.67 61.93 92.98 56.27 43.85 84.78 14.40 43.85 54.49 65.74 65.74 67.50 21.50 55.37 84.78 43.85 43.85 48.97 39.43 46.82 52.17
67.01 66.13 66.13 66.13 66.13 65.48 65.68 65.68 65.68 66.31 66.31 66.31 66.31 67.30 67.30 67.30 67.30 47.56 74.83 67.22 113.40 71.49 76.10 70.07 70.07 69.99 69.99 69.99 69.99 63.08 64.86 80.71 90.59 70.93 64.15 62.37 62.37 60.30 64.37 60.30 46.77 46.77 46.77 46.77 62.46 59.68 59.68 59.68 105.64 102.86 42.33 82.87 60.17 59.50 62.78 59.50 59.50 59.59 59.59 58.29 59.59 60.19 92.98 45.94 42.07 84.78 86.57 14.43 12.62 63.45 66.11 62.54 55.37 55.37 52.28 51.88 43.85 50.80 49.02 49.02 38.16
66.73 66.19 66.19 66.19 66.19 65.54 65.54 65.54 65.54 66.02 66.02 66.02 66.02 65.22 65.22 65.33 65.22 73.52 64.63 120.02 68.60 70.13 70.13 70.13 68.55 68.55 68.55 68.55 78.98 59.30 61.08 117.18 89.04 70.05 66.48 64.70 58.61 56.63 56.63 59.36 42.05 42.05 42.05 42.05 42.05 56.09 56.09 56.09 57.87 104.67 41.15 70.75 57.28 55.38 54.42 55.92 55.92 62.04 56.00 56.75 62.04 96.80 55.65 41.00 39.67 31.77 74.49 52.60 52.60 74.49 85.95 56.16 9.88 84.76 42.05 39.67 31.85 55.24 55.24 55.24 29.71
66.73 69.02 66.19 66.19 66.19 65.54 65.54 65.54 65.54 66.02 66.02 66.02 66.02 65.22 65.22 65.22 65.22 73.52 115.99 120.02 70.16 74.24 46.34 70.13 69.43 68.55 68.55 70.33 82.85 59.30 61.08 116.72 68.65 66.48 64.70 64.70 58.61 56.63 56.63 56.63 42.05 42.05 42.05 42.05 42.05 56.09 56.09 56.09 65.43 43.92 82.32 56.52 61.95 57.70 55.92 55.92 55.92 56.75 56.75 62.04 37.13 33.43 98.37 41.00 52.60 52.60 52.60 52.60 31.77 11.66 47.39 56.16 9.12 58.43 29.24 5.98 56.10 54.24 45.46 30.10 26.21
66.85 65.99 65.99 65.99 65.99 65.71 65.71 69.19 65.71 66.03 66.03 66.03 66.03 65.20 65.27 65.20 65.20 69.96 115.84 119.15 48.13 73.52 70.70 69.25 68.51 68.22 68.22 70.00 76.74 66.44 109.19 66.48 58.61 57.10 62.90 62.90 55.30 59.25 55.58 53.57 42.05 42.05 42.05 42.05 42.05 56.31 56.31 56.31 65.55 42.14 38.57 99.32 63.82 65.08 57.95 37.13 56.17 54.58 67.62 59.95 40.35 58.47 95.24 53.15 52.25 9.88 9.88 31.77 31.77 42.05 31.54 31.54 95.08 88.61 30.95 5.98 0.00 24.43 0.00 0.00 0.00
67.09 65.99 65.99 65.99 65.99 65.71 69.19 69.19 65.71 66.03 66.03 66.03 66.03 65.20 65.20 68.86 67.79 75.49 64.72 115.84 71.81 76.00 76.00 69.25 68.51 68.22 68.22 71.79 76.54 115.75 58.61 58.61 58.61 57.10 57.10 62.90 62.90 59.25 55.58 55.58 55.58 56.41 56.41 56.41 56.41 56.31 56.31 56.31 67.02 52.83 54.91 83.15 82.43 43.45 65.47 59.90 57.95 56.06 68.51 17.73 37.75 54.93 52.37 76.89 32.39 9.18 35.34 15.47 38.84 31.77 31.77 41.45 39.61 5.98 0.00 0.00 0.00 0.00 0.00 0.00 0.00
66.85 65.99 65.99 65.99 65.99 65.71 72.53 69.19 65.71 66.03 66.03 66.03 66.03 65.20 65.20 65.20 65.20 66.08 75.49 115.84 70.03 69.95 69.95 68.51 68.51 68.77 68.92 83.95 90.84 102.90 57.03 58.61 58.61 57.10 57.10 57.10 60.58 55.58 55.58 55.58 55.58 56.41 56.41 56.41 56.41 56.31 56.31 56.31 68.80 51.05 47.49 14.02 54.29 81.28 39.54 65.08 63.29 56.06 68.75 59.74 82.25 59.03 55.47 13.22 43.43 31.14 43.43 54.91 38.84 32.28 32.28 15.10 9.55 9.55 0.00 0.00 0.00 0.00 0.00 0.00 0.00
66.85 65.99 65.99 65.99 65.99 69.19 69.19 65.71 68.75 66.03 66.03 66.03 66.03 65.20 65.20 65.20 65.20 66.08 66.08 118.21 63.34 72.48 68.51 68.51 74.21 69.79 46.34 69.79 112.51 58.61 58.61 58.61 58.61 57.10 57.10 57.10 57.10 55.58 55.58 55.58 55.58 56.41 56.41 56.41 62.09 56.69 56.31 56.31 63.46 40.35 40.35 40.35 11.82 81.28 80.47 11.33 54.39 111.67 54.82 48.41 49.33 47.00 30.61 73.33 38.84 38.84 30.61 30.61 31.14 32.28 32.28 34.14 0.00 0.00 0.00 0.00 0.00 0.00 0.00 0.00 24.43
67.09 66.34 66.34 66.34 69.07 65.85 65.85 65.85 65.85 66.33 66.33 66.33 66.33 65.02 65.02 65.02 65.02 65.77 69.47 118.03 63.34 63.03 68.66 68.76 63.34 73.44 59.78 74.15 112.64 63.39 57.64 61.38 57.64 56.20 56.20 56.20 56.20 55.91 55.91 55.91 55.91 57.02 57.02 57.02 62.81 63.88 63.88 62.72 61.89 50.50 38.57 38.57 14.54 56.32 54.54 54.39 54.04 39.54 13.11 48.41 36.76 30.61 9.66 73.33 30.61 30.61 30.61 32.90 40.62 31.14 35.75 36.16 41.00 0.00 0.00 0.00 0.00 0.00 0.00 0.00 24.43
67.09 66.34 66.34 74.24 69.07 65.85 65.85 65.85 65.85 66.33 66.33 66.33 66.33 65.02 65.02 65.02 65.02 65.77 65.77 118.03 68.72 72.04 68.08 68.66 61.25 55.17 74.15 52.58 111.76 57.64 61.38 57.64 57.64 56.21 56.21 56.21 56.21 55.91 53.95 55.91 55.91 57.02 57.02 57.02 57.02 55.08 62.72 62.72 50.50 37.75 39.18 39.18 56.32 92.29 11.82 37.75 37.75 43.10 16.31 50.19 39.54 9.18 9.18 51.90 51.90 40.62 32.39 32.39 40.62 44.72 42.22 51.03 41.00 0.00 7.77 0.00 0.00 0.00 0.00 24.43 24.43
67.09 66.34 68.99 66.34 66.34 65.85 65.85 65.85 65.85 66.33 66.33 66.33 66.33 65.02 65.06 65.02 65.02 65.77 65.77 115.59 67.40 69.86 68.08 69.86 56.55 54.77 61.77 95.60 69.51 57.69 57.64 57.64 57.64 56.21 56.21 56.21 56.21 55.91 58.95 55.91 55.91 57.02 57.02 57.02 60.70 56.50 61.89 62.72 48.41 37.75 54.39 54.54 11.57 38.57 38.57 38.57 48.71 50.19 36.76 36.76 36.76 41.65 30.61 11.44 53.68 40.62 30.61 41.65 49.11 57.46 34.62 52.56 43.69 7.77 5.99 5.99 0.00 0.00 0.00 0.00 0.00
67.09 68.99 66.34 66.34 69.07 65.85 65.85 65.85 65.85 66.34 66.34 66.34 66.34 65.02 65.02 65.02 65.02 65.77 72.87 110.65 67.40 68.08 69.86 72.22 78.22 73.34 61.60 114.87 67.73 59.42 59.42 22.92 63.26 56.21 56.21 56.21 56.21 55.91 55.91 55.91 55.91 57.02 57.02 57.02 57.02 61.89 61.89 56.35 56.35 54.04 80.47 48.41 48.41 48.41 48.71 48.40 50.49 56.66 48.71 45.77 45.77 43.43 32.39 30.61 30.61 53.68 43.43 42.94 12.46 49.42 54.90 45.47 5.99 5.99 5.99 5.99 0.00 0.00 0.00 0.00 0.00
72.66 66.10 66.10 66.10 66.10 65.96 65.96 65.96 65.96 67.14 67.14 67.14 67.14 65.22 65.22 65.16 65.16 65.42 75.12 110.48 65.28 65.02 70.67 23.63 23.63 66.95 68.36 110.46 109.67 64.48 16.15 41.84 60.74 58.50 56.72 58.50 56.72 56.64 60.18 56.64 56.64 56.90 56.90 56.90 56.90 63.12 55.87 55.87 100.37 97.09 83.42 51.97 50.19 50.19 50.28 46.36 48.14 58.26 37.05 46.36 37.05 42.41 35.34 33.56 31.12 76.69 44.72 50.70 0.00 0.00 0.00 5.99 43.28 0.00 5.99 5.99 0.00 0.00 0.00 0.00 0.00
66.60 71.35 66.10 66.10 66.10 65.96 65.96 65.96 65.96 67.14 67.14 67.14 67.14 65.16 65.16 65.16 65.16 65.42 67.77 110.48 107.99 107.73 67.58 23.63 16.93 21.84 66.95 104.32 115.52 53.44 14.37 12.58 66.27 60.36 56.72 58.50 58.50 56.64 56.64 56.64 56.64 56.90 56.90 55.08 56.90 70.73 100.37 105.62 39.54 39.54 11.68 57.96 14.89 43.10 41.94 37.75 38.57 38.57 56.47 61.87 46.36 43.83 34.18 60.23 51.18 56.47 100.15 12.46 0.00 0.00 0.00 0.00 0.00 0.00 0.00 0.00 0.00 0.00 0.00 0.00 0.00
66.60 66.10 66.10 66.10 66.10 76.10 65.96 65.96 65.96 67.14 67.14 67.14 67.14 65.16 65.16 65.16 65.16 75.12 105.17 115.97 110.66 65.02 67.58 67.58 23.63 62.80 64.56 93.92 51.20 78.47 53.52 53.52 72.19 56.72 56.72 63.70 65.48 65.30 62.36 56.64 56.64 55.08 56.90 56.90 61.66 56.88 54.39 39.54 13.46 37.75 39.54 37.75 80.47 13.67 41.32 43.10 39.54 13.11 45.77 48.41 45.77 38.84 53.13 51.18 67.41 37.66 11.43 76.21 0.00 0.00 0.00 0.00 0.00 0.00 0.00 0.00 0.00 0.00 0.00 0.00 0.00
66.60 66.10 66.10 66.10 66.10 65.96 65.96 65.96 65.96 67.14 67.14 67.14 67.41 65.16 65.16 66.94 77.64 65.21 96.84 63.57 22.64 69.41 107.73 88.91 57.86 93.92 51.20 66.95 67.74 57.18 61.52 79.21 108.98 105.17 105.17 83.69 83.69 39.19 62.36 21.34 72.90 66.24 56.90 56.90 108.97 55.83 54.39 41.32 41.32 13.11 13.11 37.75 54.04 54.04 16.67 55.58 23.81 44.89 39.54 37.75 48.41 50.90 58.45 44.32 41.23 16.78 14.54 81.07 35.78 0.00 0.00 0.00 0.00 0.00 0.00 0.00 0.00 0.00 0.00 0.00 0.00
66.38 65.99 65.99 65.99 69.34 66.60 66.60 66.60 66.60 67.62 68.04 68.04 67.62 65.32 65.32 76.84 79.44 76.70 60.67 60.01 20.86 58.23 66.46 61.25 15.36 51.20 67.46 66.58 66.58 58.10 61.69 66.26 58.93 56.93 56.93 76.86 80.25 80.25 78.47 78.47 53.44 82.03 99.64 99.64 37.53 13.46 88.49 39.54 39.54 37.75 37.75 11.33 11.33 54.39 17.02 46.67 49.34 43.10 48.41 45.77 65.06 36.49 36.00 89.15 85.22 42.92 39.35 80.03 78.50 0.00 0.00 0.00 0.00 0.00 0.00 0.00 0.00 0.00 0.00 0.00 0.00
66.38 65.99 65.99 65.99 65.99 66.60 66.60 66.60 66.60 68.04 67.62 67.62 67.62 65.32 67.10 85.03 72.77 69.48 60.67 105.17 60.01 58.42 21.05 67.80 63.38 66.58 66.58 66.58 66.58 57.15 56.44 57.15 57.15 64.48 64.92 99.64 58.71 58.75 35.75 37.95 12.43 39.32 39.32 35.75 37.53 13.11 82.25 37.76 37.76 39.19 37.76 37.76 55.28 96.33 22.43 58.75 36.76 56.15 48.41 63.63 23.08 81.13 81.65 42.92 42.92 81.07 82.60 38.36 79.29 79.29 0.00 0.00 0.00 0.00 0.00 0.00 0.00 0.00 0.00 0.00 0.00
61.41 61.03 61.03 61.03 61.03 61.63 61.63 61.63 61.63 64.88 64.88 62.69 62.69 57.66 67.00 22.01 62.24 65.45 65.45 56.64 83.76 82.99 90.12 17.43 55.00 60.90 60.90 60.90 67.35 59.84 59.84 59.84 68.01 68.00 59.59 95.39 52.65 52.69 46.00 46.00 35.42 46.52 35.03 42.81 42.81 39.33 14.36 93.25 51.72 51.69 41.62 33.99 51.78 57.18 60.32 49.40 51.63 33.99 34.31 43.94 59.38 54.64 77.49 79.27 81.05 38.96 81.05 77.49 76.33 75.70 31.83 0.00 0.00 0.00 0.00 0.00 0.00 0.00 0.00 0.00 0.00
61.41 61.03 61.03 61.03 64.36 61.63 61.63 61.63 64.64 62.60 64.88 62.69 62.69 63.43 23.71 47.40 63.67 57.37 99.99 56.64 52.90 51.12 97.40 102.75 43.73 48.86 47.08 47.08 47.08 62.39 59.84 59.84 68.01 61.37 61.49 110.72 54.93 42.95 42.95 46.00 46.00 46.36 42.95 46.00 46.00 47.50 39.33 80.27 51.72 57.19 58.97 41.62 36.26 58.67 60.86 51.69 58.67 43.94 59.71 45.12 48.79 34.14 77.49 77.82 81.68 83.46 83.46 79.90 78.11 76.33 74.55 33.61 0.00 0.00 0.00 0.00 0.00 0.00 0.00 0.00 0.00
61.66 61.47 61.47 64.57 64.57 60.95 61.87 61.87 64.76 55.98 55.98 64.45 63.67 63.77 90.12 13.92 40.47 109.22 109.22 42.83 51.12 51.12 54.69 95.02 54.09 47.08 47.08 47.08 49.65 55.01 59.77 59.77 59.77 61.35 103.42 78.14 40.00 42.95 42.95 42.95 46.00 46.00 35.42 46.00 46.00 41.62 45.19 76.70 99.88 51.51 36.26 47.89 35.77 33.99 76.70 58.94 36.87 45.12 45.12 63.07 57.38 41.27 15.06 76.33 80.58 79.90 81.05 79.27 34.74 76.33 78.11 54.04 31.79 0.00 0.00 0.00 0.00 0.00 0.00 0.00 0.00
61.66 61.47 64.57 65.68 63.92 64.14 60.95 60.95 64.76 55.98 55.98 64.89 64.49 63.77 19.44 86.55 54.86 82.99 42.83 42.83 50.52 56.47 58.25 100.37 104.53 54.21 49.65 47.08 49.65 62.35 59.77 59.77 59.77 62.48 105.20 88.71 47.78 57.67 44.73 46.00 42.95 35.42 42.95 46.00 46.00 50.54 70.74 85.62 41.62 44.33 52.31 53.36 51.45 33.99 76.70 52.89 16.14 38.56 67.79 66.64 60.95 57.29 58.21 74.51 92.17 78.14 78.14 84.62 81.05 76.33 77.45 52.25 9.54 0.00 0.00 0.00 0.00 0.00 0.00 0.00 0.00
61.66 61.47 64.94 61.47 61.47 61.87 60.95 64.76 57.82 57.82 66.67 105.43 63.99 42.83 48.18 60.21 82.99 50.52 54.09 52.31 44.61 54.09 56.47 55.87 47.40 90.12 48.86 50.67 53.90 46.00 59.77 59.77 59.77 46.00 98.61 85.67 37.21 37.21 37.21 10.63 35.42 42.95 10.63 46.00 42.95 61.77 71.33 53.24 44.33 44.33 51.45 51.45 52.42 38.28 55.29 14.36 53.25 14.55 45.71 52.33 52.33 103.47 56.43 11.32 80.27 82.05 78.11 82.84 79.90 75.70 76.33 76.33 74.55 0.00 0.00 0.00 0.00 0.00 0.00 0.00 0.00
61.66 62.75 61.47 61.47 61.47 61.87 61.87 64.76 55.98 61.38 67.59 65.77 47.21 41.05 85.55 82.99 42.05 51.16 45.62 43.84 15.71 15.71 52.90 52.90 54.69 97.40 47.08 50.67 53.90 62.35 59.77 59.77 64.14 47.78 88.71 85.67 54.11 54.10 35.42 35.42 35.42 35.42 78.14 78.14 53.92 57.40 16.47 48.72 44.33 44.33 58.66 51.46 17.60 10.20 53.51 14.36 18.11 15.86 12.30 89.70 55.02 10.14 11.32 11.32 39.65 82.05 82.05 81.05 79.27 76.33 79.27 57.60 56.67 36.00 35.40 0.00 0.00 0.00 0.00 0.00 0.00
62.21 55.05 63.27 63.27 64.88 62.30 62.30 64.96 59.54 18.97 61.69 17.19 46.21 54.86 42.05 54.69 42.05 43.84 45.62 48.74 28.44 52.90 52.90 42.05 52.90 52.90 58.22 38.38 50.67 62.26 59.59 59.59 64.05 47.78 88.71 78.14 60.62 60.51 44.73 49.56 35.42 35.42 42.95 78.14 78.14 37.07 38.85 35.77 44.33 44.33 52.10 55.13 14.36 12.58 53.51 36.36 17.65 14.08 55.02 55.02 11.62 11.32 11.32 11.32 59.38 78.11 80.85 83.83 80.62 81.68 81.05 16.67 14.88 55.82 35.40 0.00 0.00 0.00 0.00 0.00 0.00
65.90 50.39 97.77 57.21 57.82 63.39 62.30 64.96 61.38 60.15 15.41 15.41 56.34 82.99 42.83 52.90 15.65 43.84 43.84 50.52 48.74 48.74 52.90 42.83 43.84 57.28 57.74 60.48 53.90 62.26 59.59 60.72 46.00 35.42 88.71 78.67 46.00 46.00 47.78 40.77 38.99 10.63 35.42 35.42 78.14 37.07 37.07 11.98 10.20 33.99 41.62 36.81 12.57 39.29 82.62 82.62 15.86 56.80 21.95 13.40 13.40 33.57 14.88 78.07 55.82 35.40 82.05 80.27 79.27 111.50 59.21 59.38 18.45 55.82 74.55 0.00 0.00 0.00 0.00 0.00 0.00
72.85 93.29 55.05 88.93 46.21 57.82 71.02 46.43 60.40 95.28 88.93 56.58 46.21 91.46 93.84 61.51 62.24 40.27 50.52 50.52 38.51 49.44 49.44 40.74 51.12 42.05 57.74 61.62 53.90 46.00 46.00 46.00 60.72 46.00 88.71 35.96 60.62 53.93 35.42 35.42 37.21 35.42 35.96 35.96 78.67 37.07 37.07 45.72 33.99 12.49 33.99 76.70 89.66 90.21 87.48 58.11 83.71 40.69 15.19 16.97 67.41 23.48 79.90 79.90 34.77 34.77 13.10 74.51 89.77 97.10 14.89 61.17 18.45 55.82 74.55 0.00 0.00 0.00 0.00 0.00 0.00
71.07 88.93 46.21 46.21 88.93 46.21 46.21 47.21 65.76 106.89 88.93 57.21 57.21 51.12 51.12 104.23 55.14 58.06 48.74 48.74 38.51 38.96 65.41 65.41 38.96 51.22 57.84 49.66 53.90 46.00 42.95 42.95 53.01 63.19 80.46 35.96 43.90 46.00 104.11 78.14 78.14 78.14 53.92 53.92 78.14 79.78 79.78 79.78 79.78 80.22 79.78 108.25 98.76 56.80 58.58 58.58 54.34 40.69 15.01 18.75 57.90 57.60 55.82 74.55 54.04 75.70 55.82 52.25 55.82 59.38 55.82 54.04 57.60 76.33 31.83 31.83 0.00 0.00 0.00 0.00 0.00
