New_Model_Runs/9_Future_Present_Scn2_out/post_prcessed_no_MFR/runoff_annual.asc
NCOLS 700
NROWS 400
XLLCENTER 515000.000000
YLLCENTER 8409000.000000
CELLSIZE 50.000000
NODATA_value -999.000000
[rows 144 to 179 of 400, columns 405 to 485 of 700]
0.00 0.00 0.00 0.00 0.00 0.00 0.00 0.00 0.00 0.00 0.00 0.00 0.00 0.00 0.00 0.00 0.00 0.00 39.53 15.58 15.20 15.20 12.03 12.03 15.12 14.40 14.40 14.99 14.99 10.75 31.22 29.14 29.14 29.14 29.14 27.09 27.09 27.09 27.09 28.12 28.12 28.12 30.17 33.24 33.24 28.56 28.56 28.56 28.56 28.56 28.56 32.91 32.91 32.91 32.91 32.13 32.13 32.13 32.13 31.88 31.88 31.88 31.88 31.81 31.81 31.81 16.53 31.80 31.80 31.80 31.80 32.45 32.45 32.45 32.45 28.79 28.79 28.79 28.79 28.05 28.05
0.00 0.00 0.00 0.00 0.00 0.00 0.00 0.00 0.00 0.00 0.00 0.00 0.00 0.00 0.00 0.00 0.00 13.66 13.66 13.66 13.66 13.66 12.03 15.12 15.12 30.27 14.40 14.99 30.87 52.74 31.22 29.14 29.14 29.14 29.14 27.09 27.09 27.09 27.09 28.12 28.12 28.12 30.17 33.24 33.24 28.56 28.56 33.27 28.56 28.56 28.56 32.91 32.91 32.91 32.91 32.13 32.13 32.13 32.13 31.88 31.88 31.88 31.88 31.81 31.81 16.53 16.53 31.80 31.80 31.80 31.80 32.45 32.45 32.45 32.45 28.79 28.79 28.79 28.79 28.05 28.05
0.00 0.00 0.00 0.00 0.00 0.00 0.00 0.00 0.00 0.00 0.00 0.00 0.00 0.00 0.00 0.00 0.00 13.05 13.05 13.05 13.05 13.05 14.29 13.48 13.48 13.48 28.41 13.57 13.57 28.52 28.52 26.62 26.62 26.62 26.62 25.03 25.03 25.03 25.03 26.02 26.02 26.02 27.28 28.93 28.93 28.93 28.93 28.96 28.96 28.96 21.02 28.64 28.64 28.64 28.64 27.62 27.62 27.62 27.62 26.24 26.24 26.24 26.24 26.18 26.18 26.18 13.12 26.17 26.17 26.17 26.17 26.72 26.72 26.72 26.72 24.64 24.64 24.64 24.64 24.01 24.01
0.00 0.00 0.00 0.00 0.00 0.00 0.00 0.00 0.00 0.00 0.00 0.00 0.00 0.00 0.00 0.00 0.00 13.05 13.05 13.05 11.49 9.92 13.69 13.99 13.48 28.41 28.41 28.52 28.52 28.52 28.52 15.54 15.54 26.62 26.62 27.91 25.03 25.03 25.03 26.02 26.02 26.02 27.28 28.93 28.93 28.93 28.93 28.96 28.96 28.96 21.02 28.64 28.64 28.64 28.64 27.62 27.62 27.62 27.62 26.24 26.24 26.24 26.24 26.18 26.18 26.18 26.18 26.17 26.17 26.17 26.17 26.72 26.72 10.01 26.72 24.64 24.64 24.64 24.64 24.01 24.01
0.00 0.00 0.00 0.00 0.00 0.00 0.00 0.00 0.00 0.00 0.00 0.00 0.00 0.00 0.00 0.00 0.00 25.69 13.05 13.05 14.03 28.57 28.57 12.99 27.45 48.91 27.45 27.11 27.11 27.11 27.11 26.86 15.70 26.86 26.86 50.02 25.94 25.94 25.94 26.73 26.73 26.73 28.03 29.53 15.84 29.53 29.53 29.30 29.30 29.30 29.30 28.56 28.56 49.33 28.56 27.36 27.36 27.36 27.36 26.02 26.02 26.02 26.02 26.15 26.15 26.15 26.15 26.77 26.77 26.77 26.77 27.58 27.58 10.41 10.41 9.51 9.51 9.51 25.61 25.05 25.05
0.00 0.00 0.00 0.00 0.00 0.00 0.00 0.00 0.00 0.00 0.00 0.00 0.00 0.00 0.00 0.00 0.00 136.53 9.65 13.05 9.72 28.57 28.57 27.45 27.45 27.45 27.45 27.11 27.11 27.11 27.11 26.86 26.86 26.86 26.86 29.02 29.02 25.94 25.94 26.73 26.73 26.73 28.03 29.53 15.84 15.15 29.53 29.30 29.30 29.30 29.30 14.58 28.56 49.27 28.56 27.36 27.36 27.36 27.36 26.02 26.02 26.02 26.02 26.15 26.15 26.15 26.15 26.77 26.77 26.77 26.77 10.41 10.41 10.41 10.41 9.51 9.51 9.51 25.61 25.05 25.05
0.00 0.00 0.00 0.00 0.00 0.00 0.00 0.00 0.00 0.00 0.00 0.00 0.00 0.00 0.00 0.00 0.00 0.00 9.65 13.05 14.79 29.11 17.03 16.01 27.45 16.01 16.01 27.11 27.11 27.11 17.55 15.70 26.86 26.86 26.86 29.02 29.02 25.94 25.94 45.58 26.73 26.73 28.03 29.53 29.53 29.53 29.53 29.30 29.30 29.30 30.54 29.62 28.56 28.56 28.56 13.82 27.36 27.36 27.36 26.02 26.02 26.02 26.02 26.15 26.15 26.15 26.15 26.77 26.77 26.77 45.26 27.58 27.58 10.41 10.41 9.51 9.51 9.51 9.51 25.05 25.05
0.00 0.00 0.00 0.00 0.00 0.00 0.00 0.00 0.00 0.00 0.00 0.00 0.00 0.00 0.00 0.00 0.00 0.00 136.53 43.95 20.98 11.49 9.88 12.99 27.45 27.45 27.45 27.11 27.11 27.11 27.11 26.86 26.86 26.86 26.86 29.02 29.02 25.94 25.94 26.73 26.73 28.03 28.03 29.53 29.53 29.53 29.53 29.30 29.30 50.62 29.30 28.56 28.56 28.56 28.56 27.36 27.36 27.36 27.36 26.02 26.02 26.02 26.02 26.15 26.15 26.15 26.15 26.77 26.77 26.77 26.77 27.58 27.58 10.41 10.41 5.72 9.51 9.51 9.51 25.05 25.05
0.00 0.00 0.00 0.00 0.00 0.00 0.00 0.00 0.00 0.00 0.00 0.00 0.00 0.00 0.00 0.00 0.00 0.00 13.05 9.65 13.05 13.51 17.40 9.78 12.65 12.65 26.77 26.80 26.80 26.80 26.80 27.12 27.12 27.12 27.12 29.12 29.12 29.12 26.04 45.68 26.79 28.09 28.09 30.11 30.11 30.11 30.11 29.28 29.28 29.28 29.28 27.78 27.78 27.78 27.78 27.32 27.32 27.32 27.32 26.07 26.07 26.07 26.07 25.97 25.97 25.97 25.97 26.76 45.25 26.76 26.76 27.82 27.82 27.82 22.10 9.99 9.81 9.67 9.67 9.42 42.85
0.00 0.00 0.00 0.00 0.00 0.00 0.00 0.00 0.00 0.00 0.00 0.00 0.00 0.00 0.00 0.00 0.00 0.00 25.69 13.05 13.05 20.29 9.69 12.97 12.65 26.77 26.77 26.80 26.80 26.80 26.80 27.12 27.12 27.12 27.12 29.12 29.12 29.12 26.04 26.79 26.79 28.09 28.09 50.33 30.11 30.11 30.11 29.28 29.28 29.28 29.28 27.78 27.78 27.78 27.78 27.32 27.32 27.32 27.32 26.07 26.07 26.07 26.07 25.97 25.97 25.97 25.97 26.76 26.76 26.76 26.76 27.82 27.82 27.82 27.82 25.98 18.54 8.54 8.54 10.25 25.43
0.00 0.00 0.00 0.00 0.00 0.00 0.00 0.00 0.00 0.00 0.00 0.00 0.00 0.00 0.00 0.00 0.00 0.00 13.70 27.56 71.48 43.40 27.56 47.36 26.77 26.77 26.77 65.45 47.77 26.80 26.80 27.12 27.12 27.12 27.12 29.12 29.12 29.12 29.12 26.79 26.79 28.09 28.09 15.52 49.00 51.72 30.11 29.28 29.28 29.28 29.28 27.78 27.78 27.78 27.78 27.32 27.32 27.32 27.32 26.07 26.07 26.07 26.07 25.97 25.97 25.97 25.97 26.76 26.76 26.76 26.76 27.82 27.82 27.82 27.82 9.67 8.54 142.26 133.72 10.25 9.42
0.00 0.00 0.00 0.00 0.00 0.00 0.00 0.00 0.00 0.00 0.00 0.00 0.00 0.00 0.00 0.00 0.00 0.00 28.32 27.56 27.56 27.56 48.69 47.10 26.77 26.77 26.77 26.80 26.80 26.80 26.80 27.12 27.12 27.12 27.12 18.29 29.97 29.12 29.12 26.79 26.79 28.09 28.09 30.76 42.30 15.52 30.11 29.28 29.28 29.28 29.28 27.78 27.78 27.78 27.78 27.32 27.32 27.32 27.32 26.07 26.07 13.06 26.07 25.97 25.97 25.97 25.97 26.76 26.76 26.76 26.76 27.82 27.82 27.82 10.52 0.00 0.00 0.00 0.00 0.00 0.00
0.00 0.00 0.00 0.00 0.00 0.00 0.00 0.00 0.00 0.00 0.00 0.00 0.00 0.00 0.00 0.00 0.00 27.43 27.43 26.94 26.94 26.94 26.94 26.39 26.39 15.36 26.39 47.88 26.86 26.86 26.86 27.24 27.24 27.24 27.24 18.25 29.88 29.00 29.00 26.75 26.75 28.06 28.06 30.34 44.46 30.72 30.03 72.49 28.84 28.84 86.65 46.75 27.47 27.47 27.47 27.44 27.44 27.44 27.44 26.15 26.15 35.92 26.15 43.69 25.89 25.89 25.89 26.62 26.62 26.62 26.62 27.57 27.57 27.57 0.00 0.00 0.00 0.00 0.00 0.00 0.00
0.00 0.00 0.00 0.00 0.00 0.00 0.00 0.00 0.00 0.00 0.00 0.00 0.00 0.00 0.00 0.00 0.00 0.00 27.43 26.94 26.94 26.94 26.94 26.39 26.39 26.39 26.39 26.86 26.86 26.86 26.86 27.24 27.24 27.24 27.24 29.00 29.88 29.00 29.00 30.59 13.83 28.06 28.06 30.34 15.17 30.72 51.57 28.84 28.84 28.84 28.84 82.83 68.54 27.47 27.47 27.44 27.44 27.44 27.44 26.15 26.15 26.15 26.15 25.89 25.89 25.89 25.89 26.62 26.62 26.62 26.62 14.72 27.97 32.72 0.00 0.00 0.00 0.00 0.00 0.00 0.00
0.00 0.00 0.00 0.00 0.00 0.00 0.00 0.00 0.00 0.00 0.00 0.00 0.00 0.00 0.00 0.00 0.00 0.00 30.96 26.94 26.94 26.94 26.94 26.39 26.39 26.39 15.36 26.86 26.86 17.26 26.86 27.24 27.24 27.24 27.24 50.25 51.40 29.88 29.00 30.59 26.75 28.06 28.71 30.72 15.17 30.72 30.34 28.84 28.84 28.84 28.84 27.47 27.47 27.47 27.47 27.44 27.44 27.44 27.44 26.15 26.15 26.15 26.15 25.89 25.89 25.89 25.89 26.62 26.62 26.62 26.62 14.17 27.97 27.57 0.00 0.00 0.00 0.00 0.00 0.00 0.00
0.00 0.00 0.00 0.00 0.00 0.00 0.00 0.00 0.00 0.00 0.00 0.00 0.00 0.00 0.00 0.00 0.00 0.00 0.00 26.94 26.94 26.94 26.94 26.39 26.39 26.39 15.36 26.86 26.86 26.86 15.69 48.57 48.57 27.24 27.24 29.00 29.00 29.00 17.02 30.94 30.94 28.71 28.51 12.10 15.17 20.68 8.46 11.29 28.84 28.84 28.84 27.47 27.47 27.47 27.47 27.44 27.44 27.44 27.44 26.15 26.15 26.15 26.15 25.89 25.89 25.89 25.89 26.62 26.62 26.62 27.22 14.17 27.57 27.57 0.00 0.00 0.00 0.00 0.00 0.00 0.00
0.00 0.00 0.00 0.00 0.00 0.00 0.00 0.00 0.00 0.00 0.00 0.00 0.00 0.00 0.00 0.00 0.00 0.00 136.53 17.51 30.93 26.99 26.99 26.37 26.37 26.37 26.37 26.96 26.96 48.00 26.96 27.18 27.18 27.18 27.18 28.83 28.83 28.83 28.83 30.11 30.11 27.95 29.44 30.58 12.10 18.80 8.46 22.41 28.09 28.09 28.09 27.19 27.19 27.19 27.19 27.33 27.33 27.33 29.31 26.29 26.29 26.29 26.29 26.10 26.10 26.10 26.10 26.37 26.37 26.37 27.84 13.96 27.12 27.12 0.00 0.00 0.00 0.00 0.00 0.00 0.00
0.00 0.00 0.00 0.00 0.00 0.00 0.00 0.00 0.00 0.00 0.00 0.00 0.00 0.00 0.00 0.00 0.00 0.00 17.51 17.51 17.51 27.59 26.99 26.37 26.37 26.37 26.37 26.96 26.96 26.96 26.96 27.18 27.18 27.18 27.18 28.83 28.83 28.83 28.83 30.11 30.11 14.18 28.32 30.58 15.17 12.10 11.91 28.09 28.09 28.09 28.09 27.19 27.19 27.19 27.19 27.33 27.33 27.33 27.33 44.41 26.29 26.29 26.29 26.10 26.10 13.07 26.10 26.37 26.37 26.37 26.37 13.96 27.12 0.00 0.00 0.00 0.00 0.00 0.00 0.00 0.00
0.00 0.00 0.00 0.00 0.00 0.00 0.00 0.00 0.00 0.00 0.00 0.00 0.00 0.00 0.00 0.00 0.00 0.00 132.27 14.13 16.05 44.40 25.19 24.54 24.54 24.54 24.54 23.68 23.68 41.94 23.68 23.87 23.87 23.87 23.87 24.90 24.90 24.90 24.90 25.82 12.58 5.52 12.17 9.25 12.55 5.34 9.31 8.46 23.21 23.21 23.21 22.45 22.45 22.45 22.45 22.57 22.57 22.57 22.57 10.55 53.60 21.64 21.64 21.48 21.48 21.48 21.48 21.71 21.71 21.71 21.71 22.76 22.34 0.00 0.00 0.00 0.00 0.00 0.00 0.00 0.00
0.00 0.00 0.00 0.00 0.00 0.00 0.00 0.00 0.00 0.00 0.00 0.00 0.00 0.00 0.00 0.00 0.00 0.00 132.27 14.13 28.64 25.19 25.19 43.28 24.54 24.54 24.54 23.68 23.68 23.68 23.68 23.87 23.87 23.87 23.87 24.90 24.90 24.90 24.90 25.82 12.80 13.40 12.17 25.21 24.57 8.90 12.01 23.21 23.21 23.21 23.21 22.45 22.45 22.45 22.45 37.52 22.57 22.57 22.57 21.64 21.64 21.64 21.64 21.48 35.27 21.48 21.48 21.71 21.71 21.71 21.71 22.76 22.34 0.00 0.00 0.00 0.00 0.00 0.00 0.00 0.00
0.00 0.00 0.00 0.00 0.00 0.00 0.00 0.00 0.00 0.00 0.00 0.00 0.00 0.00 0.00 0.00 0.00 0.00 0.00 14.13 14.13 14.51 25.00 23.07 23.07 23.07 23.07 23.55 41.79 23.55 23.55 23.90 23.90 23.90 23.90 24.82 24.82 24.82 24.82 12.32 13.43 13.40 12.17 23.43 23.43 23.43 22.66 22.67 22.67 37.69 22.67 22.38 22.38 22.38 48.65 22.60 22.60 22.60 22.60 21.79 21.79 21.79 21.79 21.56 21.56 21.56 21.56 21.63 21.63 21.63 21.63 21.94 21.94 0.00 0.00 0.00 0.00 0.00 0.00 0.00 0.00
0.00 0.00 0.00 0.00 0.00 0.00 0.00 0.00 0.00 0.00 0.00 0.00 0.00 0.00 0.00 0.00 0.00 0.00 0.00 14.13 14.13 25.00 25.00 23.07 23.07 23.07 23.07 23.55 41.71 23.55 23.55 23.90 23.90 23.90 23.90 24.82 24.82 24.82 25.32 12.32 8.74 10.39 26.26 23.43 39.55 23.43 23.43 22.67 22.67 22.67 22.67 22.38 22.38 37.19 22.38 22.60 22.60 22.60 22.60 22.32 22.32 20.54 21.79 21.56 21.56 10.50 21.56 21.63 21.63 21.63 21.63 21.94 0.00 0.00 0.00 0.00 0.00 0.00 0.00 0.00 0.00
0.00 0.00 0.00 0.00 0.00 0.00 0.00 0.00 0.00 0.00 0.00 0.00 0.00 0.00 0.00 0.00 0.00 0.00 0.00 0.00 14.13 38.26 25.00 41.66 23.07 23.07 23.07 23.55 23.55 23.55 23.55 23.90 23.90 23.90 23.90 24.82 24.82 24.82 24.82 26.11 23.35 23.35 26.26 25.87 11.56 23.43 23.43 22.67 22.67 22.67 22.67 22.38 22.38 22.38 22.38 22.60 22.60 22.60 22.60 21.79 21.79 35.80 21.79 21.56 21.56 21.56 21.56 22.20 21.63 21.63 21.63 10.72 0.00 0.00 0.00 0.00 0.00 0.00 0.00 0.00 0.00
0.00 0.00 0.00 0.00 0.00 0.00 0.00 0.00 0.00 0.00 0.00 0.00 0.00 0.00 0.00 0.00 0.00 0.00 0.00 0.00 132.27 28.62 25.00 23.07 41.66 23.07 23.07 23.55 41.71 23.55 23.55 23.90 23.90 23.90 23.90 24.82 24.82 24.82 24.82 25.98 11.81 11.81 13.43 23.43 8.82 24.63 23.43 22.67 11.12 22.67 22.67 22.38 22.38 22.38 22.38 22.60 22.60 22.60 22.60 21.79 21.79 22.32 35.80 21.56 21.56 21.56 11.24 10.86 10.86 22.20 21.63 126.83 0.00 0.00 0.00 0.00 0.00 0.00 0.00 0.00 0.00
0.00 0.00 0.00 0.00 0.00 0.00 0.00 0.00 0.00 0.00 0.00 0.00 0.00 0.00 0.00 0.00 0.00 0.00 0.00 0.00 0.00 24.50 24.50 22.82 22.82 22.82 42.33 23.75 23.75 23.75 23.75 24.11 24.11 24.11 24.11 24.40 24.40 24.40 24.40 45.36 25.58 11.81 12.63 7.67 7.67 11.77 24.36 22.46 22.46 22.46 22.46 22.64 22.64 22.64 11.11 22.81 22.81 11.20 12.04 21.71 21.71 15.86 24.64 21.60 21.60 21.60 22.89 24.63 9.30 0.00 0.00 0.00 0.00 0.00 0.00 0.00 0.00 0.00 0.00 0.00 0.00
0.00 0.00 0.00 0.00 0.00 0.00 0.00 0.00 0.00 0.00 0.00 0.00 0.00 0.00 0.00 0.00 0.00 0.00 0.00 0.00 0.00 28.58 24.50 22.82 22.82 22.82 22.82 23.75 23.75 13.85 23.75 24.11 24.11 24.11 24.11 24.40 24.40 24.40 25.90 26.47 25.00 13.41 12.63 7.67 19.78 11.77 24.36 37.34 22.46 22.46 22.46 22.64 8.47 6.31 8.47 9.55 7.67 7.67 7.67 0.00 0.00 0.00 0.00 0.00 0.00 0.00 0.00 0.00 0.00 0.00 0.00 0.00 0.00 0.00 0.00 0.00 0.00 0.00 0.00 0.00 0.00
0.00 0.00 0.00 0.00 0.00 0.00 0.00 0.00 0.00 0.00 0.00 0.00 0.00 0.00 0.00 0.00 0.00 0.00 0.00 0.00 0.00 47.94 24.50 22.82 22.82 22.82 22.82 23.75 23.75 13.85 23.75 24.11 24.11 24.11 24.11 24.40 24.40 24.40 25.90 26.47 25.00 11.84 11.81 19.78 19.78 39.25 22.91 22.46 22.46 22.46 8.84 7.67 7.67 19.78 7.67 7.67 19.78 0.00 0.00 0.00 0.00 0.00 0.00 0.00 0.00 0.00 0.00 0.00 0.00 0.00 0.00 0.00 0.00 0.00 0.00 0.00 0.00 0.00 0.00 0.00 0.00
0.00 0.00 0.00 0.00 0.00 0.00 0.00 0.00 0.00 0.00 0.00 0.00 0.00 0.00 0.00 0.00 0.00 0.00 0.00 0.00 0.00 156.77 24.50 22.82 41.10 22.82 22.82 13.85 23.75 25.59 23.75 24.11 24.11 24.11 42.86 24.40 24.40 24.40 24.40 25.00 25.00 13.41 11.81 11.57 19.78 22.91 22.91 11.01 22.46 8.40 7.67 7.67 7.67 4.80 0.00 0.00 0.00 0.00 0.00 0.00 0.00 0.00 0.00 0.00 0.00 0.00 0.00 0.00 0.00 0.00 0.00 0.00 0.00 0.00 0.00 0.00 0.00 0.00 0.00 0.00 0.00
0.00 0.00 0.00 0.00 0.00 0.00 0.00 0.00 0.00 0.00 0.00 0.00 0.00 0.00 0.00 0.00 0.00 0.00 0.00 0.00 0.00 0.00 16.05 24.94 25.86 14.47 22.91 24.16 12.22 11.44 24.16 11.48 24.25 24.25 24.25 24.26 24.26 24.26 24.26 25.17 13.39 11.81 0.00 0.00 0.00 0.00 22.42 22.55 27.91 7.67 129.96 0.00 0.00 0.00 0.00 0.00 0.00 0.00 0.00 0.00 0.00 0.00 0.00 0.00 0.00 0.00 0.00 0.00 0.00 0.00 0.00 0.00 0.00 0.00 0.00 0.00 0.00 0.00 0.00 0.00 0.00
0.00 0.00 0.00 0.00 0.00 0.00 0.00 0.00 0.00 0.00 0.00 0.00 0.00 0.00 0.00 0.00 0.00 0.00 0.00 0.00 0.00 0.00 22.85 22.91 22.91 22.91 22.91 9.59 23.35 8.74 11.44 13.37 11.81 24.25 24.25 24.26 24.26 24.26 24.96 15.85 11.81 0.00 0.00 0.00 0.00 0.00 22.42 24.16 0.00 0.00 0.00 0.00 0.00 0.00 0.00 0.00 0.00 0.00 0.00 0.00 0.00 0.00 0.00 0.00 0.00 0.00 0.00 0.00 0.00 0.00 0.00 0.00 0.00 0.00 0.00 0.00 0.00 0.00 0.00 0.00 0.00
0.00 0.00 0.00 0.00 0.00 0.00 0.00 0.00 0.00 0.00 0.00 0.00 0.00 0.00 0.00 0.00 0.00 0.00 0.00 0.00 132.27 36.48 36.48 22.91 24.94 9.83 0.00 0.00 0.00 130.89 11.81 11.81 23.35 13.37 24.25 24.26 28.14 14.14 25.83 0.00 0.00 0.00 0.00 0.00 0.00 0.00 0.00 0.00 0.00 0.00 0.00 0.00 0.00 0.00 0.00 0.00 0.00 0.00 0.00 0.00 0.00 0.00 0.00 0.00 0.00 0.00 0.00 0.00 0.00 0.00 0.00 0.00 0.00 0.00 0.00 0.00 0.00 0.00 0.00 0.00 0.00
0.00 0.00 0.00 0.00 0.00 0.00 0.00 0.00 0.00 0.00 0.00 0.00 0.00 0.00 0.00 0.00 0.00 0.00 0.00 22.85 22.85 14.44 14.44 16.05 20.76 13.55 0.00 0.00 0.00 0.00 0.00 0.00 144.26 11.81 11.81 23.35 130.89 0.00 0.00 0.00 0.00 0.00 0.00 0.00 0.00 0.00 0.00 0.00 0.00 0.00 0.00 0.00 0.00 0.00 0.00 0.00 0.00 0.00 0.00 0.00 0.00 0.00 0.00 0.00 0.00 0.00 0.00 0.00 0.00 0.00 0.00 0.00 0.00 0.00 0.00 0.00 0.00 0.00 0.00 0.00 0.00
0.00 0.00 0.00 0.00 0.00 0.00 0.00 0.00 0.00 0.00 0.00 0.00 0.00 0.00 0.00 0.00 0.00 0.00 40.36 40.36 22.81 16.05 16.05 0.00 0.00 0.00 0.00 0.00 0.00 0.00 0.00 0.00 0.00 0.00 0.00 0.00 0.00 0.00 0.00 0.00 0.00 0.00 0.00 0.00 0.00 0.00 0.00 0.00 0.00 0.00 0.00 0.00 0.00 0.00 0.00 0.00 0.00 0.00 0.00 0.00 0.00 0.00 0.00 0.00 0.00 0.00 0.00 0.00 0.00 0.00 0.00 0.00 0.00 0.00 0.00 0.00 0.00 0.00 0.00 0.00 0.00
0.00 0.00 0.00 0.00 0.00 0.00 0.00 0.00 0.00 0.00 0.00 0.00 0.00 0.00 0.00 0.00 0.00 0.00 0.00 0.00 40.36 20.76 0.00 0.00 0.00 0.00 0.00 0.00 0.00 0.00 0.00 0.00 0.00 0.00 0.00 0.00 0.00 0.00 0.00 0.00 0.00 0.00 0.00 0.00 0.00 0.00 0.00 0.00 0.00 0.00 0.00 0.00 0.00 0.00 0.00 0.00 0.00 0.00 0.00 0.00 0.00 0.00 0.00 0.00 0.00 0.00 0.00 0.00 0.00 0.00 0.00 0.00 0.00 0.00 0.00 0.00 0.00 0.00 0.00 0.00 0.00
0.00 0.00 0.00 0.00 0.00 0.00 0.00 0.00 0.00 0.00 0.00 0.00 0.00 0.00 0.00 0.00 0.00 0.00 0.00 0.00 0.00 37.91 0.00 0.00 0.00 0.00 0.00 0.00 0.00 0.00 0.00 0.00 0.00 0.00 0.00 0.00 0.00 0.00 0.00 0.00 0.00 0.00 0.00 0.00 0.00 0.00 0.00 0.00 0.00 0.00 0.00 0.00 0.00 0.00 0.00 0.00 0.00 0.00 0.00 0.00 0.00 0.00 0.00 0.00 0.00 0.00 0.00 0.00 0.00 0.00 0.00 0.00 0.00 0.00 0.00 0.00 0.00 0.00 0.00 0.00 0.00
0.00 0.00 0.00 0.00 0.00 0.00 0.00 0.00 0.00 0.00 0.00 0.00 0.00 0.00 0.00 0.00 0.00 0.00 0.00 0.00 0.00 0.00 0.00 0.00 0.00 0.00 0.00 0.00 0.00 0.00 0.00 0.00 0.00 0.00 0.00 0.00 0.00 0.00 0.00 0.00 0.00 0.00 0.00 0.00 0.00 0.00 0.00 0.00 0.00 0.00 0.00 0.00 0.00 0.00 0.00 0.00 0.00 0.00 0.00 0.00 0.00 0.00 0.00 0.00 0.00 0.00 0.00 0.00 0.00 0.00 0.00 0.00 0.00 0.00 0.00 0.00 0.00 0.00 0.00 0.00 0.00
