New_Model_Runs/9_Future_Present_Scn2_out/post_prcessed_no_MFR/runoff_annual.asc
NCOLS 700
NROWS 400
XLLCENTER 515000.000000
YLLCENTER 8409000.000000
CELLSIZE 50.000000
NODATA_value -999.000000
[rows 222 to 258 of 400, columns 246 to 327 of 700]
12.16 12.16 11.32 11.32 11.32 11.32 11.85 11.85 11.85 11.85 10.90 10.90 10.90 11.50 5.61 12.65 12.65 12.65 4.36 4.36 4.04 12.71 12.43 12.43 12.43 12.43 3.93 9.95 9.82 3.42 2.84 2.79 2.71 2.67 2.52 1.40 9.04 3.65 3.80 8.80 8.80 8.80 2.43 2.65 2.51 2.37 8.65 3.66 3.49 8.65 8.50 8.50 8.50 8.50 8.48 8.48 8.48 8.93 8.42 8.42 2.37 1.80 4.10 2.07 1.36 4.09 15.47 4.08 8.45 8.45 8.49 2.44 4.10 4.10 8.01 3.45 3.45 3.47 3.47 3.47 2.52 2.52
12.16 12.16 19.19 11.32 11.32 11.32 11.85 11.85 11.85 11.85 10.90 10.90 10.90 5.34 5.61 12.65 12.65 12.73 3.11 2.59 12.71 12.71 12.43 12.43 12.43 12.43 3.93 9.65 9.65 4.49 1.71 2.75 9.51 9.51 2.52 3.65 5.18 3.65 3.80 8.80 3.80 12.64 3.44 2.37 7.86 2.65 1.37 1.37 1.41 3.49 3.42 8.50 8.50 8.50 8.48 3.41 8.48 8.93 3.38 8.72 2.07 4.10 4.10 4.10 4.10 4.09 4.08 3.52 4.08 8.45 2.39 8.76 4.10 4.10 3.45 3.45 3.47 3.47 3.47 3.47 3.47 3.47
11.97 46.67 16.02 16.02 11.76 11.76 12.17 12.17 12.17 12.17 11.02 19.31 4.97 11.02 12.68 13.85 4.02 4.35 13.23 13.23 12.66 12.66 12.37 12.37 12.37 12.37 9.59 17.81 9.80 4.83 5.94 9.38 9.38 9.38 16.81 8.80 3.54 3.54 3.78 3.78 6.74 3.49 3.46 8.57 8.98 5.05 1.88 2.16 1.38 3.52 6.91 8.52 8.52 8.52 8.55 8.55 8.55 8.97 8.71 3.12 2.07 4.10 4.10 4.10 4.10 2.07 4.08 4.08 4.08 4.08 9.32 4.10 4.10 4.10 3.45 3.47 2.52 2.52 3.47 3.47 2.74 3.47
11.97 11.97 11.76 5.53 5.53 5.53 12.17 12.17 12.17 12.17 11.02 11.02 11.02 11.02 21.06 6.25 3.11 13.24 5.62 6.33 12.66 12.66 12.37 12.37 12.37 12.37 9.59 9.59 3.22 2.79 2.63 9.38 9.38 9.38 8.80 13.54 8.80 6.74 6.74 6.74 6.74 5.70 8.57 8.57 8.57 12.62 8.70 2.65 7.32 8.70 8.52 13.77 8.52 8.52 8.55 8.55 3.44 8.55 8.40 3.12 2.55 4.10 4.10 4.10 9.32 4.10 1.35 9.63 9.63 9.32 9.32 4.10 3.12 4.10 3.47 3.47 3.47 14.54 2.52 2.74 3.47 3.47
10.95 10.95 10.73 10.73 10.73 10.73 11.48 11.48 11.48 11.48 10.22 10.22 4.55 10.22 3.35 2.86 3.75 11.24 5.24 5.24 5.24 11.22 10.86 10.86 10.86 33.26 8.59 8.59 2.40 2.51 2.33 2.33 2.33 8.39 7.86 7.86 11.19 6.06 6.06 6.06 6.06 6.06 7.29 7.29 7.29 7.29 2.02 5.19 2.21 7.53 2.94 2.86 7.25 7.25 3.22 7.27 3.03 3.22 6.46 6.83 1.03 1.88 2.54 2.54 6.37 6.37 2.54 1.88 6.37 6.37 2.54 2.54 1.88 12.98 2.52 2.52 2.52 21.00 1.82 6.44 2.52 2.52
10.95 10.95 10.73 10.73 10.73 10.73 11.48 11.48 11.48 11.48 10.22 10.22 10.22 10.22 3.35 2.20 3.75 5.24 5.35 19.34 5.24 4.76 10.86 10.86 10.86 43.82 8.59 8.59 2.45 2.45 2.33 2.33 2.33 8.39 7.86 7.86 7.86 6.06 6.06 6.06 6.06 6.06 7.29 7.29 7.29 2.09 1.84 3.90 7.40 2.02 7.25 7.25 7.25 7.25 3.03 3.03 3.22 13.08 11.26 6.83 1.03 6.37 6.37 6.37 6.37 2.54 6.37 2.54 6.37 7.47 13.05 2.95 28.97 4.39 6.36 11.22 23.14 25.89 21.00 21.00 2.52 2.52
11.47 11.47 10.81 10.81 12.07 10.81 11.48 11.48 11.48 11.48 10.16 4.54 10.16 10.16 1.86 2.19 3.16 19.34 5.21 11.82 4.53 10.85 10.76 10.76 10.76 19.52 9.05 2.33 2.33 8.39 7.98 2.20 2.20 3.20 11.53 7.60 3.02 6.06 6.06 6.06 6.06 6.06 7.34 7.34 7.34 2.10 1.84 3.10 7.42 2.03 1.99 7.31 13.08 7.31 2.88 1.23 1.10 1.84 2.79 6.60 5.05 2.54 6.37 6.37 2.54 2.54 2.54 11.26 11.26 13.03 11.59 3.55 28.97 0.00 25.89 0.00 0.00 0.00 0.00 0.00 0.00 0.00
11.47 11.47 10.81 12.07 12.07 10.81 11.48 11.48 11.48 11.48 10.16 10.16 16.67 10.50 3.39 3.41 2.19 5.22 5.34 5.34 4.53 10.85 10.76 10.76 10.76 12.14 2.52 8.39 8.39 8.39 7.98 7.98 2.20 2.20 11.53 7.60 7.60 7.60 7.81 7.81 7.81 7.81 7.34 7.34 7.34 2.00 1.84 1.26 4.32 3.98 2.51 2.10 7.64 7.31 7.28 1.98 6.04 3.10 5.05 6.37 2.54 2.54 2.54 2.54 1.88 1.88 2.54 2.54 1.88 2.18 28.97 0.00 0.00 0.00 0.00 0.00 0.00 0.00 0.00 0.00 0.00 0.00
11.47 11.47 10.81 20.81 12.07 10.81 11.48 11.48 11.48 11.48 10.16 10.16 10.16 10.16 10.46 3.39 2.19 5.22 5.21 5.21 10.85 10.85 11.78 4.49 12.61 19.34 8.66 3.38 8.39 8.39 7.98 7.98 7.98 12.10 7.60 7.60 7.60 7.60 7.81 7.81 7.81 7.81 7.34 7.34 7.34 2.00 1.84 1.84 10.17 3.10 3.10 3.10 1.99 1.99 7.28 2.21 7.57 3.10 2.54 2.54 6.37 2.54 11.26 2.54 2.65 1.88 2.02 2.02 21.57 28.97 28.97 0.00 0.00 0.00 0.00 0.00 0.00 0.00 0.00 0.00 0.00 0.00
11.47 11.47 12.07 12.07 10.81 19.25 11.48 11.48 11.48 11.48 10.16 10.16 10.16 10.16 10.46 10.46 3.39 4.26 11.82 10.85 10.85 5.34 5.19 19.34 5.19 5.19 8.39 8.39 8.39 8.39 7.98 7.98 7.98 7.98 7.60 7.60 7.60 7.60 7.81 7.81 7.81 2.15 1.11 7.34 7.34 2.00 1.84 3.10 3.10 7.57 3.10 3.10 3.10 7.57 2.21 1.84 3.10 2.30 2.54 2.54 2.54 1.88 1.88 2.54 2.54 11.26 2.02 2.02 3.04 0.00 0.00 0.00 0.00 0.00 0.00 0.00 0.00 25.89 0.00 0.00 0.00 0.00
11.03 19.15 10.85 10.85 10.85 10.85 11.57 11.57 11.57 11.57 10.11 10.11 10.11 10.11 10.37 17.03 3.37 4.26 4.26 11.77 11.77 4.26 4.75 4.26 5.33 4.75 12.94 8.12 12.50 8.12 7.75 7.75 7.75 7.75 7.68 7.68 7.68 7.68 7.96 7.96 7.96 2.20 2.11 2.11 2.06 2.02 1.47 3.10 3.10 12.01 7.57 7.57 7.57 3.10 3.10 3.10 3.10 13.08 2.54 6.37 2.54 2.54 2.54 2.54 2.02 1.88 11.26 7.58 4.02 4.48 0.00 0.00 0.00 0.00 0.00 0.00 0.00 25.89 0.00 0.00 0.00 0.00
33.31 19.15 10.85 10.85 10.85 10.85 11.57 11.57 11.57 11.57 10.11 10.11 10.11 10.11 10.37 10.37 3.37 11.79 18.58 10.75 11.77 4.26 5.53 5.33 4.55 11.21 8.12 12.50 8.12 8.12 7.75 7.75 7.75 7.75 7.68 3.06 7.68 7.68 7.96 7.96 7.96 7.96 2.93 2.06 2.06 1.47 3.10 2.48 2.48 7.57 8.96 7.57 3.10 3.10 3.10 3.10 3.10 3.10 2.54 2.54 2.54 2.54 1.88 2.54 2.54 1.88 3.04 2.19 3.01 4.48 0.00 28.97 0.00 0.00 0.00 0.00 25.89 25.89 25.89 0.00 0.00 0.00
11.03 11.03 10.85 10.85 10.85 10.85 11.57 11.57 11.57 11.57 10.11 4.51 10.11 10.11 10.37 10.37 3.29 10.37 10.75 10.75 10.75 5.53 5.53 5.53 4.55 10.60 3.26 8.12 8.12 8.12 7.75 7.75 7.75 7.75 7.68 4.67 7.68 7.68 7.96 7.96 7.96 12.25 7.39 2.02 2.06 3.10 3.10 7.57 7.57 3.10 3.10 3.10 3.10 3.10 3.10 13.08 13.08 13.08 2.54 2.54 6.37 2.54 1.88 2.54 2.54 2.92 3.20 3.04 2.91 12.83 28.97 28.97 28.97 0.00 0.00 0.00 0.00 82.63 0.00 0.00 0.00 0.00
11.03 19.15 10.85 10.85 10.85 10.85 11.57 11.57 11.57 11.57 10.11 10.11 10.11 10.11 10.37 3.29 10.58 10.37 10.75 10.75 11.77 12.14 4.75 5.53 17.43 10.60 8.12 8.12 9.03 8.52 7.75 7.75 7.75 7.75 7.68 7.68 7.68 7.68 7.96 7.96 7.96 7.96 2.02 2.02 7.39 7.39 3.10 3.10 3.10 3.10 3.10 3.10 3.36 3.10 3.03 3.10 2.30 2.30 2.54 2.54 2.54 2.54 2.54 2.54 3.04 23.72 2.81 7.20 12.83 28.97 28.97 28.97 28.97 0.00 0.00 0.00 0.00 0.00 0.00 0.00 0.00 0.00
10.92 10.92 11.46 11.46 11.46 11.46 11.84 11.84 11.84 11.84 4.53 4.53 10.15 10.15 10.27 3.35 10.53 10.27 10.15 11.20 12.12 12.12 10.41 4.40 10.59 10.41 9.02 9.16 3.29 8.04 7.88 7.88 7.88 7.88 7.86 12.00 7.86 7.86 7.93 7.93 7.93 7.93 1.98 7.27 7.27 7.27 2.87 7.57 3.10 3.10 3.10 4.32 2.30 2.30 7.33 13.08 2.30 13.08 1.88 2.54 2.54 2.02 6.37 3.04 2.99 0.00 0.00 0.00 28.97 12.56 0.00 28.97 28.97 0.00 0.00 0.00 0.00 0.00 0.00 0.00 0.00 0.00
10.92 10.92 11.46 11.46 11.46 11.46 11.84 11.84 11.84 11.84 10.15 10.15 10.15 10.15 10.27 10.53 10.53 10.27 10.15 10.60 12.12 12.01 12.11 10.41 5.53 12.11 4.03 9.16 9.16 9.02 12.12 7.88 7.88 7.88 7.86 7.86 7.86 7.86 7.93 7.93 3.17 7.93 2.21 7.27 8.09 3.10 3.10 7.57 7.57 3.10 3.10 2.48 3.10 3.10 3.10 3.01 3.21 2.30 2.54 2.54 7.13 5.92 2.78 3.20 23.72 0.00 0.00 0.00 0.00 0.00 0.00 0.00 0.00 0.00 0.00 0.00 0.00 0.00 0.00 0.00 0.00 0.00
10.92 10.92 35.69 11.46 11.46 11.46 11.84 11.84 11.84 11.84 10.15 10.15 10.15 10.15 3.35 4.79 12.17 10.39 10.15 10.60 10.60 12.12 10.41 12.11 5.53 5.53 4.03 9.16 9.16 22.46 7.88 7.88 2.24 2.24 2.33 2.17 7.86 7.86 3.17 7.93 7.93 1.31 6.04 7.57 3.10 7.57 3.10 3.10 3.10 3.10 4.32 3.10 3.10 3.10 3.10 2.30 3.10 2.30 1.88 6.67 5.92 0.10 0.05 3.84 2.38 0.00 0.00 0.00 0.00 0.00 0.00 0.00 0.00 0.00 0.00 0.00 0.00 0.00 0.00 0.00 0.00 0.00
10.92 10.92 11.46 11.46 11.46 11.46 11.84 11.84 11.84 5.45 10.15 10.15 10.15 2.37 2.84 6.11 12.44 12.44 10.49 10.15 19.34 12.01 5.53 5.53 10.41 10.59 8.04 12.86 3.29 9.02 2.17 2.17 2.51 2.51 2.51 2.17 2.51 2.51 2.19 7.93 7.93 9.01 3.10 7.57 3.10 3.10 3.10 3.10 3.10 3.10 3.10 3.10 3.10 3.10 3.10 3.10 3.10 3.10 2.61 7.13 0.41 0.05 3.84 0.92 0.92 1.71 0.00 0.00 0.00 0.00 0.00 0.00 0.00 0.00 0.00 0.00 0.00 0.00 0.00 0.00 0.00 0.00
11.47 19.57 11.66 11.66 11.66 11.66 12.09 5.57 5.57 12.09 10.24 10.24 3.35 2.37 3.33 4.79 12.44 12.44 12.44 12.15 4.26 5.53 5.53 10.50 10.30 10.30 8.23 6.09 9.02 8.03 7.98 7.98 15.24 4.03 4.03 4.03 4.03 4.03 4.03 7.98 7.98 4.03 7.57 2.30 3.10 3.10 3.10 3.10 3.10 3.10 7.57 7.57 3.10 2.30 3.10 3.10 2.30 0.15 0.10 0.59 0.36 0.56 1.71 1.71 1.09 1.71 0.00 0.00 0.00 0.00 0.00 0.00 0.00 0.00 0.00 0.00 0.00 0.00 0.00 0.00 0.00 0.00
11.47 11.47 11.66 11.66 11.66 11.66 5.57 12.09 12.09 12.09 10.24 10.24 4.12 1.86 10.48 4.79 4.79 12.44 6.11 6.11 4.79 5.53 10.30 10.30 10.30 10.30 8.03 3.31 8.03 8.03 9.02 0.14 7.98 7.98 7.99 4.03 5.86 4.94 4.03 4.03 4.03 4.03 3.10 3.10 3.10 3.10 4.10 3.10 3.10 7.13 2.80 8.08 7.10 13.08 2.98 3.10 3.21 0.15 0.12 0.56 1.71 1.71 0.92 1.92 0.92 0.92 0.92 0.00 0.00 0.00 0.00 0.00 0.00 0.00 0.00 0.00 0.00 0.00 0.00 0.00 0.00 0.00
9.29 9.29 9.45 9.45 9.45 9.45 10.65 10.65 9.74 9.74 8.31 2.56 7.65 3.69 4.01 4.01 9.30 3.52 4.30 4.30 4.30 4.18 8.91 8.91 8.91 0.17 0.11 0.11 0.11 0.14 0.14 0.11 6.97 6.88 6.89 0.29 0.29 0.67 0.44 2.81 2.81 2.81 2.43 6.11 2.11 2.44 2.43 1.80 2.43 5.37 2.66 6.84 1.98 2.43 2.43 10.83 0.36 0.10 3.10 1.37 1.37 1.37 0.75 1.37 1.37 0.75 1.37 0.75 0.00 0.00 0.00 0.00 0.00 0.00 0.00 0.00 0.00 0.00 0.00 0.00 0.00 0.00
9.29 10.14 9.45 9.45 9.45 10.23 8.37 10.65 9.74 9.74 2.56 2.83 4.30 8.54 8.25 8.25 9.30 4.30 4.30 4.30 4.30 4.18 3.19 3.19 3.19 3.19 0.13 0.11 0.11 0.14 0.11 0.13 0.14 7.29 0.44 0.44 0.29 0.29 0.36 0.44 0.29 0.29 0.36 2.43 2.43 2.44 2.66 2.66 1.80 1.94 6.84 10.14 5.35 6.84 0.36 0.09 0.39 0.16 0.46 1.37 1.50 0.75 0.75 0.75 0.75 0.75 0.75 0.75 0.75 0.00 0.00 0.00 0.00 0.00 0.00 0.00 0.00 0.00 0.00 0.00 0.00 0.00
10.20 10.20 4.22 9.52 9.52 10.26 4.77 4.77 4.86 4.34 3.73 4.30 9.30 9.30 9.20 9.20 3.52 4.30 4.30 4.30 3.29 3.29 3.19 3.19 3.19 4.18 7.31 0.11 0.11 0.11 0.11 0.12 0.67 2.09 0.44 0.44 0.44 0.29 0.29 0.67 0.29 0.29 1.80 1.80 2.43 2.66 2.42 1.94 2.43 2.43 2.43 2.43 2.66 12.72 0.39 0.39 0.06 0.04 0.46 0.46 0.75 1.43 0.75 1.37 1.37 0.99 0.75 0.75 4.94 4.94 0.00 0.00 0.00 0.00 0.00 0.00 0.00 0.00 0.00 0.00 0.00 0.00
13.72 4.63 4.66 4.22 4.22 10.26 4.77 4.77 10.65 9.74 9.30 3.52 4.30 9.30 4.30 3.52 3.52 3.29 4.30 4.30 3.29 4.30 3.19 4.18 3.19 4.18 0.13 0.11 0.11 0.11 0.12 0.12 0.29 0.29 0.14 0.44 0.29 0.44 0.67 0.44 0.29 0.29 1.80 2.43 2.43 1.80 2.43 5.63 6.24 5.30 2.43 2.43 3.42 6.11 12.57 0.88 0.06 0.04 0.03 3.10 4.94 0.72 1.61 1.61 1.37 1.37 0.75 0.99 4.94 4.94 0.00 0.00 0.00 0.00 0.00 0.00 0.00 0.00 0.00 0.00 0.00 0.00
9.41 9.41 9.52 4.22 10.26 6.07 6.07 10.65 9.74 11.86 3.52 3.52 9.30 4.30 3.29 3.29 3.29 3.52 3.29 4.30 3.29 4.30 4.30 3.19 0.73 0.50 0.29 0.11 0.11 0.11 0.29 0.14 0.44 0.67 0.67 0.67 0.67 0.67 0.44 0.67 0.29 0.44 3.05 6.11 2.43 2.43 2.43 5.30 5.30 3.98 4.94 6.11 6.11 2.41 7.32 0.30 0.34 0.34 0.05 3.10 4.94 0.89 0.89 0.75 1.37 0.75 1.37 0.75 0.75 0.75 0.00 0.00 0.00 0.00 0.00 0.00 0.00 0.00 0.00 0.00 0.00 0.00
9.41 9.41 9.52 9.52 10.26 4.77 6.07 11.86 11.86 5.07 3.52 3.52 4.30 4.30 5.16 4.30 4.30 9.30 9.30 4.30 4.30 4.30 4.30 3.19 0.73 0.50 0.13 0.11 0.11 0.13 0.29 0.29 0.44 0.14 0.14 0.67 0.67 0.67 0.67 0.67 0.67 3.52 0.56 0.56 0.23 2.43 2.43 6.83 5.30 6.83 2.43 6.11 6.11 7.32 3.69 3.69 0.34 3.69 3.10 4.94 4.94 1.43 0.89 0.89 1.37 1.37 0.75 1.37 4.94 7.06 0.89 0.75 0.00 0.00 0.00 0.00 0.00 0.00 0.00 0.00 0.00 0.00
9.77 10.30 9.63 9.63 10.33 4.77 12.28 12.28 12.28 6.07 9.30 4.30 4.30 4.30 4.30 4.30 3.29 16.17 4.30 4.30 4.30 4.30 4.30 3.44 4.18 0.73 0.12 0.11 0.11 0.12 0.29 0.29 0.67 0.12 0.12 0.44 0.29 0.67 0.67 0.44 0.67 0.67 0.56 0.56 2.43 2.43 2.43 5.58 8.67 6.11 6.12 6.11 2.29 3.71 3.69 3.69 3.69 5.84 4.94 4.94 4.94 4.94 0.75 1.05 0.89 0.91 0.75 1.37 4.94 4.94 4.94 0.75 0.00 0.00 0.00 0.00 0.00 0.00 0.00 0.00 0.00 0.00
6.07 6.07 9.81 9.63 10.33 6.07 6.07 12.28 12.28 12.28 4.30 3.52 4.30 4.30 4.30 4.30 3.29 3.29 3.29 4.30 3.52 4.30 3.54 3.65 0.19 0.50 0.12 0.11 0.12 0.29 0.67 0.29 0.14 0.29 0.29 0.29 0.67 0.67 0.67 0.67 0.67 0.67 0.56 0.56 2.43 2.43 2.43 1.80 3.19 6.11 0.57 0.05 0.05 3.69 3.69 0.06 5.84 5.84 4.94 4.94 4.94 4.94 0.75 0.89 0.89 1.37 1.81 1.37 4.94 4.94 4.94 0.75 0.00 0.00 0.00 0.00 0.00 0.00 0.00 0.00 0.00 0.00
6.07 6.07 6.07 11.85 12.28 4.77 5.07 6.07 6.07 6.07 3.29 4.30 8.29 8.16 4.30 3.29 3.29 15.02 3.29 3.29 15.02 4.30 4.30 3.65 0.19 0.50 0.29 0.29 0.29 0.12 0.29 0.29 0.14 0.12 0.13 0.67 0.67 0.67 0.67 0.14 0.14 0.14 0.56 0.56 0.36 2.43 1.80 2.43 2.43 0.23 0.30 0.53 0.53 3.69 0.87 5.84 5.84 1.04 0.92 0.75 0.75 1.37 1.37 4.94 4.94 0.53 1.08 4.94 4.94 4.94 4.94 0.75 81.25 0.00 0.00 0.00 0.00 0.00 0.00 0.00 0.00 0.00
6.07 6.07 6.07 6.07 5.07 11.85 9.70 6.07 6.07 6.07 4.30 4.30 8.29 3.56 3.69 3.29 3.29 15.02 15.02 4.00 4.00 15.02 3.29 3.65 4.18 0.50 0.29 0.44 0.44 0.13 0.16 0.14 0.14 0.48 0.29 0.16 0.67 0.67 0.67 3.52 3.52 0.67 0.56 0.56 0.56 0.56 0.69 0.56 0.10 0.03 3.69 3.69 3.69 5.84 0.87 1.63 5.84 5.84 4.94 4.94 0.75 4.94 1.37 4.94 4.94 4.94 4.94 4.94 4.94 4.94 0.75 0.75 0.75 0.00 0.00 0.00 0.00 0.00 0.00 0.00 0.00 0.00
5.07 6.07 6.07 6.07 12.28 11.85 9.62 9.62 6.07 6.07 3.29 4.30 9.19 9.19 3.57 4.30 4.30 4.30 15.02 15.02 3.55 3.55 3.64 3.29 8.32 4.18 0.44 0.29 0.44 0.14 0.14 3.52 0.14 3.52 3.52 0.67 0.14 0.67 0.67 3.52 0.67 0.67 0.56 0.56 0.56 0.56 0.56 3.05 0.30 0.53 0.53 3.69 3.69 3.69 5.84 5.84 5.84 5.84 4.94 4.94 4.94 4.94 4.94 4.94 4.94 4.94 4.94 0.75 0.75 0.75 0.75 0.75 0.75 0.00 0.00 0.00 0.00 0.00 0.00 0.00 0.00 0.00
6.07 6.07 6.07 6.07 12.28 12.28 9.62 9.62 11.85 6.07 3.29 3.29 6.08 3.69 3.67 4.30 4.30 4.30 3.29 4.30 4.30 3.55 3.52 8.32 7.56 8.45 2.81 0.29 0.12 0.14 3.52 3.52 0.67 3.52 3.52 0.67 0.14 0.67 0.67 0.67 0.67 0.67 0.56 0.56 0.56 0.10 0.56 3.93 3.69 3.69 3.69 3.69 3.69 3.69 3.69 0.87 0.87 1.63 1.37 4.94 4.94 4.94 4.94 4.94 4.94 4.94 4.94 0.75 0.75 0.75 0.75 0.75 0.75 0.75 0.00 0.00 0.00 0.00 0.00 0.00 0.00 0.00
6.07 6.07 6.07 6.07 6.07 6.07 6.07 11.85 6.07 6.07 4.30 4.30 3.29 4.30 3.29 3.29 3.29 3.29 3.29 3.29 15.02 4.30 15.02 3.21 7.56 7.56 2.81 0.67 0.12 0.11 0.14 3.52 3.52 3.52 0.67 0.67 0.67 0.67 0.67 0.67 0.67 0.89 0.56 0.56 0.56 0.56 0.53 0.53 0.53 0.53 3.69 3.69 3.69 3.69 3.69 0.53 0.87 5.84 1.37 4.94 4.94 4.94 4.94 4.94 4.94 3.35 3.35 4.94 4.94 0.92 0.75 0.75 0.75 0.75 11.87 11.87 0.00 0.00 0.00 0.00 0.00 0.00
5.07 5.07 6.07 6.07 6.07 6.07 6.07 6.07 6.07 6.07 4.30 3.29 4.30 3.29 4.30 3.52 3.29 4.30 5.16 4.30 3.29 4.30 15.02 7.56 0.12 0.13 0.14 0.14 0.11 0.11 0.11 0.11 0.14 3.52 0.84 3.52 0.84 0.67 0.14 0.67 0.84 0.67 0.56 0.36 0.56 0.56 0.53 0.53 3.69 3.69 0.53 3.69 3.69 0.53 3.69 0.53 5.84 0.87 1.37 0.75 0.75 0.75 0.75 0.75 0.75 0.75 0.75 0.75 0.75 0.75 0.75 0.75 0.75 0.75 0.66 11.87 11.87 11.87 11.87 11.87 11.87 14.89
6.07 6.07 12.28 6.07 8.86 6.07 5.07 4.77 8.86 8.86 4.30 5.16 3.29 0.39 0.39 4.30 4.30 9.18 8.32 8.08 3.21 7.56 0.10 0.11 0.12 0.11 0.11 0.13 0.14 0.13 0.11 0.11 0.14 0.67 0.67 0.67 0.67 0.67 0.67 0.67 0.67 0.67 0.56 0.56 0.56 0.05 0.16 0.16 0.30 0.34 0.05 0.05 0.02 0.05 0.06 3.69 3.69 5.84 0.75 0.75 0.75 0.75 0.75 0.75 0.75 0.75 0.75 0.75 0.75 0.75 0.75 4.94 4.94 4.94 4.50 4.50 4.50 4.50 4.50 4.50 4.50 4.50
6.07 6.07 6.07 6.07 5.07 4.77 4.77 4.77 6.07 6.07 4.30 3.29 0.39 0.62 0.39 1.03 0.09 0.09 7.56 0.08 0.08 0.08 0.09 0.10 0.08 0.10 0.05 0.11 0.13 0.48 0.16 0.14 0.14 0.14 0.67 3.52 0.67 0.67 0.67 1.68 1.68 1.68 1.44 1.44 1.63 1.63 1.63 1.63 0.30 0.34 0.05 0.03 0.05 0.04 0.05 3.69 0.14 0.05 0.75 0.75 0.75 0.75 0.75 0.75 0.75 0.75 0.75 0.75 0.75 0.75 0.75 0.75 0.75 4.94 4.50 0.66 0.66 0.66 0.66 0.66 0.66 0.66
3.69 4.41 4.41 4.41 3.39 4.41 4.41 3.39 3.39 4.41 2.37 0.23 0.23 0.23 0.66 3.90 0.09 0.06 0.66 0.09 0.06 0.06 0.23 0.66 0.66 0.06 0.04 0.08 0.08 0.08 0.08 0.08 0.09 0.08 0.10 0.09 0.57 0.57 3.03 1.44 1.44 1.44 4.26 1.34 1.34 1.34 1.34 1.34 1.34 3.07 0.44 3.07 3.07 3.07 3.07 3.07 3.07 3.07 2.79 0.66 0.66 0.66 0.66 0.66 0.66 0.66 0.66 0.66 0.66 0.66 0.66 0.66 0.66 4.48 4.10 0.59 0.59 0.59 0.59 0.59 0.59 0.59
