Raw_GIS_Data/Gridded_temps/Temp_min/Monthly/PRISM_tmin_tutuila_30yr_normal_80mM1_07_asc.asc
ncols 381
nrows 202
xllcorner -170.851658
yllcorner -14.379175
cellsize 0.00083333333
NODATA_value -9999
[rows 108 to 143 of 202, columns 80 to 159 of 381]
2312 2313 2308 2292 2309 2328 2316 2301 2278 2251 2246 2257 2248 2236 2249 2259 2238 2225 2222 2218 2214 2204 2205 2209 2220 2234 2238 2256 2272 2287 2313 2332 2309 2282 2263 2274 2300 2322 2351 2373 2363 2346 2332 2316 2295 2274 2258 2248 2237 2224 2209 2192 2178 2166 2169 2209 2250 2284 2315 2334 2329 2302 2277 2287 2300 2296 2298 2305 2299 2286 2265 2229 2199 2194 2192 2180 2161 2154 2179 2205
2290 2280 2281 2268 2285 2302 2298 2290 2273 2246 2232 2237 2239 2229 2233 2247 2239 2219 2198 2187 2186 2195 2218 2236 2244 2253 2256 2265 2283 2303 2323 2316 2299 2283 2264 2269 2296 2328 2357 2373 2359 2335 2309 2296 2287 2278 2268 2259 2248 2235 2217 2191 2179 2171 2175 2212 2253 2288 2323 2343 2344 2316 2298 2312 2322 2316 2322 2325 2306 2270 2240 2218 2212 2206 2191 2178 2168 2171 2197 2220
2281 2256 2250 2245 2265 2273 2267 2262 2260 2242 2225 2219 2224 2220 2215 2230 2228 2213 2188 2167 2180 2206 2234 2253 2265 2271 2277 2281 2292 2308 2318 2299 2283 2264 2251 2265 2304 2341 2362 2358 2343 2337 2310 2283 2271 2264 2259 2249 2240 2229 2213 2197 2184 2174 2172 2211 2253 2291 2332 2350 2354 2335 2322 2341 2344 2341 2344 2336 2311 2284 2260 2229 2229 2212 2191 2193 2196 2186 2204 2229
2281 2243 2219 2217 2233 2239 2237 2235 2239 2232 2218 2205 2203 2207 2199 2213 2215 2206 2190 2175 2192 2217 2236 2252 2266 2278 2292 2299 2298 2297 2294 2284 2271 2253 2246 2273 2305 2333 2356 2345 2321 2324 2311 2293 2270 2255 2247 2235 2223 2214 2203 2189 2175 2168 2180 2228 2265 2297 2331 2353 2362 2355 2348 2361 2360 2356 2346 2329 2310 2286 2254 2234 2241 2217 2198 2210 2224 2217 2216 2234
2263 2233 2202 2193 2203 2210 2212 2215 2217 2208 2200 2188 2181 2185 2185 2200 2203 2189 2181 2173 2181 2205 2233 2254 2268 2279 2290 2295 2286 2276 2271 2270 2254 2243 2256 2297 2325 2343 2353 2338 2306 2300 2289 2282 2272 2263 2250 2237 2224 2210 2196 2180 2168 2170 2221 2254 2280 2307 2334 2355 2368 2368 2367 2371 2366 2355 2331 2304 2285 2271 2267 2264 2247 2210 2217 2226 2242 2251 2232 2237
2258 2225 2195 2181 2179 2183 2189 2194 2193 2182 2180 2178 2171 2166 2173 2190 2190 2177 2168 2168 2178 2201 2228 2247 2258 2266 2279 2286 2280 2265 2252 2249 2238 2240 2272 2305 2330 2339 2326 2305 2282 2276 2267 2260 2256 2253 2245 2234 2223 2211 2196 2179 2169 2194 2237 2267 2295 2321 2344 2361 2373 2376 2376 2374 2362 2338 2309 2293 2291 2296 2296 2276 2236 2212 2232 2241 2248 2270 2261 2246
2271 2233 2205 2188 2174 2166 2170 2172 2172 2169 2169 2167 2159 2152 2161 2175 2175 2171 2168 2170 2178 2194 2213 2233 2246 2255 2265 2278 2277 2263 2239 2224 2229 2247 2271 2291 2316 2332 2313 2289 2271 2263 2256 2248 2240 2239 2236 2228 2218 2209 2197 2180 2170 2200 2249 2276 2300 2326 2351 2367 2377 2381 2380 2374 2354 2318 2283 2289 2312 2318 2300 2265 2235 2233 2247 2259 2253 2278 2301 2275
2273 2238 2211 2197 2185 2173 2168 2166 2170 2170 2166 2158 2150 2147 2155 2165 2169 2170 2172 2173 2178 2190 2206 2222 2235 2247 2262 2273 2270 2255 2231 2219 2241 2263 2278 2292 2313 2327 2318 2301 2286 2275 2264 2257 2246 2236 2227 2218 2207 2200 2190 2181 2180 2236 2281 2309 2324 2340 2365 2377 2383 2384 2383 2375 2355 2329 2298 2302 2327 2326 2303 2270 2250 2258 2259 2271 2267 2287 2312 2309
2250 2231 2215 2206 2199 2188 2178 2173 2171 2168 2160 2152 2148 2152 2161 2168 2171 2173 2175 2176 2181 2189 2205 2228 2248 2260 2265 2261 2247 2234 2218 2229 2258 2277 2291 2304 2309 2312 2307 2302 2298 2286 2275 2269 2260 2247 2234 2223 2212 2200 2186 2184 2213 2269 2301 2324 2348 2358 2374 2383 2386 2386 2385 2380 2365 2338 2310 2320 2342 2331 2309 2283 2269 2286 2279 2286 2284 2302 2326 2332
2214 2218 2214 2210 2205 2196 2185 2176 2168 2163 2157 2150 2149 2156 2165 2171 2174 2176 2179 2181 2187 2196 2212 2238 2249 2249 2245 2233 2219 2214 2222 2247 2269 2283 2289 2295 2288 2290 2284 2283 2294 2289 2277 2263 2254 2246 2238 2224 2209 2192 2186 2202 2243 2291 2323 2351 2365 2373 2381 2386 2387 2387 2387 2383 2372 2349 2326 2335 2353 2350 2340 2307 2300 2315 2309 2301 2293 2313 2339 2349
2194 2203 2207 2205 2203 2195 2183 2173 2163 2158 2153 2149 2150 2156 2164 2171 2175 2178 2180 2185 2193 2209 2227 2235 2229 2215 2202 2192 2190 2208 2241 2259 2264 2268 2268 2279 2271 2271 2267 2270 2281 2285 2278 2263 2246 2233 2221 2209 2196 2185 2198 2218 2253 2293 2334 2361 2374 2381 2385 2387 2389 2388 2388 2385 2379 2363 2338 2338 2359 2376 2364 2331 2329 2343 2337 2310 2301 2315 2348 2370
2181 2189 2194 2193 2193 2188 2179 2173 2163 2155 2151 2149 2151 2156 2162 2169 2174 2177 2179 2181 2186 2197 2211 2211 2200 2184 2178 2178 2191 2223 2241 2244 2243 2248 2249 2261 2258 2253 2252 2258 2265 2272 2269 2257 2241 2228 2218 2207 2196 2195 2220 2253 2267 2298 2339 2365 2379 2384 2387 2389 2389 2389 2387 2382 2373 2352 2325 2321 2345 2378 2381 2358 2353 2366 2349 2313 2322 2326 2355 2386
2172 2176 2177 2177 2184 2187 2182 2176 2165 2155 2152 2151 2153 2157 2162 2167 2170 2172 2172 2172 2172 2177 2178 2177 2173 2170 2171 2177 2193 2211 2215 2214 2213 2221 2229 2244 2242 2235 2241 2251 2256 2259 2258 2252 2245 2236 2227 2209 2196 2206 2241 2271 2292 2323 2350 2373 2383 2387 2388 2389 2390 2389 2386 2373 2356 2318 2286 2281 2313 2364 2389 2387 2380 2376 2344 2320 2342 2345 2366 2394
2164 2164 2164 2167 2179 2184 2179 2171 2163 2159 2156 2154 2155 2157 2160 2162 2163 2163 2163 2163 2163 2165 2165 2165 2166 2167 2171 2175 2180 2182 2182 2183 2185 2193 2216 2230 2228 2226 2237 2250 2254 2255 2255 2250 2241 2228 2219 2210 2205 2213 2242 2268 2305 2356 2371 2381 2386 2388 2389 2390 2390 2388 2381 2358 2315 2300 2252 2235 2269 2328 2381 2395 2395 2380 2350 2346 2360 2367 2378 2401
2159 2159 2160 2166 2176 2180 2178 2173 2169 2166 2161 2156 2155 2155 2155 2155 2155 2154 2154 2155 2156 2157 2159 2161 2164 2166 2168 2170 2171 2171 2173 2176 2179 2185 2196 2210 2225 2234 2246 2258 2256 2256 2255 2250 2238 2223 2218 2219 2219 2220 2246 2274 2311 2354 2375 2384 2387 2388 2389 2390 2389 2385 2375 2356 2310 2255 2224 2204 2248 2315 2360 2393 2400 2390 2371 2370 2381 2388 2389 2405
2162 2160 2162 2165 2172 2181 2184 2179 2175 2169 2162 2157 2155 2153 2151 2150 2149 2148 2147 2147 2148 2150 2154 2157 2160 2162 2164 2165 2167 2169 2174 2178 2185 2191 2195 2211 2236 2249 2260 2268 2268 2267 2262 2251 2239 2229 2228 2233 2224 2214 2242 2277 2328 2362 2379 2385 2387 2388 2389 2390 2387 2376 2347 2325 2292 2239 2234 2250 2276 2323 2372 2398 2404 2401 2395 2390 2396 2403 2405 2411
2178 2174 2175 2175 2183 2192 2189 2178 2170 2166 2161 2157 2155 2152 2149 2147 2145 2143 2141 2141 2142 2144 2147 2150 2154 2157 2159 2161 2165 2172 2179 2184 2192 2205 2215 2229 2247 2260 2273 2280 2280 2278 2267 2250 2242 2242 2241 2238 2223 2216 2253 2283 2330 2360 2378 2385 2388 2389 2390 2389 2382 2355 2311 2295 2262 2252 2269 2301 2327 2350 2381 2400 2406 2406 2405 2403 2406 2409 2411 2413
2200 2196 2197 2191 2208 2213 2198 2181 2173 2170 2165 2158 2155 2152 2148 2145 2142 2139 2137 2136 2136 2137 2139 2141 2145 2149 2152 2157 2169 2187 2202 2205 2205 2206 2221 2238 2251 2263 2280 2288 2289 2288 2280 2262 2253 2253 2245 2233 2224 2226 2249 2271 2302 2337 2373 2385 2388 2389 2390 2388 2377 2339 2323 2308 2292 2290 2291 2324 2366 2388 2398 2405 2407 2407 2408 2409 2410 2412 2413 2413
2225 2221 2220 2214 2230 2235 2218 2201 2191 2186 2174 2162 2157 2153 2149 2145 2141 2137 2133 2132 2131 2130 2130 2128 2127 2131 2140 2154 2174 2203 2226 2235 2237 2233 2229 2226 2241 2258 2281 2292 2294 2294 2286 2274 2264 2255 2244 2236 2238 2247 2274 2296 2316 2351 2377 2386 2388 2389 2390 2387 2378 2365 2355 2334 2322 2318 2300 2322 2354 2386 2401 2406 2407 2408 2409 2410 2411 2412 2413 2414
2238 2241 2241 2235 2244 2253 2241 2221 2210 2198 2181 2169 2160 2155 2150 2146 2141 2134 2129 2128 2128 2126 2123 2120 2112 2115 2135 2163 2185 2200 2223 2243 2250 2252 2250 2248 2260 2276 2288 2295 2297 2293 2278 2264 2255 2244 2243 2245 2255 2269 2291 2318 2336 2363 2381 2386 2388 2389 2390 2389 2386 2384 2378 2357 2354 2348 2325 2329 2344 2391 2403 2406 2408 2409 2409 2410 2411 2413 2413 2414
2241 2252 2261 2249 2253 2264 2249 2226 2223 2209 2193 2176 2163 2158 2155 2151 2144 2134 2127 2127 2134 2129 2124 2119 2113 2126 2157 2194 2208 2208 2217 2239 2251 2257 2262 2267 2275 2285 2293 2298 2299 2294 2275 2258 2250 2247 2254 2258 2274 2297 2309 2332 2355 2372 2383 2386 2388 2389 2390 2390 2390 2390 2386 2378 2380 2376 2363 2363 2370 2396 2404 2406 2407 2408 2409 2410 2412 2413 2413 2414
2240 2252 2274 2272 2271 2275 2261 2244 2240 2220 2198 2179 2167 2166 2165 2163 2153 2143 2135 2126 2128 2129 2130 2127 2123 2146 2180 2214 2224 2223 2223 2236 2248 2256 2264 2272 2280 2287 2295 2300 2301 2295 2272 2263 2265 2261 2264 2266 2297 2321 2332 2345 2367 2379 2384 2387 2388 2389 2390 2391 2392 2393 2392 2391 2393 2392 2391 2391 2394 2402 2405 2407 2408 2408 2409 2410 2412 2413 2413 2414
2256 2264 2283 2290 2289 2287 2275 2264 2252 2230 2210 2192 2180 2179 2181 2181 2170 2164 2157 2146 2135 2137 2145 2140 2143 2165 2201 2222 2230 2229 2228 2237 2247 2254 2263 2272 2280 2287 2295 2301 2303 2297 2279 2275 2279 2277 2275 2278 2308 2337 2354 2364 2376 2383 2386 2387 2389 2390 2391 2391 2392 2394 2395 2396 2397 2398 2399 2400 2402 2404 2406 2407 2408 2408 2409 2410 2412 2413 2413 2413
2281 2286 2297 2302 2295 2278 2257 2249 2247 2237 2220 2204 2194 2193 2197 2196 2189 2189 2184 2178 2163 2159 2162 2159 2171 2192 2214 2224 2225 2221 2225 2239 2249 2255 2263 2274 2283 2290 2297 2303 2305 2304 2297 2290 2292 2292 2281 2281 2305 2334 2361 2376 2382 2385 2387 2388 2389 2390 2391 2392 2393 2394 2396 2397 2398 2399 2401 2402 2403 2404 2405 2406 2408 2409 2409 2411 2411 2412 2412 2412
2290 2301 2306 2299 2279 2259 2243 2238 2233 2227 2220 2211 2203 2203 2208 2209 2206 2212 2209 2201 2182 2173 2177 2181 2189 2205 2218 2221 2211 2200 2215 2239 2251 2258 2266 2277 2287 2295 2301 2306 2308 2309 2308 2303 2304 2303 2290 2298 2322 2346 2367 2380 2384 2386 2388 2389 2390 2391 2392 2393 2394 2395 2397 2397 2398 2400 2401 2402 2403 2404 2405 2406 2408 2409 2409 2410 2410 2411 2412 2412
2291 2304 2306 2288 2261 2244 2241 2237 2227 2224 2224 2217 2211 2213 2217 2219 2219 2229 2222 2205 2191 2185 2190 2203 2203 2203 2212 2214 2203 2200 2222 2244 2255 2263 2271 2280 2289 2298 2305 2308 2310 2312 2313 2314 2324 2323 2317 2320 2347 2367 2377 2383 2385 2387 2388 2389 2390 2391 2393 2394 2395 2396 2398 2399 2399 2400 2402 2403 2404 2404 2405 2407 2408 2409 2409 2409 2409 2410 2411 2412
2292 2306 2309 2291 2266 2248 2248 2242 2227 2227 2232 2225 2220 2222 2225 2230 2232 2240 2226 2212 2208 2203 2204 2223 2224 2205 2203 2208 2207 2212 2234 2252 2262 2270 2277 2283 2290 2299 2306 2310 2312 2314 2316 2322 2341 2346 2345 2343 2360 2374 2381 2384 2385 2387 2388 2390 2391 2392 2393 2395 2396 2398 2399 2400 2401 2401 2402 2403 2404 2405 2406 2407 2409 2409 2409 2409 2409 2410 2411 2412
2297 2311 2316 2297 2279 2268 2262 2251 2231 2233 2242 2235 2229 2229 2232 2244 2247 2254 2236 2228 2225 2217 2218 2239 2246 2222 2210 2214 2218 2232 2252 2263 2270 2277 2284 2289 2295 2301 2307 2311 2313 2315 2318 2327 2346 2354 2357 2361 2369 2376 2381 2383 2385 2387 2389 2391 2392 2393 2394 2396 2397 2398 2400 2401 2402 2402 2403 2404 2405 2405 2406 2407 2408 2408 2408 2409 2409 2410 2411 2412
2307 2322 2333 2313 2302 2294 2282 2269 2247 2246 2252 2245 2236 2236 2241 2264 2275 2271 2258 2256 2244 2231 2240 2262 2263 2238 2227 2232 2239 2254 2271 2279 2283 2288 2292 2297 2300 2304 2308 2311 2314 2317 2322 2334 2348 2355 2360 2365 2371 2376 2380 2384 2386 2388 2390 2391 2392 2394 2395 2397 2398 2399 2400 2401 2402 2403 2404 2405 2405 2406 2406 2407 2407 2408 2408 2409 2409 2410 2411 2412
2321 2335 2351 2336 2324 2314 2299 2276 2258 2254 2257 2253 2243 2246 2255 2290 2301 2290 2290 2284 2264 2261 2275 2288 2271 2239 2231 2243 2254 2268 2282 2291 2296 2300 2302 2303 2305 2308 2310 2312 2314 2318 2326 2339 2349 2355 2361 2366 2371 2376 2381 2384 2387 2388 2390 2391 2393 2394 2396 2397 2398 2399 2400 2401 2402 2403 2404 2405 2405 2406 2406 2407 2407 2408 2408 2409 2409 2410 2411 2412
2334 2345 2358 2355 2346 2325 2298 2276 2261 2257 2258 2257 2250 2258 2279 2304 2312 2303 2310 2303 2296 2295 2300 2296 2273 2238 2226 2241 2259 2277 2289 2297 2302 2305 2308 2309 2310 2312 2314 2316 2317 2322 2329 2340 2348 2354 2361 2367 2372 2377 2381 2385 2387 2388 2390 2391 2392 2394 2395 2396 2398 2399 2400 2401 2401 2402 2403 2404 2405 2405 2406 2406 2407 2408 2409 2409 2410 2410 2411 2412
2343 2353 2363 2363 2353 2323 2296 2277 2262 2259 2262 2264 2258 2267 2292 2313 2322 2321 2323 2319 2314 2311 2310 2301 2280 2246 2222 2230 2254 2276 2291 2299 2305 2309 2312 2313 2315 2317 2319 2321 2324 2328 2335 2343 2350 2356 2363 2368 2373 2378 2382 2385 2387 2388 2389 2391 2392 2393 2394 2396 2397 2398 2400 2401 2401 2402 2402 2403 2404 2405 2406 2406 2407 2408 2409 2409 2410 2410 2411 2412
2351 2360 2367 2368 2356 2332 2306 2278 2265 2266 2269 2272 2267 2269 2289 2310 2325 2331 2333 2329 2324 2320 2316 2308 2291 2260 2238 2237 2247 2266 2285 2298 2308 2312 2315 2318 2320 2322 2323 2325 2328 2334 2341 2348 2354 2360 2365 2370 2375 2379 2383 2386 2387 2388 2390 2391 2392 2393 2394 2396 2397 2398 2400 2401 2401 2402 2402 2403 2404 2405 2406 2406 2407 2408 2408 2409 2409 2410 2411 2412
2344 2358 2369 2370 2359 2333 2308 2287 2280 2280 2274 2267 2262 2267 2280 2300 2322 2334 2339 2337 2331 2328 2324 2314 2297 2272 2260 2251 2251 2260 2273 2292 2308 2315 2318 2321 2324 2325 2326 2328 2332 2337 2344 2351 2357 2363 2368 2372 2377 2381 2384 2386 2387 2389 2390 2391 2393 2394 2395 2396 2397 2399 2400 2401 2402 2402 2403 2404 2404 2404 2405 2406 2406 2407 2408 2409 2409 2410 2411 2412
2322 2348 2367 2372 2365 2343 2323 2299 2291 2290 2283 2275 2272 2275 2277 2291 2315 2332 2341 2343 2339 2335 2329 2315 2291 2275 2272 2265 2263 2269 2277 2296 2311 2317 2320 2323 2326 2328 2329 2332 2335 2341 2347 2354 2359 2365 2369 2374 2378 2382 2384 2386 2388 2389 2390 2392 2393 2395 2396 2396 2398 2399 2400 2401 2402 2403 2403 2404 2404 2404 2405 2406 2406 2407 2408 2409 2409 2409 2410 2412
2318 2344 2366 2374 2372 2361 2337 2309 2298 2297 2295 2293 2296 2298 2293 2290 2312 2331 2342 2348 2346 2341 2329 2305 2283 2276 2279 2275 2273 2278 2285 2297 2311 2319 2322 2324 2327 2330 2333 2335 2339 2343 2349 2355 2361 2366 2371 2375 2379 2382 2384 2386 2388 2389 2391 2393 2394 2395 2396 2397 2399 2400 2401 2402 2402 2403 2403 2404 2404 2405 2405 2406 2406 2407 2408 2409 2409 2409 2410 2412
