Raw_GIS_Data/Gridded_temps/Temp_min/Monthly/PRISM_tmin_tutuila_30yr_normal_80mM1_11_asc.asc
ncols 381
nrows 202
xllcorner -170.851658
yllcorner -14.379175
cellsize 0.00083333333
NODATA_value -9999
[rows 36 to 71 of 202, columns 160 to 239 of 381]
-9999 -9999 -9999 -9999 -9999 -9999 -9999 -9999 -9999 -9999 -9999 -9999 -9999 -9999 -9999 -9999 -9999 -9999 -9999 -9999 -9999 -9999 -9999 -9999 -9999 -9999 -9999 -9999 -9999 -9999 -9999 -9999 -9999 -9999 -9999 -9999 -9999 2435 2435 -9999 2435 2435 2435 2435 2435 2435 2435 2435 2435 2435 2435 2432 2423 2385 2342 2358 2409 2431 2435 2435 2435 2435 2435 2435 -9999 -9999 2435 2435 2435 2435 -9999 -9999 -9999 -9999 -9999 -9999 -9999 -9999 -9999 -9999
-9999 -9999 -9999 -9999 -9999 -9999 -9999 -9999 -9999 -9999 -9999 -9999 -9999 -9999 -9999 -9999 -9999 -9999 -9999 -9999 -9999 -9999 -9999 -9999 -9999 -9999 -9999 -9999 -9999 -9999 -9999 -9999 -9999 -9999 -9999 -9999 2436 2436 2436 2436 2435 2435 2435 2435 2435 2435 2435 2435 2435 2435 2430 2426 2393 2356 2365 2398 2423 2433 2435 2435 2435 2435 2435 2435 2435 2435 2435 2435 2435 2435 2435 -9999 -9999 -9999 -9999 -9999 -9999 -9999 -9999 -9999
-9999 -9999 -9999 -9999 -9999 -9999 -9999 -9999 -9999 -9999 -9999 -9999 -9999 -9999 -9999 -9999 -9999 -9999 -9999 -9999 -9999 -9999 -9999 -9999 -9999 -9999 -9999 -9999 -9999 -9999 -9999 -9999 -9999 -9999 2436 2436 2436 2436 2436 2436 2436 2436 2436 2435 2435 2435 2435 2435 2435 2429 2417 2374 2322 2351 2389 2418 2431 2435 2435 2435 2435 2435 2435 2435 2435 2435 2435 2435 2435 2435 2435 2435 -9999 -9999 -9999 -9999 -9999 2434 2434 -9999
-9999 -9999 -9999 -9999 -9999 -9999 -9999 -9999 -9999 -9999 -9999 -9999 -9999 -9999 -9999 -9999 -9999 -9999 -9999 -9999 -9999 -9999 -9999 -9999 -9999 -9999 -9999 -9999 -9999 -9999 -9999 -9999 -9999 2436 2436 2436 2436 2436 2436 2436 2436 2436 2436 2435 2436 2436 2435 2435 2429 2413 2377 2364 2348 2362 2402 2426 2434 2435 2435 2435 2435 2435 2435 2435 2435 2435 2435 2435 2435 2435 2435 2435 2435 -9999 -9999 -9999 2435 2434 2434 2434
-9999 -9999 -9999 -9999 -9999 -9999 -9999 -9999 -9999 -9999 -9999 -9999 -9999 -9999 -9999 -9999 -9999 -9999 -9999 -9999 -9999 -9999 -9999 -9999 -9999 -9999 -9999 -9999 -9999 -9999 -9999 -9999 2436 2436 2436 2436 2436 2436 2436 2436 2436 2436 2433 2430 2433 2434 2430 2428 2420 2407 2401 2400 2400 2404 2422 2432 2435 2435 2435 2435 2435 2435 2435 2435 2435 2435 2435 2435 2435 2435 2435 2435 2435 2435 -9999 2435 2435 2435 2435 2434
-9999 -9999 -9999 -9999 -9999 -9999 -9999 -9999 -9999 -9999 -9999 -9999 -9999 -9999 -9999 -9999 -9999 -9999 -9999 -9999 -9999 -9999 -9999 -9999 -9999 -9999 -9999 -9999 2436 2436 -9999 2436 2436 2436 2436 2436 2436 2436 2436 2436 2436 2434 2425 2413 2422 2421 2405 2397 2396 2412 2423 2426 2427 2429 2432 2435 2435 2435 2435 2435 2435 2435 2435 2435 2435 2435 2435 2435 2433 2434 2435 2435 2435 2435 2435 2435 2435 2435 2435 2435
-9999 -9999 -9999 -9999 -9999 -9999 -9999 -9999 -9999 -9999 -9999 -9999 -9999 -9999 -9999 -9999 -9999 -9999 -9999 -9999 -9999 -9999 -9999 -9999 -9999 -9999 -9999 2436 2436 2436 2436 2436 2436 2436 2436 2436 2436 2435 2436 2436 2436 2432 2415 2390 2389 2381 2375 2346 2367 2404 2425 2431 2434 2434 2435 2435 2435 2435 2435 2435 2435 2435 2434 2435 2435 2435 2435 2432 2429 2432 2434 2435 2435 2435 2435 2435 2435 2435 2435 2435
-9999 -9999 -9999 -9999 -9999 -9999 -9999 -9999 -9999 -9999 -9999 -9999 -9999 -9999 -9999 -9999 -9999 -9999 -9999 -9999 -9999 -9999 -9999 -9999 -9999 -9999 2436 2436 2436 2436 2436 2436 2436 2436 2436 2435 2432 2429 2431 2434 2435 2430 2412 2378 2359 2340 2330 2308 2339 2385 2422 2432 2435 2436 2436 2435 2435 2435 2435 2435 2434 2431 2429 2431 2434 2433 2429 2424 2419 2428 2434 2435 2435 2435 2435 2435 2435 2435 2435 2435
-9999 -9999 -9999 -9999 -9999 -9999 -9999 -9999 -9999 -9999 -9999 -9999 -9999 -9999 -9999 -9999 -9999 -9999 -9999 -9999 -9999 -9999 -9999 -9999 -9999 2437 2437 2437 2437 2436 2436 2436 2436 2436 2434 2429 2418 2409 2417 2426 2426 2419 2405 2373 2327 2311 2320 2327 2356 2398 2426 2434 2436 2436 2436 2436 2436 2436 2435 2434 2427 2415 2403 2415 2427 2425 2411 2401 2405 2425 2434 2435 2435 2435 2435 2435 2435 2434 2433 2435
-9999 -9999 -9999 -9999 -9999 -9999 -9999 -9999 -9999 -9999 -9999 -9999 -9999 -9999 -9999 -9999 -9999 -9999 -9999 2437 2437 2437 2437 2437 2437 2437 2437 2437 2437 2437 2437 2437 2437 2435 2428 2413 2396 2388 2397 2408 2401 2386 2380 2357 2322 2328 2363 2383 2402 2422 2432 2435 2436 2436 2436 2436 2436 2436 2434 2429 2414 2390 2379 2399 2408 2397 2378 2376 2395 2424 2434 2435 2435 2435 2435 2435 2434 2430 2427 2433
-9999 -9999 -9999 -9999 -9999 -9999 -9999 -9999 -9999 -9999 -9999 -9999 -9999 -9999 -9999 -9999 -9999 -9999 2437 2437 2437 2437 2437 2437 2437 2437 2437 2437 2437 2437 2437 2437 2437 2434 2424 2402 2381 2370 2378 2391 2377 2342 2321 2322 2309 2339 2379 2408 2423 2431 2434 2435 2436 2436 2436 2436 2436 2434 2428 2416 2394 2367 2361 2381 2380 2357 2350 2361 2393 2422 2433 2435 2435 2435 2435 2434 2431 2420 2414 2430
-9999 -9999 -9999 -9999 -9999 -9999 -9999 -9999 -9999 -9999 -9999 -9999 -9999 -9999 -9999 -9999 -9999 2437 2437 2437 2437 2437 2437 2437 2437 2437 2437 2437 2437 2436 2437 2437 2437 2436 2430 2412 2380 2360 2361 2374 2365 2319 2279 2304 2328 2357 2382 2405 2424 2432 2434 2435 2436 2436 2436 2436 2435 2430 2413 2390 2372 2347 2340 2352 2350 2332 2334 2358 2393 2420 2432 2435 2435 2434 2431 2428 2424 2417 2424 2433
-9999 -9999 -9999 -9999 -9999 -9999 -9999 -9999 -9999 -9999 -9999 -9999 -9999 -9999 -9999 -9999 2437 2437 2437 2437 2437 2437 2437 2437 2437 2437 2437 2437 2434 2428 2432 2437 2437 2437 2435 2427 2399 2361 2347 2355 2351 2331 2328 2347 2363 2383 2397 2410 2426 2433 2433 2433 2434 2434 2435 2435 2433 2424 2399 2374 2353 2330 2319 2320 2321 2314 2329 2363 2395 2419 2432 2435 2434 2428 2413 2403 2407 2417 2430 2435
-9999 -9999 -9999 -9999 -9999 -9999 -9999 -9999 -9999 -9999 -9999 -9999 -9999 -9999 -9999 2437 2437 2437 2437 2437 2437 2437 2437 2437 2437 2437 2437 2435 2426 2403 2417 2431 2437 2437 2437 2432 2409 2364 2335 2334 2335 2341 2360 2371 2377 2378 2380 2393 2421 2429 2428 2426 2430 2430 2433 2434 2432 2425 2407 2389 2369 2336 2305 2293 2294 2301 2332 2368 2397 2416 2429 2434 2432 2420 2392 2376 2395 2422 2433 2435
-9999 -9999 -9999 -9999 -9999 -9999 -9999 -9999 -9999 -9999 -9999 -9999 -9999 -9999 2438 2438 2438 2438 2438 2438 2437 2437 2437 2437 2435 2432 2434 2431 2417 2390 2394 2421 2432 2437 2436 2431 2405 2360 2326 2319 2325 2337 2353 2356 2356 2351 2359 2388 2416 2420 2411 2414 2423 2422 2429 2433 2433 2428 2418 2402 2378 2344 2306 2278 2268 2286 2331 2365 2390 2404 2419 2430 2429 2412 2383 2372 2398 2426 2434 2435
-9999 -9999 -9999 -9999 -9999 -9999 -9999 -9999 -9999 -9999 -9999 -9999 -9999 2438 2438 2438 2438 2438 2438 2436 2430 2429 2430 2429 2425 2409 2416 2417 2388 2371 2370 2392 2420 2430 2430 2426 2388 2351 2323 2309 2314 2328 2342 2334 2327 2333 2358 2393 2411 2401 2383 2402 2414 2409 2423 2431 2431 2428 2421 2406 2383 2358 2323 2288 2261 2275 2309 2342 2363 2384 2408 2424 2423 2403 2375 2376 2405 2427 2434 2435
-9999 -9999 -9999 -9999 -9999 -9999 -9999 -9999 -9999 -9999 -9999 -9999 2438 2438 2438 2438 2438 2438 2437 2429 2395 2389 2391 2394 2396 2378 2388 2398 2368 2348 2343 2355 2387 2410 2404 2401 2382 2358 2340 2323 2320 2326 2329 2318 2310 2324 2351 2386 2399 2374 2363 2394 2401 2390 2413 2426 2427 2422 2418 2407 2391 2370 2332 2289 2256 2264 2285 2308 2343 2375 2403 2418 2415 2396 2366 2369 2398 2425 2433 2435
-9999 -9999 -9999 -9999 -9999 -9999 -9999 -9999 2438 -9999 -9999 2438 2438 2438 2438 2438 2438 2438 2438 2431 2396 2359 2355 2363 2377 2370 2372 2381 2356 2329 2325 2325 2344 2375 2363 2354 2358 2355 2340 2324 2317 2317 2314 2305 2298 2312 2336 2374 2376 2347 2346 2382 2385 2374 2401 2417 2419 2412 2408 2401 2386 2372 2339 2300 2261 2254 2268 2295 2337 2375 2399 2406 2399 2378 2354 2370 2405 2428 2434 2435
-9999 -9999 -9999 -9999 -9999 -9999 -9999 2438 2438 2438 2438 2438 2438 2438 2438 2438 2438 2438 2438 2432 2398 2355 2342 2342 2356 2356 2356 2360 2342 2317 2312 2309 2321 2345 2334 2317 2322 2325 2316 2311 2306 2302 2296 2287 2286 2303 2329 2360 2351 2324 2329 2360 2367 2358 2385 2404 2408 2402 2395 2387 2360 2344 2324 2290 2256 2236 2252 2285 2331 2372 2387 2386 2376 2344 2342 2372 2409 2430 2435 2435
-9999 -9999 -9999 -9999 -9999 -9999 2439 2439 2439 2439 2439 2439 2439 2439 2439 2439 2439 2438 2435 2423 2377 2345 2335 2329 2335 2338 2340 2342 2330 2305 2300 2300 2304 2319 2315 2298 2296 2303 2300 2298 2293 2285 2274 2265 2275 2297 2320 2341 2323 2307 2317 2332 2343 2345 2366 2380 2387 2390 2379 2372 2338 2304 2284 2269 2240 2226 2245 2276 2326 2362 2362 2358 2343 2313 2331 2368 2407 2430 2435 2435
-9999 -9999 -9999 -9999 -9999 2439 2439 2439 2439 2439 2439 2439 2439 2439 2439 2439 2439 2439 2431 2394 2351 2332 2325 2317 2314 2316 2324 2328 2319 2298 2288 2291 2290 2301 2301 2283 2275 2282 2286 2286 2280 2269 2252 2254 2274 2294 2311 2315 2299 2288 2298 2300 2316 2323 2337 2344 2355 2374 2358 2336 2308 2273 2256 2241 2223 2229 2251 2270 2292 2319 2321 2322 2303 2292 2325 2369 2407 2429 2434 2435
-9999 -9999 -9999 -9999 2439 2439 2439 2439 2439 2439 2439 2439 2439 2439 2439 2439 2439 2438 2428 2375 2331 2321 2318 2307 2299 2294 2307 2317 2310 2295 2281 2282 2281 2284 2293 2276 2258 2265 2275 2273 2267 2260 2240 2247 2268 2288 2302 2299 2280 2269 2276 2286 2300 2305 2306 2309 2311 2346 2335 2288 2270 2259 2247 2231 2212 2230 2245 2254 2266 2268 2263 2258 2262 2304 2343 2380 2411 2429 2434 2434
-9999 -9999 -9999 2439 2439 2439 2439 2439 2439 2439 2439 2439 2439 2439 2439 2439 2439 2435 2425 2363 2316 2308 2308 2299 2292 2286 2291 2304 2301 2292 2279 2272 2271 2270 2278 2269 2250 2253 2268 2263 2253 2250 2233 2244 2263 2280 2291 2284 2265 2253 2265 2282 2289 2291 2282 2281 2279 2310 2300 2267 2244 2239 2237 2227 2211 2224 2231 2240 2247 2241 2234 2241 2275 2324 2360 2390 2415 2429 2433 2434
-9999 -9999 2439 2439 2439 2439 2439 2439 2438 2439 2439 2436 2436 2439 2439 2439 2437 2426 2396 2357 2312 2297 2300 2293 2287 2281 2276 2288 2290 2283 2275 2266 2260 2253 2259 2259 2242 2239 2256 2260 2246 2233 2222 2235 2256 2270 2275 2269 2257 2247 2260 2272 2266 2274 2261 2251 2255 2279 2279 2250 2225 2219 2226 2219 2202 2209 2213 2225 2230 2221 2219 2242 2291 2333 2366 2393 2415 2426 2431 2432
-9999 2440 2440 2440 2440 2440 2439 2436 2433 2433 2434 2424 2427 2437 2440 2439 2433 2404 2365 2341 2312 2295 2292 2286 2281 2277 2268 2277 2279 2271 2265 2260 2248 2232 2238 2247 2234 2224 2241 2247 2236 2220 2215 2234 2246 2252 2256 2253 2247 2234 2244 2255 2249 2250 2245 2227 2240 2257 2258 2241 2215 2206 2215 2211 2189 2188 2195 2207 2212 2203 2213 2246 2294 2340 2372 2395 2411 2420 2427 2428
2440 2440 2440 2440 2440 2440 2438 2427 2412 2412 2425 2413 2417 2433 2434 2432 2425 2371 2337 2322 2303 2291 2286 2280 2271 2271 2262 2267 2270 2260 2252 2252 2246 2224 2229 2240 2229 2213 2223 2229 2211 2199 2202 2219 2226 2233 2238 2237 2233 2221 2226 2241 2237 2233 2235 2219 2226 2232 2235 2226 2208 2192 2197 2196 2182 2187 2192 2191 2189 2187 2206 2248 2298 2339 2368 2388 2401 2410 2420 2426
2440 2440 2440 2440 2440 2440 2437 2423 2401 2386 2395 2398 2404 2416 2403 2387 2354 2324 2303 2301 2288 2273 2271 2271 2263 2262 2256 2253 2258 2250 2241 2237 2237 2220 2222 2230 2218 2200 2202 2207 2187 2163 2183 2196 2211 2230 2237 2236 2226 2219 2216 2227 2223 2218 2219 2205 2200 2205 2213 2201 2189 2186 2195 2203 2202 2218 2220 2202 2199 2200 2210 2257 2305 2333 2353 2372 2380 2387 2400 2414
2440 2440 2440 2440 2440 2440 2438 2428 2406 2385 2374 2371 2369 2370 2349 2331 2312 2289 2275 2283 2279 2259 2250 2258 2253 2247 2245 2235 2238 2234 2225 2217 2215 2200 2204 2216 2201 2174 2173 2181 2189 2193 2217 2244 2277 2290 2302 2303 2301 2280 2253 2232 2210 2209 2206 2193 2182 2182 2188 2188 2192 2222 2243 2261 2260 2265 2280 2267 2241 2229 2215 2247 2288 2310 2327 2338 2343 2353 2375 2397
2441 2441 2441 2441 2441 2440 2435 2425 2400 2380 2361 2343 2335 2333 2318 2299 2286 2272 2261 2265 2269 2252 2236 2241 2239 2228 2229 2218 2216 2215 2204 2193 2182 2173 2177 2188 2177 2151 2178 2209 2237 2250 2279 2315 2340 2350 2356 2355 2359 2343 2327 2304 2281 2269 2251 2210 2183 2178 2188 2206 2215 2257 2299 2318 2318 2318 2336 2329 2312 2276 2249 2251 2260 2277 2288 2299 2311 2332 2361 2386
2441 2441 2441 2441 2440 2437 2423 2409 2390 2372 2354 2334 2318 2308 2293 2277 2266 2265 2258 2256 2254 2241 2229 2231 2233 2233 2225 2211 2202 2200 2201 2199 2198 2194 2188 2176 2166 2186 2223 2264 2292 2311 2331 2354 2373 2384 2390 2387 2387 2378 2367 2357 2342 2333 2311 2281 2232 2196 2208 2230 2248 2283 2338 2357 2361 2362 2368 2361 2349 2325 2309 2300 2283 2267 2266 2286 2315 2345 2369 2387
2441 2441 2441 2437 2435 2433 2412 2393 2378 2362 2346 2325 2308 2293 2278 2274 2282 2301 2313 2306 2286 2255 2254 2275 2296 2307 2286 2259 2235 2231 2230 2232 2234 2237 2226 2209 2206 2238 2269 2303 2341 2361 2367 2387 2402 2410 2415 2415 2413 2407 2398 2390 2378 2368 2350 2331 2289 2252 2241 2273 2301 2318 2354 2382 2388 2392 2391 2385 2375 2361 2350 2340 2327 2310 2291 2293 2316 2337 2353 2373
2441 2441 2437 2425 2414 2414 2402 2383 2365 2347 2331 2314 2299 2290 2283 2316 2347 2354 2357 2352 2344 2310 2306 2332 2353 2360 2348 2312 2287 2293 2278 2276 2286 2299 2285 2271 2267 2302 2327 2343 2373 2391 2400 2413 2423 2428 2432 2432 2432 2429 2422 2414 2404 2395 2379 2360 2340 2322 2308 2322 2357 2367 2384 2401 2407 2411 2409 2403 2395 2385 2375 2366 2355 2339 2319 2298 2291 2308 2325 2348
2442 2440 2433 2415 2397 2391 2390 2376 2354 2332 2311 2305 2315 2329 2340 2358 2376 2382 2384 2381 2375 2365 2363 2376 2384 2386 2375 2342 2344 2355 2346 2342 2344 2357 2352 2343 2336 2354 2369 2381 2404 2415 2425 2431 2435 2437 2438 2438 2438 2437 2434 2431 2425 2416 2403 2392 2380 2372 2366 2368 2388 2399 2408 2419 2423 2424 2422 2417 2409 2401 2392 2382 2371 2353 2332 2310 2262 2267 2294 2326
2442 2437 2422 2407 2393 2381 2375 2367 2348 2321 2304 2319 2353 2368 2373 2383 2395 2400 2403 2402 2403 2403 2402 2403 2407 2407 2400 2386 2387 2388 2385 2387 2387 2392 2390 2387 2387 2394 2400 2412 2426 2432 2437 2439 2439 2440 2440 2439 2439 2439 2439 2438 2436 2432 2425 2418 2410 2403 2399 2398 2410 2420 2426 2431 2432 2431 2430 2425 2417 2410 2401 2387 2373 2352 2323 2292 2217 2189 2238 2290
2440 2433 2418 2403 2389 2373 2359 2350 2339 2315 2312 2347 2374 2390 2394 2400 2409 2414 2418 2420 2422 2423 2424 2423 2424 2424 2421 2417 2416 2414 2414 2415 2415 2415 2415 2417 2418 2419 2423 2431 2436 2439 2440 2440 2440 2440 2440 2440 2440 2439 2439 2439 2439 2438 2437 2435 2431 2427 2425 2425 2429 2433 2435 2435 2435 2434 2432 2426 2415 2406 2394 2378 2362 2347 2315 2256 2170 2160 2211 2263
2435 2422 2409 2396 2385 2370 2349 2333 2325 2309 2321 2359 2387 2402 2410 2416 2423 2426 2430 2432 2433 2435 2436 2436 2436 2435 2435 2435 2433 2432 2431 2431 2431 2431 2431 2432 2433 2434 2435 2438 2440 2441 2440 2440 2440 2440 2440 2440 2440 2440 2440 2439 2439 2439 2439 2439 2438 2437 2436 2436 2437 2437 2437 2437 2436 2435 2433 2427 2416 2405 2385 2357 2330 2321 2309 2243 2168 2148 2201 2254
