Raw_GIS_Data/Gridded_temps/Temp_min/Monthly/PRISM_tmin_tutuila_30yr_normal_80mM1_12_asc.asc
ncols 381
nrows 202
xllcorner -170.851658
yllcorner -14.379175
cellsize 0.00083333333
NODATA_value -9999
[rows 108 to 143 of 202, columns 80 to 159 of 381]
2368 2370 2365 2348 2365 2385 2373 2358 2335 2307 2302 2313 2304 2292 2305 2315 2294 2281 2277 2273 2270 2260 2261 2264 2276 2290 2293 2311 2327 2342 2368 2387 2363 2336 2318 2328 2355 2377 2405 2427 2417 2400 2386 2370 2349 2328 2312 2301 2290 2277 2262 2245 2230 2218 2222 2261 2302 2336 2367 2386 2381 2354 2329 2339 2352 2348 2349 2357 2351 2338 2317 2280 2251 2246 2244 2231 2213 2206 2231 2257
2346 2336 2338 2324 2342 2358 2354 2347 2329 2302 2289 2293 2295 2285 2289 2303 2295 2275 2254 2243 2242 2251 2273 2292 2300 2308 2311 2320 2338 2358 2377 2371 2354 2338 2318 2323 2351 2382 2411 2427 2413 2389 2363 2349 2341 2332 2321 2312 2302 2289 2270 2244 2232 2224 2227 2264 2305 2340 2375 2395 2397 2368 2350 2364 2374 2367 2374 2376 2358 2322 2292 2269 2263 2257 2243 2230 2220 2223 2249 2272
2338 2313 2307 2302 2322 2330 2323 2318 2316 2299 2281 2276 2280 2276 2272 2286 2284 2269 2244 2223 2236 2262 2289 2308 2320 2326 2332 2337 2348 2363 2373 2354 2338 2319 2305 2319 2358 2395 2416 2412 2396 2391 2363 2337 2325 2318 2312 2303 2293 2282 2266 2250 2237 2227 2225 2263 2305 2343 2385 2403 2406 2388 2374 2393 2395 2393 2395 2387 2363 2335 2311 2281 2281 2264 2243 2245 2248 2237 2255 2280
2338 2300 2276 2274 2290 2295 2293 2292 2296 2289 2275 2261 2260 2264 2256 2269 2272 2262 2247 2231 2248 2272 2291 2307 2321 2333 2347 2355 2354 2352 2349 2339 2325 2308 2301 2327 2359 2387 2410 2398 2374 2378 2365 2347 2323 2308 2300 2288 2276 2267 2256 2242 2228 2221 2232 2281 2317 2349 2383 2405 2414 2407 2400 2413 2412 2407 2397 2380 2362 2337 2306 2285 2293 2269 2250 2262 2276 2269 2268 2286
2320 2290 2259 2250 2260 2266 2268 2272 2274 2265 2257 2245 2238 2242 2242 2257 2259 2246 2237 2229 2237 2261 2289 2310 2323 2335 2346 2350 2341 2331 2326 2325 2309 2297 2311 2351 2379 2397 2407 2392 2360 2354 2343 2336 2325 2316 2304 2290 2277 2263 2249 2233 2220 2222 2274 2306 2332 2359 2386 2407 2420 2420 2419 2423 2418 2407 2383 2355 2337 2323 2319 2316 2299 2262 2269 2278 2294 2302 2284 2289
2315 2282 2252 2238 2236 2239 2245 2250 2250 2239 2237 2235 2227 2223 2230 2247 2247 2234 2224 2224 2234 2257 2284 2303 2313 2322 2334 2342 2335 2320 2307 2304 2293 2294 2326 2360 2385 2394 2380 2359 2336 2330 2321 2314 2310 2307 2299 2287 2276 2264 2249 2231 2221 2246 2290 2319 2347 2373 2396 2413 2425 2428 2428 2426 2413 2390 2360 2344 2343 2348 2348 2328 2288 2264 2283 2292 2300 2321 2313 2297
2328 2290 2262 2245 2231 2223 2227 2229 2229 2226 2226 2224 2216 2209 2217 2231 2232 2228 2224 2226 2234 2250 2268 2288 2302 2310 2320 2333 2333 2318 2294 2279 2284 2301 2325 2346 2371 2386 2367 2343 2325 2317 2309 2301 2294 2292 2289 2281 2271 2262 2250 2233 2223 2253 2301 2328 2352 2379 2403 2419 2429 2432 2432 2426 2406 2370 2336 2340 2363 2370 2352 2316 2286 2284 2298 2310 2305 2330 2352 2327
2330 2295 2269 2254 2242 2230 2225 2223 2227 2227 2222 2215 2207 2204 2212 2221 2225 2227 2228 2229 2234 2246 2262 2278 2290 2303 2318 2328 2325 2310 2286 2274 2296 2317 2332 2347 2368 2381 2372 2355 2340 2329 2318 2310 2299 2289 2280 2271 2260 2253 2243 2234 2233 2288 2334 2361 2376 2392 2417 2429 2435 2436 2434 2426 2406 2380 2349 2354 2379 2378 2355 2321 2302 2309 2311 2323 2318 2339 2364 2361
2307 2289 2272 2263 2256 2245 2235 2230 2228 2225 2217 2209 2205 2208 2218 2224 2227 2230 2231 2232 2237 2245 2261 2284 2304 2316 2321 2316 2303 2289 2273 2284 2313 2332 2345 2358 2364 2366 2361 2356 2352 2340 2329 2322 2313 2301 2287 2276 2265 2253 2239 2237 2265 2321 2353 2376 2400 2410 2426 2435 2438 2438 2437 2431 2417 2390 2361 2371 2394 2383 2361 2335 2320 2338 2331 2338 2335 2354 2377 2383
2271 2275 2271 2267 2262 2253 2242 2233 2225 2220 2214 2207 2206 2213 2222 2228 2231 2233 2235 2238 2243 2252 2268 2294 2305 2304 2300 2289 2274 2269 2278 2302 2324 2338 2344 2350 2343 2344 2338 2337 2348 2343 2330 2317 2307 2299 2291 2277 2262 2244 2239 2254 2296 2343 2375 2403 2417 2425 2433 2438 2439 2439 2438 2435 2424 2400 2377 2386 2405 2401 2389 2359 2351 2367 2360 2352 2344 2365 2390 2400
2251 2260 2264 2262 2260 2252 2240 2230 2220 2215 2210 2206 2207 2213 2221 2228 2232 2234 2237 2241 2249 2265 2283 2291 2284 2270 2258 2248 2245 2263 2296 2315 2319 2323 2323 2334 2325 2326 2321 2324 2335 2339 2332 2317 2299 2286 2274 2262 2249 2237 2251 2270 2305 2345 2386 2413 2426 2433 2437 2439 2440 2440 2440 2437 2430 2414 2390 2389 2411 2427 2416 2383 2380 2394 2388 2361 2352 2366 2399 2421
2238 2247 2252 2250 2250 2246 2237 2230 2221 2212 2208 2206 2208 2212 2219 2226 2230 2233 2235 2238 2242 2253 2267 2267 2255 2239 2233 2234 2247 2279 2296 2299 2298 2303 2304 2316 2312 2307 2306 2312 2319 2326 2323 2310 2294 2281 2271 2259 2248 2248 2273 2305 2320 2350 2391 2418 2431 2436 2439 2440 2441 2441 2439 2434 2425 2403 2377 2372 2396 2429 2432 2410 2404 2417 2400 2364 2373 2377 2406 2437
2230 2234 2235 2234 2241 2245 2240 2233 2222 2213 2209 2208 2210 2214 2219 2224 2227 2228 2228 2228 2229 2233 2235 2233 2229 2225 2226 2233 2249 2267 2270 2269 2268 2276 2284 2299 2296 2289 2295 2305 2310 2313 2312 2306 2298 2290 2280 2262 2249 2259 2294 2323 2344 2375 2402 2425 2435 2439 2440 2441 2442 2441 2437 2425 2407 2369 2338 2333 2364 2415 2440 2438 2431 2427 2396 2371 2393 2396 2418 2446
2222 2222 2222 2225 2236 2242 2236 2228 2220 2216 2213 2211 2212 2214 2217 2219 2219 2220 2219 2219 2220 2222 2221 2221 2222 2223 2226 2231 2236 2238 2237 2238 2240 2248 2270 2285 2282 2281 2291 2304 2307 2309 2309 2303 2294 2282 2273 2263 2258 2266 2295 2321 2358 2409 2423 2433 2438 2440 2441 2442 2441 2440 2432 2410 2366 2352 2304 2286 2320 2380 2432 2446 2446 2432 2401 2397 2411 2418 2429 2452
2217 2216 2218 2224 2233 2238 2235 2230 2227 2224 2219 2214 2212 2212 2212 2212 2212 2211 2211 2211 2212 2214 2215 2217 2220 2221 2224 2226 2226 2226 2228 2231 2234 2240 2251 2265 2280 2288 2300 2312 2309 2309 2309 2303 2291 2277 2271 2272 2272 2273 2299 2326 2364 2406 2427 2436 2439 2440 2441 2442 2441 2437 2426 2408 2361 2306 2276 2255 2299 2367 2412 2444 2451 2442 2422 2421 2432 2439 2440 2456
2220 2218 2219 2223 2230 2239 2241 2237 2232 2226 2219 2214 2212 2210 2208 2207 2206 2205 2204 2204 2205 2207 2210 2214 2216 2218 2219 2221 2222 2224 2229 2234 2240 2246 2250 2266 2290 2303 2314 2322 2322 2321 2316 2305 2292 2282 2282 2286 2277 2267 2295 2329 2380 2414 2431 2437 2439 2440 2441 2442 2439 2428 2399 2377 2344 2291 2285 2302 2327 2374 2424 2449 2456 2453 2447 2441 2447 2454 2456 2462
2236 2232 2233 2233 2241 2249 2247 2235 2228 2223 2218 2214 2212 2209 2206 2204 2202 2200 2198 2198 2199 2200 2203 2207 2210 2213 2214 2217 2221 2227 2234 2239 2248 2260 2270 2284 2301 2314 2327 2334 2334 2332 2320 2303 2295 2295 2294 2291 2276 2268 2306 2335 2383 2412 2430 2438 2440 2441 2442 2441 2434 2407 2363 2346 2313 2303 2320 2353 2379 2401 2432 2451 2457 2457 2456 2455 2457 2461 2462 2464
2258 2254 2254 2249 2266 2271 2256 2238 2230 2228 2223 2216 2213 2209 2205 2202 2199 2196 2194 2193 2193 2194 2195 2197 2201 2205 2208 2213 2224 2242 2257 2260 2261 2261 2276 2293 2306 2318 2334 2342 2343 2342 2334 2315 2306 2306 2298 2285 2277 2279 2302 2323 2354 2390 2425 2437 2440 2441 2442 2439 2428 2391 2375 2359 2344 2342 2342 2375 2418 2438 2449 2456 2458 2459 2459 2460 2461 2463 2464 2464
2283 2279 2278 2272 2288 2293 2276 2259 2248 2244 2232 2220 2214 2211 2206 2202 2198 2194 2190 2189 2187 2187 2186 2184 2184 2188 2196 2210 2230 2258 2281 2291 2292 2288 2284 2281 2296 2313 2335 2346 2348 2347 2340 2328 2318 2309 2297 2289 2290 2300 2326 2348 2369 2403 2429 2437 2440 2441 2441 2438 2430 2417 2407 2385 2373 2369 2352 2373 2406 2437 2452 2457 2458 2459 2460 2461 2463 2464 2464 2465
2296 2299 2300 2293 2302 2311 2299 2279 2268 2256 2239 2227 2218 2212 2208 2204 2199 2192 2186 2185 2185 2183 2180 2176 2169 2172 2191 2219 2241 2256 2279 2298 2305 2307 2306 2302 2315 2331 2342 2350 2351 2347 2332 2317 2308 2297 2296 2298 2307 2321 2343 2370 2389 2416 2433 2438 2440 2441 2442 2441 2438 2436 2429 2408 2405 2399 2376 2380 2395 2442 2454 2458 2459 2460 2460 2461 2463 2464 2464 2465
2299 2311 2319 2307 2311 2322 2307 2284 2281 2267 2251 2234 2221 2215 2213 2209 2202 2192 2184 2184 2191 2186 2181 2176 2170 2182 2213 2250 2264 2264 2273 2294 2306 2312 2317 2322 2330 2339 2347 2352 2354 2349 2329 2311 2303 2300 2307 2311 2327 2350 2361 2384 2407 2424 2435 2438 2440 2441 2442 2442 2442 2442 2437 2429 2431 2428 2414 2414 2422 2447 2456 2458 2459 2460 2460 2461 2463 2464 2464 2465
2298 2310 2332 2330 2329 2333 2319 2302 2298 2278 2256 2237 2225 2223 2222 2220 2210 2200 2192 2183 2185 2186 2187 2183 2179 2202 2236 2270 2280 2279 2278 2291 2303 2311 2319 2327 2335 2342 2349 2354 2356 2349 2326 2317 2319 2315 2318 2319 2350 2373 2385 2398 2420 2431 2437 2439 2440 2441 2442 2443 2444 2444 2444 2443 2444 2444 2442 2442 2445 2453 2457 2458 2459 2459 2460 2461 2463 2464 2464 2465
2315 2322 2341 2348 2348 2345 2333 2322 2310 2288 2268 2250 2238 2237 2239 2238 2228 2221 2215 2203 2192 2194 2202 2197 2199 2221 2257 2278 2286 2285 2284 2293 2302 2309 2318 2327 2335 2342 2349 2355 2357 2351 2333 2328 2333 2331 2328 2331 2361 2389 2407 2417 2428 2435 2438 2439 2440 2442 2443 2443 2444 2445 2446 2448 2448 2449 2450 2451 2453 2456 2457 2458 2459 2460 2461 2461 2463 2464 2464 2464
2339 2344 2355 2360 2353 2336 2315 2308 2305 2295 2278 2262 2252 2251 2254 2254 2247 2246 2241 2235 2220 2216 2219 2216 2227 2248 2270 2281 2282 2278 2281 2295 2305 2310 2318 2329 2338 2345 2351 2357 2359 2358 2351 2344 2346 2345 2334 2334 2358 2386 2414 2428 2434 2437 2439 2440 2441 2442 2443 2444 2445 2446 2447 2448 2449 2450 2452 2453 2455 2456 2456 2457 2459 2460 2460 2462 2462 2463 2463 2464
2349 2360 2364 2357 2337 2317 2301 2296 2291 2285 2278 2269 2261 2261 2266 2266 2264 2269 2267 2258 2239 2230 2234 2238 2245 2261 2275 2277 2267 2256 2271 2295 2307 2313 2321 2332 2342 2349 2355 2360 2362 2363 2362 2356 2358 2356 2343 2351 2375 2399 2419 2432 2437 2438 2440 2441 2442 2443 2443 2444 2445 2447 2448 2448 2449 2451 2452 2453 2455 2455 2456 2458 2459 2460 2460 2461 2461 2462 2463 2463
2349 2363 2364 2346 2319 2302 2299 2295 2285 2282 2282 2276 2269 2271 2275 2277 2277 2286 2280 2262 2249 2242 2247 2260 2260 2259 2268 2271 2259 2256 2278 2300 2311 2319 2327 2335 2344 2352 2359 2363 2364 2366 2367 2367 2377 2377 2370 2372 2400 2420 2429 2435 2437 2439 2440 2441 2442 2443 2444 2445 2447 2448 2449 2450 2450 2451 2453 2454 2455 2455 2456 2458 2460 2460 2460 2460 2460 2461 2462 2463
2350 2365 2367 2349 2325 2307 2306 2300 2285 2285 2290 2283 2278 2281 2283 2288 2290 2298 2284 2269 2265 2260 2261 2280 2281 2262 2260 2265 2264 2268 2290 2308 2318 2326 2333 2338 2345 2353 2360 2364 2366 2368 2370 2376 2394 2399 2398 2396 2413 2426 2433 2436 2438 2439 2440 2442 2443 2444 2445 2447 2448 2449 2450 2451 2452 2452 2454 2455 2456 2456 2457 2458 2460 2460 2460 2460 2460 2461 2462 2463
2355 2370 2374 2356 2338 2327 2320 2309 2289 2291 2300 2294 2287 2288 2290 2302 2305 2311 2294 2285 2283 2275 2275 2297 2303 2279 2267 2270 2275 2288 2308 2319 2325 2333 2340 2345 2350 2356 2361 2365 2367 2369 2372 2381 2399 2407 2411 2413 2421 2428 2433 2436 2438 2439 2441 2442 2444 2445 2446 2447 2449 2450 2451 2452 2453 2453 2454 2456 2456 2457 2457 2458 2459 2459 2459 2460 2460 2461 2462 2463
2365 2381 2391 2371 2360 2352 2340 2327 2305 2304 2310 2304 2294 2294 2299 2322 2333 2328 2316 2314 2302 2289 2297 2320 2321 2295 2284 2288 2295 2310 2327 2335 2339 2344 2348 2352 2355 2359 2363 2365 2368 2371 2375 2387 2401 2409 2413 2418 2423 2428 2432 2436 2438 2440 2441 2443 2444 2446 2447 2448 2449 2450 2451 2452 2453 2454 2455 2456 2457 2457 2457 2458 2458 2459 2459 2460 2460 2461 2462 2463
2380 2394 2410 2394 2383 2372 2357 2335 2316 2313 2316 2311 2301 2304 2313 2348 2359 2348 2348 2342 2322 2318 2333 2345 2328 2296 2288 2299 2310 2325 2338 2346 2351 2355 2357 2359 2361 2363 2365 2366 2369 2373 2380 2393 2402 2408 2414 2419 2424 2429 2433 2437 2439 2440 2442 2443 2444 2446 2447 2448 2449 2450 2451 2452 2453 2454 2455 2456 2457 2457 2457 2458 2458 2459 2459 2460 2460 2461 2462 2463
2393 2404 2416 2414 2404 2383 2357 2335 2320 2316 2317 2315 2308 2316 2337 2362 2370 2361 2367 2361 2354 2353 2357 2353 2330 2295 2283 2298 2316 2333 2345 2353 2357 2361 2363 2364 2365 2367 2369 2370 2372 2376 2383 2394 2402 2408 2414 2420 2425 2430 2434 2437 2439 2440 2441 2443 2444 2445 2447 2448 2449 2450 2451 2452 2453 2453 2454 2455 2456 2457 2457 2457 2458 2459 2460 2460 2461 2461 2462 2463
2402 2411 2421 2422 2412 2382 2355 2335 2321 2318 2320 2322 2317 2325 2350 2371 2381 2379 2381 2377 2372 2369 2368 2358 2337 2303 2279 2287 2310 2332 2347 2355 2361 2365 2367 2369 2370 2372 2374 2376 2378 2382 2389 2397 2404 2410 2416 2421 2426 2430 2435 2438 2439 2440 2441 2442 2443 2445 2446 2447 2449 2450 2451 2452 2453 2453 2453 2454 2455 2456 2457 2457 2458 2459 2460 2460 2461 2461 2462 2463
2409 2418 2426 2426 2415 2391 2365 2336 2323 2325 2328 2330 2326 2328 2347 2368 2384 2389 2391 2387 2382 2378 2374 2365 2349 2318 2296 2294 2304 2322 2341 2354 2363 2368 2371 2373 2375 2377 2378 2379 2383 2388 2395 2402 2408 2414 2419 2423 2427 2432 2436 2438 2439 2440 2441 2442 2444 2445 2446 2447 2449 2450 2451 2452 2453 2453 2453 2454 2455 2456 2457 2457 2458 2459 2459 2460 2460 2461 2462 2463
2403 2417 2428 2429 2418 2392 2367 2346 2339 2339 2333 2325 2321 2325 2338 2358 2380 2392 2397 2395 2389 2385 2381 2372 2354 2329 2317 2308 2308 2317 2330 2348 2364 2371 2374 2377 2379 2380 2381 2382 2386 2392 2398 2405 2411 2416 2421 2425 2430 2434 2437 2438 2440 2441 2442 2443 2445 2446 2447 2448 2449 2450 2451 2452 2453 2453 2454 2455 2455 2455 2456 2457 2457 2458 2459 2460 2460 2461 2462 2463
2380 2407 2426 2431 2424 2402 2381 2358 2350 2349 2342 2334 2331 2334 2335 2349 2373 2390 2399 2401 2397 2393 2387 2373 2348 2332 2329 2322 2320 2326 2334 2353 2367 2373 2376 2379 2381 2383 2384 2386 2390 2395 2401 2407 2413 2418 2423 2427 2431 2435 2437 2438 2440 2441 2442 2444 2445 2446 2447 2448 2449 2451 2452 2452 2453 2454 2455 2455 2455 2455 2456 2457 2457 2458 2459 2460 2460 2460 2461 2463
2377 2403 2425 2433 2431 2419 2396 2368 2356 2356 2353 2352 2355 2357 2351 2348 2371 2389 2400 2406 2405 2399 2387 2362 2341 2334 2337 2333 2330 2335 2342 2354 2367 2375 2378 2380 2383 2385 2388 2390 2393 2398 2403 2409 2415 2420 2424 2428 2432 2434 2436 2438 2440 2442 2443 2445 2446 2447 2448 2449 2450 2451 2452 2453 2454 2455 2455 2455 2455 2456 2456 2457 2457 2458 2459 2460 2460 2460 2461 2463
