Raw_GIS_Data/Gridded_temps/Temp_min/Monthly/PRISM_tmin_tutuila_30yr_normal_80mM1_03_asc.asc
ncols 381
nrows 202
xllcorner -170.851658
yllcorner -14.379175
cellsize 0.00083333333
NODATA_value -9999
[rows 144 to 179 of 202, columns 80 to 159 of 381]
2500 2523 2542 2548 2547 2539 2519 2485 2470 2472 2477 2480 2491 2493 2482 2467 2486 2505 2514 2518 2515 2508 2493 2466 2440 2434 2438 2437 2432 2432 2432 2435 2447 2455 2457 2457 2456 2456 2456 2456 2457 2458 2460 2463 2466 2467 2469 2470 2471 2471 2471 2470 2470 2470 2470 2470 2470 2470 2469 2469 2470 2470 2470 2470 2471 2471 2471 2471 2471 2471 2471 2471 2472 2473 2474 2474 2475 2476 2476 2477
2526 2536 2546 2549 2549 2542 2523 2487 2471 2476 2485 2493 2506 2508 2492 2479 2498 2514 2520 2522 2520 2513 2496 2467 2442 2436 2441 2444 2442 2441 2438 2435 2448 2459 2462 2461 2460 2459 2459 2459 2460 2461 2462 2465 2467 2469 2470 2471 2471 2471 2471 2470 2469 2469 2469 2469 2469 2470 2469 2470 2470 2470 2471 2471 2472 2472 2472 2472 2472 2472 2472 2472 2473 2474 2474 2475 2476 2476 2476 2477
2543 2547 2549 2550 2548 2539 2514 2484 2476 2482 2493 2507 2518 2519 2509 2501 2511 2520 2524 2524 2522 2515 2499 2473 2452 2439 2441 2447 2448 2446 2441 2436 2449 2461 2465 2465 2464 2464 2463 2463 2463 2463 2464 2465 2468 2469 2470 2471 2471 2471 2470 2469 2469 2468 2468 2468 2469 2469 2469 2470 2470 2470 2471 2472 2473 2473 2473 2473 2472 2472 2472 2473 2473 2474 2474 2475 2476 2476 2477 2477
2550 2551 2551 2549 2543 2523 2497 2482 2481 2487 2499 2513 2523 2525 2522 2518 2520 2524 2525 2525 2524 2520 2510 2492 2470 2443 2440 2445 2450 2449 2442 2435 2444 2459 2467 2469 2468 2467 2466 2466 2465 2465 2465 2466 2468 2470 2471 2471 2471 2471 2470 2469 2469 2468 2468 2468 2468 2469 2469 2470 2470 2471 2471 2472 2473 2473 2473 2473 2473 2473 2473 2473 2473 2474 2474 2475 2476 2476 2477 2477
2552 2552 2551 2547 2534 2504 2489 2481 2481 2486 2495 2510 2523 2527 2526 2524 2525 2526 2527 2526 2525 2523 2515 2499 2474 2449 2440 2442 2449 2451 2444 2435 2439 2454 2467 2471 2470 2469 2469 2468 2467 2467 2467 2468 2469 2470 2471 2471 2470 2470 2469 2469 2469 2469 2469 2469 2469 2469 2469 2470 2471 2471 2471 2472 2472 2472 2472 2473 2473 2473 2473 2473 2474 2474 2474 2475 2476 2476 2477 2477
2552 2552 2551 2548 2536 2509 2493 2485 2485 2486 2489 2502 2520 2525 2527 2527 2527 2527 2527 2527 2526 2522 2511 2490 2472 2454 2444 2440 2445 2451 2449 2442 2445 2455 2468 2472 2472 2472 2471 2470 2470 2470 2469 2469 2470 2470 2470 2470 2470 2469 2469 2469 2469 2469 2469 2469 2469 2470 2470 2470 2471 2471 2471 2472 2472 2472 2472 2473 2474 2474 2474 2474 2474 2475 2475 2476 2476 2477 2477 2477
2552 2552 2551 2548 2539 2514 2500 2492 2496 2499 2497 2503 2516 2523 2526 2528 2528 2528 2528 2527 2526 2522 2508 2485 2468 2456 2448 2439 2442 2451 2453 2450 2451 2459 2469 2473 2474 2473 2472 2472 2472 2471 2470 2470 2470 2470 2470 2469 2469 2469 2469 2470 2470 2470 2470 2470 2470 2470 2470 2471 2471 2471 2472 2472 2472 2472 2472 2473 2474 2475 2475 2475 2475 2475 2476 2476 2477 2477 2477 2477
2552 2551 2550 2548 2541 2521 2510 2504 2514 2520 2515 2512 2513 2520 2526 2529 2529 2528 2528 2527 2526 2520 2503 2476 2465 2458 2451 2444 2446 2454 2456 2452 2450 2456 2464 2472 2475 2474 2473 2473 2473 2472 2471 2470 2470 2470 2469 2469 2469 2469 2469 2470 2470 2470 2471 2471 2471 2471 2471 2471 2471 2471 2472 2472 2472 2472 2473 2474 2475 2476 2476 2475 2475 2476 2476 2477 2477 2477 2478 2479
2551 2550 2549 2548 2543 2530 2521 2518 2526 2529 2527 2525 2523 2526 2529 2529 2529 2528 2528 2527 2525 2515 2493 2477 2470 2462 2453 2450 2452 2457 2460 2455 2450 2453 2460 2470 2475 2475 2474 2473 2473 2472 2471 2470 2470 2470 2470 2469 2469 2470 2470 2471 2471 2472 2472 2472 2472 2472 2472 2472 2472 2472 2472 2472 2472 2473 2473 2474 2475 2476 2476 2476 2476 2477 2477 2478 2478 2479 2480 2480
2550 2549 2547 2547 2545 2538 2530 2528 2531 2532 2531 2530 2529 2529 2529 2528 2528 2528 2528 2527 2524 2513 2492 2485 2480 2467 2457 2457 2458 2460 2462 2460 2456 2456 2458 2466 2472 2474 2474 2473 2472 2472 2471 2470 2470 2470 2470 2470 2470 2471 2471 2472 2472 2473 2473 2473 2473 2473 2473 2472 2472 2472 2472 2472 2472 2473 2473 2474 2475 2476 2476 2477 2477 2477 2478 2479 2480 2481 2481 2482
2550 2548 2546 2545 2543 2538 2533 2532 2533 2532 2531 2530 2529 2529 2528 2527 2526 2527 2527 2526 2524 2519 2511 2507 2497 2477 2464 2463 2461 2460 2462 2462 2461 2460 2460 2465 2470 2472 2473 2472 2472 2472 2471 2470 2470 2471 2471 2470 2471 2471 2472 2473 2474 2474 2474 2474 2474 2473 2473 2473 2473 2473 2472 2472 2473 2473 2473 2474 2475 2476 2476 2477 2477 2478 2479 2480 2481 2482 2483 2482
2550 2547 2544 2542 2539 2536 2534 2534 2533 2532 2531 2530 2529 2528 2527 2526 2526 2526 2526 2525 2524 2522 2520 2517 2510 2493 2476 2469 2462 2455 2456 2459 2460 2461 2462 2465 2469 2471 2472 2472 2472 2472 2471 2471 2470 2471 2471 2471 2471 2472 2473 2474 2475 2475 2475 2475 2474 2474 2474 2474 2473 2473 2472 2472 2473 2473 2473 2474 2475 2476 2476 2477 2477 2478 2479 2481 2482 2483 2483 2483
2549 2545 2542 2540 2538 2535 2535 2534 2533 2532 2532 2531 2530 2528 2527 2526 2526 2525 2525 2524 2524 2523 2521 2519 2514 2504 2489 2475 2459 2444 2446 2452 2457 2460 2463 2466 2469 2470 2471 2472 2472 2472 2471 2470 2470 2471 2471 2471 2471 2472 2473 2474 2476 2476 2476 2475 2475 2474 2474 2474 2474 2473 2473 2473 2473 2473 2474 2474 2475 2475 2476 2477 2477 2478 2480 2481 2483 2483 2483 2483
2548 2544 2541 2539 2537 2536 2535 2535 2534 2533 2532 2531 2530 2529 2528 2527 2526 2525 2524 2523 2523 2522 2521 2519 2516 2509 2494 2475 2455 2442 2448 2457 2460 2462 2461 2465 2468 2470 2471 2471 2472 2472 2471 2470 2470 2471 2471 2472 2472 2473 2474 2475 2476 2477 2476 2476 2475 2475 2475 2474 2474 2473 2473 2473 2473 2473 2474 2474 2475 2476 2476 2477 2478 2479 2480 2481 2483 2483 2483 2483
2546 2544 2541 2539 2538 2537 2536 2536 2535 2534 2533 2532 2531 2529 2528 2527 2526 2525 2524 2523 2522 2521 2520 2519 2517 2511 2497 2475 2456 2445 2461 2479 2483 2475 2463 2463 2467 2470 2471 2471 2471 2472 2472 2471 2471 2472 2472 2472 2473 2474 2475 2476 2477 2477 2477 2476 2476 2476 2475 2474 2474 2474 2473 2473 2473 2473 2473 2474 2475 2476 2477 2478 2478 2479 2480 2481 2482 2483 2483 2483
2545 2543 2542 2540 2539 2538 2538 2538 2537 2536 2534 2533 2531 2529 2528 2527 2526 2525 2524 2523 2522 2520 2519 2519 2517 2512 2504 2489 2466 2448 2464 2487 2494 2488 2467 2464 2467 2470 2471 2471 2472 2473 2473 2473 2473 2473 2473 2473 2474 2475 2476 2477 2478 2478 2478 2477 2477 2476 2475 2475 2475 2474 2474 2473 2473 2472 2473 2474 2475 2477 2478 2478 2479 2479 2480 2481 2483 2483 2483 2483
2544 2543 2542 2542 2541 2540 2540 2539 2538 2537 2535 2533 2531 2529 2528 2527 2526 2525 2524 2523 2521 2520 2518 2518 2516 2513 2508 2500 2484 2463 2465 2483 2491 2484 2466 2463 2467 2470 2472 2473 2474 2475 2475 2476 2476 2476 2475 2475 2476 2477 2477 2479 2479 2479 2478 2478 2477 2477 2476 2475 2475 2475 2474 2474 2473 2473 2473 2474 2476 2478 2479 2479 2479 2480 2481 2482 2483 2484 2484 2484
2544 2543 2543 2543 2542 2542 2541 2541 2539 2537 2535 2534 2532 2530 2528 2527 2526 2526 2525 2523 2521 2519 2517 2516 2514 2512 2509 2504 2494 2482 2469 2467 2477 2473 2465 2466 2469 2472 2474 2475 2477 2477 2478 2478 2478 2477 2477 2477 2478 2478 2478 2479 2479 2478 2478 2478 2478 2477 2477 2476 2476 2476 2475 2475 2475 2474 2475 2476 2477 2478 2479 2480 2480 2481 2482 2483 2484 2484 2484 2484
2544 2543 2544 2544 2543 2543 2542 2541 2539 2538 2536 2534 2533 2531 2529 2528 2527 2527 2525 2523 2521 2519 2517 2515 2513 2510 2507 2503 2498 2491 2483 2476 2475 2473 2471 2472 2472 2474 2475 2477 2479 2480 2480 2480 2479 2478 2478 2478 2478 2478 2478 2478 2478 2478 2478 2478 2478 2478 2477 2477 2477 2477 2477 2477 2477 2477 2477 2478 2479 2480 2481 2482 2482 2483 2484 2485 2485 2484 2484 2484
2545 2544 2544 2544 2544 2544 2543 2542 2539 2538 2536 2535 2534 2532 2530 2529 2528 2527 2525 2523 2521 2519 2517 2515 2512 2509 2506 2502 2497 2492 2487 2482 2478 2477 2477 2476 2476 2476 2477 2479 2480 2481 2481 2481 2480 2479 2479 2479 2478 2478 2477 2478 2478 2478 2479 2479 2479 2479 2478 2478 2478 2478 2479 2479 2479 2479 2479 2480 2481 2483 2483 2484 2484 2485 2485 2485 2485 2485 2485 2484
2546 2545 2545 2545 2544 2544 2543 2542 2540 2538 2537 2536 2535 2533 2531 2530 2529 2527 2525 2523 2521 2519 2516 2514 2512 2509 2505 2501 2496 2491 2487 2483 2481 2481 2480 2479 2478 2478 2479 2480 2481 2482 2482 2482 2481 2480 2480 2479 2478 2478 2477 2478 2479 2479 2480 2480 2480 2480 2479 2479 2479 2480 2480 2481 2480 2480 2480 2482 2484 2486 2486 2486 2486 2486 2486 2486 2485 2485 2485 2485
2547 2546 2546 2545 2545 2544 2543 2542 2540 2540 2539 2537 2536 2534 2532 2531 2529 2528 2526 2523 2521 2519 2516 2514 2511 2508 2504 2501 2497 2492 2488 2484 2483 2482 2481 2480 2480 2480 2481 2482 2482 2482 2482 2482 2482 2481 2480 2480 2479 2479 2478 2479 2480 2481 2481 2481 2481 2481 2480 2480 2480 2481 2482 2482 2482 2481 2482 2483 2486 2488 2488 2487 2487 2486 2486 2486 2486 2486 2485 -9999
2549 2548 2546 2545 2545 2544 2543 2542 2541 2540 2539 2537 2536 2535 2534 2532 2531 2528 2526 2523 2521 2519 2516 2513 2510 2507 2504 2501 2497 2492 2488 2485 2483 2481 2480 2480 2480 2480 2480 2481 2482 2482 2482 2482 2482 2481 2481 2481 2480 2480 2480 2480 2481 2482 2482 2483 2483 2482 2482 2481 2481 2482 2482 2482 2482 2482 2483 2485 2488 2489 2488 2488 2487 2487 2487 2486 2486 2486 -9999 -9999
2551 2549 2547 2546 2545 2544 2543 2542 2542 2541 2539 2538 2536 2536 2535 2534 2531 2529 2526 2523 2521 2519 2516 2514 2511 2508 2504 2500 2496 2491 2489 2486 2484 2480 2477 2477 2478 2477 2478 2479 2480 2481 2481 2482 2482 2481 2481 2481 2481 2481 2481 2481 2482 2483 2484 2485 2484 2484 2483 2482 2482 2483 2483 2483 2484 2484 2486 2488 2489 2489 2489 2488 2488 2487 2487 2487 2487 -9999 -9999 -9999
2552 2550 2548 2546 2545 2544 2543 2542 2542 2541 2540 2539 2538 2537 2535 2534 2532 2529 2527 2524 2521 2520 2518 2516 2513 2509 2504 2500 2495 2493 2492 2491 2487 2479 2474 2473 2472 2472 2471 2474 2476 2477 2478 2479 2480 2480 2480 2481 2482 2482 2482 2482 2482 2483 2485 2486 2486 2485 2485 2484 2484 2484 2484 2485 2486 2488 2489 2490 2490 2490 2489 2489 2488 2488 2488 2487 -9999 -9999 -9999 -9999
2552 2550 2548 2546 2545 2544 2542 2542 2542 2542 2541 2540 2539 2538 2536 2534 2532 2529 2527 2524 2522 2521 2519 2516 2513 2509 2504 2499 2496 2496 2497 2496 2490 2480 2472 2469 2466 2464 2462 2463 2466 2468 2470 2473 2475 2477 2478 2480 2481 2482 2482 2482 2483 2484 2486 2487 2488 2487 2486 2486 2486 2486 2486 2488 2490 2491 2492 2491 2491 2490 2490 2489 2489 2489 2488 -9999 -9999 -9999 -9999 -9999
2551 2549 2547 2546 2545 2544 2543 2542 2542 2542 2542 2541 2540 2539 2537 2536 2533 2530 2528 2526 2523 2521 2517 2514 2510 2506 2502 2498 2495 2497 2498 2496 2489 2477 2473 2474 2476 2474 2467 2461 2459 2458 2459 2463 2468 2472 2474 2476 2478 2480 2481 2482 2483 2485 2486 2488 2489 2489 2489 2489 2489 2489 2490 2491 2492 2493 2493 2492 2491 2491 2490 2490 -9999 2489 -9999 -9999 -9999 -9999 -9999 -9999
2551 2549 2547 2546 2545 2544 2543 2543 2543 2543 2542 2541 2540 2539 2538 2536 2534 2531 2528 2526 2523 2519 2515 2510 2504 2500 2496 2494 2492 2495 2496 2491 2480 2468 2471 2480 2491 2497 2492 2480 2472 2463 2457 2458 2465 2469 2471 2473 2475 2477 2479 2481 2483 2486 2488 2490 2490 2490 2490 2491 2492 2492 2493 2494 2494 2494 2493 2493 2492 2492 2491 -9999 -9999 -9999 -9999 -9999 -9999 -9999 -9999 -9999
2550 2548 2547 2546 2546 2544 2544 2544 2544 2544 2543 2542 2541 2540 2538 2536 2533 2529 2526 2524 2521 2517 2511 2505 2499 2495 2493 2492 2491 2493 2491 2481 2468 2464 2476 2489 2501 2507 2506 2502 2496 2482 2467 2462 2469 2473 2473 2472 2473 2476 2479 2481 2484 2487 2489 2491 2492 2493 2493 2493 2494 2495 2495 2496 2496 2495 2494 2493 2493 2492 2492 -9999 -9999 -9999 -9999 -9999 -9999 -9999 -9999 -9999
2551 2549 2548 2546 2545 2544 2545 2545 2545 2545 2544 2542 2541 2539 2537 2534 2530 2525 2523 2520 2517 2512 2505 2500 2499 2498 2499 2500 2498 2497 2490 2478 2468 2470 2485 2499 2508 2512 2512 2511 2508 2500 2485 2475 2478 2479 2478 2476 2476 2478 2479 2481 2484 2487 2490 2493 2494 2495 2496 2496 2497 2498 2497 2497 2496 2495 2495 2494 2493 2493 -9999 -9999 -9999 -9999 -9999 -9999 -9999 -9999 -9999 -9999
2551 2550 2548 2546 2545 2545 2545 2545 2546 2545 2544 2542 2540 2538 2535 2532 2528 2523 2520 2517 2511 2503 2498 2497 2497 2497 2499 2501 2501 2500 2496 2487 2477 2477 2489 2503 2510 2513 2515 2514 2513 2507 2494 2484 2483 2484 2486 2486 2485 2483 2481 2481 2484 2488 2491 2494 2496 2497 2498 2499 2499 2499 2499 2498 2497 2496 2495 2495 2494 -9999 -9999 -9999 -9999 -9999 -9999 -9999 -9999 -9999 -9999 -9999
2552 2551 2549 2547 2545 2545 2546 2546 2546 2545 2543 2542 2539 2536 2533 2530 2526 2522 2517 2511 2502 2494 2492 2491 2490 2487 2488 2493 2498 2500 2498 2494 2486 2482 2488 2501 2509 2513 2516 2517 2515 2508 2494 2485 2482 2484 2489 2491 2490 2485 2482 2481 2483 2487 2491 2494 2496 2498 2500 2501 2501 2500 2499 2498 2498 2497 2496 2495 -9999 -9999 -9999 -9999 -9999 -9999 -9999 -9999 -9999 -9999 -9999 -9999
2553 2553 2552 2549 2547 2547 2547 2547 2547 2546 2543 2541 2538 2535 2532 2529 2525 2520 2514 2506 2495 2486 2483 2482 2480 2475 2472 2476 2489 2495 2497 2497 2495 2487 2486 2499 2508 2514 2518 2520 2516 2506 2494 2488 2483 2483 2490 2494 2493 2487 2483 2482 2483 2487 2491 2494 2496 2499 2502 2503 2502 2501 2500 2499 2498 2498 2497 -9999 -9999 -9999 -9999 -9999 -9999 -9999 -9999 -9999 -9999 -9999 -9999 -9999
2553 2553 2553 2552 2551 2550 2550 2549 2549 2547 2544 2541 2538 2534 2531 2528 2524 2518 2511 2501 2488 2477 2475 2477 2478 2476 2471 2469 2477 2486 2491 2496 2500 2494 2486 2495 2507 2514 2518 2523 2522 2516 2514 2507 2494 2487 2492 2496 2496 2490 2485 2483 2485 2487 2492 2495 2498 2502 2504 2504 2503 2502 2501 2500 2499 2498 -9999 -9999 -9999 -9999 -9999 -9999 -9999 -9999 -9999 -9999 -9999 -9999 -9999 -9999
2553 2553 2553 2553 2552 2552 2552 2551 2551 2549 2546 2542 2538 2535 2530 2526 2520 2513 2502 2488 2475 2469 2471 2476 2479 2479 2477 2472 2468 2473 2479 2489 2500 2501 2491 2494 2504 2512 2516 2523 2525 2524 2524 2520 2513 2499 2498 2500 2500 2495 2489 2487 2486 2488 2492 2497 2502 2504 2505 2504 2503 2502 2502 2501 2500 -9999 -9999 -9999 -9999 -9999 -9999 -9999 -9999 -9999 -9999 -9999 -9999 -9999 -9999 -9999
2553 2552 2552 2552 2552 2552 2552 2552 2552 2551 2548 2544 2541 2536 2531 2526 2519 2508 2493 2477 2469 2473 2477 2479 2478 2483 2485 2486 2484 2476 2475 2482 2494 2504 2504 2506 2511 2515 2516 2522 2526 2526 2525 2524 2519 2508 2505 2504 2502 2497 2491 2488 2488 2489 2494 2501 2505 2507 2506 2505 2504 2503 2502 2501 -9999 -9999 -9999 -9999 -9999 -9999 -9999 -9999 -9999 -9999 -9999 -9999 -9999 -9999 -9999 -9999
