New_Model_Runs/11_Future_RCP4.5_Scn1_out/post_prcessed_with_MFR/actual_et_annual.asc
NCOLS 700
NROWS 400
XLLCENTER 515000.000000
YLLCENTER 8409000.000000
CELLSIZE 50.000000
NODATA_value -999.000000
[rows 180 to 215 of 400, columns 162 to 242 of 700]
13.80 13.80 13.80 13.80 13.80 13.80 13.80 13.80 13.80 0.00 0.00 0.00 0.00 0.00 0.00 0.00 0.00 0.00 0.00 0.00 0.00 53.66 14.74 0.00 0.00 0.00 0.00 0.00 0.00 0.00 0.00 0.00 0.00 14.26 14.26 14.26 14.26 14.26 14.26 14.26 14.26 14.26 14.26 14.26 14.26 14.26 13.19 13.19 13.19 13.19 13.19 50.69 49.51 50.69 0.00 0.00 0.00 0.00 0.00 13.19 13.19 13.19 14.56 14.56 14.56 14.56 0.00 0.00 0.00 0.00 0.00 0.00 0.00 0.00 0.00 0.00 0.00 0.00 0.00 0.00 15.01
13.80 13.80 13.80 13.80 13.80 13.80 13.80 13.80 13.80 0.00 0.00 0.00 0.00 0.00 0.00 0.00 53.60 53.60 0.00 0.00 0.00 14.74 14.74 0.00 0.00 0.00 0.00 0.00 14.74 14.74 14.26 14.26 52.21 14.26 14.26 14.26 14.26 14.26 14.26 14.26 14.26 14.26 14.26 14.26 14.26 14.26 13.19 13.19 13.19 13.19 13.19 13.19 13.19 13.19 50.69 50.69 50.69 50.69 39.86 13.19 13.19 13.19 14.56 14.56 14.56 14.56 14.56 0.00 0.00 0.00 0.00 0.00 0.00 0.00 0.00 0.00 0.00 0.00 1.13 1.13 15.01
13.80 13.80 13.80 13.80 13.80 13.80 13.80 13.80 13.80 0.00 0.00 0.00 0.00 0.00 0.00 0.00 14.74 14.74 0.00 14.74 14.74 14.74 14.74 14.74 0.00 0.00 0.00 14.74 14.74 14.74 14.26 14.26 14.26 14.26 14.26 14.26 14.26 14.26 14.26 14.26 14.26 14.26 14.26 14.26 14.26 14.26 13.19 13.19 13.19 13.19 13.19 13.19 13.19 13.19 13.19 42.60 39.80 39.80 39.86 13.19 13.19 13.19 14.56 14.56 14.56 14.56 14.56 0.00 0.00 0.00 0.00 0.00 0.00 0.00 0.00 0.00 0.00 1.13 15.01 15.01 15.01
13.80 13.80 13.80 13.80 13.80 13.80 13.80 13.80 13.80 0.00 0.00 0.00 0.00 0.00 0.00 0.00 14.74 14.74 14.74 14.74 14.74 14.74 14.74 14.74 14.74 14.74 14.74 14.74 14.74 14.74 14.26 14.26 14.26 14.26 14.26 14.26 14.26 14.26 14.26 14.26 14.26 14.26 14.26 14.26 14.26 14.26 13.19 13.19 13.19 13.19 13.19 13.19 13.19 13.19 13.19 13.19 13.19 39.89 13.19 13.19 13.19 13.19 14.56 14.56 14.56 14.56 14.56 0.00 0.00 0.00 0.00 0.00 0.00 0.00 0.00 0.00 0.00 14.56 15.01 15.01 15.01
13.80 13.80 13.80 13.80 13.80 13.80 13.80 13.80 13.80 0.00 0.00 0.00 0.00 0.00 0.00 0.00 14.74 14.74 14.74 14.74 14.74 14.74 14.74 14.74 14.74 14.74 14.74 14.74 14.74 14.74 14.26 14.26 14.26 14.26 14.26 14.26 14.26 14.26 14.26 14.26 14.26 14.26 14.26 14.26 14.26 14.26 13.19 13.19 13.19 13.19 13.19 13.19 13.19 13.19 13.19 13.19 13.19 13.19 13.19 13.19 13.19 13.19 14.56 14.56 14.56 14.56 14.56 0.00 0.00 0.00 0.00 0.00 0.00 0.00 0.00 14.56 14.56 14.56 15.01 15.01 15.01
13.80 13.80 13.80 13.80 13.80 13.80 13.80 13.80 13.80 13.80 0.00 0.00 0.00 0.00 0.00 1.13 14.74 14.74 14.74 14.74 14.74 14.74 14.74 14.74 14.74 14.74 14.74 14.74 14.74 14.74 14.26 14.26 14.26 14.26 14.26 14.26 14.26 14.26 14.26 14.26 14.26 14.26 14.26 14.26 14.26 14.26 13.19 13.19 13.19 13.19 13.19 13.19 13.19 13.19 13.19 13.19 13.19 13.19 13.19 13.19 13.19 13.19 14.56 14.56 14.56 14.56 14.56 0.00 0.00 0.00 0.00 0.00 0.00 0.00 14.56 14.56 14.56 14.56 15.01 15.01 15.01
13.80 13.80 13.80 13.80 13.80 13.80 13.80 13.80 13.80 20.24 0.00 0.00 0.00 0.00 0.00 14.74 14.74 14.74 14.74 14.74 14.74 14.74 14.74 14.74 14.74 14.74 14.74 14.74 14.74 14.74 14.26 14.26 14.26 14.26 14.26 14.26 14.26 14.26 14.26 14.26 14.26 14.26 14.26 14.26 14.26 14.26 13.19 13.19 13.19 13.19 13.19 13.19 13.19 13.19 13.19 13.19 13.19 13.19 13.19 13.19 13.19 13.19 14.56 14.56 14.56 14.56 14.56 14.56 0.00 0.00 0.00 0.00 0.00 0.00 14.56 14.56 14.56 14.56 15.01 15.01 15.01
13.80 13.80 13.80 13.80 13.80 13.80 13.80 13.80 13.80 20.23 13.80 1.05 1.05 1.05 14.73 14.73 14.73 14.73 14.73 14.73 14.73 14.73 14.73 14.73 14.73 14.73 14.73 14.73 14.73 14.73 14.26 14.26 14.26 14.26 14.26 14.26 14.26 14.26 14.26 14.26 14.26 14.26 14.26 14.26 14.26 14.26 13.19 13.19 13.19 13.19 13.19 13.19 13.19 13.19 13.19 13.19 13.19 13.19 13.19 13.19 13.19 13.19 14.56 14.56 14.56 14.56 14.56 14.56 14.56 0.00 0.00 0.00 0.00 1.13 14.56 14.56 14.56 14.56 15.01 15.01 15.01
13.80 13.80 13.80 13.80 13.80 13.80 13.80 13.80 43.30 20.23 20.23 20.23 43.30 20.23 14.73 14.73 14.73 14.73 14.73 14.73 14.73 14.73 14.73 14.73 14.73 14.73 14.73 14.73 14.73 14.73 14.26 14.26 14.26 14.26 14.26 14.26 14.26 14.26 14.26 14.26 14.26 14.26 14.26 14.26 14.26 14.26 13.19 13.19 13.19 13.19 13.19 13.19 13.19 13.19 13.19 13.19 13.19 13.19 13.19 13.19 13.19 13.19 14.56 14.56 14.56 14.56 14.56 14.56 14.56 0.00 0.00 0.00 0.00 14.56 14.56 14.56 14.56 14.56 15.01 15.01 15.01
13.80 13.80 13.80 13.80 13.80 13.80 13.80 13.80 43.30 20.23 20.23 13.80 13.80 13.80 14.73 14.73 14.73 14.73 14.73 14.73 14.73 14.73 14.73 14.73 14.73 14.73 14.73 14.73 14.73 14.73 14.26 14.26 14.26 14.26 14.26 14.26 14.26 14.26 14.26 14.26 14.26 14.26 14.26 14.26 14.26 14.26 13.19 13.19 13.19 13.19 13.19 13.19 13.19 13.19 13.19 13.19 13.19 13.19 13.19 13.19 13.19 13.19 14.56 14.56 14.56 14.56 14.56 14.56 14.56 0.00 0.00 0.00 0.00 14.56 14.56 14.56 14.56 14.56 15.01 15.01 15.01
13.80 13.80 13.80 13.80 13.80 13.80 13.80 13.80 43.30 43.30 43.30 13.80 13.80 13.80 14.73 14.73 14.73 14.73 14.73 14.73 14.73 14.73 14.73 14.73 14.73 14.73 14.73 14.73 14.73 14.73 14.26 14.26 14.26 14.26 14.26 14.26 14.26 14.26 14.26 14.26 14.26 14.26 14.26 14.26 14.26 14.26 13.19 13.19 13.19 13.19 13.19 13.19 13.19 13.19 13.19 13.19 13.19 13.19 13.19 13.19 13.19 13.19 14.56 14.56 14.56 14.56 14.56 14.56 14.56 14.56 14.56 14.56 21.35 14.56 14.56 14.56 14.56 14.56 15.01 15.01 15.01
13.80 13.80 13.80 13.80 13.80 13.80 13.80 13.80 13.80 20.23 13.80 13.80 13.80 13.80 14.73 14.73 14.73 14.73 14.73 14.73 14.73 14.73 14.73 14.73 14.73 14.73 14.73 14.73 14.73 14.73 14.26 14.26 14.26 14.26 14.26 14.26 14.26 14.26 14.26 14.26 14.26 14.26 14.26 14.26 14.26 14.26 13.19 13.19 13.19 13.19 13.19 13.19 13.19 13.19 13.19 13.19 13.19 13.19 13.19 13.19 13.19 13.19 14.56 14.56 14.56 14.56 14.56 14.56 14.56 14.56 14.56 14.56 14.56 14.56 14.56 14.56 14.56 14.56 15.01 15.01 15.01
13.80 13.80 13.80 13.80 13.80 13.80 13.80 13.80 13.80 20.23 13.80 13.80 13.80 13.80 14.73 14.73 14.73 14.73 14.73 14.73 14.73 14.73 14.73 14.73 14.73 14.73 14.73 14.73 14.73 14.73 14.26 14.26 14.26 14.26 14.26 14.26 14.26 14.26 14.26 14.26 14.26 14.26 14.26 14.26 14.26 14.26 13.19 13.19 13.19 13.19 13.19 13.19 13.19 13.19 13.19 13.19 13.19 13.19 13.19 13.19 13.19 13.19 14.56 14.56 14.56 14.56 14.56 14.56 14.56 14.56 14.56 14.56 14.56 14.56 14.56 14.56 14.56 14.56 15.01 15.01 15.01
13.80 13.80 13.80 13.80 13.80 13.80 13.80 13.80 13.80 13.80 13.80 13.80 13.80 13.80 14.73 14.73 14.73 14.73 14.73 14.73 14.73 14.73 14.73 14.73 14.73 14.73 14.73 14.73 14.73 14.73 14.26 14.26 14.26 14.26 14.26 14.26 14.26 14.26 14.26 14.26 14.26 14.26 14.26 14.26 14.26 14.26 13.19 13.19 13.19 13.19 13.19 13.19 13.19 13.19 13.19 13.19 13.19 13.19 13.19 13.19 13.19 13.19 14.56 14.56 14.56 14.56 14.56 14.56 14.56 14.56 14.56 14.56 14.56 14.56 14.56 14.56 14.56 14.56 15.01 15.01 15.01
13.22 13.22 13.22 13.22 13.22 13.22 13.22 13.22 13.22 13.22 13.22 13.22 13.22 13.22 13.55 13.55 13.55 13.55 13.55 13.55 13.55 13.55 13.55 13.55 13.55 13.55 13.55 13.55 13.55 13.55 12.59 12.59 12.59 12.59 12.59 12.59 12.59 12.59 12.59 12.59 12.59 12.59 12.59 12.59 12.59 12.59 12.19 12.19 12.19 12.19 12.19 12.19 12.19 12.19 12.19 12.19 12.19 12.19 12.19 12.19 12.19 12.19 13.82 13.82 13.82 13.82 13.82 13.82 13.82 13.82 13.82 13.82 13.82 13.82 13.82 13.82 13.82 13.82 14.43 14.43 14.43
13.22 13.22 13.22 13.22 13.22 13.22 13.22 13.22 13.22 13.22 13.22 13.22 13.22 13.22 13.55 13.55 13.55 13.55 13.55 13.55 13.55 13.55 13.55 13.55 13.55 13.55 13.55 13.55 13.55 13.55 12.59 12.59 12.59 12.59 12.59 12.59 12.59 12.59 12.59 12.59 12.59 12.59 12.59 12.59 12.59 12.59 12.19 12.19 12.19 12.19 12.19 12.19 12.19 12.19 12.19 12.19 12.19 12.19 12.19 12.19 12.19 12.19 13.82 13.82 13.82 13.82 13.82 13.82 13.82 13.82 13.82 13.82 13.82 13.82 13.82 13.82 13.82 13.82 14.43 14.43 14.43
13.22 13.22 13.22 13.22 13.22 13.22 13.22 13.22 13.22 13.22 13.22 13.22 13.22 13.22 13.55 13.55 13.55 13.55 13.55 13.55 13.55 13.55 13.55 13.55 13.55 13.55 13.55 13.55 13.55 13.55 12.59 12.59 12.59 12.59 12.59 12.59 12.59 12.59 12.59 12.59 12.59 12.59 12.59 12.59 12.59 12.59 12.19 12.19 12.19 12.19 12.19 12.19 12.19 12.19 12.19 12.19 12.19 12.19 12.19 12.19 12.19 12.19 13.82 13.82 13.82 13.82 13.82 13.82 13.82 13.82 13.82 13.82 13.82 13.82 13.82 13.82 13.82 13.82 14.43 14.43 14.43
13.22 13.22 13.22 13.22 13.22 13.22 13.22 13.22 13.22 13.22 13.22 13.22 13.22 13.22 13.55 13.55 13.55 13.55 13.55 13.55 13.55 13.55 13.55 13.55 13.55 13.55 13.55 13.55 13.55 13.55 12.59 12.59 12.59 12.59 12.59 12.59 12.59 12.59 12.59 12.59 12.59 12.59 12.59 12.59 12.59 12.59 12.19 12.19 12.19 12.19 12.19 12.19 12.19 12.19 12.19 12.19 12.19 12.19 12.19 12.19 12.19 12.19 13.82 13.82 13.82 13.82 13.82 13.82 13.82 13.82 13.82 13.82 13.82 13.82 13.82 13.82 13.82 13.82 14.43 14.43 14.43
13.22 13.22 13.22 13.22 13.22 13.22 13.22 13.22 13.22 13.22 13.22 13.22 13.22 13.22 13.55 13.55 13.55 13.55 13.55 13.55 13.55 13.55 13.55 13.55 13.55 13.55 13.55 13.55 13.55 13.55 12.59 12.59 12.59 12.59 12.59 12.59 12.59 12.59 12.59 12.59 12.59 12.59 12.59 12.59 12.59 12.59 12.19 12.19 12.19 12.19 12.19 12.19 12.19 12.19 12.19 12.19 12.19 12.19 12.19 12.19 12.19 12.19 13.82 13.82 13.82 13.82 13.82 13.82 13.82 13.82 13.82 13.82 13.82 13.82 13.82 13.82 13.82 13.82 14.43 14.43 14.43
13.22 13.22 13.22 13.22 13.22 13.22 13.22 13.22 13.22 13.22 13.22 13.22 13.22 13.22 13.55 13.55 13.55 13.55 13.55 13.55 13.55 13.55 13.55 13.55 13.55 13.55 13.55 13.55 13.55 13.55 12.59 12.59 12.59 12.59 12.59 12.59 12.59 12.59 12.59 12.59 12.59 12.59 12.59 12.59 12.59 12.59 12.19 12.19 12.19 12.19 12.19 12.19 12.19 12.19 12.19 12.19 12.19 12.19 12.19 12.19 12.19 12.19 13.82 13.82 13.82 13.82 13.82 13.82 13.82 13.82 13.82 13.82 13.82 13.82 13.82 13.82 13.82 13.82 14.43 14.43 14.43
13.22 13.22 13.22 13.22 13.22 13.22 13.22 13.22 13.22 13.22 13.22 13.22 13.22 13.22 13.55 13.55 13.55 13.55 13.55 13.55 13.55 13.55 13.55 13.55 13.55 13.55 13.55 13.55 13.55 13.55 12.59 12.59 12.59 12.59 12.59 12.59 12.59 12.59 12.59 12.59 12.59 12.59 12.59 12.59 12.59 12.59 12.19 12.19 12.19 12.19 12.19 12.19 12.19 12.19 12.19 12.19 12.19 12.19 12.19 12.19 12.19 12.19 13.82 13.82 13.82 13.82 13.82 13.82 13.82 13.82 13.82 13.82 13.82 13.82 13.82 13.82 13.82 13.82 14.43 14.43 14.43
13.22 13.22 13.22 13.22 13.22 13.22 13.22 13.22 13.22 13.22 13.22 13.22 13.22 13.22 13.55 13.55 13.55 13.55 13.55 13.55 13.55 13.55 13.55 13.55 13.55 13.55 13.55 13.55 13.55 13.55 12.59 12.59 12.59 12.59 12.59 12.59 12.59 12.59 12.59 12.59 12.59 12.59 12.59 12.59 12.59 12.59 12.19 12.19 12.19 12.19 12.19 12.19 12.19 12.19 12.19 12.19 12.19 12.19 12.19 12.19 12.19 12.19 13.82 13.82 13.82 13.82 13.82 13.82 13.82 13.82 13.82 13.82 13.82 13.82 13.82 13.82 13.82 13.82 14.43 14.43 14.43
13.22 13.22 13.22 13.22 13.22 13.22 13.22 13.22 13.22 13.22 13.22 13.22 13.22 13.22 13.55 13.55 13.55 13.55 13.55 13.55 13.55 13.55 13.55 13.55 13.55 13.55 13.55 13.55 13.55 13.55 12.59 12.59 12.59 12.59 12.59 12.59 12.59 12.59 12.59 12.59 12.59 12.59 12.59 12.59 12.59 12.59 12.19 12.19 12.19 12.19 12.19 12.19 12.19 12.19 12.19 12.19 12.19 12.19 12.19 12.19 12.19 12.19 13.82 13.82 13.82 13.82 13.82 13.82 13.82 13.82 13.82 13.82 13.82 13.82 13.82 13.82 13.82 13.82 14.43 14.43 14.43
13.22 13.22 13.22 13.22 13.22 13.22 13.22 13.22 13.22 13.22 13.22 13.22 13.22 13.22 13.55 13.55 13.55 13.55 13.55 13.55 13.55 13.55 13.55 13.55 13.55 13.55 13.55 13.55 13.55 13.55 12.59 12.59 12.59 12.59 12.59 12.59 12.59 12.59 12.59 12.59 12.59 12.59 12.59 12.59 12.59 12.59 12.19 12.19 12.19 12.19 12.19 12.19 12.19 12.19 12.19 12.19 12.19 12.19 12.19 12.19 12.19 12.19 13.82 13.82 13.82 13.82 13.82 13.82 13.82 13.82 13.82 13.82 13.82 13.82 13.82 13.82 13.82 13.82 14.43 14.43 14.43
13.22 13.22 13.22 13.22 13.22 13.22 13.22 13.22 13.22 13.22 13.22 13.22 13.22 13.22 13.55 13.55 13.55 13.55 13.55 13.55 13.55 13.55 13.55 13.55 13.55 13.55 13.55 13.55 13.55 13.55 12.59 12.59 12.59 12.59 12.59 12.59 12.59 12.59 12.59 12.59 12.59 12.59 12.59 12.59 12.59 12.59 12.19 12.19 12.19 12.19 12.19 12.19 12.19 12.19 12.19 12.19 12.19 12.19 12.19 12.19 12.19 12.19 13.82 13.82 13.82 13.82 13.82 13.82 13.82 13.82 13.82 13.82 13.82 13.82 13.82 13.82 13.82 13.82 14.43 14.43 14.43
13.22 13.22 13.22 13.22 13.22 13.22 13.22 13.22 13.22 13.22 13.22 13.22 13.22 13.22 13.55 13.55 13.55 13.55 13.55 13.55 13.55 13.55 13.55 13.55 13.55 13.55 13.55 13.55 13.55 13.55 12.59 12.59 12.59 12.59 12.59 12.59 12.59 12.59 12.59 12.59 12.59 12.59 12.59 12.59 12.59 12.59 12.19 12.19 12.19 12.19 12.19 12.19 12.19 12.19 12.19 12.19 12.19 12.19 12.19 12.19 12.19 12.19 13.82 13.82 13.82 13.82 13.82 13.82 13.82 13.82 13.82 13.82 13.82 13.82 13.82 13.82 13.82 13.82 14.43 14.43 14.43
13.22 13.22 13.22 13.22 13.22 13.22 13.22 13.22 13.22 13.22 13.22 13.22 13.22 13.22 13.55 13.55 13.55 13.55 13.55 13.55 13.55 13.55 13.55 13.55 13.55 13.55 13.55 13.55 13.55 13.55 12.59 12.59 12.59 12.59 12.59 12.59 12.59 12.59 12.59 12.59 12.59 12.59 12.59 12.59 12.59 12.59 12.19 12.19 12.19 12.19 12.19 12.19 12.19 12.19 12.19 12.19 12.19 12.19 12.19 12.19 12.19 12.19 13.82 13.82 13.82 13.82 13.82 13.82 13.82 13.82 13.82 13.82 13.82 13.82 13.82 13.82 13.82 13.82 14.43 14.43 14.43
13.22 13.22 13.22 13.22 13.22 13.22 13.22 13.22 13.22 13.22 13.22 13.22 13.22 13.22 13.55 13.55 13.55 13.55 13.55 13.55 13.55 13.55 13.55 13.55 13.55 13.55 13.55 41.00 13.55 13.55 12.59 12.59 12.59 12.59 12.59 12.59 12.59 12.59 12.59 12.59 12.59 12.59 12.59 12.59 12.59 12.59 12.19 12.19 12.19 12.19 12.19 12.19 12.19 12.19 12.19 12.19 12.19 12.19 12.19 12.19 12.19 12.19 13.82 13.82 13.82 13.82 13.82 13.82 13.82 13.82 13.82 13.82 13.82 13.82 13.82 13.82 13.82 13.82 14.43 14.43 14.43
13.22 13.22 13.22 13.22 13.22 13.22 13.22 13.22 13.22 13.22 13.22 13.22 13.22 13.22 13.55 13.55 13.55 13.55 13.55 13.55 13.55 13.55 13.55 13.55 13.55 13.55 13.55 41.00 13.55 13.55 12.59 12.59 12.59 12.59 12.59 12.59 12.59 49.19 38.15 12.59 12.59 12.59 12.59 12.59 12.59 12.59 12.19 12.19 12.19 12.19 12.19 12.19 12.19 12.19 12.19 12.19 12.19 12.19 12.19 12.19 12.19 12.19 13.82 13.82 13.82 13.82 13.82 13.82 13.82 13.82 13.82 13.82 13.82 13.82 13.82 13.82 13.82 13.82 14.43 14.43 14.43
13.22 13.22 13.22 13.22 13.22 13.22 13.22 13.22 13.22 13.22 13.22 13.22 13.22 13.22 13.55 13.55 13.55 13.55 13.55 13.55 13.55 13.55 13.55 41.00 41.00 44.28 44.28 41.00 13.55 13.55 12.59 12.59 12.59 12.59 12.59 12.59 12.59 48.69 38.15 12.59 12.59 12.59 12.59 12.59 12.59 12.59 12.19 12.19 12.19 12.19 12.19 12.19 12.19 12.19 12.19 12.19 12.19 12.19 12.19 12.19 12.19 12.19 13.82 13.82 13.82 13.82 13.82 13.82 13.82 13.82 13.82 13.82 13.82 13.82 13.82 13.82 13.82 13.82 14.43 14.43 14.43
12.33 12.33 12.33 12.33 12.33 12.33 12.33 12.33 12.33 12.33 12.33 12.33 12.33 12.33 12.33 12.33 12.33 12.33 12.33 12.33 12.33 12.33 37.38 37.38 40.82 40.82 40.83 12.33 12.33 12.33 11.67 11.67 11.67 11.67 11.67 11.67 11.67 17.12 11.67 11.67 11.67 11.67 11.67 11.67 11.67 11.67 12.25 12.25 12.25 12.25 12.25 12.25 12.25 12.25 12.25 12.25 12.25 12.25 12.25 12.25 12.25 12.25 12.51 12.51 12.51 12.51 12.51 12.51 12.51 12.51 12.51 12.51 12.51 12.51 12.51 12.51 12.51 12.51 13.04 13.04 13.04
12.33 12.33 12.33 12.33 12.33 12.33 12.33 12.33 12.33 12.33 12.33 12.33 12.33 12.33 12.33 12.33 12.33 12.33 12.33 12.33 12.33 12.33 37.38 40.47 40.47 12.33 12.33 12.33 12.33 12.33 11.67 11.67 38.50 38.50 38.74 11.67 11.67 11.67 11.67 11.67 11.67 11.67 11.67 11.67 11.67 11.67 12.25 12.25 12.25 12.25 12.25 12.25 12.25 12.25 12.25 12.25 12.25 12.25 12.25 12.25 12.25 12.25 12.51 12.51 12.51 12.51 12.51 12.51 12.51 12.51 12.51 12.51 12.51 12.51 12.51 12.51 12.51 12.51 13.04 13.04 13.04
12.33 12.33 12.33 12.33 12.33 12.33 12.33 12.33 12.33 12.33 12.33 12.33 12.33 12.33 12.33 12.33 12.33 12.33 12.33 37.38 37.38 40.82 37.38 12.33 40.47 40.47 40.82 12.33 12.33 12.33 11.67 38.50 38.50 38.50 38.74 45.66 38.74 35.40 11.67 11.67 11.67 11.67 11.67 11.67 11.67 11.67 12.25 12.25 12.25 12.25 12.25 12.25 12.25 12.25 12.25 12.25 12.25 12.25 12.25 12.25 12.25 12.25 12.51 12.51 12.51 12.51 12.51 12.51 12.51 12.51 12.51 12.51 12.51 12.51 12.51 12.51 12.51 12.51 13.04 13.04 13.04
12.33 12.33 12.33 12.33 12.33 12.33 12.33 12.33 12.33 12.33 12.33 12.33 12.33 12.33 12.33 12.33 12.33 12.33 37.38 37.38 40.82 40.82 40.82 40.47 40.47 48.00 40.47 40.47 12.33 12.33 11.67 38.50 38.50 38.50 38.74 45.66 38.74 35.40 11.67 11.67 11.67 11.67 11.67 11.67 11.67 11.67 12.25 12.25 12.25 12.25 12.25 12.25 12.25 12.25 12.25 12.25 12.25 12.25 12.25 12.25 12.25 12.25 12.51 12.51 12.51 12.51 12.51 12.51 12.51 12.51 12.51 12.51 12.51 12.51 12.51 12.51 12.51 12.51 13.04 13.04 13.04
12.33 12.33 12.33 12.33 12.33 12.33 12.33 12.33 12.33 12.33 12.33 12.33 12.33 12.33 12.33 12.33 12.33 12.33 40.82 40.83 40.47 40.47 40.47 48.00 48.00 47.41 40.47 40.47 12.33 40.47 38.50 38.50 38.50 38.50 38.50 38.74 38.74 35.40 35.40 11.67 11.67 11.67 11.67 11.67 11.67 11.67 12.25 12.25 12.25 12.25 12.25 12.25 12.25 12.25 12.25 12.25 12.25 12.25 12.25 12.25 12.25 12.25 12.51 12.51 12.51 12.51 12.51 12.51 12.51 12.51 12.51 12.51 12.51 12.51 12.51 12.51 12.51 12.51 13.04 13.04 13.04
12.33 12.33 12.33 12.33 12.33 12.33 40.83 48.03 12.33 12.33 12.33 12.33 12.33 12.33 12.33 12.33 12.33 40.83 40.82 12.33 12.33 37.28 40.47 12.14 37.28 40.47 18.08 12.33 37.28 40.47 38.50 38.50 38.50 38.50 38.50 38.50 38.74 35.40 35.40 11.67 11.67 11.67 11.67 11.67 11.67 11.67 12.25 12.25 12.25 12.25 12.25 12.25 12.25 12.25 12.25 12.25 12.25 12.25 12.25 12.25 12.25 12.25 12.51 12.51 12.51 12.51 12.51 12.51 12.51 12.51 12.51 12.51 12.51 12.51 12.51 12.51 12.51 12.51 13.04 13.04 13.04
