New_Model_Runs/11_Future_RCP4.5_Scn1_out/post_prcessed_with_MFR/interception_annual.asc
NCOLS 700
NROWS 400
XLLCENTER 515000.000000
YLLCENTER 8409000.000000
CELLSIZE 50.000000
NODATA_value -999.000000
[rows 180 to 215 of 400, columns 81 to 161 of 700]
0.00 0.00 0.00 0.00 0.00 0.00 0.00 0.00 0.00 0.00 0.00 0.00 0.00 0.00 0.00 0.00 0.00 0.00 0.00 0.00 0.00 0.00 0.00 0.00 0.00 0.00 0.00 0.00 0.00 0.00 0.00 0.00 0.00 0.00 0.00 0.00 0.00 0.00 0.00 0.00 0.00 0.00 0.00 0.00 0.00 0.00 0.00 0.00 15.80 15.80 15.80 16.38 16.38 16.38 16.38 16.51 16.51 16.51 16.51 15.73 0.00 0.00 0.00 0.00 0.00 0.00 0.00 0.00 0.00 0.00 16.09 16.45 16.45 16.45 16.45 16.56 16.56 16.56 16.56 18.37 18.37
0.00 0.00 0.00 0.00 0.00 0.00 0.00 0.00 0.00 0.00 0.00 0.00 0.00 0.00 0.00 0.00 0.00 0.00 0.00 0.00 0.00 0.00 0.00 0.00 0.00 0.00 0.00 0.00 0.00 0.00 0.00 0.00 0.00 0.00 0.00 0.00 0.00 0.00 0.00 0.00 0.00 0.00 0.00 0.00 0.00 0.00 0.00 0.00 0.00 15.80 15.80 16.38 16.38 16.38 16.38 16.51 16.51 16.51 16.51 15.73 0.00 0.00 0.00 0.00 0.00 0.00 0.00 0.00 0.00 16.09 16.09 16.45 16.45 16.45 16.45 16.56 16.56 16.56 16.56 18.37 18.37
0.00 0.00 0.00 0.00 0.00 0.00 0.00 0.00 0.00 0.00 0.00 0.00 0.00 0.00 0.00 0.00 0.00 0.00 0.00 0.00 0.00 0.00 0.00 0.00 0.00 0.00 0.00 0.00 0.00 0.00 0.00 0.00 0.00 0.00 0.00 0.00 0.00 0.00 16.06 0.00 0.00 0.00 0.00 15.86 0.00 0.00 0.00 0.00 0.00 15.80 15.80 16.38 16.38 16.38 16.38 16.51 16.51 16.51 16.51 15.73 15.73 0.00 15.73 15.56 15.56 0.00 0.00 0.00 16.09 16.09 16.09 16.45 16.45 16.45 16.45 16.56 16.56 16.56 16.56 18.37 18.37
0.00 0.00 0.00 0.00 0.00 0.00 0.00 0.00 0.00 0.00 0.00 0.00 0.00 0.00 0.00 0.00 0.00 0.00 0.00 0.00 0.00 0.00 0.00 0.00 0.00 0.00 0.00 0.00 0.00 0.00 0.00 0.00 0.00 0.00 0.00 0.00 0.00 16.06 16.06 15.86 15.86 15.86 15.86 15.86 15.86 0.00 0.00 0.00 15.80 15.80 15.80 16.38 16.38 16.38 16.38 16.51 16.51 16.51 16.51 15.73 15.73 15.73 15.73 15.56 15.56 15.56 15.56 16.09 16.09 16.09 16.09 16.45 16.45 16.45 16.45 16.56 16.56 16.56 16.56 18.37 18.37
0.00 0.00 0.00 0.00 0.00 0.00 0.00 0.00 0.00 0.00 0.00 0.00 0.00 0.00 0.00 0.00 0.00 0.00 0.00 0.00 0.00 0.00 0.00 0.00 0.00 0.00 0.00 0.00 0.00 0.00 0.00 0.00 0.00 15.75 15.75 16.10 16.10 16.10 16.10 16.23 16.23 16.23 16.23 15.80 15.80 15.80 15.80 15.69 15.69 15.69 15.69 15.93 15.93 15.93 15.93 16.14 16.14 16.14 16.14 16.26 16.26 16.26 16.26 16.76 16.76 16.76 16.76 17.29 17.29 17.29 17.29 16.99 16.99 16.99 16.99 17.04 17.04 17.04 17.04 18.49 18.49
0.00 0.00 0.00 0.00 0.00 0.00 0.00 0.00 0.00 0.00 0.00 0.00 0.00 0.00 0.00 0.00 0.00 0.00 0.00 0.00 0.00 0.00 0.00 0.00 0.00 0.00 0.00 0.00 0.00 0.00 0.00 0.00 15.75 15.75 15.75 16.10 16.10 16.10 16.10 16.23 16.23 16.23 16.23 15.80 15.80 15.80 15.80 15.69 15.69 15.69 15.69 15.93 15.93 15.93 15.93 16.14 16.14 16.14 16.14 16.26 16.26 16.26 16.26 16.76 16.76 16.76 16.76 17.29 17.29 17.29 17.29 16.99 16.99 16.99 16.99 17.04 17.04 17.04 17.04 18.49 18.49
0.00 0.00 0.00 0.00 0.00 0.00 0.00 0.00 0.00 0.00 0.00 0.00 0.00 0.00 0.00 0.00 0.00 0.00 0.00 0.00 0.00 0.00 0.00 0.00 0.00 0.00 0.00 0.00 0.00 0.00 0.00 0.00 15.75 15.75 15.75 16.10 16.10 16.10 16.10 16.23 16.23 16.23 16.23 15.80 15.80 15.80 15.80 15.69 15.69 15.69 15.69 15.93 15.93 15.93 15.93 16.14 16.14 16.14 16.14 16.26 16.26 16.26 16.26 16.76 16.76 16.76 16.76 17.29 17.29 17.29 17.29 16.99 16.99 16.99 16.99 17.04 17.04 17.04 17.04 18.49 18.49
0.00 0.00 0.00 0.00 0.00 0.00 0.00 0.00 0.00 0.00 0.00 0.00 0.00 0.00 0.00 0.00 0.00 0.00 0.00 0.00 0.00 0.00 0.00 0.00 0.00 0.00 0.00 0.00 0.00 0.00 0.00 0.00 0.00 15.75 15.75 16.10 16.10 16.10 16.10 16.23 16.23 16.23 16.23 15.80 15.80 15.80 15.80 15.69 15.69 15.69 15.69 15.93 15.93 15.93 15.93 16.14 16.14 16.14 16.14 16.26 16.26 16.26 16.26 16.76 16.76 16.76 16.76 17.29 17.29 17.29 17.29 16.99 16.99 16.99 16.99 17.04 17.04 17.04 17.04 18.49 18.49
0.00 0.00 0.00 0.00 0.00 0.00 0.00 0.00 0.00 0.00 0.00 0.00 0.00 0.00 0.00 0.00 0.00 0.00 0.00 0.00 0.00 0.00 0.00 0.00 0.00 0.00 15.65 14.97 0.00 0.00 0.00 15.48 15.48 15.48 15.48 15.99 15.99 15.99 15.99 16.48 16.48 16.48 16.48 16.29 16.29 16.29 16.29 15.90 15.90 15.90 15.90 15.75 15.75 15.75 15.75 15.96 15.96 15.96 15.96 16.42 16.42 16.42 16.42 17.43 17.43 17.43 17.43 17.90 17.90 17.90 17.90 17.24 17.24 17.24 17.24 17.57 17.57 17.57 17.57 17.60 17.60
0.00 0.00 0.00 0.00 0.00 0.00 0.00 0.00 0.00 0.00 0.00 0.00 0.00 0.00 0.00 0.00 0.00 0.00 0.00 0.00 0.00 0.00 0.00 0.00 0.00 0.00 0.00 14.97 14.97 14.97 14.97 15.48 15.48 15.48 15.48 15.99 15.99 15.99 15.99 16.48 16.48 16.48 16.48 16.29 16.29 16.29 16.29 15.90 15.90 15.90 15.90 15.75 15.75 15.75 15.75 15.96 15.96 15.96 15.96 16.42 16.42 16.42 16.42 17.43 17.43 17.43 17.43 17.90 17.90 17.90 17.90 17.24 17.24 17.24 17.24 17.57 17.57 17.57 17.57 17.60 17.60
0.00 0.00 0.00 0.00 0.00 0.00 0.00 0.00 0.00 0.00 0.00 0.00 0.00 0.00 0.00 0.00 0.00 0.00 0.00 0.00 0.00 0.00 0.00 0.00 0.00 0.00 0.00 0.00 14.97 14.97 14.97 15.48 15.48 15.48 15.48 15.99 15.99 15.99 15.99 16.48 16.48 16.48 16.48 16.29 16.29 16.29 16.29 15.90 15.90 15.90 15.90 15.75 15.75 15.75 15.75 15.96 15.96 15.96 15.96 16.42 16.42 16.42 16.42 17.43 17.43 17.43 17.43 17.90 17.90 17.90 17.90 17.24 17.24 17.24 17.24 17.57 17.57 17.57 17.57 17.60 17.60
0.00 0.00 0.00 0.00 0.00 0.00 0.00 0.00 0.00 0.00 0.00 0.00 0.00 0.00 0.00 0.00 0.00 0.00 0.00 0.00 0.00 0.00 0.00 0.00 0.00 0.00 0.00 0.00 14.97 0.00 12.43 0.00 15.48 15.48 15.48 15.99 15.99 15.99 15.99 16.48 16.48 16.48 16.48 16.29 16.29 16.29 16.29 15.90 15.90 15.90 15.90 15.75 15.75 15.75 15.75 15.96 15.96 15.96 15.96 16.42 16.42 16.42 16.42 17.43 17.43 17.43 17.43 17.90 17.90 17.90 17.90 17.24 17.24 17.24 17.24 17.57 17.57 17.57 17.57 17.60 17.60
0.00 0.00 0.00 0.00 0.00 0.00 0.00 0.00 0.00 0.00 0.00 0.00 0.00 0.00 0.00 0.00 0.00 0.00 0.00 0.00 0.00 0.00 0.00 0.00 0.00 0.00 0.00 0.00 0.00 0.00 0.00 0.00 0.00 14.98 14.98 15.75 15.75 15.75 15.75 16.58 16.58 16.58 16.58 16.71 16.71 16.71 16.71 16.22 16.22 16.22 16.22 15.83 15.83 15.83 15.83 16.30 16.30 16.30 16.30 16.76 16.76 16.76 16.76 17.80 17.80 17.80 17.80 17.85 17.85 17.85 17.85 17.38 17.38 17.38 17.38 17.36 17.36 17.36 17.36 15.60 15.60
0.00 0.00 0.00 0.00 0.00 0.00 0.00 0.00 0.00 0.00 0.00 0.00 0.00 0.00 0.00 0.00 0.00 0.00 0.00 0.00 0.00 0.00 0.00 0.00 0.00 0.00 0.00 0.00 0.00 0.00 14.46 12.51 12.51 14.98 14.98 15.75 15.75 15.75 15.75 16.58 16.58 16.58 16.58 16.71 16.71 16.71 16.71 16.22 16.22 16.22 16.22 15.83 15.83 15.83 15.83 16.30 16.30 16.30 16.30 16.76 16.76 16.76 16.76 17.80 17.80 17.80 17.80 17.85 17.85 17.85 17.85 17.38 17.38 17.38 17.38 17.36 17.36 17.36 17.36 15.60 15.60
0.00 0.00 0.00 0.00 0.00 0.00 0.00 0.00 0.00 0.00 0.00 0.00 0.00 0.00 0.00 0.00 0.00 0.00 0.00 0.00 0.00 0.00 0.00 0.00 0.00 0.00 0.00 0.00 0.00 0.00 0.00 15.73 15.73 15.73 15.73 16.64 16.64 16.64 16.64 17.61 17.61 17.61 17.61 17.76 17.76 17.76 17.76 17.25 17.25 17.25 17.25 16.78 16.78 16.78 16.78 17.34 17.34 17.34 17.34 17.89 17.89 17.89 17.89 19.16 19.16 19.16 19.16 19.21 19.21 19.21 19.21 18.65 18.65 18.65 18.65 18.62 18.62 18.62 18.62 16.51 16.51
0.00 0.00 0.00 0.00 0.00 0.00 0.00 0.00 0.00 0.00 0.00 0.00 0.00 0.00 0.00 0.00 0.00 0.00 0.00 0.00 0.00 0.00 0.00 0.00 0.00 16.04 0.00 0.00 0.00 0.00 0.00 15.73 15.73 15.73 15.73 16.64 16.64 16.64 16.64 17.61 17.61 17.61 17.61 17.76 17.76 17.76 17.76 17.25 17.25 17.25 17.25 16.78 16.78 16.78 16.78 17.34 17.34 17.34 17.34 17.89 17.89 17.89 17.89 19.16 19.16 19.16 19.16 19.21 19.21 19.21 19.21 18.65 18.65 18.65 18.65 18.62 18.62 18.62 18.62 16.51 16.51
0.00 0.00 0.00 0.00 0.00 0.00 0.00 0.00 0.00 0.00 0.00 0.00 0.00 0.00 0.00 0.00 0.00 0.00 0.00 0.00 0.00 0.00 0.00 0.00 15.96 15.96 15.96 15.13 0.00 0.00 15.13 15.51 15.51 15.51 15.51 16.39 16.39 16.39 16.39 17.28 17.28 17.28 17.28 17.72 17.72 17.72 17.72 17.73 17.73 17.73 17.73 17.44 17.44 17.44 17.44 18.23 18.23 18.23 18.23 18.62 18.62 18.62 18.62 19.10 19.10 19.10 19.10 18.91 18.91 18.91 18.91 18.43 18.43 18.43 18.43 16.48 16.48 16.48 16.48 14.47 14.47
0.00 0.00 0.00 0.00 0.00 0.00 0.00 0.00 0.00 0.00 0.00 0.00 0.00 0.00 0.00 0.00 0.00 0.00 0.00 0.00 0.00 0.00 0.00 15.96 15.96 15.96 15.96 0.00 0.00 0.00 0.00 15.51 15.51 15.51 15.51 16.39 16.39 16.39 16.39 17.28 17.28 17.28 17.28 17.72 17.72 17.72 17.72 17.73 17.73 17.73 17.73 17.44 17.44 17.44 17.44 18.23 18.23 18.23 18.23 18.62 18.62 18.62 18.62 19.10 19.10 19.10 19.10 18.91 18.91 18.91 18.91 18.43 18.43 18.43 18.43 16.48 16.48 16.48 16.48 14.47 14.47
0.00 0.00 0.00 0.00 0.00 0.00 0.00 0.00 0.00 0.00 0.00 0.00 0.00 0.00 0.00 0.00 0.00 0.00 0.00 0.00 0.00 0.00 16.04 15.96 15.96 15.96 13.12 0.00 0.00 0.00 0.00 0.00 15.51 15.51 15.51 16.39 16.39 16.39 16.39 17.28 17.28 17.28 17.28 17.72 17.72 17.72 17.72 17.73 17.73 17.73 17.73 17.44 17.44 17.44 17.44 18.23 18.23 18.23 18.23 18.62 18.62 18.62 18.62 19.10 19.10 19.10 19.10 18.91 18.91 18.91 18.91 18.43 18.43 18.43 18.43 16.48 16.48 16.48 16.48 14.47 14.47
0.00 0.00 0.00 0.00 0.00 0.00 0.00 0.00 0.00 0.00 0.00 0.00 0.00 0.00 0.00 0.00 0.00 0.00 0.00 0.00 0.00 16.04 16.04 15.96 15.96 15.96 15.96 15.13 15.13 15.13 0.00 0.00 15.51 15.51 15.51 16.39 16.39 16.39 16.39 17.28 17.28 17.28 17.28 17.72 17.72 17.72 17.72 17.73 17.73 17.73 17.73 17.44 17.44 17.44 17.44 18.23 18.23 18.23 18.23 18.62 18.62 18.62 18.62 19.10 19.10 19.10 19.10 18.91 18.91 18.91 18.91 18.43 18.43 18.43 18.43 16.48 16.48 16.48 16.48 14.47 14.47
0.00 0.00 0.00 0.00 18.16 18.16 18.16 17.47 0.00 0.00 0.00 0.00 0.00 0.00 0.00 0.00 0.00 0.00 16.62 17.24 17.24 17.24 16.37 16.58 16.58 16.58 16.58 15.84 15.84 15.84 0.00 0.00 0.00 15.89 15.89 16.40 16.40 16.40 16.40 16.73 16.73 16.73 16.73 17.00 17.00 17.00 17.00 18.18 18.18 18.18 18.18 18.65 18.65 18.65 18.65 18.79 18.79 18.79 18.79 18.51 18.51 18.51 18.51 18.49 18.49 18.49 18.49 18.52 18.52 18.52 18.52 17.25 17.25 17.25 17.25 14.69 14.69 14.69 14.69 14.14 14.14
0.00 0.00 0.00 0.00 0.00 18.16 18.16 17.47 0.00 0.00 0.00 0.00 0.00 0.00 0.00 0.00 0.00 16.62 16.62 17.24 17.24 17.24 17.24 17.45 17.45 17.45 16.58 15.84 15.84 15.84 15.84 15.89 15.89 15.89 15.89 16.40 16.40 16.40 16.40 16.73 16.73 16.73 16.73 17.00 17.00 17.00 17.00 18.18 18.18 18.18 18.18 18.65 18.65 18.65 18.65 18.79 18.79 18.79 18.79 18.51 18.51 18.51 18.51 18.49 18.49 18.49 18.49 18.52 18.52 18.52 18.52 17.25 17.25 17.25 17.25 14.69 14.69 14.69 14.69 14.14 14.14
0.00 0.00 0.00 0.00 18.16 18.16 18.16 17.47 17.47 0.00 0.00 0.00 0.00 0.00 0.00 0.00 16.62 16.62 16.62 17.24 17.24 0.00 0.00 17.45 17.45 17.45 17.45 16.71 16.71 16.71 15.84 15.89 15.89 15.89 15.89 16.40 16.40 16.40 16.40 16.73 16.73 16.73 16.73 17.00 17.00 17.00 17.00 18.18 18.18 18.18 18.18 18.65 18.65 18.65 18.65 0.00 18.79 18.79 18.79 18.51 18.51 18.51 18.51 18.49 18.49 18.49 18.49 18.52 18.52 18.52 18.52 17.25 17.25 17.25 17.25 14.69 14.69 14.69 14.69 14.14 14.14
0.00 0.00 18.25 18.16 18.16 18.16 18.16 17.47 17.47 0.00 0.00 0.00 0.00 0.00 0.00 0.00 0.00 16.62 16.62 17.24 17.24 17.24 17.24 17.45 17.45 17.45 17.45 16.71 16.71 16.71 16.71 16.73 16.73 15.89 15.89 16.40 16.40 16.40 16.40 16.73 16.73 16.73 16.73 17.00 17.00 17.00 17.00 18.18 18.18 18.18 18.18 18.65 0.00 0.00 0.00 18.79 18.79 18.79 18.79 18.51 18.51 18.51 18.51 18.49 18.49 18.49 18.49 18.52 18.52 18.52 18.52 17.25 17.25 17.25 17.25 14.69 14.69 14.69 14.69 14.14 14.14
0.00 0.00 17.86 18.62 18.62 18.62 18.62 17.74 17.74 17.74 0.00 0.00 0.00 0.00 0.00 0.00 0.00 16.20 16.20 17.00 17.00 17.00 17.00 17.69 17.69 17.69 17.69 17.71 17.71 17.71 17.71 18.10 18.10 18.10 18.10 18.05 18.05 17.22 17.22 16.92 16.92 16.92 16.92 17.01 17.01 17.01 17.01 18.46 18.46 18.46 18.46 19.10 19.10 19.10 0.00 0.00 18.69 18.69 18.69 18.11 18.11 18.11 18.11 18.20 18.20 18.20 18.20 18.08 18.08 18.08 18.08 16.16 16.16 16.16 16.16 14.09 14.09 14.09 14.09 14.11 14.11
0.00 17.86 17.86 18.62 18.62 18.62 18.62 17.74 17.74 17.74 17.74 0.00 0.00 0.00 0.00 0.00 0.00 0.00 16.20 17.00 17.00 17.00 17.00 17.69 17.69 17.69 17.69 17.71 17.71 17.71 17.71 18.10 18.10 18.10 18.10 18.05 18.05 18.05 18.05 17.76 16.92 16.92 16.92 17.01 17.01 17.01 17.01 18.46 18.46 18.46 18.46 19.10 19.10 19.10 19.10 0.00 0.00 18.69 18.69 18.11 18.11 18.11 18.11 18.20 18.20 18.20 18.20 18.08 0.00 18.08 18.08 16.16 16.16 16.16 16.16 14.09 14.09 14.09 14.09 14.11 14.11
17.86 17.86 17.86 18.62 18.62 18.62 18.62 17.74 17.74 17.74 17.74 16.16 0.00 0.00 0.00 0.00 0.00 0.00 0.00 17.00 17.00 17.00 17.00 17.69 17.69 17.69 17.69 17.71 17.71 17.71 17.71 18.10 18.10 18.10 18.10 18.05 18.05 18.05 18.05 17.76 17.76 17.76 17.76 17.84 17.01 17.01 17.01 18.46 18.46 18.46 18.46 19.10 19.10 19.10 0.00 18.69 0.00 0.00 0.00 18.11 18.11 18.11 18.11 18.20 18.20 14.50 18.20 0.00 18.08 18.08 18.08 16.16 16.16 16.16 16.16 14.09 14.09 14.09 14.09 14.11 14.11
17.86 17.86 17.86 18.62 18.62 18.62 18.62 17.74 17.74 17.74 17.74 13.11 0.00 0.00 0.00 0.00 0.00 0.00 0.00 17.00 0.00 17.00 17.00 17.69 17.69 17.69 17.69 17.71 17.71 17.71 17.71 18.10 18.10 18.10 18.10 18.05 18.05 18.05 18.05 17.76 17.76 17.76 17.76 17.84 17.84 17.84 17.84 18.46 18.46 18.46 18.46 19.10 0.00 19.10 19.10 0.00 0.00 0.00 18.69 18.11 18.11 18.11 18.11 18.20 18.20 18.20 18.20 0.00 18.08 18.08 18.08 16.16 16.16 16.16 16.16 14.09 14.09 14.09 14.09 14.11 14.11
17.99 17.99 17.99 18.75 18.75 18.75 18.75 18.04 18.04 18.04 18.04 16.39 0.00 0.00 0.00 0.00 0.00 0.00 0.00 0.00 16.51 16.51 16.51 17.21 17.21 17.21 17.21 17.66 0.00 17.66 17.66 18.30 18.30 18.30 18.30 18.13 18.13 18.13 18.13 18.13 18.13 18.13 18.13 18.59 18.59 18.59 18.59 19.51 19.51 19.51 19.51 18.27 18.27 18.27 18.27 17.80 17.80 0.00 0.00 17.77 17.77 17.77 17.77 18.11 18.11 18.11 18.11 17.37 17.37 17.37 17.37 15.61 15.61 15.61 15.61 14.03 14.03 14.03 14.03 14.07 14.07
17.99 17.99 17.99 18.75 18.75 18.75 18.75 18.04 18.04 18.04 18.04 16.39 0.00 0.00 0.00 0.00 0.00 0.00 0.00 0.00 0.00 16.51 16.51 17.21 17.21 17.21 17.21 17.66 17.66 17.66 17.66 18.30 0.00 18.30 18.30 18.13 18.13 18.13 18.13 18.13 18.13 18.13 18.13 18.59 18.59 18.59 18.59 19.51 19.51 19.51 19.51 19.07 19.07 19.07 18.27 17.80 17.80 17.80 0.00 0.00 0.00 17.77 17.77 18.11 18.11 0.00 0.00 17.37 17.37 17.37 17.37 15.61 15.61 15.61 15.61 14.03 14.03 14.03 14.03 14.07 14.07
18.99 18.99 18.99 19.87 19.87 19.87 19.87 19.05 19.05 19.05 19.05 17.12 0.00 17.12 17.12 16.85 0.00 0.00 0.00 0.00 0.00 0.00 0.00 18.04 18.04 18.04 18.04 18.57 18.57 18.57 18.57 19.22 19.22 19.22 19.22 19.03 19.03 19.03 19.03 19.02 19.02 19.02 19.02 19.55 19.55 19.55 19.55 20.57 20.57 0.00 20.57 20.06 20.06 20.06 20.06 19.53 19.53 19.53 0.00 0.00 0.00 0.00 18.72 19.17 0.00 0.00 19.17 18.31 18.31 18.31 18.31 16.29 16.29 16.29 16.29 14.46 14.46 14.46 14.46 14.54 12.90
18.99 18.99 0.00 19.87 19.87 19.87 19.87 19.05 19.05 19.05 19.05 17.12 17.12 17.12 17.12 16.85 16.85 16.85 0.00 0.00 0.00 0.00 0.00 18.04 18.04 18.04 18.04 18.57 18.57 18.57 18.57 19.22 19.22 19.22 19.22 19.03 19.03 19.03 19.03 19.02 19.02 19.02 19.02 19.55 19.55 19.55 19.55 20.57 20.57 20.57 20.57 20.06 20.06 20.06 20.06 19.53 19.53 19.53 19.53 0.00 0.00 0.00 0.00 0.00 0.00 0.00 19.17 18.31 18.31 18.31 18.31 16.29 16.29 16.29 16.29 14.46 14.46 14.46 14.46 14.54 14.54
18.39 18.39 18.39 19.06 19.06 19.06 19.06 19.47 19.47 19.47 19.47 18.48 18.48 0.00 18.48 17.42 17.42 0.00 0.00 0.00 0.00 0.00 0.00 17.01 17.01 17.01 17.01 17.36 17.36 17.36 17.36 17.74 17.74 17.74 17.74 17.67 17.67 17.67 17.67 18.40 18.40 18.40 18.40 19.05 19.05 19.05 19.05 19.17 19.17 19.17 19.17 18.39 18.39 18.39 18.39 18.35 18.35 18.35 0.00 0.00 19.04 19.04 0.00 19.71 19.71 18.97 18.97 18.16 18.16 18.16 18.16 16.67 16.67 16.67 16.67 15.05 15.05 15.05 15.05 15.36 15.36
18.39 18.39 18.39 19.06 19.06 19.06 19.06 19.47 19.47 19.47 19.47 18.48 18.48 18.48 18.48 17.42 17.42 14.29 0.00 0.00 0.00 0.00 0.00 0.00 0.00 17.01 17.01 17.36 17.36 17.36 17.36 17.74 17.74 17.74 17.74 17.67 17.67 17.67 17.67 18.40 18.40 18.40 18.40 19.05 19.05 19.05 19.05 19.17 19.17 19.17 19.17 18.39 18.39 18.39 18.39 18.35 18.35 18.35 18.35 19.04 19.04 19.04 19.04 0.00 0.00 19.71 19.71 18.91 18.91 18.16 18.16 16.67 16.67 16.67 16.67 15.05 15.05 15.05 15.05 15.36 15.36
18.39 18.39 18.39 19.06 19.06 19.06 19.06 19.47 19.47 19.47 19.47 18.48 18.48 18.48 18.48 17.42 17.42 17.42 0.00 0.00 0.00 0.00 0.00 0.00 0.00 17.01 17.01 17.36 17.36 17.36 17.36 17.74 17.74 17.74 17.74 17.67 17.67 17.67 17.67 18.40 18.40 18.40 18.40 19.05 19.05 19.05 19.05 19.17 19.17 19.17 19.17 18.39 18.39 18.39 18.39 18.35 18.35 18.35 18.35 19.04 19.04 19.04 19.04 0.00 0.00 19.71 19.71 18.91 18.91 18.91 18.91 17.42 16.67 16.67 16.67 15.05 15.05 15.05 15.05 15.36 15.36
18.39 18.39 18.39 19.06 19.06 19.06 19.06 19.47 19.47 19.47 19.47 18.48 18.48 18.48 18.48 17.42 17.42 17.42 17.42 16.83 16.83 16.83 16.83 0.00 0.00 17.01 17.01 17.36 17.36 0.00 17.36 17.74 17.74 17.74 17.74 17.67 17.67 17.67 17.67 18.40 18.40 18.40 18.40 19.05 19.05 19.05 19.05 19.17 19.17 19.17 19.17 18.39 18.39 18.39 18.39 18.35 0.00 18.35 18.35 19.04 19.04 19.04 19.04 0.00 0.00 0.00 19.71 18.91 18.91 18.91 18.91 17.42 17.42 17.42 17.42 15.80 15.05 15.05 15.05 15.36 15.36
