New_Model_Runs/11_Future_RCP4.5_Scn1_out/post_prcessed_with_MFR/net_infiltration_annual.asc
NCOLS 700
NROWS 400
XLLCENTER 515000.000000
YLLCENTER 8409000.000000
CELLSIZE 50.000000
NODATA_value -999.000000
[rows 245 to 279 of 400, columns 78 to 155 of 700]
103.73 103.73 107.60 107.60 107.60 107.60 107.81 107.81 107.81 107.81 108.47 108.47 108.47 108.47 108.64 108.64 108.64 108.64 110.61 110.61 110.61 110.07 111.66 111.66 111.66 111.66 111.98 111.98 111.98 111.98 112.47 112.47 112.47 131.22 112.05 112.05 112.05 112.05 111.19 111.19 111.19 111.19 111.20 111.20 111.20 111.20 111.35 111.35 111.35 111.35 115.01 115.01 115.01 115.01 136.67 116.28 116.28 116.28 117.00 117.00 117.00 84.35 116.68 116.68 116.68 116.68 119.16 119.16 119.16 130.51 118.21 118.21 118.21 118.21 118.30 118.30 118.30 118.30
103.73 115.15 107.60 107.60 107.60 107.60 107.81 107.81 107.81 107.81 108.47 108.47 108.47 108.47 108.64 108.64 108.64 108.64 110.61 110.61 110.61 110.61 111.04 111.04 111.04 111.66 111.98 111.98 111.98 111.98 112.47 112.47 112.47 126.95 141.48 129.10 112.05 127.00 111.19 111.19 111.19 111.19 111.20 111.20 111.20 111.20 111.35 111.35 111.35 111.35 115.01 115.01 115.01 115.01 127.30 116.28 116.28 116.28 117.00 117.00 117.00 117.00 116.68 116.68 116.68 116.68 119.16 119.16 119.16 130.51 118.21 118.21 118.21 118.21 118.30 118.30 118.30 118.30
114.35 103.73 107.60 107.60 107.60 126.26 107.81 107.81 107.81 107.81 118.07 108.47 108.47 108.47 108.64 118.25 108.64 108.64 110.61 110.61 110.61 110.61 111.04 111.04 111.04 111.04 112.24 112.24 111.98 111.98 112.47 123.60 118.00 129.07 129.10 129.10 129.10 112.05 111.19 111.19 111.19 111.19 111.20 111.20 111.20 111.20 166.22 111.35 111.35 121.92 115.01 115.01 115.01 115.01 116.28 116.28 116.28 127.60 117.00 117.00 117.00 128.59 116.68 116.68 116.68 116.68 119.16 119.16 119.16 119.16 118.21 118.21 118.21 118.21 118.30 118.30 118.30 118.30
103.47 103.47 107.41 107.41 107.41 107.41 107.92 107.92 107.92 107.92 108.64 108.64 108.64 108.64 108.74 108.74 108.74 108.74 110.62 110.62 110.62 110.62 111.32 111.32 111.32 111.32 111.53 111.53 111.53 111.53 136.90 112.49 126.95 129.07 129.10 129.10 122.76 111.66 110.96 110.96 110.96 110.96 111.19 111.19 141.52 141.52 166.38 111.00 111.00 111.00 114.82 114.82 114.82 114.82 115.82 115.82 115.82 127.09 116.88 116.88 116.88 137.27 116.17 116.17 116.17 116.17 118.66 118.66 118.66 118.66 118.24 118.24 118.24 130.07 118.19 118.19 118.19 118.19
103.47 103.47 107.41 107.41 107.41 116.98 107.92 107.92 107.92 107.92 108.64 108.64 108.64 108.64 108.74 108.74 108.74 108.74 110.62 110.62 110.62 110.62 111.32 130.99 111.32 111.32 111.53 111.53 111.53 111.53 127.43 111.54 111.54 127.43 129.10 79.82 111.66 111.66 110.96 110.96 110.96 110.96 111.19 111.19 141.52 141.52 141.69 141.69 122.23 111.00 114.82 114.82 114.82 114.82 115.82 115.82 115.82 115.82 116.88 116.88 136.09 136.09 116.17 127.48 116.17 128.34 118.66 118.66 118.66 118.66 118.24 118.24 118.24 118.24 118.19 118.19 118.19 118.19
103.47 103.47 107.41 107.41 107.41 107.41 107.92 107.92 107.92 107.92 108.64 108.64 108.64 108.64 108.74 108.74 108.74 108.74 110.62 110.62 110.62 110.62 111.32 111.32 111.32 111.32 111.53 127.43 127.43 202.53 127.43 111.54 111.54 127.43 111.25 132.26 111.25 111.25 110.96 110.96 110.96 110.96 111.19 111.19 111.19 141.52 141.69 141.69 141.69 111.00 114.82 114.82 114.82 114.82 115.82 115.82 115.82 115.82 116.88 128.34 136.09 136.09 116.17 116.17 116.17 116.17 118.66 118.66 118.66 118.66 118.24 118.24 118.24 118.24 118.19 118.19 118.19 118.19
103.47 103.47 107.41 107.41 107.41 107.41 107.92 107.92 107.92 107.92 108.64 108.64 108.64 108.64 108.74 108.74 118.37 108.74 110.62 110.62 110.62 110.62 111.32 130.97 111.32 111.32 127.43 127.43 140.46 140.46 130.17 111.54 111.54 111.54 111.25 111.25 113.38 154.54 110.17 110.17 110.17 110.96 111.19 111.19 111.19 141.52 141.69 152.83 141.69 141.69 135.60 114.82 114.82 114.82 115.82 115.82 115.82 115.82 116.88 116.88 116.88 149.11 116.17 116.17 116.17 116.17 118.66 118.66 118.66 118.66 118.24 141.46 141.46 118.24 118.19 118.19 118.19 118.19
102.62 102.62 107.30 107.30 107.30 107.30 108.20 108.20 108.20 108.20 108.70 108.70 108.70 108.70 108.70 108.70 118.33 108.70 109.66 109.66 109.66 109.66 111.22 111.22 111.22 111.22 127.43 145.67 115.36 140.46 140.46 121.89 116.67 111.46 113.41 111.32 130.07 111.32 110.34 110.34 110.34 110.34 142.20 142.20 141.56 141.56 141.82 152.95 152.95 111.09 114.55 114.55 114.55 114.55 115.04 115.04 115.04 115.04 136.09 136.09 116.36 163.05 115.70 115.70 115.70 115.70 118.69 118.69 130.55 118.69 118.57 138.73 138.73 118.57 117.95 117.95 129.75 117.95
102.62 102.62 107.30 107.30 107.30 107.30 108.20 108.20 108.20 108.20 108.70 108.70 108.70 108.70 108.70 108.70 108.70 108.70 127.43 109.66 109.66 109.66 111.22 111.22 111.22 111.22 127.43 136.22 141.44 136.22 131.01 67.98 62.77 52.34 124.59 111.32 130.07 111.32 110.34 110.34 110.34 110.34 110.35 130.07 110.35 142.21 142.70 142.70 141.82 111.09 114.55 114.55 114.55 114.55 115.04 115.04 115.04 115.04 116.36 136.09 136.09 162.76 115.70 115.70 115.70 115.70 118.69 141.76 118.69 118.69 118.57 118.57 118.57 118.57 117.95 117.95 117.95 117.95
102.62 102.62 107.30 107.30 107.30 107.30 108.20 108.20 110.87 126.35 108.70 127.52 108.70 118.31 108.70 108.70 108.70 108.70 109.66 130.17 130.17 130.17 130.17 127.43 127.43 111.22 137.86 78.41 73.20 146.65 110.70 163.30 173.73 168.51 99.91 124.59 121.75 111.32 110.34 110.34 110.34 110.34 110.35 130.07 130.07 110.35 142.70 142.70 153.35 142.70 147.35 114.55 114.55 114.55 115.04 115.04 115.04 115.04 116.36 136.09 136.09 162.69 115.68 115.70 115.70 137.02 141.76 141.76 141.76 141.76 118.57 118.57 118.57 118.57 117.95 117.95 117.95 117.95
102.62 102.62 107.30 107.30 107.30 107.30 127.65 126.35 126.35 126.35 108.70 118.31 108.70 108.70 108.70 108.70 108.70 108.70 109.66 109.66 127.43 130.17 130.17 130.17 111.22 127.43 148.29 78.41 100.27 152.87 0.00 0.00 0.00 0.00 0.00 156.88 46.76 121.75 110.34 110.34 110.34 127.32 130.07 130.07 130.07 127.32 110.69 142.70 141.79 141.79 147.35 113.72 113.72 113.72 115.04 115.04 115.04 115.04 116.36 133.57 136.09 136.02 115.68 115.70 115.70 115.70 141.76 141.76 84.71 141.76 118.57 118.57 118.57 118.57 117.95 117.95 117.95 117.95
102.34 102.34 107.72 107.72 107.72 107.72 108.49 126.35 126.35 126.35 118.25 108.63 108.63 108.63 108.58 108.58 108.58 108.58 109.87 119.96 109.87 109.87 127.43 111.18 127.43 127.43 163.30 100.27 0.00 0.00 0.00 0.00 0.00 0.00 0.00 0.00 156.88 132.41 110.53 110.53 110.53 127.32 127.32 130.07 130.07 127.32 110.40 142.28 164.10 141.79 149.00 147.10 113.56 113.56 113.76 113.76 113.76 114.58 115.58 144.78 133.57 136.02 117.57 115.71 115.71 115.71 118.91 141.91 118.91 118.91 118.55 118.55 130.42 118.55 117.62 117.62 129.39 141.61
102.34 102.34 107.72 107.72 107.72 107.72 126.35 111.01 126.35 126.35 123.87 108.63 108.63 126.35 108.58 108.58 108.58 108.58 109.87 109.87 109.87 109.87 111.18 111.18 111.18 153.89 5.21 0.00 0.00 0.00 0.00 0.00 0.00 0.00 0.00 0.00 0.00 201.32 158.12 110.53 110.53 110.53 127.32 130.07 130.07 130.07 110.40 141.79 141.79 140.66 148.14 149.00 125.84 113.56 113.76 113.76 113.76 113.76 114.91 114.91 114.91 136.09 136.02 136.02 115.71 115.71 141.91 138.73 118.91 118.91 118.55 130.41 118.55 141.66 117.62 117.62 117.62 117.62
104.76 104.76 107.85 107.85 107.85 107.85 132.53 132.53 132.53 132.53 111.70 108.67 108.67 108.67 118.46 108.62 108.62 108.62 111.01 111.01 111.01 111.01 112.34 112.34 149.53 0.00 0.00 0.00 0.00 0.00 0.00 0.00 0.00 0.00 0.00 0.00 0.00 53.15 134.46 129.24 116.84 111.62 118.64 111.65 111.65 132.39 111.50 111.50 145.31 157.65 135.18 136.45 107.40 107.40 107.59 107.59 107.59 107.59 108.60 108.60 108.60 125.26 125.08 181.70 109.69 116.99 110.85 110.85 110.85 110.85 111.41 111.41 111.41 111.41 110.50 110.50 110.50 110.50
104.76 104.76 107.85 107.85 107.85 107.85 132.53 132.53 132.53 132.53 132.53 108.67 108.67 108.67 108.62 108.62 108.62 108.62 111.01 144.48 144.48 202.54 127.67 154.75 0.00 0.00 0.00 0.00 0.00 0.00 0.00 0.00 0.00 0.00 0.00 0.00 0.00 0.00 97.66 70.58 156.02 116.84 111.65 132.39 132.39 135.37 111.50 132.39 144.79 145.31 136.45 136.45 107.40 107.40 107.59 107.59 107.59 107.59 108.60 108.60 108.60 125.26 122.88 125.08 125.26 108.72 110.48 110.85 110.85 110.85 130.74 111.41 122.38 111.41 110.50 110.50 110.50 110.50
105.58 105.58 107.94 107.94 107.94 107.94 132.53 144.05 132.53 132.53 111.47 108.30 108.30 108.30 108.46 108.46 108.46 108.46 144.48 144.48 144.48 139.65 187.58 0.00 0.00 0.00 0.00 0.00 0.00 0.00 0.00 0.00 0.00 0.00 0.00 0.00 0.00 0.00 97.66 139.67 134.46 116.56 112.48 132.39 132.39 135.37 112.57 132.39 132.39 145.31 136.45 135.18 166.77 137.05 107.29 107.29 107.29 107.29 108.20 108.20 108.20 125.26 115.59 137.68 122.88 108.45 110.22 125.44 125.44 116.34 110.95 110.95 110.95 110.95 110.41 110.41 110.41 110.41
105.58 105.58 107.94 107.94 107.94 107.94 108.29 132.53 132.53 132.53 108.30 108.30 108.30 108.30 108.46 108.46 108.46 108.46 144.48 144.48 149.69 177.15 166.72 0.00 0.00 0.00 0.00 0.00 0.00 0.00 0.00 0.00 0.00 0.00 0.00 0.00 0.00 0.00 97.66 134.46 149.11 150.00 112.48 132.39 132.39 132.39 132.39 132.39 132.39 145.31 135.18 135.18 135.18 137.05 107.29 107.29 107.29 107.29 108.20 108.20 108.20 108.20 27.84 151.66 108.45 119.49 110.22 125.44 170.71 125.44 129.78 109.87 109.87 109.87 110.41 110.41 110.41 110.41
105.58 105.58 107.94 107.94 107.94 107.94 108.29 108.29 108.29 108.29 108.30 108.30 118.38 132.53 108.46 108.46 111.56 108.46 138.59 149.69 188.26 175.68 0.00 0.00 0.00 0.00 0.00 0.00 0.00 0.00 0.00 0.00 0.00 0.00 0.00 0.00 0.00 0.00 166.75 129.24 139.67 150.53 140.32 112.48 135.37 135.37 132.39 132.39 135.37 144.79 129.31 135.18 135.18 137.05 107.29 107.29 107.29 127.33 127.98 108.20 108.20 130.29 98.00 150.99 108.45 108.45 110.22 125.44 130.12 125.44 125.44 109.87 109.87 109.87 109.34 109.34 109.34 110.41
0.00 145.42 175.25 107.94 107.94 107.94 108.29 108.29 108.29 132.53 137.75 132.53 108.30 108.30 132.53 108.46 108.46 108.46 149.19 140.32 161.51 0.00 0.00 0.00 0.00 0.00 0.00 0.00 0.00 0.00 0.00 0.00 0.00 0.00 0.00 0.00 0.00 0.00 82.01 182.39 155.22 163.06 132.39 135.37 135.37 135.37 132.39 135.37 135.37 144.79 151.16 135.18 147.62 136.45 107.29 107.29 107.29 127.33 122.88 108.20 126.20 38.27 142.41 113.66 118.97 108.45 125.44 130.12 125.44 125.44 125.44 125.44 129.38 109.87 129.44 109.34 109.34 109.34
0.00 0.00 0.00 0.00 148.42 108.23 108.34 108.34 108.34 129.78 137.75 137.75 108.19 108.19 108.15 132.53 132.53 146.59 150.75 161.51 0.00 0.00 0.00 0.00 0.00 0.00 0.00 0.00 0.00 0.00 0.00 0.00 0.00 0.00 0.00 0.00 0.00 0.00 0.00 153.25 154.65 112.30 132.39 145.33 132.39 132.39 132.39 135.37 135.37 118.81 110.68 135.18 107.12 107.12 107.17 107.17 107.17 122.88 125.26 108.01 133.07 59.19 139.72 115.90 108.00 108.00 109.85 125.44 125.44 151.02 125.44 128.11 109.77 109.77 109.63 109.63 109.63 109.63
0.00 0.00 0.00 0.00 0.00 148.42 151.06 151.06 151.06 118.77 139.99 139.99 113.40 108.19 108.15 108.15 132.53 142.96 166.72 0.00 0.00 0.00 0.00 0.00 0.00 0.00 0.00 0.00 0.00 0.00 0.00 0.00 0.00 0.00 0.00 0.00 0.00 0.00 0.00 112.30 165.08 150.54 132.39 132.39 111.94 111.94 112.51 132.39 178.09 118.81 110.68 136.83 112.33 107.12 107.17 107.17 107.17 122.88 125.26 113.23 139.30 69.62 79.99 136.76 118.38 108.00 109.85 109.85 125.44 125.44 111.31 128.11 109.77 109.77 109.63 109.63 109.63 109.63
0.00 0.00 0.00 0.00 0.00 0.00 42.72 0.00 0.00 0.00 177.49 100.88 139.99 108.19 108.15 108.15 132.53 175.25 0.00 0.00 0.00 0.00 0.00 0.00 0.00 0.00 0.00 0.00 0.00 0.00 0.00 0.00 0.00 0.00 0.00 0.00 0.00 0.00 0.00 42.72 170.29 148.04 111.94 111.94 111.94 111.94 112.51 112.51 178.09 118.81 105.47 121.11 131.12 136.83 107.17 122.88 122.88 122.88 113.85 50.94 98.87 98.87 93.65 56.15 148.63 122.88 125.44 109.85 125.44 125.44 154.29 109.77 139.42 125.44 109.63 109.63 109.63 109.63
0.00 0.00 0.00 0.00 0.00 0.00 0.00 0.00 0.00 0.00 0.00 0.00 0.00 150.90 108.15 108.15 132.53 175.25 0.00 0.00 0.00 0.00 0.00 0.00 0.00 0.00 0.00 0.00 0.00 0.00 0.00 0.00 0.00 0.00 0.00 0.00 0.00 0.00 0.00 0.00 166.72 122.73 117.16 111.94 111.94 122.37 138.63 128.20 170.92 193.25 45.72 136.76 56.15 105.47 107.17 107.17 107.17 128.09 86.26 153.40 0.00 0.00 0.00 53.15 148.19 125.26 109.85 125.44 125.44 139.42 128.11 128.11 125.44 129.71 109.63 109.63 109.63 109.63
0.00 0.00 0.00 0.00 0.00 0.00 0.00 0.00 0.00 0.00 0.00 0.00 0.00 0.00 148.42 150.88 150.88 0.00 0.00 0.00 0.00 0.00 0.00 0.00 0.00 0.00 0.00 0.00 0.00 0.00 0.00 0.00 0.00 0.00 0.00 0.00 0.00 0.00 0.00 0.00 0.00 154.65 159.86 111.93 111.60 169.97 165.08 0.00 0.00 5.21 163.83 163.83 115.90 105.47 135.18 106.98 106.98 149.70 0.00 0.00 0.00 0.00 0.00 0.00 149.97 118.08 109.48 125.44 125.44 128.11 128.11 125.44 129.77 125.44 125.44 109.39 109.39 119.48
0.00 0.00 0.00 0.00 0.00 0.00 0.00 0.00 0.00 0.00 0.00 0.00 0.00 0.00 77.44 0.00 0.00 0.00 0.00 0.00 0.00 0.00 0.00 0.00 0.00 0.00 0.00 0.00 0.00 0.00 0.00 0.00 0.00 0.00 0.00 0.00 0.00 0.00 0.00 0.00 0.00 0.00 0.00 0.00 154.32 0.00 0.00 0.00 0.00 0.00 0.00 0.00 0.00 78.01 45.06 112.19 106.98 149.70 0.00 0.00 0.00 0.00 0.00 0.00 149.97 107.25 109.48 125.44 147.39 117.49 109.91 128.11 128.11 125.44 109.39 119.44 119.44 109.39
0.00 0.00 0.00 0.00 0.00 0.00 0.00 0.00 0.00 0.00 0.00 0.00 0.00 0.00 0.00 0.00 0.00 0.00 0.00 0.00 0.00 0.00 0.00 0.00 0.00 0.00 0.00 0.00 0.00 0.00 0.00 0.00 0.00 0.00 0.00 0.00 0.00 0.00 0.00 0.00 0.00 0.00 0.00 0.00 0.00 0.00 0.00 0.00 0.00 0.00 0.00 0.00 0.00 0.00 158.62 117.41 165.59 0.00 0.00 0.00 0.00 0.00 0.00 0.00 42.72 115.21 125.44 109.48 145.02 122.70 117.49 143.24 139.40 126.55 109.39 109.39 115.69 109.39
0.00 0.00 0.00 0.00 0.00 0.00 0.00 0.00 0.00 0.00 0.00 0.00 0.00 0.00 0.00 0.00 0.00 0.00 0.00 0.00 0.00 0.00 0.00 0.00 0.00 0.00 0.00 0.00 0.00 0.00 0.00 0.00 0.00 0.00 0.00 0.00 0.00 0.00 0.00 0.00 0.00 0.00 0.00 0.00 0.00 0.00 0.00 0.00 0.00 0.00 0.00 0.00 0.00 0.00 0.00 135.71 0.00 0.00 0.00 0.00 0.00 0.00 0.00 0.00 42.72 149.97 129.52 114.69 112.27 46.20 122.70 61.84 135.69 128.97 109.39 109.39 109.39 125.44
0.00 0.00 0.00 0.00 0.00 0.00 0.00 0.00 0.00 0.00 0.00 0.00 0.00 0.00 0.00 0.00 0.00 0.00 0.00 0.00 0.00 0.00 0.00 0.00 0.00 0.00 0.00 0.00 0.00 0.00 0.00 0.00 0.00 0.00 0.00 0.00 0.00 0.00 0.00 0.00 0.00 0.00 0.00 0.00 0.00 0.00 0.00 0.00 0.00 0.00 0.00 0.00 0.00 0.00 107.44 0.00 0.00 0.00 0.00 0.00 0.00 0.00 0.00 0.00 0.00 150.63 108.98 104.70 149.78 160.21 88.92 99.35 51.41 112.27 119.11 108.59 125.44 108.59
0.00 0.00 0.00 0.00 0.00 0.00 0.00 0.00 0.00 0.00 0.00 0.00 0.00 0.00 0.00 0.00 0.00 0.00 0.00 0.00 0.00 0.00 0.00 0.00 0.00 0.00 0.00 0.00 0.00 0.00 0.00 0.00 0.00 0.00 0.00 0.00 0.00 0.00 0.00 0.00 0.00 0.00 0.00 0.00 0.00 0.00 0.00 0.00 0.00 0.00 0.00 0.00 0.00 0.00 63.52 0.00 0.00 0.00 0.00 0.00 0.00 0.00 0.00 0.00 0.00 0.00 151.70 142.20 0.00 0.00 0.00 0.00 53.15 154.99 113.80 125.44 125.44 108.59
0.00 0.00 0.00 0.00 0.00 0.00 0.00 0.00 0.00 0.00 0.00 0.00 0.00 0.00 0.00 0.00 0.00 0.00 0.00 0.00 0.00 0.00 0.00 0.00 0.00 0.00 0.00 0.00 0.00 0.00 0.00 0.00 0.00 0.00 0.00 0.00 0.00 0.00 0.00 0.00 0.00 0.00 0.00 0.00 0.00 0.00 0.00 0.00 0.00 0.00 0.00 0.00 0.00 0.00 0.00 0.00 0.00 0.00 0.00 0.00 0.00 0.00 0.00 0.00 0.00 0.00 146.69 0.00 0.00 0.00 0.00 0.00 0.00 0.00 170.32 128.95 109.88 128.95
0.00 0.00 0.00 0.00 0.00 0.00 0.00 0.00 0.00 0.00 0.00 0.00 0.00 0.00 0.00 0.00 0.00 0.00 0.00 0.00 0.00 0.00 0.00 0.00 0.00 0.00 0.00 0.00 0.00 0.00 0.00 0.00 0.00 0.00 0.00 0.00 0.00 0.00 0.00 0.00 0.00 0.00 0.00 0.00 0.00 0.00 0.00 0.00 0.00 0.00 0.00 0.00 0.00 0.00 0.00 0.00 0.00 0.00 0.00 0.00 0.00 0.00 0.00 0.00 0.00 0.00 0.00 0.00 0.00 0.00 0.00 0.00 0.00 0.00 171.67 128.95 128.95 128.95
0.00 0.00 0.00 0.00 0.00 0.00 0.00 0.00 0.00 0.00 0.00 0.00 0.00 0.00 0.00 0.00 0.00 0.00 0.00 0.00 0.00 0.00 0.00 0.00 0.00 0.00 0.00 0.00 0.00 0.00 0.00 0.00 0.00 0.00 0.00 0.00 0.00 0.00 0.00 0.00 0.00 0.00 0.00 0.00 0.00 0.00 0.00 0.00 0.00 0.00 0.00 0.00 0.00 0.00 0.00 0.00 0.00 0.00 0.00 0.00 0.00 0.00 0.00 0.00 0.00 0.00 0.00 0.00 0.00 0.00 0.00 0.00 0.00 0.00 171.67 128.95 131.73 115.03
0.00 0.00 0.00 0.00 0.00 0.00 0.00 0.00 0.00 0.00 0.00 0.00 0.00 0.00 0.00 0.00 0.00 0.00 0.00 0.00 0.00 0.00 0.00 0.00 0.00 0.00 0.00 0.00 0.00 0.00 0.00 0.00 0.00 0.00 0.00 0.00 0.00 0.00 0.00 0.00 0.00 0.00 0.00 0.00 0.00 0.00 0.00 0.00 0.00 0.00 0.00 0.00 0.00 0.00 0.00 0.00 0.00 0.00 0.00 0.00 0.00 0.00 0.00 0.00 0.00 0.00 0.00 0.00 0.00 0.00 0.00 0.00 0.00 0.00 171.67 131.73 109.82 124.83
0.00 0.00 0.00 0.00 0.00 0.00 0.00 0.00 0.00 0.00 0.00 0.00 0.00 0.00 0.00 0.00 0.00 0.00 0.00 0.00 0.00 0.00 0.00 0.00 0.00 0.00 0.00 0.00 0.00 0.00 0.00 0.00 0.00 0.00 0.00 0.00 0.00 0.00 0.00 0.00 0.00 0.00 0.00 0.00 0.00 0.00 0.00 0.00 0.00 0.00 0.00 0.00 0.00 0.00 0.00 0.00 0.00 0.00 0.00 0.00 0.00 0.00 0.00 0.00 0.00 0.00 0.00 0.00 0.00 0.00 0.00 0.00 0.00 0.00 146.69 131.73 152.54 91.56
0.00 0.00 0.00 0.00 0.00 0.00 0.00 0.00 0.00 0.00 0.00 0.00 0.00 0.00 0.00 0.00 0.00 0.00 0.00 0.00 0.00 0.00 0.00 0.00 0.00 0.00 0.00 0.00 0.00 0.00 0.00 0.00 0.00 0.00 0.00 0.00 0.00 0.00 0.00 0.00 0.00 0.00 0.00 0.00 0.00 0.00 0.00 0.00 0.00 0.00 0.00 0.00 0.00 0.00 0.00 0.00 0.00 0.00 0.00 0.00 0.00 0.00 0.00 0.00 0.00 0.00 0.00 0.00 0.00 0.00 0.00 0.00 0.00 0.00 0.00 146.69 0.00 0.00
