New_Model_Runs/11_Future_RCP4.5_Scn1_out/post_prcessed_with_MFR/net_infiltration_annual.asc
NCOLS 700
NROWS 400
XLLCENTER 515000.000000
YLLCENTER 8409000.000000
CELLSIZE 50.000000
NODATA_value -999.000000
[rows 288 to 323 of 400, columns 162 to 242 of 700]
112.11 112.14 42.22 69.49 68.86 60.41 41.08 35.87 109.91 108.47 112.46 60.94 20.27 108.92 107.87 71.45 81.89 76.70 78.95 71.54 75.70 66.38 58.20 58.06 67.73 72.96 72.99 63.38 67.31 66.32 67.59 67.61 72.84 64.49 78.09 69.75 69.77 70.06 72.95 120.90 74.62 77.49 70.16 73.05 75.66 67.88 66.51 66.53 80.37 73.02 78.92 62.52 78.31 49.81 73.14 73.17 78.51 78.52 70.68 73.28 78.53 81.32 69.63 65.63 80.88 80.91 75.73 63.28 57.20 51.22 60.93 68.86 79.11 63.71 60.39 68.93 63.71 63.70 57.56 67.97 57.50
122.47 85.00 74.60 60.63 74.00 60.69 60.72 62.87 71.20 65.67 108.41 103.23 113.69 80.41 73.96 57.93 66.17 76.62 31.28 62.59 71.48 66.29 67.58 70.63 71.47 63.23 57.95 57.98 71.42 66.23 67.50 67.52 67.53 67.55 70.88 69.91 69.93 72.84 79.55 117.07 64.53 64.55 67.72 67.73 67.75 67.77 66.41 66.43 71.20 80.35 78.88 71.88 72.99 49.70 70.46 73.07 73.10 78.48 79.41 79.42 79.43 79.45 69.53 54.64 82.64 72.23 67.67 98.96 63.47 51.08 55.58 55.59 71.25 63.54 63.59 63.59 63.58 63.57 57.30 57.27 57.23
113.33 81.08 71.84 79.70 65.03 70.27 50.45 51.56 70.35 68.86 56.87 112.97 89.77 110.10 83.04 77.83 102.02 100.72 58.03 63.27 70.81 67.03 60.42 60.33 62.16 62.18 62.20 60.42 60.44 60.45 60.87 60.89 60.91 60.93 60.94 71.39 78.39 64.74 64.76 105.51 61.04 50.87 49.19 68.08 61.11 61.13 60.21 60.23 66.31 74.05 66.35 66.37 66.39 66.41 66.44 66.46 66.48 66.51 73.47 73.48 59.53 59.56 64.78 64.81 57.32 26.07 96.74 59.24 64.47 54.11 59.34 56.71 51.50 51.51 61.35 57.94 57.94 57.92 55.20 57.71 55.12
134.57 85.89 60.17 64.93 56.61 55.57 60.81 59.65 103.58 94.26 104.71 66.15 73.31 72.51 78.69 88.23 66.57 61.38 100.20 100.68 60.30 65.53 60.22 60.24 62.08 62.10 62.12 62.14 60.35 60.36 60.78 60.80 60.81 60.83 60.85 60.86 62.66 73.10 59.43 102.17 63.34 66.18 66.19 19.94 61.01 61.03 60.10 60.12 63.57 74.01 66.25 66.27 66.29 72.96 72.92 72.93 66.38 66.41 73.43 73.44 73.45 59.45 64.67 64.70 65.67 26.03 57.32 51.26 59.13 64.36 72.22 64.39 59.19 56.57 54.00 59.25 63.01 63.00 53.02 55.01 60.19
118.41 60.07 56.47 51.28 59.67 53.44 65.95 99.33 94.14 64.83 63.51 65.07 70.31 66.12 86.15 110.91 77.18 66.77 62.61 35.09 105.38 90.21 60.13 60.16 62.00 71.01 62.03 62.05 62.07 60.27 60.69 60.70 60.72 62.52 60.75 60.77 60.78 60.80 62.59 102.05 66.06 60.86 60.88 60.89 60.91 62.70 60.00 60.02 61.85 73.81 66.15 66.17 66.19 72.78 72.85 72.86 72.87 72.88 73.64 73.65 73.66 73.67 71.51 64.58 69.82 20.77 91.22 58.97 48.56 59.01 59.03 59.04 59.05 59.05 66.29 64.63 59.10 62.85 52.87 58.05 97.53
97.47 54.78 66.82 66.85 72.98 74.69 94.00 98.18 61.77 72.23 56.61 60.78 70.23 56.69 59.99 100.39 65.26 61.48 61.50 70.54 62.57 52.16 96.14 108.00 67.13 67.15 61.95 61.97 63.44 60.18 60.59 60.61 60.62 62.43 60.66 60.67 60.69 56.61 91.48 59.21 71.17 60.76 62.55 65.54 65.74 52.76 59.89 61.73 61.75 69.53 72.71 63.42 72.73 72.73 72.81 72.82 72.83 72.84 73.59 66.24 63.62 73.62 71.46 70.35 54.98 51.70 91.06 60.87 60.89 53.63 64.10 58.89 58.90 63.47 60.93 60.92 60.90 64.07 59.94 63.10 102.58
70.02 102.64 65.69 78.85 60.53 104.32 31.25 104.38 71.06 77.36 61.74 55.48 58.19 63.43 66.54 51.94 102.68 59.98 60.00 65.24 52.49 65.28 35.29 35.30 111.73 48.17 57.15 57.17 75.71 65.30 65.71 58.96 62.87 62.34 60.56 60.57 62.93 59.06 96.58 57.76 65.85 60.65 60.67 60.68 64.27 48.76 61.61 61.63 61.64 33.69 33.71 72.68 72.68 72.69 72.76 72.77 72.78 66.08 66.10 66.12 66.14 66.17 71.42 71.42 51.53 54.86 57.17 63.91 69.14 30.12 58.68 50.84 50.85 50.85 60.77 58.73 58.71 58.69 64.71 59.46 97.19
56.17 93.70 55.19 68.35 63.15 99.02 60.71 119.93 66.81 81.43 64.81 58.09 58.12 58.14 71.67 57.07 89.80 52.32 65.13 59.94 59.96 59.98 70.30 68.88 56.13 78.00 104.97 48.10 36.80 74.21 65.62 73.17 58.86 60.44 60.46 50.25 57.60 53.73 96.46 65.74 58.98 67.56 60.56 48.60 57.71 50.25 59.67 59.69 59.70 61.55 33.58 33.60 33.62 44.70 44.72 72.73 72.74 65.97 63.33 63.35 66.02 63.39 71.37 71.37 71.38 71.39 90.73 63.76 63.77 53.27 48.07 48.08 58.58 58.58 50.65 48.05 58.54 58.52 54.11 54.07 98.98
62.99 56.11 93.64 56.99 68.30 71.86 103.40 82.35 113.61 60.49 50.08 59.54 59.56 59.58 66.38 66.40 61.20 47.01 57.05 59.86 59.88 59.76 70.20 82.95 79.22 94.89 56.11 111.57 95.94 51.77 61.37 71.82 76.42 60.34 62.16 60.37 60.38 48.39 101.55 64.06 65.64 65.66 60.45 65.68 57.59 56.36 58.26 53.07 47.87 61.44 33.44 61.47 33.48 33.50 44.60 72.62 72.62 72.63 63.21 63.23 65.59 63.27 70.85 72.22 70.86 70.87 90.55 52.21 58.40 58.41 58.42 58.42 53.10 55.69 47.87 60.44 65.63 63.55 53.93 56.13 98.80
57.70 61.25 103.99 101.14 61.32 76.99 82.51 104.11 101.26 55.19 56.25 59.46 59.48 59.50 61.08 66.31 70.55 64.63 54.29 66.39 52.19 56.73 70.11 89.52 71.99 77.22 73.93 100.03 89.61 95.84 106.53 50.84 61.29 63.86 72.49 53.46 57.37 60.29 106.64 69.15 65.54 60.33 57.44 65.57 60.36 60.74 59.45 64.67 59.47 59.48 59.50 61.36 33.34 33.36 33.38 72.57 72.58 72.58 72.91 63.10 65.79 63.14 70.80 70.80 63.98 60.28 90.37 14.30 58.24 58.25 60.32 60.31 63.46 63.46 50.26 58.21 52.83 55.39 53.75 61.17 103.84
57.63 64.17 66.40 93.50 60.21 93.55 104.00 56.09 55.09 92.61 60.34 64.59 64.61 59.41 60.99 71.44 57.22 46.81 55.57 66.31 66.32 52.86 51.42 70.03 61.47 61.49 59.65 68.62 70.11 53.01 63.69 101.21 58.51 77.60 53.32 74.19 58.56 58.57 116.95 101.31 63.82 62.51 67.74 62.54 70.68 65.48 59.33 59.34 59.35 59.37 59.38 61.24 61.25 61.27 64.95 72.52 72.53 72.54 72.86 72.87 65.66 72.88 70.75 63.83 63.85 65.35 90.19 50.08 58.08 58.09 57.92 70.58 50.09 58.07 58.05 58.03 58.00 49.97 53.56 66.21 98.67
65.26 66.29 39.71 109.06 103.86 103.89 69.62 74.85 60.22 72.05 112.42 59.29 50.90 69.76 71.34 66.14 71.38 57.15 57.17 70.02 66.23 61.73 66.96 52.79 58.02 69.97 64.77 59.57 59.58 59.59 63.58 67.50 90.68 95.90 58.41 30.04 58.44 45.69 71.77 72.77 116.62 65.33 57.18 57.19 63.73 65.36 59.22 59.22 59.24 59.25 59.26 59.27 61.14 59.29 59.30 59.32 65.48 72.49 72.81 72.82 65.53 72.82 43.98 63.70 63.11 65.20 100.63 49.90 60.00 68.35 65.55 60.33 55.10 57.89 59.95 63.06 63.03 57.78 96.09 59.42 107.29
63.99 67.93 66.23 66.25 108.99 55.87 62.82 62.84 68.07 34.52 93.48 100.41 105.65 98.75 110.13 69.86 59.45 61.88 69.92 64.72 57.10 63.07 56.42 56.44 61.67 85.52 57.94 59.47 61.34 59.49 59.90 63.47 58.27 35.21 111.44 95.80 104.93 111.47 116.69 72.73 95.85 117.28 63.58 53.16 65.24 60.03 59.10 59.11 59.12 59.13 59.13 59.14 59.15 59.16 59.17 59.18 61.06 59.21 64.87 72.45 72.45 72.46 60.81 57.74 59.83 59.84 89.82 59.84 65.06 73.40 54.92 57.74 57.72 47.05 52.24 68.09 62.84 59.68 91.54 108.73 103.44
55.66 58.72 55.71 60.95 98.47 50.56 57.53 57.54 59.06 50.65 88.17 97.60 60.12 62.86 69.76 64.56 59.36 56.57 59.40 59.41 64.48 64.50 68.19 62.99 68.22 83.48 69.79 59.37 64.60 61.63 65.01 59.81 60.81 68.58 79.02 116.54 65.10 58.19 56.90 58.21 58.22 106.16 62.27 70.33 61.74 61.75 58.98 47.16 52.39 64.22 59.01 59.02 50.87 50.88 59.04 68.97 64.28 59.07 59.08 59.09 65.28 72.40 57.58 57.58 57.59 59.69 89.63 57.59 59.69 68.01 70.37 67.99 57.55 57.53 56.38 51.99 51.95 59.74 33.87 23.42 85.96
54.58 50.38 49.41 87.93 98.38 93.19 64.16 58.96 62.70 57.50 45.36 56.33 49.60 57.57 60.65 64.47 67.25 62.06 24.36 64.54 59.17 57.62 78.50 73.30 73.32 69.67 62.53 59.27 59.28 69.72 64.91 64.92 65.91 63.25 56.74 95.55 64.96 56.76 70.19 58.08 70.20 77.26 63.31 95.61 69.06 58.12 58.86 50.69 55.91 50.71 58.89 58.89 55.94 55.95 49.54 55.97 55.97 63.43 62.17 58.95 65.15 58.96 57.43 57.43 57.44 57.44 89.44 57.43 57.42 62.63 75.15 62.60 57.37 62.56 51.80 62.50 62.46 51.67 58.80 28.57 90.94
55.49 50.29 93.03 57.31 60.79 77.13 64.08 50.42 55.65 59.89 45.26 13.58 97.44 54.74 60.56 64.39 56.72 77.60 72.40 64.45 59.08 59.09 62.74 62.76 59.17 64.36 61.03 59.17 50.95 59.19 66.65 57.89 63.11 77.11 95.42 61.47 66.70 59.64 64.86 66.71 59.66 59.66 66.73 72.31 109.82 62.20 89.60 93.27 58.76 63.98 63.98 60.65 65.87 69.21 58.78 64.00 64.01 65.89 60.68 58.81 69.94 58.81 57.28 57.28 57.28 49.17 91.89 57.27 49.15 57.25 57.23 57.21 57.19 57.16 57.13 74.86 64.57 57.01 49.77 96.00 90.71
55.40 98.14 60.66 55.46 50.27 59.73 87.81 59.77 50.34 59.80 59.82 49.40 87.92 54.65 56.24 59.08 64.31 61.85 64.34 59.14 58.98 58.99 59.01 64.23 56.00 47.02 56.02 66.16 60.95 64.30 69.92 69.93 75.15 61.70 93.99 66.59 66.59 59.53 59.54 59.54 59.55 59.55 64.77 57.83 66.97 61.76 55.63 103.24 103.24 94.68 94.69 98.37 60.87 54.46 57.20 67.63 62.42 57.21 57.21 60.55 52.00 52.00 49.01 51.59 51.58 94.29 51.56 57.11 57.09 62.29 62.27 57.04 57.01 56.98 62.17 64.41 56.49 91.38 85.42 42.63 42.55
50.09 98.05 62.35 62.37 63.87 69.11 92.93 102.40 59.69 45.05 59.73 54.53 45.10 92.06 56.15 58.99 59.01 56.53 51.34 58.87 58.88 58.89 58.91 55.87 65.09 52.12 71.27 66.06 58.97 64.19 69.81 60.32 62.86 95.16 55.13 71.70 66.49 61.28 61.28 65.54 59.43 59.44 59.44 60.38 62.92 71.73 65.62 60.41 60.41 71.10 63.31 104.97 110.19 104.98 72.35 104.98 94.55 94.55 94.55 108.35 89.33 89.33 91.56 94.13 104.55 109.75 91.53 46.15 56.93 62.13 62.11 56.87 56.84 58.94 61.99 53.77 93.77 104.57 52.23 42.40 52.10
46.51 51.75 103.33 63.28 54.35 54.37 51.84 101.94 65.25 41.46 41.48 52.97 17.67 60.39 42.50 59.37 54.17 55.68 60.91 53.85 53.86 59.09 55.98 44.67 48.20 56.17 59.14 61.24 56.03 53.95 60.26 65.48 51.61 88.70 55.07 52.15 50.11 57.30 62.09 62.09 62.09 62.10 57.31 57.31 57.31 57.31 56.30 56.30 63.00 54.25 69.71 66.81 64.69 59.47 54.26 69.90 69.90 54.25 88.66 55.86 91.74 91.74 17.71 52.08 83.39 54.21 38.56 94.74 89.50 94.09 45.95 51.32 45.89 43.17 55.66 84.04 89.19 46.42 47.65 47.59 47.52
41.21 46.45 89.18 54.25 59.48 51.73 55.38 50.18 94.50 33.27 57.03 57.69 62.27 28.07 90.34 55.50 59.30 59.31 54.11 53.75 58.98 50.80 61.10 55.89 53.81 53.82 59.04 61.14 53.84 55.94 57.16 54.92 49.71 92.44 54.94 49.73 57.19 57.19 57.19 57.20 62.05 67.27 52.05 62.08 46.83 57.20 63.70 51.03 59.16 53.94 59.16 53.94 59.15 64.54 69.75 66.61 64.53 54.09 43.66 48.87 61.03 43.64 17.66 58.87 63.61 74.45 57.08 57.05 58.79 96.26 89.26 84.01 83.97 84.83 42.94 42.89 93.67 83.71 86.21 82.09 38.12
44.77 52.66 83.88 46.39 44.83 59.42 59.43 46.46 83.98 62.13 56.93 54.29 69.48 28.04 60.62 52.75 58.36 56.54 54.02 50.67 50.68 55.78 53.69 55.80 55.81 53.72 58.94 58.95 53.74 58.96 54.83 54.80 70.49 99.79 57.08 57.08 57.09 57.09 54.86 54.86 54.86 49.61 62.31 61.94 46.70 51.92 50.90 56.11 50.90 56.07 56.07 53.82 53.81 64.24 53.95 61.17 43.51 48.72 18.27 60.98 91.41 43.47 43.82 51.17 51.15 51.14 43.02 51.10 56.29 51.05 47.86 50.99 50.95 53.23 50.87 50.83 50.78 56.30 44.46 47.23 89.88
0.00 96.78 46.29 51.52 52.63 52.65 57.87 46.37 50.02 99.54 64.62 41.21 55.29 51.66 12.66 95.37 63.09 64.35 53.93 53.56 53.57 54.07 62.40 55.70 55.71 53.62 45.41 53.63 53.64 50.65 54.73 49.46 97.40 51.79 62.19 56.98 56.98 56.99 54.75 54.75 54.75 54.75 54.75 61.90 62.20 57.00 55.97 53.71 66.39 58.92 55.96 53.70 53.69 53.69 53.68 53.68 53.67 55.93 23.43 103.84 48.54 58.84 51.04 51.02 51.01 50.99 50.97 50.95 50.92 51.24 45.58 62.39 56.07 53.07 50.71 51.80 51.75 50.93 39.36 47.06 46.99
0.00 0.00 49.85 46.21 57.77 52.57 54.03 51.49 48.85 89.02 41.10 54.12 57.86 51.57 67.38 103.66 62.99 68.22 58.67 58.68 42.47 53.48 55.60 55.61 55.62 53.51 53.52 53.53 47.76 47.77 59.84 92.05 54.56 59.77 65.07 56.88 59.80 56.88 54.64 54.64 54.64 54.64 54.64 46.45 46.45 62.09 55.86 55.86 55.85 55.85 55.84 53.57 55.95 53.56 43.23 53.55 58.76 69.18 96.34 55.78 60.98 60.97 53.22 53.21 53.19 53.17 50.82 58.34 56.34 42.67 50.63 58.25 58.71 50.96 50.92 51.65 54.94 50.77 47.46 51.06 48.30
0.00 53.90 53.92 51.34 51.36 61.54 46.17 59.18 52.52 44.64 94.15 61.88 55.11 44.69 62.87 28.25 62.33 57.69 52.77 58.58 53.38 53.38 53.39 55.52 55.52 53.41 57.97 56.11 52.86 106.01 109.91 61.99 54.43 61.99 64.96 61.99 62.00 56.78 54.53 54.53 56.78 56.78 56.77 54.52 61.81 56.76 60.81 60.81 55.74 55.74 53.46 53.46 53.45 53.44 53.43 53.43 53.42 96.12 98.38 55.65 55.64 55.62 53.09 53.07 53.05 48.81 37.64 57.01 51.77 50.96 50.93 56.11 56.07 50.81 51.55 51.50 50.67 51.39 48.28 48.22 48.15
0.00 53.83 53.84 57.60 46.05 52.41 62.85 46.09 52.44 40.90 65.42 72.21 60.23 44.60 56.14 52.36 60.51 95.09 57.87 53.92 55.40 53.29 55.41 53.30 53.31 56.11 55.44 57.94 100.67 52.74 64.85 56.67 59.64 61.89 61.89 59.64 56.68 56.68 54.43 56.68 61.79 61.79 61.65 61.65 56.66 56.66 64.18 65.89 60.48 55.63 53.34 53.34 53.33 53.32 53.31 53.30 53.29 96.00 55.54 55.53 60.45 55.50 50.00 49.98 49.96 48.66 52.75 58.49 42.60 37.35 51.57 51.53 60.04 51.45 51.40 51.36 51.30 51.25 48.13 48.07 49.79
0.00 53.75 53.76 62.59 53.79 52.33 52.34 57.57 46.01 83.53 46.03 56.48 56.49 56.50 57.47 57.48 47.05 95.00 65.76 63.61 58.40 53.19 53.20 53.20 56.00 55.34 55.35 98.11 98.07 58.45 57.32 48.97 54.32 54.32 54.32 54.32 54.32 54.32 54.32 56.57 61.75 61.75 61.61 61.61 56.56 60.93 56.44 55.63 55.62 53.24 53.23 53.22 53.21 53.20 53.19 53.18 53.17 95.88 53.14 55.41 58.23 55.38 48.60 49.85 49.82 49.79 49.76 49.73 20.90 20.85 20.80 20.75 52.00 52.27 51.27 51.22 51.16 51.10 47.99 46.96 46.90
0.00 27.20 58.90 56.94 45.87 52.25 45.90 62.21 97.52 40.72 52.30 53.78 53.79 59.02 65.37 46.95 54.96 54.97 89.93 52.44 58.30 53.09 53.10 46.22 44.84 58.33 58.34 89.99 50.07 58.35 54.22 56.48 54.22 54.22 54.22 54.22 54.22 54.22 54.21 56.47 56.47 54.20 54.20 54.19 54.19 56.45 55.43 55.42 53.13 53.12 53.12 53.11 53.10 53.09 53.08 53.06 53.05 95.75 53.02 56.17 55.27 55.25 49.74 49.71 51.68 20.85 20.81 20.78 20.73 20.69 20.64 20.59 51.94 20.47 61.27 53.42 51.02 50.97 47.85 46.83 46.76
0.00 0.00 64.04 50.99 53.63 52.18 49.48 98.97 51.05 58.90 52.22 52.23 52.24 53.72 57.27 57.28 60.09 55.11 84.61 47.11 63.42 60.35 60.35 48.50 44.73 57.58 62.80 95.09 47.16 58.25 56.30 59.33 54.12 54.12 54.12 54.12 54.11 54.11 54.11 54.11 56.52 54.10 54.09 54.09 54.08 54.07 53.04 53.03 53.02 53.01 53.00 52.99 52.98 52.97 52.96 52.93 58.15 95.63 52.90 52.88 55.16 60.31 49.61 49.58 51.64 51.63 51.95 51.93 51.92 51.91 51.93 51.91 26.30 20.31 20.24 49.07 49.00 48.94 33.68 45.69 44.07
0.00 0.00 58.75 49.37 52.09 50.92 88.44 40.52 64.02 61.39 50.97 52.15 52.16 49.46 51.97 94.69 94.70 92.51 89.71 89.72 53.98 63.41 48.78 63.34 47.03 65.49 86.55 47.04 55.72 60.28 63.76 61.65 54.02 54.02 54.02 54.01 54.01 54.01 54.01 54.00 56.27 53.99 53.99 53.98 53.97 53.97 56.09 52.92 52.91 52.90 52.89 52.88 52.87 52.86 47.60 58.01 95.50 52.80 52.78 55.06 55.04 59.68 50.13 49.45 49.42 51.60 52.01 51.99 51.98 51.96 51.96 51.95 51.93 51.91 51.81 20.02 19.94 19.87 45.62 45.55 43.92
0.00 26.95 53.45 52.00 57.23 88.34 88.35 53.51 54.55 54.56 50.88 53.54 57.29 44.16 84.16 46.66 62.32 52.09 56.42 94.83 58.02 46.91 62.56 62.56 60.16 62.57 105.29 63.26 60.19 70.62 66.51 59.13 53.92 53.92 53.92 53.91 56.33 53.91 53.90 56.18 56.17 56.17 53.88 53.88 53.87 56.14 55.12 55.11 52.80 52.79 52.78 55.15 52.76 52.75 52.68 54.89 84.93 52.69 54.97 54.95 59.65 59.64 48.06 48.03 58.82 51.55 51.96 51.95 51.93 51.92 51.92 51.90 51.88 51.86 51.76 51.74 25.77 19.71 18.08 33.26 45.34
0.00 26.87 53.38 62.36 88.24 88.25 74.28 55.98 59.68 45.57 53.45 67.64 56.02 97.22 53.15 46.57 60.84 22.90 54.81 54.82 84.29 54.83 62.45 63.16 70.52 109.49 68.38 63.17 52.74 57.95 64.25 59.04 53.82 53.82 56.24 53.81 56.23 56.23 53.80 58.83 61.47 61.47 61.05 61.04 56.05 58.86 55.02 55.01 55.00 52.69 52.68 52.67 39.90 54.95 57.84 52.61 86.08 54.88 54.86 52.53 52.51 51.69 49.23 51.53 51.52 51.51 51.92 51.90 51.89 51.87 51.87 51.85 51.84 51.82 51.72 51.70 51.67 51.65 17.92 45.28 48.93
0.00 53.29 58.52 50.64 93.37 53.27 72.18 68.24 17.29 53.30 50.71 55.93 98.65 50.73 58.28 53.07 53.08 52.61 48.45 54.72 89.40 49.51 49.52 65.22 76.02 99.85 57.13 57.14 57.86 52.64 53.73 56.97 56.01 56.01 56.01 53.72 53.71 53.71 53.70 61.43 61.43 53.69 61.01 61.97 55.95 55.94 54.93 54.92 54.91 59.91 60.11 60.10 39.80 39.78 52.52 95.22 41.95 54.78 55.60 52.42 50.43 51.57 51.50 51.49 51.48 51.46 51.87 51.86 47.59 47.54 51.83 51.81 51.79 51.77 51.67 51.65 51.63 58.58 48.94 45.16 48.89
26.71 68.86 60.98 98.49 55.78 71.44 66.23 55.81 53.22 45.40 91.82 88.13 53.24 58.53 52.99 52.99 52.52 52.52 44.18 54.69 49.41 86.91 68.28 51.80 66.85 51.81 64.02 51.81 52.55 52.55 53.63 55.92 55.92 55.92 53.62 53.62 53.62 53.61 53.61 55.89 53.59 53.59 53.58 55.86 53.56 53.55 52.51 52.50 52.49 59.76 62.81 39.71 41.91 41.89 41.87 84.56 28.75 30.71 54.65 54.63 51.48 52.49 51.63 51.61 51.60 51.59 51.99 51.98 47.46 49.42 58.82 52.07 52.05 52.03 51.66 51.64 51.62 51.60 48.99 48.96 44.96
26.63 50.45 32.87 93.19 32.88 32.88 60.93 32.88 98.45 99.69 56.97 56.98 56.98 51.77 52.91 52.91 44.08 52.44 44.09 65.04 44.09 86.81 97.25 83.98 89.20 56.91 65.05 59.83 54.62 52.46 55.83 55.83 55.83 53.53 53.53 53.53 55.82 57.69 55.81 55.80 53.50 53.49 53.48 53.47 55.76 53.46 52.42 52.41 52.39 28.76 28.74 28.73 28.71 28.70 41.74 84.44 59.82 59.81 59.27 59.27 52.46 52.45 58.71 51.57 51.56 51.55 51.95 59.08 49.35 49.30 49.26 58.76 52.01 51.99 51.62 51.60 51.58 51.56 48.94 44.91 45.93
25.14 50.71 58.45 98.67 83.03 42.83 66.40 116.85 96.00 58.60 58.51 56.00 16.51 37.67 37.88 48.46 47.67 47.67 49.93 42.47 58.14 39.46 80.00 49.94 87.40 54.18 55.16 47.69 47.69 47.69 48.55 50.92 50.77 48.54 48.54 48.54 48.53 48.53 50.89 48.51 48.51 48.50 48.49 50.86 50.85 48.47 49.82 49.81 49.80 49.79 25.34 30.78 25.31 35.91 35.89 37.46 80.15 35.83 25.19 55.60 49.49 49.48 48.36 48.35 48.34 48.32 48.67 48.65 54.62 44.20 44.15 46.57 54.73 48.70 48.37 48.35 48.33 48.31 46.00 40.28 42.32
0.00 30.30 44.51 55.87 95.89 82.96 106.33 106.34 58.52 53.31 26.92 48.00 37.58 49.69 48.38 48.38 47.59 50.14 47.59 58.03 90.32 79.90 49.80 55.07 79.90 63.02 44.59 47.60 47.60 49.73 48.46 48.46 50.69 50.83 48.45 50.82 48.44 50.81 50.80 48.42 48.42 48.41 50.78 50.77 50.76 53.44 49.73 47.32 47.31 47.30 47.29 47.27 35.83 35.81 35.80 35.78 80.04 25.10 25.08 58.50 49.46 49.45 48.32 48.31 48.30 48.28 48.63 42.13 44.14 44.09 44.05 44.00 54.69 43.50 43.44 41.69 48.29 48.27 47.53 44.95 42.22
