New_Model_Runs/9_Future_Present_Scn2_out/post_prcessed_with_MFR/Monthly_summaries/actual_et_monthly_AUG.asc
NCOLS 700
NROWS 400
XLLCENTER 515000.000000
YLLCENTER 8409000.000000
CELLSIZE 50.000000
NODATA_value -999.000000
[rows 114 to 151 of 400, columns 420 to 503 of 700]
1.01 1.01 1.01 1.01 1.01 1.01 1.01 1.01 1.01 1.01 1.01 1.01 0.97 0.97 0.97 0.97 0.97 0.97 0.97 0.97 0.97 0.97 0.97 0.97 0.97 0.97 0.97 3.73 2.39 3.67 2.98 0.95 0.95 0.95 0.95 0.95 0.95 0.95 0.95 0.95 0.95 0.95 0.95 1.39 0.92 0.92 0.92 0.92 0.92 0.92 0.92 0.92 0.92 0.92 0.92 0.92 0.92 0.92 2.80 2.67 1.24 1.24 1.24 0.85 1.24 2.65 1.24 1.24 1.24 1.24 1.24 1.24 0.85 1.24 0.85 0.85 0.86 0.86 0.86 1.26 1.26 1.26 1.26 1.26
1.01 1.01 1.01 1.01 1.01 1.01 1.01 1.01 1.01 1.01 1.01 1.01 0.97 0.97 0.97 0.97 0.97 0.97 0.97 0.97 0.97 0.97 0.97 0.97 0.97 0.97 0.97 0.97 0.95 3.67 2.98 2.98 0.95 0.95 0.95 0.95 0.95 0.95 0.95 0.95 0.95 0.95 0.95 0.95 0.92 0.92 0.92 0.92 0.92 0.92 0.92 0.92 0.92 0.92 0.92 0.92 0.92 2.67 2.67 2.70 2.51 0.85 0.85 0.85 0.85 1.24 1.24 1.24 1.24 1.24 1.24 1.24 0.85 0.85 0.85 0.85 0.86 0.86 0.86 0.86 0.86 1.26 0.86 0.86
1.48 1.01 1.01 1.01 1.01 1.01 1.01 1.01 1.01 1.01 1.01 1.01 0.97 0.97 0.97 0.97 0.97 0.97 0.97 0.97 0.97 0.97 0.97 0.97 0.97 0.97 0.97 0.97 0.95 0.95 2.73 1.89 0.95 0.95 0.95 0.95 1.39 1.39 0.95 0.95 0.95 0.95 0.95 0.95 0.92 0.92 0.92 0.92 0.92 0.92 0.92 0.92 0.92 0.92 0.92 0.92 0.92 0.92 0.92 1.35 0.85 0.85 0.85 0.85 0.85 1.24 1.24 1.24 1.24 1.24 1.24 0.85 1.24 0.85 0.85 0.85 0.86 1.26 1.26 0.86 0.86 0.86 0.86 0.86
1.01 1.01 1.01 1.01 1.01 1.01 1.01 1.01 1.01 1.01 1.01 1.01 0.97 0.97 0.97 0.97 0.97 0.97 0.97 0.97 0.97 0.97 0.97 0.97 0.97 0.97 0.97 1.42 0.95 0.95 0.95 0.95 0.95 0.95 0.95 0.95 0.95 1.39 0.95 0.95 1.39 0.95 0.95 0.95 0.92 0.92 0.92 0.92 0.92 0.92 0.92 0.92 0.92 0.92 0.92 0.92 0.92 0.92 0.92 0.92 0.85 1.24 1.24 1.24 1.24 1.24 1.24 1.24 1.24 1.24 1.24 0.85 0.85 0.85 0.85 1.24 1.26 0.86 0.86 0.86 0.86 0.86 0.86 0.86
1.01 1.01 1.01 1.01 1.01 1.01 1.01 1.01 1.01 1.01 1.01 1.01 0.97 0.97 0.97 0.97 0.97 0.97 0.97 0.97 0.97 0.97 0.97 0.97 0.97 0.97 0.97 0.97 0.95 1.39 0.95 0.95 0.95 0.95 0.95 0.95 0.95 0.95 0.95 0.95 0.95 0.95 0.95 0.95 0.92 0.92 0.92 0.92 0.92 0.92 0.92 0.92 0.92 0.92 0.92 0.92 0.92 0.92 0.92 0.92 0.85 0.85 1.24 1.24 0.85 0.85 0.85 0.85 0.85 0.85 0.85 0.85 0.85 0.85 0.85 0.85 0.86 0.86 0.86 0.86 0.86 0.86 0.86 0.86
1.01 1.01 1.01 1.48 1.01 1.01 1.01 1.01 1.01 1.01 1.01 1.01 0.97 0.97 0.97 0.97 0.97 0.97 0.97 0.97 0.97 0.97 0.97 0.97 0.97 0.97 0.97 0.97 0.95 0.95 0.95 0.95 0.95 0.95 1.39 1.39 0.95 0.95 0.95 0.95 0.95 0.95 0.95 0.95 0.92 0.92 0.92 0.92 0.92 0.92 0.92 0.92 0.92 0.92 0.92 0.92 0.92 0.92 0.92 0.92 0.85 1.24 1.24 1.24 0.85 0.85 0.85 0.85 0.85 1.24 1.24 1.24 1.24 0.85 0.85 0.85 0.86 0.86 0.86 0.86 0.86 0.86 0.86 0.86
1.01 1.48 1.01 1.01 1.01 1.01 1.01 1.01 1.01 1.01 1.01 1.01 0.97 0.97 0.97 0.97 0.97 0.97 0.97 0.97 0.97 0.97 0.97 0.97 0.97 0.97 0.97 0.97 0.95 0.95 0.95 0.95 0.95 0.95 0.95 0.95 0.95 1.39 0.95 0.95 0.95 0.95 0.95 0.95 0.92 0.92 0.92 0.92 0.92 0.92 0.92 0.92 0.92 0.92 0.92 0.92 0.92 0.92 0.92 0.92 0.85 0.85 1.24 1.24 0.85 0.85 0.85 0.85 0.85 0.85 0.85 0.85 1.24 1.24 0.85 0.85 0.86 0.86 0.86 0.86 0.86 0.86 0.86 0.86
1.01 1.48 1.01 1.01 1.01 1.01 1.01 1.01 1.01 1.01 1.01 1.01 0.97 0.97 0.97 0.97 0.97 0.97 0.97 0.97 0.97 0.97 0.97 0.97 0.97 0.97 0.97 0.97 0.95 0.95 0.95 0.95 2.73 0.95 0.95 1.39 0.95 0.95 0.95 0.95 0.95 0.95 0.95 0.95 0.92 0.92 0.92 0.92 0.92 0.92 0.92 0.92 0.92 0.92 0.92 0.92 0.92 0.92 0.92 0.92 0.85 0.85 0.85 1.24 0.85 0.85 0.85 0.85 0.85 0.85 0.85 0.85 0.85 1.24 0.85 0.85 0.86 0.86 0.86 0.86 0.86 0.86 0.86 0.86
1.01 1.48 1.01 1.01 1.01 1.01 1.01 1.48 1.01 1.01 1.01 1.01 0.97 0.97 0.97 0.97 0.97 0.97 0.97 0.97 0.97 0.97 0.97 0.97 0.97 0.97 0.97 0.97 0.95 0.95 0.95 0.95 2.73 0.95 0.95 0.95 0.95 0.95 0.95 0.95 0.95 0.95 0.95 0.95 0.92 0.92 0.92 0.92 0.92 0.92 0.92 0.92 0.92 0.92 0.92 0.92 0.92 0.92 0.92 0.92 0.85 0.85 0.85 0.85 0.85 0.85 0.85 0.85 0.85 0.85 0.85 0.85 0.85 0.85 0.85 0.85 0.86 0.86 0.86 0.86 0.86 0.86 0.86 0.86
1.01 1.01 1.01 1.01 1.01 1.01 1.01 1.48 1.01 1.01 1.01 1.01 0.97 0.97 0.97 0.97 0.97 0.97 0.97 0.97 0.97 0.97 1.42 0.97 0.97 0.97 0.97 0.97 0.95 0.95 0.95 1.39 2.73 0.95 0.95 0.95 0.95 0.95 0.95 0.95 0.95 0.95 0.95 0.95 0.92 0.92 0.92 0.92 0.92 0.92 0.92 0.92 0.92 0.92 0.92 0.92 0.92 0.92 0.92 0.92 1.24 0.85 0.85 0.85 1.24 0.85 0.85 0.85 0.85 0.85 0.85 0.85 0.85 0.85 0.85 0.85 0.86 0.86 0.86 0.86 0.86 0.86 0.86 0.86
1.01 1.01 1.01 1.01 1.01 1.01 1.01 1.01 1.01 1.48 1.01 1.48 1.42 0.97 0.97 0.97 0.97 0.97 0.97 0.97 0.97 0.97 1.42 0.97 0.97 0.97 0.97 0.97 0.95 1.39 1.39 1.39 2.77 2.73 2.73 0.95 0.95 0.95 0.95 0.95 0.95 0.95 0.95 0.95 0.92 0.92 0.92 0.92 0.92 0.92 0.92 0.92 0.92 0.92 0.92 0.92 0.92 0.92 0.92 0.92 0.85 0.85 1.24 0.85 1.24 0.85 0.85 0.85 0.85 0.85 0.85 0.85 0.85 0.85 0.85 0.85 0.86 0.86 0.86 0.86 0.86 0.86 0.86 0.86
1.01 1.01 1.01 1.01 1.01 1.01 1.48 1.01 1.01 3.86 3.86 1.01 0.97 0.97 0.97 0.97 0.97 0.97 0.97 0.97 1.42 1.42 0.97 1.42 0.97 0.97 0.97 0.97 0.95 0.95 0.95 0.95 1.39 2.77 0.95 0.95 0.95 0.95 0.95 0.95 0.95 0.95 0.95 0.95 0.92 0.92 0.92 0.92 0.92 1.35 0.92 0.92 0.92 0.92 0.92 0.92 0.92 0.92 0.92 0.92 0.85 0.85 0.85 1.24 0.85 0.85 0.85 0.85 0.85 0.85 0.85 0.85 0.85 0.85 0.85 0.85 0.86 0.86 0.86 0.86 0.86 0.86 0.86 0.86
1.01 3.05 1.01 1.01 1.01 1.01 1.01 1.01 1.01 3.29 3.86 3.05 0.97 0.97 0.97 0.97 0.97 0.97 0.97 0.97 1.42 1.42 0.97 0.97 0.97 0.97 0.97 0.97 0.95 0.95 0.95 0.95 0.95 0.95 0.95 0.95 0.95 0.95 0.95 0.95 0.95 0.95 0.95 0.95 0.92 0.92 0.92 0.92 0.92 1.35 0.92 0.92 0.92 0.92 0.92 0.92 0.92 0.92 0.92 0.92 0.85 0.85 0.85 0.85 0.85 0.85 0.85 0.85 0.85 0.85 0.85 0.85 0.85 0.85 0.85 0.85 0.86 0.86 0.86 0.86 0.86 0.86 0.86 0.86
1.01 1.48 1.01 1.01 3.29 3.86 1.01 3.05 2.28 3.86 0.92 3.05 2.93 2.93 0.97 0.97 0.97 0.97 0.97 0.97 0.97 1.42 0.97 0.97 0.97 0.97 0.97 0.97 0.95 0.95 0.95 0.95 0.95 0.95 0.95 0.95 0.95 0.95 1.39 0.95 0.95 0.95 0.95 0.95 0.92 0.92 0.92 0.92 0.92 0.92 1.35 0.92 0.92 0.92 0.92 0.92 0.92 0.92 0.92 0.92 0.85 0.85 0.85 0.85 0.85 0.85 0.85 0.85 0.85 0.85 0.85 0.85 0.85 0.85 0.85 0.85 0.86 0.86 0.86 0.86 0.86 0.86 0.86 0.86
1.48 1.01 3.86 3.86 3.86 1.16 3.29 3.05 2.28 3.05 3.29 3.05 1.42 0.97 0.97 0.97 1.42 0.97 0.97 0.97 3.17 1.42 1.42 1.42 1.42 0.97 3.22 0.97 0.95 1.39 0.95 0.95 0.95 0.95 0.95 0.95 0.95 0.95 0.95 0.95 0.95 0.95 0.95 1.39 0.92 0.92 0.92 1.35 0.92 0.92 0.92 0.92 0.92 0.92 0.92 0.92 0.92 0.92 0.92 0.92 0.85 0.85 0.85 0.85 0.85 0.85 0.85 0.85 0.85 1.24 0.85 0.85 0.85 0.85 0.85 0.85 0.86 0.86 0.86 0.86 0.86 0.86 0.86 0.86
1.01 0.30 1.16 1.16 3.86 1.16 3.95 3.29 3.86 3.05 3.86 3.05 2.93 1.42 0.97 0.97 1.42 0.97 0.97 0.97 0.97 1.42 0.97 0.97 0.97 3.22 3.22 3.22 0.95 0.95 0.95 0.95 0.95 0.95 0.95 0.95 0.95 0.95 0.95 0.95 0.95 1.39 0.95 0.95 0.92 0.92 0.92 0.92 0.92 0.92 0.92 0.92 0.92 0.92 0.92 0.92 0.92 0.92 0.92 0.92 0.85 0.85 0.85 0.85 0.85 0.85 0.85 0.85 1.24 0.85 0.85 0.85 0.85 0.85 0.85 0.85 0.86 0.86 0.86 0.86 0.86 0.86 0.86 0.86
2.44 0.73 2.44 1.72 1.72 1.72 1.88 0.73 2.44 2.07 0.62 0.62 1.03 1.03 1.03 1.03 1.03 1.51 1.03 1.03 1.03 1.51 1.51 1.03 3.42 3.42 3.42 3.42 2.72 0.84 0.84 0.84 0.84 0.84 0.84 1.23 0.84 0.84 0.84 0.84 0.84 0.84 0.84 0.84 0.73 0.73 0.73 0.73 0.73 0.73 0.73 0.73 0.73 0.73 0.73 0.73 0.73 0.73 0.73 0.73 0.83 0.83 0.83 0.83 0.83 0.83 0.83 0.83 0.83 0.83 1.22 0.83 0.83 0.83 0.83 0.83 0.78 0.78 0.78 0.78 0.78 0.78 0.78 0.78
0.73 2.44 2.44 2.44 2.07 2.44 1.72 1.72 2.44 1.88 0.62 0.62 1.03 1.03 1.03 1.03 1.03 1.03 1.03 1.03 1.03 1.03 1.03 1.03 3.42 3.42 3.42 3.42 2.72 0.84 0.84 0.84 0.84 0.84 0.84 0.84 0.84 0.84 0.84 0.84 0.84 0.84 0.84 0.84 0.73 0.73 0.73 0.73 0.73 0.73 0.73 0.73 0.73 0.73 0.73 0.73 0.73 0.73 0.73 0.73 0.83 0.83 0.83 0.83 0.83 0.83 0.83 1.22 1.22 1.22 0.83 0.83 0.83 0.83 0.83 0.83 0.78 0.78 0.78 1.15 1.15 0.78 0.78 0.78
1.72 2.44 0.73 2.44 2.44 1.72 2.44 2.44 2.44 1.88 0.62 0.62 1.03 1.03 1.03 1.03 1.03 1.03 1.03 1.03 1.03 1.03 1.03 3.42 3.42 3.42 3.42 3.42 2.72 0.84 0.84 0.84 0.84 0.84 0.84 0.84 0.84 0.84 0.84 0.84 0.84 0.84 0.84 0.84 0.73 0.73 0.73 0.73 0.73 0.73 0.73 0.73 0.73 0.73 1.08 0.73 0.73 0.73 0.73 0.73 0.83 0.83 0.83 0.83 0.83 0.83 0.83 0.83 1.22 1.22 0.83 1.22 0.83 0.83 0.83 0.83 0.78 0.78 0.78 0.78 0.78 0.78 0.78 0.78
2.44 0.73 0.73 2.44 2.44 2.44 2.44 2.44 1.72 0.62 0.62 0.62 1.03 1.03 1.03 1.03 1.03 1.03 1.03 1.03 1.03 1.03 1.03 1.03 3.42 3.42 3.42 3.42 2.72 0.84 0.84 0.84 0.84 0.84 0.84 0.84 0.84 0.84 0.84 0.84 0.84 0.84 0.84 0.84 0.73 0.73 0.73 0.73 0.73 0.73 0.73 0.73 0.73 0.73 0.73 0.73 0.73 0.73 0.73 0.73 0.83 0.83 0.83 0.83 0.83 0.83 0.83 0.83 0.83 0.83 1.22 1.22 1.22 0.83 0.83 0.83 0.78 0.78 0.78 0.78 0.78 0.78 0.78 0.78
0.00 0.00 0.00 2.44 0.73 0.73 2.44 2.44 0.62 0.62 0.62 0.62 1.03 1.03 1.03 1.03 1.03 1.03 1.03 1.03 1.03 1.03 1.03 1.03 3.42 3.42 3.42 3.42 2.72 2.72 0.84 0.84 0.84 0.84 0.84 0.84 0.84 0.84 0.84 0.84 0.84 0.84 0.84 0.84 0.73 0.73 0.73 0.73 0.73 0.73 0.73 0.73 0.73 0.73 0.73 0.73 0.73 0.73 0.73 0.73 0.83 0.83 0.83 0.83 0.83 0.83 0.83 0.83 0.83 0.83 0.83 0.83 0.83 0.83 0.83 0.83 0.78 0.78 0.78 0.78 0.78 0.78 0.78 0.78
0.00 0.00 0.00 1.72 1.72 2.44 0.73 2.44 0.62 0.62 0.62 0.62 1.03 1.03 1.03 1.03 1.03 1.03 1.03 1.03 1.03 1.03 3.42 3.42 3.42 3.42 3.42 3.42 2.72 2.72 0.84 0.84 2.72 0.84 0.84 2.72 2.72 2.72 0.84 0.84 0.84 0.84 0.84 0.84 0.73 0.73 0.73 0.73 0.73 0.73 0.73 0.73 0.73 0.73 0.73 0.73 0.73 0.73 0.73 0.73 0.83 0.83 0.83 0.83 0.83 0.83 0.83 0.83 0.83 0.83 0.83 0.83 0.83 0.83 0.83 0.83 0.78 0.78 0.78 0.78 0.78 0.78 0.78 0.78
0.00 0.00 0.00 0.00 1.72 0.73 0.62 0.62 0.62 0.62 0.62 0.62 1.03 1.03 1.03 1.03 1.03 1.03 1.03 1.03 1.03 3.42 3.42 3.42 3.42 3.42 3.42 3.42 2.72 2.72 2.72 2.72 2.72 2.72 2.72 2.72 2.72 0.84 0.84 0.84 0.84 0.84 0.84 0.84 0.73 0.73 0.73 0.73 0.73 0.73 0.73 0.73 0.73 0.73 0.73 0.73 0.73 0.73 0.73 0.73 0.83 0.83 0.83 0.83 0.83 0.83 0.83 0.83 0.83 0.83 0.83 0.83 0.83 0.83 0.83 0.83 0.78 0.78 0.78 0.78 0.78 0.78 0.78 0.78
0.00 0.00 0.00 0.00 1.72 0.73 0.62 0.62 0.62 0.62 0.62 0.62 1.03 1.03 1.03 1.03 1.03 1.03 1.03 1.03 1.03 3.42 3.42 3.42 3.42 3.42 3.42 3.42 2.72 2.72 2.72 2.72 2.72 2.72 2.72 2.72 2.72 2.72 2.72 0.84 0.84 0.84 0.84 0.84 0.73 0.73 0.73 0.73 0.73 0.73 0.73 0.73 0.73 0.73 0.73 0.73 0.73 0.73 0.73 0.73 0.83 0.83 0.83 0.83 0.83 0.83 0.83 0.83 0.83 0.83 0.83 0.83 0.83 0.83 0.83 0.83 1.15 0.78 0.78 0.78 0.78 0.78 0.78 0.78
0.00 0.00 0.00 0.00 0.00 2.44 0.62 0.62 0.62 0.62 0.62 0.62 1.03 1.03 1.03 1.03 1.51 1.03 1.03 3.42 3.42 3.42 3.42 3.42 3.42 3.42 3.42 3.42 2.72 2.72 2.72 2.72 2.72 2.72 2.72 2.72 2.72 2.72 2.72 0.84 0.84 0.84 0.84 0.84 0.73 0.73 0.73 0.73 0.73 0.73 0.73 0.73 0.73 0.73 0.73 0.73 0.73 0.73 0.73 0.73 0.83 0.83 1.22 0.83 0.83 0.83 0.83 1.22 0.83 0.83 0.83 0.83 0.83 1.22 0.83 1.22 0.78 0.78 0.78 0.78 0.78 0.78 0.78 0.78
0.00 0.00 0.00 0.00 0.00 0.62 0.62 0.62 0.62 0.62 0.62 0.62 1.03 1.03 1.03 1.03 3.43 3.43 3.42 3.42 3.42 3.42 3.42 3.42 3.42 3.42 3.42 3.42 2.72 2.72 2.72 2.72 2.72 2.72 2.72 2.72 0.84 0.84 0.84 0.84 0.84 0.84 0.84 0.84 0.73 0.73 0.73 0.73 0.73 0.73 0.73 0.73 0.73 0.73 0.73 0.73 0.73 0.73 0.73 1.08 0.83 0.83 0.83 0.83 0.83 0.83 0.83 0.83 0.83 0.83 0.83 0.83 0.83 0.83 0.83 0.83 0.78 0.78 0.78 0.78 0.78 0.78 0.78 0.78
0.00 0.00 0.00 0.00 0.00 0.62 0.62 0.62 0.62 0.62 0.62 0.62 1.03 1.03 1.03 1.03 1.51 1.03 1.03 3.42 3.42 3.42 3.42 3.42 3.42 3.42 3.42 2.93 2.72 2.72 0.84 2.72 2.72 2.72 2.72 2.72 0.84 0.84 0.84 0.84 0.84 0.84 0.84 0.84 0.73 0.73 0.73 0.73 0.73 0.73 0.73 0.73 0.73 0.73 0.73 0.73 0.73 0.73 0.73 0.73 0.83 0.83 0.83 0.83 0.83 0.83 0.83 1.22 0.83 0.83 0.83 0.83 0.83 0.83 0.83 0.83 0.78 0.78 0.78 0.78 0.78 0.78 0.78 0.78
0.00 0.00 0.00 0.00 0.19 0.62 0.62 0.62 0.62 0.62 0.62 0.62 1.03 1.03 1.03 1.03 1.03 1.03 1.03 1.03 1.03 3.42 3.42 1.03 1.03 3.42 3.42 2.93 2.72 2.72 2.72 2.72 2.72 2.72 0.84 0.84 0.84 0.84 0.84 0.84 0.84 0.84 0.84 0.84 0.73 0.73 0.73 0.73 0.73 0.73 0.73 0.73 0.73 0.73 0.73 0.73 0.73 0.73 0.73 0.73 0.83 0.83 0.83 0.83 0.83 0.83 0.83 0.83 0.83 0.83 0.83 0.83 0.83 0.83 0.83 0.83 0.78 1.15 0.78 0.78 1.15 0.78 0.78 0.78
0.00 0.00 0.00 1.72 0.19 0.62 0.62 0.62 0.62 0.62 0.62 0.62 1.03 1.03 1.03 1.03 1.03 1.03 1.03 1.03 1.03 1.03 1.03 1.03 1.03 1.03 3.42 2.93 2.72 2.72 2.72 2.72 2.72 2.72 2.72 0.84 0.84 0.84 0.84 0.84 0.84 0.84 0.84 0.84 0.73 0.73 0.73 0.73 0.73 0.73 0.73 0.73 0.73 0.73 0.73 0.73 0.73 0.73 0.73 0.73 0.83 0.83 0.83 0.83 0.83 0.83 1.22 0.83 0.83 0.83 0.83 0.83 0.83 0.83 1.22 0.83 1.15 0.78 0.78 0.78 0.78 0.78 0.78 0.78
0.00 0.00 0.00 0.00 0.91 0.62 0.62 0.62 0.62 0.62 0.62 0.62 1.03 1.03 1.03 1.03 1.03 1.03 1.03 1.03 1.03 1.03 1.03 1.03 1.03 1.03 1.03 2.93 2.72 2.72 2.72 2.72 2.72 2.72 2.72 2.72 0.84 0.84 0.84 0.84 0.84 0.84 0.84 0.84 0.73 0.73 0.73 0.73 0.73 0.73 0.73 0.73 0.73 0.73 0.73 0.73 0.73 0.73 0.73 0.73 0.83 0.83 0.83 0.83 0.83 0.83 0.83 0.83 0.83 0.83 0.83 0.83 0.83 0.83 0.83 0.83 0.78 0.78 0.78 0.78 1.15 0.78 0.78 0.78
0.00 0.00 0.00 1.72 0.62 0.62 0.62 1.88 1.88 0.62 0.62 0.62 1.03 1.03 1.51 1.03 1.03 1.03 1.03 1.03 1.03 1.03 1.03 1.03 1.03 1.03 1.03 1.03 0.84 0.84 2.72 2.72 2.72 2.72 2.72 2.72 0.84 0.84 0.84 0.84 0.84 0.84 0.84 0.84 0.73 0.73 0.73 0.73 0.73 0.73 0.73 1.08 0.73 0.73 0.73 0.73 0.73 0.73 0.73 0.73 0.83 0.83 0.83 0.83 0.83 0.83 0.83 0.83 0.83 0.83 0.83 0.83 0.83 0.83 0.83 0.83 0.78 0.78 0.78 0.78 1.15 1.15 1.15 0.78
0.00 0.00 0.73 0.73 0.73 0.73 2.44 1.88 0.62 0.62 0.62 0.62 1.03 1.03 1.03 1.03 1.03 1.03 1.03 1.03 1.03 1.03 1.03 1.03 1.03 1.03 1.03 1.03 0.84 0.84 2.72 2.72 0.84 2.72 2.72 2.72 0.84 0.84 0.84 0.84 0.84 0.84 0.84 0.84 0.73 0.73 0.73 0.73 0.73 0.73 1.08 1.08 0.73 0.73 0.73 0.73 0.73 0.73 0.73 0.73 0.83 0.83 0.83 0.83 0.83 0.83 0.83 0.83 0.83 0.83 0.83 0.83 0.83 0.83 0.83 1.22 1.15 0.78 0.78 3.08 2.38 2.38 2.38 2.61
0.00 0.00 2.28 0.68 0.68 2.28 2.28 0.58 0.58 0.58 0.58 0.58 0.97 0.97 0.97 0.97 0.97 0.97 0.97 0.97 0.97 0.97 0.97 0.97 0.97 0.97 0.97 0.97 0.84 0.84 0.84 0.84 0.84 0.84 0.84 2.68 0.84 0.84 0.84 0.84 0.84 0.84 0.84 0.84 0.92 0.92 0.92 0.92 0.92 0.92 0.92 1.35 0.92 0.92 0.92 0.92 0.92 0.92 0.92 0.92 0.82 0.82 0.82 0.82 0.82 0.82 0.82 0.82 0.82 0.82 0.82 0.82 0.82 0.82 0.82 0.82 0.79 0.79 0.54 0.54 0.64 2.12 1.64 1.83
0.00 0.00 0.68 2.28 0.68 1.76 0.85 0.58 0.58 0.58 0.58 0.58 0.97 0.97 0.97 0.97 1.42 1.42 0.97 0.97 0.97 0.97 0.97 0.97 0.97 0.97 0.97 0.97 0.84 0.84 0.84 0.84 0.84 0.84 0.84 2.68 0.84 0.84 0.84 0.84 0.84 0.84 0.84 0.84 0.92 0.92 0.92 0.92 0.92 0.92 0.92 0.92 0.92 0.92 0.92 0.92 0.92 0.92 0.92 0.92 0.82 0.82 0.82 0.82 0.82 0.82 0.82 0.82 0.82 0.82 0.82 0.82 0.82 0.82 0.82 0.82 0.54 0.79 0.54 0.54 2.12 2.12 1.64 0.00
0.00 0.00 1.66 0.68 2.28 0.58 0.58 0.58 0.58 0.58 0.58 0.58 0.97 0.97 0.97 0.97 0.97 1.42 0.97 0.97 0.97 0.97 0.97 0.97 0.97 0.97 0.97 0.97 0.84 1.23 0.84 0.84 0.84 0.84 0.84 0.84 0.84 0.84 0.84 0.84 0.84 0.84 0.84 0.84 0.92 0.92 0.92 0.92 0.92 0.92 0.92 0.92 0.92 0.92 0.92 0.92 0.92 0.92 0.92 0.92 0.82 0.82 0.82 0.82 0.82 0.82 0.82 0.82 0.82 0.82 0.82 0.82 0.82 0.82 0.82 0.82 0.54 0.54 0.54 0.54 2.12 1.80 2.12 0.00
0.00 0.00 0.00 2.28 2.28 0.85 0.58 0.58 0.58 0.58 0.58 0.58 0.97 0.97 0.97 0.97 0.97 0.97 0.97 0.97 0.97 0.97 0.97 0.97 0.97 0.97 0.97 0.97 0.84 1.23 1.23 0.84 0.84 0.84 0.84 0.84 1.23 0.84 0.84 0.84 0.84 0.84 0.84 0.84 0.92 0.92 0.92 0.92 0.92 0.92 0.92 0.92 0.92 0.92 0.92 0.92 0.92 0.92 0.92 0.92 0.82 0.82 0.82 0.82 0.82 0.82 0.82 0.82 0.82 0.82 0.82 0.82 0.82 0.82 0.82 0.82 0.54 0.54 0.54 0.54 0.64 1.83 0.00 0.00
0.00 0.00 0.00 2.28 0.68 0.17 0.58 0.85 0.85 0.58 0.85 0.85 0.97 0.97 0.97 1.42 1.42 0.97 0.97 0.97 0.97 0.97 0.97 0.97 0.97 0.97 0.97 0.97 0.84 0.84 0.84 0.84 0.84 0.84 0.84 1.23 1.23 0.84 0.84 0.84 1.23 0.84 0.84 0.84 0.92 0.92 0.92 0.92 0.92 0.92 0.92 0.92 0.92 0.92 0.92 0.92 0.92 0.92 0.92 0.92 0.82 0.82 0.82 0.82 0.82 0.82 0.82 0.82 0.82 0.82 0.82 0.82 0.82 0.82 0.82 0.82 0.54 0.54 0.54 0.54 0.64 0.64 0.00 0.00
0.00 0.00 0.00 0.00 1.66 0.68 1.76 0.85 0.58 0.58 0.58 0.58 0.97 0.97 0.97 0.97 0.97 0.97 0.97 0.97 0.97 0.97 0.97 0.97 0.97 0.97 0.97 0.97 0.84 0.84 0.84 0.84 0.84 0.84 0.84 0.84 0.84 0.84 0.84 0.84 0.84 0.84 0.84 0.84 0.92 0.92 0.92 0.92 0.92 0.92 0.92 0.92 0.92 0.92 0.92 0.92 0.92 0.92 0.92 0.92 1.20 0.82 0.82 0.82 0.82 0.82 0.82 0.82 0.82 0.82 0.82 0.82 0.82 0.82 0.82 0.82 0.54 0.54 0.54 0.54 0.64 2.12 0.00 0.00
