New_Model_Runs/9_Future_Present_Scn2_out/post_prcessed_with_MFR/Monthly_summaries/actual_et_monthly_AUG.asc
NCOLS 700
NROWS 400
XLLCENTER 515000.000000
YLLCENTER 8409000.000000
CELLSIZE 50.000000
NODATA_value -999.000000
[rows 304 to 341 of 400, columns 168 to 251 of 700]
3.07 3.98 3.07 3.98 3.98 3.98 3.98 3.98 2.99 2.99 3.28 2.99 2.99 3.28 3.28 2.99 3.28 3.28 3.88 2.99 0.99 0.99 0.99 0.99 2.98 2.98 2.98 3.87 3.87 2.98 2.98 0.98 0.98 3.28 3.28 3.28 2.98 3.87 3.87 3.87 1.42 1.42 2.95 2.95 3.82 3.82 3.24 3.82 3.24 3.24 3.82 0.97 0.97 0.97 0.97 3.82 3.58 3.58 3.58 3.58 3.58 3.04 3.04 3.04 2.76 2.76 2.76 2.76 2.76 3.58 3.58 3.58 3.14 3.71 3.14 3.14 3.31 3.71 3.71 2.86 2.86 2.86 2.86 2.86
3.98 3.37 3.07 3.98 3.98 3.98 3.98 3.98 3.88 3.28 2.99 2.99 3.28 3.28 2.99 2.99 3.28 3.88 3.88 2.99 1.45 0.99 1.45 2.99 2.98 0.98 0.98 3.87 3.87 2.98 0.98 0.98 0.98 0.98 0.98 0.98 0.98 0.98 1.44 1.44 1.42 1.42 1.42 2.95 3.82 3.82 3.82 3.82 3.41 3.82 3.82 3.82 2.95 1.42 3.82 3.82 3.58 3.58 3.58 3.58 3.58 3.58 2.76 2.76 2.76 2.76 2.76 2.76 2.76 3.58 3.58 2.76 2.86 2.86 2.86 3.14 3.31 3.71 2.86 2.86 2.86 2.86 2.86 2.86
3.02 3.92 3.02 3.02 3.32 3.02 3.18 3.18 3.86 2.98 2.98 2.98 2.98 1.44 3.27 1.44 1.44 2.98 3.86 3.86 0.98 0.98 0.98 2.98 2.96 0.98 0.98 3.84 2.96 1.43 0.98 0.98 0.98 1.43 1.43 0.98 0.98 0.98 0.98 1.43 1.41 1.41 1.41 3.20 3.20 3.77 3.77 2.91 2.91 2.91 3.77 3.77 3.77 3.37 3.77 3.77 3.29 3.68 3.68 1.10 1.10 3.68 3.12 2.84 3.12 3.12 3.68 3.68 1.10 3.68 3.68 2.84 2.83 2.83 2.83 3.11 3.11 3.11 2.83 2.83 2.83 3.67 3.67 2.83
3.92 3.92 3.92 1.18 3.92 3.02 3.92 3.18 3.86 3.86 2.98 2.98 2.98 2.98 3.27 2.98 2.98 2.98 2.98 2.98 2.98 0.98 0.98 2.98 2.96 3.84 3.84 2.96 1.43 0.98 0.98 0.98 0.98 0.98 0.98 0.98 0.98 0.98 0.98 0.98 1.41 3.77 2.91 2.91 2.91 2.91 2.91 2.91 2.91 2.91 3.20 3.77 3.77 3.77 1.13 3.77 3.29 3.68 2.84 2.84 3.68 3.68 3.68 3.68 3.68 2.84 2.84 3.68 3.68 3.68 2.84 2.84 2.83 3.67 3.67 3.67 3.67 2.83 3.67 3.67 3.67 3.67 3.67 2.83
3.02 3.32 3.32 3.92 3.02 3.02 3.92 3.18 1.16 3.86 3.86 3.86 2.98 2.98 2.98 2.98 3.27 2.98 2.98 2.98 2.98 3.27 3.27 2.98 2.96 2.96 2.96 2.96 0.98 0.98 0.98 0.98 0.98 0.98 0.98 0.98 0.98 0.98 0.98 0.98 0.96 3.77 3.77 2.91 2.91 2.91 3.20 3.20 2.91 3.20 3.20 3.77 1.13 3.37 3.77 3.77 3.68 2.84 2.84 2.84 3.12 2.84 3.12 2.84 3.12 2.84 2.84 2.84 2.84 0.94 0.94 0.94 3.67 2.83 2.83 3.67 3.67 3.67 3.67 3.67 3.67 3.67 2.83 3.11
3.32 3.92 3.92 3.92 3.02 3.02 3.92 3.92 3.15 3.86 3.86 2.98 2.98 2.98 2.98 2.98 0.98 0.98 0.98 2.98 3.86 3.27 3.27 3.27 3.25 2.96 3.84 3.84 0.98 0.98 0.98 0.98 0.98 2.96 3.25 2.96 0.98 0.98 0.98 0.98 0.96 0.96 0.96 2.91 2.91 2.91 3.19 2.91 2.91 2.91 3.19 2.91 3.37 0.96 0.96 3.19 2.84 2.84 2.84 2.84 2.84 2.84 2.84 2.84 2.84 2.84 2.84 2.84 0.94 0.94 0.94 0.94 3.11 2.83 3.11 2.83 2.83 3.67 0.93 0.93 3.67 3.67 3.67 3.67
3.02 3.92 3.92 3.92 3.92 3.02 3.02 3.92 3.86 3.86 3.86 3.86 3.27 3.27 2.98 0.98 0.98 0.98 0.98 0.98 2.98 2.98 3.27 3.86 2.96 2.96 3.84 3.25 0.98 0.98 0.98 0.98 0.98 0.98 0.98 0.98 0.98 0.98 0.98 0.98 0.96 0.96 1.41 0.96 0.96 3.19 3.19 3.19 2.91 3.19 3.19 2.91 0.96 0.96 0.96 0.96 0.94 0.94 0.94 2.84 2.84 2.84 2.84 2.84 3.68 2.84 2.84 2.84 0.94 0.94 0.94 2.84 0.93 2.83 2.83 2.83 0.93 0.93 0.93 0.93 2.83 2.83 2.83 2.83
3.92 3.02 3.02 3.92 3.92 3.92 3.02 3.92 3.86 3.15 3.15 3.86 2.98 2.98 2.98 3.27 2.98 0.98 0.98 0.98 2.98 2.98 3.86 3.86 1.43 2.96 2.96 2.96 2.96 0.98 0.98 0.98 0.98 0.98 1.43 1.43 0.98 0.98 0.98 0.98 0.96 0.96 1.41 0.96 0.96 3.19 3.19 3.19 3.19 2.91 2.91 0.96 0.96 0.96 0.96 0.96 0.94 0.94 0.94 0.94 2.84 2.84 2.84 2.84 2.84 2.84 2.84 2.84 0.94 0.94 0.94 0.94 0.93 0.93 0.93 2.83 0.93 0.93 0.93 0.93 2.83 2.83 2.83 2.83
3.32 3.02 3.02 3.02 3.18 3.92 3.92 3.92 3.27 3.86 3.15 3.86 2.98 3.27 2.98 2.98 2.98 2.98 2.98 2.98 2.98 3.86 3.86 2.98 2.96 2.96 2.96 2.96 2.96 2.96 0.98 0.98 0.98 0.98 0.98 0.98 0.98 0.98 0.98 0.98 0.96 1.41 0.96 0.96 0.96 3.19 3.19 2.91 3.19 3.19 2.91 0.96 0.96 1.41 1.41 0.96 0.94 1.37 0.94 2.84 3.68 2.84 3.12 3.68 3.68 0.94 0.94 1.37 0.94 0.94 2.84 0.94 0.93 0.93 0.93 0.93 1.37 1.37 0.93 3.11 3.11 2.83 2.83 2.83
3.02 3.02 3.92 3.92 3.32 3.02 3.92 3.02 3.86 3.86 3.86 3.86 3.86 0.98 2.98 2.98 2.98 2.98 2.98 2.98 2.98 2.98 2.98 2.98 2.96 2.96 3.25 2.96 2.96 2.96 3.25 3.25 0.98 0.98 0.98 0.98 0.98 0.98 1.43 0.98 0.96 0.96 0.96 0.96 0.96 3.19 3.19 3.19 3.19 2.91 2.91 0.96 0.96 1.41 1.41 0.96 0.94 1.37 0.94 0.94 3.68 3.68 3.68 3.68 3.68 0.94 0.94 0.94 0.94 0.94 2.84 0.94 0.93 3.11 2.83 0.93 0.93 0.93 0.93 3.11 2.83 2.83 2.83 3.11
3.92 3.92 3.92 3.92 3.02 3.02 3.02 3.02 2.98 2.98 1.44 3.11 0.98 0.98 2.98 2.98 2.98 2.98 2.98 3.27 2.98 2.98 2.98 2.98 2.96 2.96 3.25 3.25 3.25 3.25 3.25 3.25 3.25 0.98 0.98 0.98 0.98 0.98 0.98 1.43 0.96 0.96 0.96 2.91 3.19 3.19 3.19 2.91 2.91 2.91 2.91 2.91 2.91 1.41 3.04 0.96 0.94 0.94 0.94 0.94 0.94 3.68 3.68 3.68 3.68 1.37 1.37 0.94 0.94 0.94 0.94 0.94 0.93 0.93 2.83 0.93 0.93 0.93 0.93 0.93 2.83 2.83 2.83 2.83
1.46 3.92 3.02 3.02 3.02 3.02 3.32 3.02 2.98 2.98 1.44 3.11 3.86 0.98 2.98 2.98 2.98 3.86 3.86 3.27 3.86 3.86 3.27 2.98 2.96 2.96 3.25 3.25 3.25 3.25 3.25 3.25 3.25 2.96 0.98 2.96 2.96 3.25 3.25 3.25 0.96 0.96 0.96 2.91 3.19 3.19 3.19 2.91 2.91 2.91 2.91 2.91 3.19 0.96 0.96 0.96 0.94 0.94 0.94 0.94 0.94 0.94 0.94 0.94 0.94 0.94 1.37 3.68 0.94 0.94 1.37 1.37 1.37 0.93 2.83 2.83 2.83 0.93 0.93 0.93 2.83 2.83 2.83 3.11
3.92 3.92 3.02 3.92 3.02 3.02 3.32 3.32 3.86 3.86 3.86 3.86 3.86 3.86 3.86 2.98 3.86 2.98 3.27 3.86 1.16 2.98 2.98 3.86 3.84 2.96 3.25 3.25 3.25 3.25 3.25 3.25 2.96 0.98 1.43 0.98 3.25 3.25 3.25 0.98 0.96 3.19 3.19 3.19 3.19 3.19 3.19 3.19 3.19 3.77 3.77 2.91 0.96 0.96 0.96 0.96 0.94 0.94 0.94 0.94 0.94 0.94 0.94 0.94 0.94 0.94 0.94 0.94 0.94 0.94 3.68 1.37 1.37 0.93 0.93 2.83 3.67 0.93 0.93 0.93 3.11 3.11 2.83 2.83
3.92 3.02 3.02 3.92 3.02 3.02 3.02 3.92 3.86 3.86 3.86 3.86 3.86 3.86 3.27 3.86 3.86 2.98 2.98 3.86 3.27 2.98 2.98 2.98 3.84 3.25 3.25 3.25 0.98 3.25 3.25 3.25 0.98 0.98 0.98 0.98 0.98 0.98 0.98 0.98 0.96 1.41 0.96 3.19 3.19 3.19 3.19 3.19 0.96 2.91 2.91 0.96 0.96 0.96 0.96 0.96 1.37 0.94 1.37 1.37 0.94 0.94 0.94 0.94 0.94 0.94 0.94 0.94 0.94 0.94 1.37 0.94 1.37 1.37 0.93 2.83 1.37 3.11 2.83 3.11 2.83 2.83 2.83 2.83
3.02 3.02 3.92 3.02 3.02 3.02 3.92 3.92 3.27 3.27 3.86 3.45 3.27 3.86 3.86 3.86 3.86 2.98 2.98 3.86 2.98 2.98 3.27 2.98 3.25 3.25 0.98 0.98 0.98 0.98 3.25 3.25 0.98 0.98 0.98 0.98 0.98 0.98 0.98 0.98 0.96 3.04 3.04 1.41 0.96 0.96 1.41 1.41 0.96 3.04 1.41 1.41 0.96 0.96 0.96 1.41 0.94 0.94 0.94 0.94 0.94 0.94 0.94 0.94 0.94 0.94 0.94 0.94 0.94 0.94 0.94 0.94 0.93 0.93 0.93 0.93 0.93 2.83 3.11 3.11 2.83 2.83 2.83 2.83
3.92 3.92 1.18 3.92 3.92 3.92 3.92 3.92 3.27 2.98 2.98 2.98 2.98 3.86 3.86 3.86 2.98 2.98 3.45 3.86 3.86 3.27 3.27 3.27 3.25 0.98 0.98 0.98 0.98 1.43 3.25 3.25 0.98 0.98 0.98 0.98 0.98 0.98 0.98 3.09 3.04 3.04 3.04 0.96 0.96 1.41 1.41 1.41 0.96 3.19 3.04 0.96 0.96 0.96 0.96 1.41 0.94 0.94 0.94 0.94 1.37 1.37 0.94 0.94 0.94 0.94 0.94 0.94 0.94 0.94 0.94 1.37 1.37 1.37 0.93 1.37 0.93 2.83 2.83 3.11 3.11 2.83 2.83 2.83
3.92 3.92 3.92 3.92 3.92 3.92 3.32 3.02 3.27 2.98 3.27 2.98 0.98 0.98 0.98 3.86 2.98 3.86 1.16 3.86 0.98 2.98 3.27 3.27 2.96 2.96 0.98 0.98 0.98 0.98 2.96 3.25 0.98 0.98 0.98 0.98 0.98 0.98 0.98 3.25 3.19 3.19 0.96 0.96 1.41 1.41 1.41 1.41 3.04 3.77 0.96 0.96 1.41 1.41 0.96 0.96 1.37 1.37 1.37 0.94 1.37 1.37 1.37 0.94 0.94 0.94 0.94 0.94 0.94 0.94 0.94 1.37 0.93 0.93 0.93 0.93 0.93 0.93 0.93 2.83 3.11 3.11 2.83 2.83
3.92 1.18 3.92 3.02 3.02 3.32 3.32 3.02 3.27 0.98 0.98 3.27 0.98 0.98 0.98 3.86 3.86 3.86 3.86 0.98 0.98 0.98 1.44 1.44 2.96 2.96 0.98 0.98 3.25 3.25 2.96 2.96 0.98 0.98 3.25 3.25 3.25 0.98 1.43 3.25 3.04 3.19 1.41 0.96 3.77 3.77 3.77 3.77 3.04 3.04 1.41 0.96 0.96 0.96 1.41 0.96 1.37 0.94 1.37 0.94 1.37 1.37 1.37 0.94 0.94 0.94 0.94 0.94 0.94 0.94 0.94 0.94 0.93 0.93 0.93 0.93 2.83 2.83 0.93 0.93 0.93 0.93 0.93 0.93
2.42 2.42 2.42 1.87 2.42 2.42 2.16 2.05 3.76 3.19 2.90 3.19 2.90 1.13 3.76 3.76 3.76 2.90 3.76 0.96 0.96 0.96 3.19 3.19 3.16 1.39 3.16 2.87 3.16 3.16 3.16 0.95 0.95 0.95 3.16 3.16 0.95 3.00 3.00 1.39 2.75 2.75 1.33 2.87 3.57 3.57 0.91 2.87 1.33 2.87 1.33 1.33 0.91 0.91 0.91 0.91 1.36 0.93 0.93 0.93 0.93 0.93 0.93 0.93 0.93 0.93 0.93 0.93 0.93 0.93 0.93 0.93 0.95 0.95 0.95 0.95 2.87 2.87 2.87 0.95 0.95 0.95 0.95 1.39
2.42 2.42 1.87 2.05 2.16 2.42 2.05 1.95 2.90 2.90 2.90 3.19 2.90 3.76 3.76 3.76 3.76 2.90 0.96 0.96 0.96 3.19 3.19 3.19 3.16 2.87 2.87 2.87 2.87 1.39 0.95 0.95 0.95 0.95 3.16 3.16 1.39 3.00 3.00 1.39 1.33 3.02 3.02 0.91 1.33 1.33 2.87 1.33 1.33 1.33 1.33 0.91 0.91 0.91 0.91 0.91 1.36 1.36 0.93 0.93 1.36 0.93 0.93 0.93 0.93 0.93 0.93 0.93 1.36 0.93 0.93 0.93 0.95 0.95 0.95 0.95 0.95 2.87 2.87 2.87 0.95 0.95 0.95 1.39
2.42 0.73 1.87 1.87 1.87 2.05 2.05 0.62 0.96 2.90 2.90 3.19 2.90 3.76 3.76 3.76 3.76 3.76 2.90 0.96 3.19 3.19 3.19 3.19 3.16 2.87 2.87 2.87 1.39 0.95 0.95 0.95 0.95 0.95 3.16 1.39 1.39 1.39 3.16 3.16 1.33 0.91 0.91 3.02 0.91 0.91 3.02 0.91 1.33 1.33 3.02 3.57 0.91 0.91 0.91 0.91 0.93 1.36 0.93 0.93 0.93 0.93 0.93 0.93 0.93 0.93 0.93 0.93 0.93 0.93 0.93 0.93 0.95 0.95 0.95 0.95 0.95 0.95 0.95 0.95 0.95 0.95 0.95 1.39
2.42 2.42 2.42 0.62 0.62 1.87 1.87 1.95 0.96 3.76 2.90 2.90 2.90 3.76 3.76 3.76 3.76 3.76 3.76 3.76 3.76 3.76 3.19 3.19 3.16 2.87 2.87 3.16 3.16 0.95 0.95 0.95 0.95 0.95 0.95 1.39 1.39 3.16 3.16 3.16 3.02 0.91 0.91 0.91 0.91 0.91 0.91 3.02 3.02 3.02 3.02 1.33 1.33 0.91 0.91 0.91 0.93 1.36 0.93 0.93 0.93 0.93 0.93 1.36 0.93 0.93 0.93 0.93 3.09 0.93 0.93 0.93 0.95 0.95 0.95 0.95 0.95 0.95 0.95 0.95 0.95 0.95 0.95 0.95
0.00 2.42 2.42 0.62 0.62 2.42 2.42 2.42 3.76 3.76 2.90 2.90 2.90 3.76 3.76 3.19 3.76 3.19 3.76 3.76 0.96 0.96 3.19 3.19 2.87 3.16 3.16 0.95 0.95 0.95 0.95 0.95 0.95 0.95 1.39 1.39 1.39 3.16 3.16 0.95 1.33 0.91 0.91 0.91 0.91 0.91 1.33 3.02 3.02 2.75 2.75 2.75 1.33 0.91 0.91 0.91 0.93 1.36 0.93 0.93 0.93 0.93 0.93 0.93 0.93 0.93 3.09 0.93 0.93 0.93 0.93 0.93 0.95 0.95 1.39 0.95 0.95 0.95 0.95 0.95 0.95 2.87 0.95 1.39
0.00 0.00 2.42 2.42 2.42 2.42 2.42 2.42 3.76 3.76 3.76 3.76 2.90 2.90 3.19 2.90 2.90 3.76 3.76 0.96 0.96 0.96 3.19 3.19 2.87 3.16 2.87 0.95 0.95 0.95 0.95 0.95 0.95 0.95 0.95 0.95 1.39 1.39 1.39 0.95 0.91 0.91 0.91 0.91 0.91 0.91 0.91 0.91 3.02 2.75 2.75 3.57 3.02 0.91 0.91 0.91 0.93 0.93 0.93 0.93 0.93 0.93 0.93 0.93 0.93 0.93 0.00 0.93 0.93 0.93 0.93 0.93 0.95 1.39 3.16 0.95 0.95 0.95 0.95 0.95 3.16 2.87 2.87 1.39
0.00 0.00 0.00 0.00 0.00 0.00 0.00 0.00 3.76 3.76 3.76 3.76 2.90 2.90 2.90 2.90 2.90 2.90 1.40 0.96 0.96 2.90 2.90 3.19 2.87 2.87 2.87 0.95 0.95 0.95 0.95 0.95 0.95 0.95 1.39 1.39 1.39 0.95 0.95 0.95 0.91 0.91 0.91 0.91 0.91 0.91 0.91 0.91 0.91 1.33 2.75 3.57 2.75 1.33 0.91 0.91 0.93 0.93 0.93 0.93 0.93 0.93 0.93 0.93 0.93 0.00 0.00 0.00 0.93 0.93 0.00 0.00 0.00 0.95 1.39 0.95 0.95 0.95 0.95 0.95 3.16 2.87 3.16 2.87
0.00 0.00 0.00 0.00 0.00 0.00 0.00 0.00 0.00 0.00 3.76 3.76 3.76 2.90 3.19 3.19 2.90 2.90 2.90 0.96 1.40 2.90 2.90 3.19 2.87 2.87 0.95 0.95 0.95 0.95 0.95 0.95 0.95 0.95 0.95 0.95 0.95 0.95 0.95 0.95 0.91 0.91 0.91 0.91 0.91 0.91 0.91 0.91 0.91 1.33 1.33 1.33 1.33 0.91 0.91 0.91 0.93 0.93 0.93 0.93 0.93 0.93 0.93 0.93 0.93 0.00 0.00 0.00 0.00 0.00 0.00 0.00 0.00 0.00 0.00 2.87 0.95 1.39 0.95 0.95 0.95 2.87 2.87 2.87
0.00 0.00 0.00 0.00 0.00 0.00 0.00 0.00 0.00 0.00 3.76 3.76 3.76 0.96 0.96 0.96 0.96 2.90 1.40 1.40 1.40 1.40 1.40 2.90 1.39 3.16 1.39 0.95 0.95 0.95 0.95 0.95 0.95 0.95 0.95 0.95 0.95 0.95 0.95 0.95 0.91 0.91 0.91 0.91 0.91 0.91 0.91 0.91 1.33 1.33 1.33 0.91 0.91 0.91 0.91 0.91 0.93 0.93 0.93 0.93 0.93 0.93 0.93 0.93 0.93 0.93 0.93 0.00 0.00 0.00 0.00 0.00 0.00 0.00 0.00 0.00 0.00 1.39 0.95 0.95 0.95 0.95 2.87 3.16
0.00 0.00 0.00 0.00 0.00 0.00 0.00 0.00 0.00 0.00 0.00 0.00 3.76 3.76 0.96 0.96 0.96 0.96 1.40 1.40 1.40 1.40 0.96 3.19 3.16 1.39 1.39 0.95 0.95 0.95 0.95 0.95 0.95 0.95 0.95 0.95 0.95 0.95 0.95 0.95 0.91 0.91 0.91 0.91 0.91 0.91 0.91 0.91 0.91 1.33 1.33 1.33 0.91 0.91 0.91 0.91 0.93 0.93 0.93 0.93 0.93 0.93 0.93 0.93 0.93 0.93 0.93 0.00 0.00 0.00 0.00 0.00 0.00 0.00 0.00 0.00 2.87 2.87 2.87 2.87 2.87 2.87 0.95 0.95
0.00 0.00 0.00 0.00 0.00 0.00 0.00 0.00 0.00 0.00 0.00 0.00 0.00 3.76 3.76 0.96 2.90 0.96 0.96 0.96 0.96 0.96 0.96 0.96 0.95 3.00 3.00 1.39 0.95 0.95 0.95 0.95 0.95 0.95 0.95 0.95 0.95 0.95 0.95 0.95 0.91 0.91 0.91 0.91 0.91 0.91 0.91 0.91 0.91 1.33 1.33 1.33 0.91 0.91 0.91 0.91 0.93 0.93 0.93 0.93 0.93 0.93 0.93 0.00 0.00 0.00 0.00 0.00 0.00 0.00 0.00 0.00 0.00 0.00 0.00 0.00 0.95 3.16 2.87 2.87 2.87 0.95 0.95 0.95
0.00 0.00 0.00 0.00 0.00 0.00 0.00 0.00 0.00 0.00 0.00 0.00 0.00 0.00 3.76 3.76 2.90 0.96 0.96 3.76 3.76 0.96 0.96 0.96 0.95 1.39 0.95 0.95 0.95 0.95 0.95 0.95 0.95 0.95 1.39 0.95 0.95 0.95 0.95 0.95 0.91 0.91 0.91 0.91 0.91 0.91 0.91 0.91 0.91 1.33 0.91 0.91 0.91 0.91 0.91 0.91 0.93 0.93 0.93 0.93 0.93 0.93 0.00 0.00 0.00 0.00 0.00 0.00 0.00 0.00 0.00 0.00 0.00 0.00 0.00 0.00 3.73 3.73 3.73 2.87 3.16 0.95 0.95 0.95
0.00 0.00 0.00 0.00 0.00 0.00 0.00 0.00 0.00 0.00 0.00 0.00 0.00 0.00 0.00 3.76 3.76 3.76 0.96 3.03 3.76 0.96 0.96 0.96 0.95 0.95 0.95 0.95 0.95 0.95 0.95 0.95 0.95 0.95 0.95 0.95 0.95 0.95 0.95 0.95 0.91 0.91 0.91 0.91 0.91 0.91 0.91 0.91 0.91 1.33 0.91 0.91 0.91 1.33 0.91 0.91 0.93 0.93 0.93 0.93 0.93 0.00 0.00 0.00 0.00 0.00 0.00 0.00 0.00 0.00 0.00 0.00 0.00 0.00 0.00 0.00 0.00 3.73 3.73 3.73 2.87 1.39 0.95 0.95
0.00 0.00 0.00 0.00 0.00 0.00 0.00 0.00 0.00 0.00 0.00 0.00 0.00 0.00 0.00 0.00 0.00 3.76 3.76 3.76 3.76 3.76 0.96 0.96 0.95 0.95 0.95 0.95 0.95 0.95 0.95 0.95 0.95 0.95 0.00 0.00 0.00 0.00 0.00 0.00 0.00 0.00 0.00 0.00 0.00 0.00 0.91 0.91 0.91 1.33 0.91 0.91 0.91 1.33 0.91 0.91 0.93 0.93 0.93 0.93 0.93 0.00 0.00 0.00 0.00 0.00 0.00 0.00 0.00 0.00 0.00 0.00 0.00 0.00 0.00 0.00 0.00 0.00 0.00 0.00 0.00 0.95 1.39 0.95
0.00 0.00 0.00 0.00 0.00 0.00 0.00 0.00 0.00 0.00 0.00 0.00 0.00 0.00 0.00 0.00 0.00 0.00 0.00 0.00 0.00 0.00 3.76 0.96 0.95 0.95 0.95 0.95 0.95 0.95 0.95 0.95 0.95 0.00 0.00 0.00 0.00 0.00 0.00 0.00 0.00 0.00 0.00 0.00 0.00 0.00 0.00 0.00 0.00 0.91 0.91 0.91 0.91 0.91 0.91 0.91 0.93 0.93 0.93 0.93 0.93 0.00 0.00 0.00 0.00 0.00 0.00 0.00 0.00 0.00 0.00 0.00 0.00 0.00 0.00 0.00 0.00 0.00 0.00 0.00 0.00 0.95 1.39 1.39
0.00 0.00 0.00 0.00 0.00 0.00 0.00 0.00 0.00 0.00 0.00 0.00 0.00 0.00 0.00 0.00 0.00 0.00 0.00 0.00 0.00 0.00 0.00 3.76 0.95 0.95 0.95 0.95 0.95 0.95 0.95 0.95 0.00 0.00 0.00 0.00 0.00 0.00 0.00 0.00 0.00 0.00 0.00 0.00 0.00 0.00 0.00 0.00 0.00 0.00 0.91 0.91 0.91 0.91 0.91 1.33 0.93 0.93 0.93 0.93 0.93 0.93 0.00 0.00 0.00 0.00 0.00 0.00 0.00 0.00 0.00 0.00 0.00 0.00 0.00 0.00 0.00 0.00 0.00 0.00 0.00 2.87 0.95 1.39
0.00 0.00 0.00 0.00 0.00 0.00 0.00 0.00 0.00 0.00 0.00 0.00 0.00 0.00 0.00 0.00 0.00 0.00 0.00 0.00 0.00 0.00 0.00 0.00 0.00 0.00 0.00 0.55 0.55 0.55 0.55 0.00 0.00 0.00 0.00 0.00 0.00 0.00 0.00 0.00 0.00 0.00 0.00 0.00 0.00 0.00 0.00 0.00 0.00 0.00 0.55 0.55 0.55 0.55 0.55 0.55 0.54 0.80 0.54 0.54 0.54 0.54 0.00 0.00 0.00 0.00 0.00 0.00 0.00 0.00 0.00 0.00 0.00 0.00 0.00 0.00 0.00 0.00 0.00 0.00 0.00 0.00 2.10 0.53
0.00 0.00 0.00 0.00 0.00 0.00 0.00 0.00 0.00 0.00 0.00 0.00 0.00 0.00 0.00 0.00 0.00 0.00 0.00 0.00 0.00 0.00 0.00 0.00 0.00 0.00 0.00 0.00 0.55 0.55 0.00 0.00 0.00 0.00 0.00 0.00 0.00 0.00 0.00 0.00 0.00 0.00 0.00 0.00 0.00 0.00 0.00 0.00 0.00 0.00 0.55 0.55 0.55 0.55 0.80 0.80 0.80 0.54 0.54 0.54 0.54 0.54 0.54 0.54 0.00 0.00 0.00 0.00 0.00 0.00 0.00 0.00 0.00 0.00 0.00 0.00 0.00 0.00 0.00 0.00 0.00 0.00 0.00 0.78
0.00 0.00 0.00 0.00 0.00 0.00 0.00 0.00 0.00 0.00 0.00 0.00 0.00 0.00 0.00 0.00 0.00 0.00 0.00 0.00 0.00 0.00 0.00 0.00 0.00 0.00 0.00 0.00 0.55 0.55 0.00 0.00 0.00 0.00 0.00 0.00 0.00 0.00 0.00 0.00 0.00 0.00 0.00 0.00 0.00 0.00 0.00 0.00 0.00 0.00 0.55 0.55 0.55 0.55 0.80 0.80 0.54 0.54 0.54 0.54 0.54 0.54 0.80 0.54 0.00 0.00 0.00 0.00 0.00 0.00 0.00 0.00 0.00 0.00 0.00 0.00 0.00 0.00 0.00 0.00 0.00 0.00 0.00 0.00
0.00 0.00 0.00 0.00 0.00 0.00 0.00 0.00 0.00 0.00 0.00 0.00 0.00 0.00 0.00 0.00 0.00 0.00 0.00 0.00 0.00 0.00 0.00 0.00 0.00 0.00 0.00 0.00 2.17 0.00 0.00 0.00 0.00 0.00 0.00 0.00 0.00 0.00 0.00 0.00 0.00 0.00 0.00 0.00 0.00 0.00 0.00 0.00 0.00 0.00 0.55 0.55 0.55 0.55 0.55 0.55 0.54 0.54 0.54 0.54 0.54 0.54 0.54 0.54 0.00 0.00 0.00 0.00 0.00 0.00 0.00 0.00 0.00 0.00 0.00 0.00 0.00 0.00 0.00 0.00 0.00 0.00 0.00 0.00
