New_Model_Runs/9_Future_Present_Scn2_out/post_prcessed_with_MFR/Monthly_summaries/actual_et_monthly_SEP.asc
NCOLS 700
NROWS 400
XLLCENTER 515000.000000
YLLCENTER 8409000.000000
CELLSIZE 50.000000
NODATA_value -999.000000
[rows 228 to 265 of 400, columns 252 to 335 of 700]
1.03 1.03 1.03 1.03 0.93 1.36 0.93 0.93 1.36 1.36 0.93 2.93 1.36 0.93 1.36 0.93 0.93 0.93 0.93 0.93 1.10 1.10 1.10 1.10 1.10 1.10 1.10 1.61 1.10 1.10 1.61 3.66 3.66 3.66 3.66 3.66 0.96 0.96 0.96 0.96 3.79 3.79 0.96 0.96 0.96 0.96 3.05 0.96 1.41 1.41 1.41 3.79 1.55 1.06 2.56 1.24 2.56 2.56 4.15 4.15 3.20 3.34 3.34 1.06 1.06 3.94 3.93 0.00 2.37 0.00 0.00 0.00 0.00 0.00 0.00 0.00 0.00 0.00 0.00 0.00 0.00 0.00 0.00 0.00
1.03 1.03 1.03 1.03 0.93 0.93 0.93 0.93 0.93 2.80 1.36 1.36 1.36 1.36 1.36 0.93 0.93 0.93 0.93 0.93 1.10 1.10 1.10 1.10 1.10 1.10 1.10 1.10 1.10 1.10 1.10 1.10 1.10 1.10 1.10 1.10 0.96 0.96 0.96 0.96 3.79 3.21 3.79 3.79 3.79 0.96 0.96 0.96 0.96 0.96 2.44 3.79 2.56 2.56 4.15 4.15 1.25 4.15 1.05 3.52 4.15 4.15 3.51 3.52 3.93 0.00 0.00 0.00 0.00 0.00 0.00 0.00 0.00 0.00 0.00 0.00 0.00 0.00 0.00 0.00 0.00 0.00 0.00 0.00
1.03 1.03 1.03 1.03 0.93 0.93 0.93 0.93 0.93 0.93 1.36 1.36 1.36 1.36 0.93 0.93 0.93 1.36 1.36 2.93 1.10 1.61 1.10 1.10 1.10 1.10 1.10 1.10 1.10 1.10 1.10 1.10 1.10 1.10 1.10 1.10 0.96 0.96 0.96 0.96 3.79 3.79 2.44 1.14 3.79 3.79 0.96 0.96 0.96 0.29 2.44 3.79 1.25 1.25 2.56 3.20 3.34 3.20 1.55 3.52 4.15 4.15 4.15 3.93 3.93 0.00 0.00 0.00 0.00 0.00 0.00 0.00 0.00 0.00 0.00 0.00 0.00 0.00 0.00 0.00 0.00 0.00 0.00 0.00
1.03 1.03 1.03 1.03 0.93 0.93 0.93 0.93 0.93 0.93 0.93 3.08 0.93 0.93 0.93 1.36 1.36 2.93 1.36 1.36 1.10 1.10 1.10 1.10 1.10 1.10 1.10 1.10 1.10 1.10 1.10 1.10 1.10 1.10 1.10 1.10 1.41 0.96 0.96 0.96 3.79 3.79 3.79 2.44 3.79 3.79 1.14 2.44 0.96 1.14 2.92 3.21 3.20 4.15 4.15 3.52 3.52 4.15 4.15 3.34 4.15 4.15 3.20 0.00 0.00 0.00 0.00 0.00 0.00 0.00 0.00 2.37 0.00 0.00 0.00 0.00 0.00 0.00 0.00 0.00 0.00 0.00 0.00 0.00
1.03 1.03 1.03 1.03 0.93 0.93 0.93 0.93 0.93 0.93 0.93 3.08 3.08 0.93 0.93 3.08 1.36 3.08 1.36 1.36 1.10 1.10 1.10 1.10 1.10 1.10 1.10 1.10 1.10 1.10 1.10 1.10 1.10 1.10 1.10 1.10 0.96 0.96 0.96 0.96 2.92 3.79 3.79 2.44 2.44 2.44 2.44 1.14 3.79 1.14 2.92 3.05 4.15 2.56 4.15 4.15 4.15 4.15 4.15 3.52 3.34 3.43 3.20 3.20 0.00 0.00 0.00 0.00 0.00 0.00 0.00 2.37 0.00 0.00 0.00 0.00 0.00 0.00 0.00 0.00 0.00 0.00 0.00 0.00
1.03 1.03 1.03 1.03 0.93 0.93 0.93 0.93 0.93 0.93 0.93 0.93 0.93 0.93 0.93 3.08 3.64 1.36 3.64 0.93 1.10 1.10 1.10 1.10 1.10 1.10 1.10 1.10 1.10 1.61 1.10 1.10 1.10 1.10 1.10 1.10 1.41 0.96 0.96 2.92 3.79 3.79 3.79 2.44 3.79 2.44 3.79 3.79 3.79 0.88 2.92 3.79 1.25 1.25 1.25 1.25 3.52 4.15 4.15 3.52 3.02 3.04 1.55 3.20 0.00 3.93 0.00 0.00 0.00 0.00 2.37 2.37 2.37 0.00 0.00 0.00 0.00 0.00 0.00 0.00 0.00 0.00 0.00 0.00
1.03 1.03 1.03 1.03 0.93 1.36 0.93 0.93 0.93 0.93 0.93 0.93 0.93 0.93 0.93 3.64 3.64 2.81 3.64 0.93 1.61 1.10 1.10 1.10 1.10 1.10 1.10 1.10 1.10 1.61 1.10 1.10 1.10 1.10 1.10 1.10 0.96 0.96 0.96 2.92 3.79 2.44 2.44 1.14 3.79 3.79 3.79 2.92 2.92 3.05 3.05 3.05 3.20 4.15 2.56 1.25 3.52 4.15 3.20 1.55 1.55 3.48 1.55 1.06 3.93 3.93 3.93 0.00 0.00 0.00 0.00 0.00 0.00 0.00 0.00 0.00 0.00 0.00 0.00 0.00 0.00 0.00 0.00 0.00
1.03 1.03 1.03 1.03 0.93 0.93 0.93 0.93 0.93 0.93 0.93 0.93 0.93 0.93 0.93 0.93 1.36 2.81 0.93 0.93 1.10 1.10 0.33 1.10 1.10 1.10 1.10 1.10 1.10 1.10 1.10 1.10 1.10 1.10 1.10 1.10 0.96 0.96 0.96 0.96 1.14 3.79 2.92 2.92 2.92 2.92 3.21 2.92 1.41 2.92 3.21 3.21 3.20 4.15 4.15 4.15 1.25 3.20 3.02 3.48 1.55 1.06 1.06 3.93 3.93 3.93 3.93 0.00 0.00 0.00 0.00 0.00 0.00 0.00 0.00 0.00 0.00 0.00 0.00 0.00 0.00 0.00 0.00 0.00
1.03 1.03 1.03 1.03 1.36 1.36 0.93 0.93 0.93 0.93 0.93 0.93 0.93 0.93 0.28 0.28 0.93 1.36 0.93 0.93 1.10 2.63 4.32 1.10 1.10 1.10 1.10 1.10 1.10 1.10 1.10 1.10 1.10 1.10 1.10 1.10 0.96 0.96 0.96 0.96 1.41 3.79 2.92 2.92 2.92 2.92 3.21 3.21 0.96 3.05 3.21 3.05 3.52 4.15 4.15 4.15 4.15 3.02 1.55 0.00 0.00 0.00 3.93 1.06 0.00 3.93 3.93 0.00 0.00 0.00 0.00 0.00 0.00 0.00 0.00 0.00 0.00 0.00 0.00 0.00 0.00 0.00 0.00 0.00
1.03 1.03 1.03 1.03 0.93 0.93 0.93 0.93 0.93 0.93 0.93 0.93 0.93 0.93 0.28 2.41 0.28 0.93 2.81 0.93 1.30 2.63 2.63 1.10 1.10 1.10 1.10 1.10 1.10 1.10 1.10 1.10 1.10 1.10 1.61 1.10 0.96 0.96 0.96 3.79 3.79 2.44 2.44 1.14 3.79 3.79 3.79 3.79 3.79 1.41 1.41 3.21 3.20 4.15 1.06 1.06 1.55 1.55 3.48 0.00 0.00 0.00 0.00 0.00 0.00 0.00 0.00 0.00 0.00 0.00 0.00 0.00 0.00 0.00 0.00 0.00 0.00 0.00 0.00 0.00 0.00 0.00 0.00 0.00
1.03 1.03 1.03 1.03 0.93 0.93 0.93 0.93 0.93 3.00 0.93 0.93 0.93 0.93 0.93 0.28 0.28 0.28 3.64 3.64 4.32 2.63 2.63 1.10 1.10 1.10 1.10 1.10 1.10 1.10 1.10 1.10 1.61 1.10 1.10 1.61 2.44 2.44 3.79 2.44 3.79 3.79 3.79 3.79 1.14 3.79 3.79 3.79 1.14 3.21 2.92 3.21 3.52 1.06 1.06 1.06 3.13 2.48 3.48 0.00 0.00 0.00 0.00 0.00 0.00 0.00 0.00 0.00 0.00 0.00 0.00 0.00 0.00 0.00 0.00 0.00 0.00 0.00 0.00 0.00 0.00 0.00 0.00 0.00
1.03 1.03 1.03 1.51 0.93 0.93 0.93 1.36 2.80 3.55 2.35 2.35 0.93 0.93 2.93 2.41 3.64 3.64 0.93 0.93 1.10 1.10 4.32 1.10 1.10 1.10 4.28 4.28 4.28 1.10 0.33 1.10 1.10 1.10 1.10 1.10 1.14 2.44 3.79 3.79 1.14 1.14 3.79 1.14 1.14 1.14 3.79 1.14 3.79 3.79 3.79 2.92 1.55 1.06 3.34 3.13 2.48 0.95 3.15 3.15 0.00 0.00 0.00 0.00 0.00 0.00 0.00 0.00 0.00 0.00 0.00 0.00 0.00 0.00 0.00 0.00 0.00 0.00 0.00 0.00 0.00 0.00 0.00 0.00
1.03 1.51 1.51 1.03 0.93 0.93 0.93 1.36 0.93 3.00 2.35 2.35 2.35 0.28 3.08 1.09 3.64 0.93 0.93 0.93 1.10 1.61 1.10 1.10 1.10 1.10 3.48 4.32 4.32 4.32 4.32 1.30 4.32 1.10 1.10 4.32 2.44 3.21 3.79 3.79 3.79 3.79 1.14 1.14 2.44 2.44 3.79 3.21 3.79 2.92 3.21 1.41 4.12 4.12 2.79 3.13 3.15 3.15 3.15 3.15 0.00 0.00 0.00 0.00 0.00 0.00 0.00 0.00 0.00 0.00 0.00 0.00 0.00 0.00 0.00 0.00 0.00 0.00 0.00 0.00 0.00 0.00 0.00 0.00
1.51 1.03 1.03 1.03 0.93 0.93 0.93 1.36 0.93 3.00 3.00 2.35 1.06 1.06 3.00 2.81 0.93 0.93 0.93 0.93 1.10 1.61 1.10 1.10 1.10 1.10 1.10 1.10 1.10 4.32 4.32 2.63 4.32 4.32 4.32 4.32 1.14 3.79 3.79 3.79 3.79 3.79 3.79 0.96 1.41 0.29 0.96 3.05 1.41 2.92 1.41 0.42 4.12 3.13 3.15 3.15 3.15 3.15 3.15 3.15 3.15 0.00 0.00 0.00 0.00 0.00 0.00 0.00 0.00 0.00 0.00 0.00 0.00 0.00 0.00 0.00 0.00 0.00 0.00 0.00 0.00 0.00 0.00 0.00
1.05 1.05 1.05 1.05 1.06 1.06 2.43 1.56 1.56 1.56 2.53 3.93 3.93 3.93 1.18 3.22 1.06 1.06 1.06 1.06 1.09 1.09 1.09 1.09 1.09 1.09 1.09 1.09 1.09 3.30 3.30 4.24 3.60 4.28 3.30 3.30 3.82 2.44 1.43 1.43 1.43 3.24 3.82 0.97 1.43 0.29 1.43 1.43 3.82 3.08 3.23 1.43 2.44 3.10 3.10 3.10 3.10 3.10 3.10 3.10 3.10 3.10 0.00 0.00 0.00 0.00 0.00 0.00 0.00 0.00 0.00 0.00 0.00 0.00 0.00 0.00 0.00 0.00 0.00 0.00 0.00 0.00 0.00 0.00
3.12 1.05 1.05 1.05 1.06 0.32 3.93 1.06 1.06 1.06 2.53 3.20 3.20 3.20 3.20 4.18 3.54 3.54 3.54 3.54 1.09 1.09 1.09 1.09 1.09 1.09 1.09 1.09 3.60 3.60 3.30 3.30 3.30 3.60 3.30 3.30 3.23 3.82 3.82 1.43 1.43 1.43 3.24 3.82 0.97 0.29 0.97 0.97 3.23 0.97 3.08 2.55 3.07 3.10 3.10 3.10 3.10 3.10 3.10 3.10 3.10 3.10 3.10 0.00 0.00 0.00 0.00 0.00 0.00 0.00 0.00 0.00 0.00 0.00 0.00 0.00 0.00 0.00 0.00 0.00 0.00 0.00 0.00 0.00
3.12 3.12 1.54 1.54 1.56 3.93 2.53 4.05 1.06 1.06 3.93 3.20 3.20 3.20 3.36 3.36 3.54 3.54 3.54 3.22 1.09 1.09 1.09 1.09 1.09 1.09 4.24 3.63 3.60 3.60 3.60 3.30 3.30 4.24 3.30 3.30 3.24 3.24 3.82 1.43 1.43 3.82 2.95 3.82 3.82 3.82 1.43 3.08 3.08 3.08 1.43 1.43 3.07 0.92 3.10 3.10 3.10 3.10 3.10 3.10 3.10 3.10 2.45 3.33 0.00 0.00 0.00 0.00 0.00 0.00 0.00 0.00 0.00 0.00 0.00 0.00 0.00 0.00 0.00 0.00 0.00 0.00 0.00 0.00
3.12 3.12 1.05 1.05 2.53 1.18 3.93 2.53 3.93 3.93 3.93 3.36 3.20 3.20 3.36 3.20 3.54 3.22 3.54 3.22 1.09 1.09 1.09 1.09 1.09 1.09 3.30 3.30 1.60 3.60 3.30 3.60 4.24 3.60 3.30 3.30 3.24 1.15 3.82 3.24 2.95 0.97 0.97 0.97 3.82 3.82 1.43 2.44 3.08 1.43 1.43 1.43 1.53 2.44 3.33 1.53 3.10 3.10 3.10 3.10 3.10 3.10 2.45 2.45 0.00 0.00 0.00 0.00 0.00 0.00 0.00 0.00 0.00 0.00 0.00 0.00 0.00 0.00 0.00 0.00 0.00 0.00 0.00 2.30
3.00 1.05 1.05 0.31 3.93 3.93 2.53 3.93 3.36 3.36 3.36 3.93 3.36 3.20 3.36 3.93 3.93 3.54 3.53 3.22 3.30 1.09 1.09 1.09 3.30 1.60 3.60 4.24 4.24 4.24 1.27 4.24 3.60 1.27 3.30 3.60 2.44 2.44 2.95 2.95 2.95 0.97 0.97 1.43 3.82 2.44 2.44 1.43 2.47 2.61 2.68 2.68 1.53 2.44 2.45 2.75 2.75 3.10 3.10 3.10 3.10 3.10 3.10 3.10 0.00 0.00 0.00 0.00 0.00 0.00 0.00 0.00 0.00 0.00 0.00 0.00 0.00 0.00 0.00 0.00 0.00 0.00 0.00 2.30
3.00 0.31 0.31 3.90 3.93 3.93 3.93 3.93 3.36 3.93 3.93 2.53 2.53 3.20 3.20 3.20 3.20 3.54 3.53 3.22 1.09 1.09 1.09 1.09 3.30 3.30 3.60 1.60 1.60 4.24 4.24 4.24 4.24 4.24 4.24 2.60 1.15 1.15 2.95 2.95 2.95 0.97 0.97 0.29 1.15 2.44 2.44 2.47 2.35 2.35 2.68 2.35 2.44 2.45 2.45 3.10 2.75 2.75 3.10 3.10 3.10 3.10 2.45 2.45 3.10 3.10 0.00 0.00 0.00 0.00 0.00 0.00 0.00 0.00 0.00 0.00 0.00 0.00 0.00 0.00 0.00 0.00 0.00 2.30
2.54 2.54 2.54 3.90 2.53 3.93 3.20 3.93 3.93 3.93 3.36 3.93 3.20 3.20 3.93 3.20 3.20 1.56 4.18 3.53 1.09 1.09 1.09 1.09 3.30 3.30 4.24 1.09 1.09 3.60 3.30 4.24 4.24 3.60 4.24 4.24 3.82 3.82 3.82 2.95 2.95 0.97 0.97 2.44 2.44 2.44 3.34 2.35 2.35 2.35 2.35 2.37 2.45 2.45 2.45 2.45 3.10 2.75 2.75 3.10 3.10 3.10 2.45 2.45 2.45 3.10 0.00 0.00 0.00 0.00 0.00 0.00 0.00 0.00 0.00 0.00 0.00 0.00 0.00 0.00 0.00 0.00 0.00 0.00
1.17 2.54 2.54 2.54 3.93 3.93 3.20 1.18 3.93 3.93 3.36 3.36 3.36 3.20 3.93 3.93 1.56 1.56 1.56 3.22 1.09 1.09 1.09 3.30 4.24 3.30 4.24 3.30 3.30 3.30 4.24 4.24 1.27 4.24 4.24 4.24 3.82 3.82 1.15 1.15 3.82 3.24 3.82 2.44 3.82 2.95 2.95 2.35 2.35 0.43 2.37 2.37 3.33 2.45 3.33 2.45 3.10 2.75 2.75 3.10 1.04 0.93 2.45 2.45 2.45 3.10 0.00 0.00 0.00 0.00 0.00 0.00 0.00 0.00 0.00 0.00 0.00 0.00 0.00 0.00 0.00 0.00 0.00 0.00
3.90 3.90 1.17 3.90 3.36 3.20 1.06 1.06 3.93 3.36 3.36 3.37 3.23 3.23 3.27 3.20 3.93 1.56 1.56 3.22 3.30 3.30 3.30 1.09 3.30 3.30 4.24 1.09 1.60 4.24 4.24 4.24 4.24 4.24 4.24 4.24 3.82 3.82 3.23 3.82 0.97 3.82 3.82 2.95 2.61 2.95 0.89 3.20 2.99 2.37 2.37 1.43 0.46 3.10 3.10 3.10 3.10 2.45 3.33 1.53 1.04 2.45 2.45 2.45 2.45 3.10 0.00 0.00 0.00 0.00 0.00 0.00 0.00 0.00 0.00 0.00 0.00 0.00 0.00 0.00 0.00 0.00 0.00 0.00
1.05 3.90 3.17 3.17 3.20 3.20 1.06 1.56 1.56 3.36 3.36 3.37 3.27 1.56 1.56 3.27 3.23 1.56 3.22 3.22 3.30 3.60 3.60 1.60 1.60 4.24 4.24 3.45 3.30 1.60 4.24 4.24 4.24 2.60 2.60 4.24 3.82 3.82 3.82 3.82 3.82 3.82 0.97 0.97 2.35 2.35 2.35 2.37 2.99 0.90 2.37 2.37 2.45 2.45 3.10 2.45 3.10 2.45 2.45 2.45 2.45 2.45 2.45 2.45 3.10 3.10 3.10 0.00 0.00 0.00 0.00 0.00 0.00 0.00 0.00 0.00 0.00 0.00 0.00 0.00 0.00 0.00 0.00 0.00
1.05 1.05 3.17 3.17 3.36 3.20 1.06 1.06 1.56 3.20 3.20 3.20 3.27 3.27 1.56 1.56 1.56 3.23 1.06 3.22 3.60 3.30 3.60 0.33 1.09 4.28 1.27 2.60 2.60 1.27 4.24 1.27 1.27 2.60 1.27 4.24 3.82 3.82 3.82 3.82 3.82 2.44 2.61 0.89 0.89 2.35 2.35 2.35 3.23 2.37 2.37 2.37 2.45 2.45 2.45 2.45 2.45 2.45 2.45 2.45 2.45 3.10 3.10 3.10 3.10 3.10 3.10 0.00 0.00 0.00 0.00 0.00 0.00 0.00 0.00 0.00 0.00 0.00 0.00 0.00 0.00 0.00 0.00 0.00
1.05 1.05 1.05 3.17 3.36 3.23 3.10 1.56 1.56 3.20 3.20 3.20 3.23 3.10 3.10 1.56 1.56 1.06 1.06 1.06 4.28 3.30 1.09 4.24 2.60 2.60 4.24 2.60 2.60 4.24 4.24 4.24 4.24 1.27 1.27 4.24 1.15 3.82 3.82 3.82 3.82 2.35 2.35 2.35 2.35 2.35 2.35 2.35 2.35 2.99 2.99 0.90 0.93 2.45 2.45 2.45 2.45 2.45 2.45 2.45 2.45 3.10 3.10 3.10 3.10 3.10 3.10 3.10 0.00 0.00 0.00 0.00 0.00 0.00 0.00 0.00 0.00 0.00 0.00 0.00 0.00 0.00 0.00 0.00
3.90 0.31 3.90 3.90 3.93 3.10 3.23 3.73 3.23 3.23 3.23 3.23 3.23 3.23 3.27 3.10 3.27 1.56 1.06 1.06 1.28 4.24 1.09 1.09 0.33 2.60 2.60 2.60 1.27 1.27 4.24 4.24 4.24 4.24 1.27 1.27 3.82 3.82 3.82 3.82 2.95 2.95 0.89 2.95 2.35 2.35 2.35 2.35 2.35 2.95 2.99 2.37 0.93 2.45 2.45 2.45 2.45 2.45 2.45 2.79 2.79 2.45 2.45 1.53 3.10 3.10 3.10 3.10 2.21 2.21 0.00 0.00 0.00 0.00 0.00 0.00 0.00 0.00 0.00 0.00 0.00 0.00 0.00 0.00
3.90 3.17 3.90 3.71 3.73 3.23 3.10 3.23 3.10 3.73 3.23 3.10 3.23 3.10 3.23 3.10 3.27 1.06 1.56 1.56 1.09 1.09 1.09 1.09 1.09 0.33 0.33 2.60 1.27 2.60 4.24 4.24 4.24 4.24 4.24 4.24 3.82 3.23 3.82 3.82 2.95 2.95 2.35 2.35 2.95 2.35 2.35 0.89 2.35 2.95 3.23 2.99 3.10 3.10 3.10 3.10 3.10 3.10 3.10 3.10 3.10 3.10 3.10 3.10 3.10 3.10 3.10 3.10 2.21 2.21 2.21 2.21 2.21 2.21 2.21 2.21 2.21 2.21 2.21 2.21 2.21 2.21 2.21 2.21
3.90 3.33 3.90 3.71 3.10 3.23 3.23 3.00 3.00 3.10 3.10 1.06 1.06 1.06 1.56 1.06 1.56 1.56 1.56 1.06 1.09 1.60 1.60 1.60 1.09 1.09 0.33 4.24 1.27 4.24 4.24 4.24 4.24 4.24 4.24 4.24 3.82 3.82 3.82 2.95 2.55 2.55 2.61 2.68 1.43 1.43 0.97 1.43 1.43 2.35 2.35 3.23 3.10 3.10 3.10 3.10 3.10 3.10 3.10 3.10 3.10 3.10 3.10 3.10 3.10 2.45 2.45 2.45 1.71 1.71 1.71 1.71 1.71 1.71 1.71 1.71 1.71 1.71 1.71 1.71 1.71 1.71 1.71 1.71
3.33 3.33 3.90 3.07 3.10 3.23 3.00 3.12 3.00 1.07 1.06 1.06 1.06 1.06 1.06 1.06 1.06 1.06 1.06 1.06 1.09 1.09 1.60 3.45 1.60 0.33 0.33 1.09 1.27 2.60 4.24 4.24 1.27 1.28 1.28 1.28 1.15 3.82 2.99 2.99 2.99 2.99 2.61 2.68 1.43 1.43 1.43 0.29 0.29 2.35 2.95 2.95 3.10 3.10 3.10 3.10 3.10 3.10 3.10 3.10 3.10 3.10 3.10 3.10 3.10 3.10 3.10 2.45 1.71 2.21 2.21 2.21 2.21 2.21 2.21 2.21 2.21 2.21 2.21 2.21 2.21 2.21 2.21 2.21
3.21 3.36 3.36 3.74 3.29 3.06 3.06 3.06 1.09 2.44 3.64 1.10 3.64 1.10 1.10 1.10 3.06 3.64 3.64 1.10 1.09 1.09 1.09 1.09 1.09 1.09 1.59 1.09 0.33 1.59 4.21 4.21 2.59 4.23 1.27 4.23 2.44 2.97 2.97 2.97 0.89 2.97 2.97 2.34 0.88 2.34 2.34 2.34 2.34 2.34 2.34 2.34 2.42 3.09 3.09 3.09 3.09 3.09 3.09 3.09 3.09 3.09 3.09 3.09 3.09 3.09 3.09 2.43 2.28 2.88 2.88 2.88 2.88 2.88 2.88 2.88 2.88 2.88 2.88 2.88 2.88 2.88 2.88 2.88
3.21 3.21 3.10 3.23 3.18 3.06 1.09 1.61 1.09 3.64 1.10 1.61 1.61 3.64 3.64 3.64 3.06 3.06 1.61 0.33 1.09 1.09 1.09 1.09 1.09 1.09 1.09 1.59 1.09 4.21 4.21 4.21 1.26 2.59 4.23 4.23 2.35 0.29 2.97 2.97 2.97 2.97 2.97 0.88 2.34 2.34 2.34 2.34 2.94 2.94 2.34 2.34 2.42 2.42 3.09 3.09 3.09 3.09 3.09 3.09 3.09 3.09 3.09 3.09 3.09 2.43 2.43 2.43 2.28 2.88 0.00 0.00 0.00 0.00 0.00 0.00 0.00 0.00 0.00 0.00 0.00 0.00 0.00 0.00
3.21 3.10 3.74 3.23 3.18 3.64 3.64 1.09 3.64 3.64 1.10 1.10 1.61 3.06 3.64 3.64 3.06 3.06 3.64 3.64 0.33 1.09 1.09 1.09 1.09 1.09 1.09 1.09 1.09 4.21 4.21 4.21 4.21 4.23 4.23 3.20 2.35 0.89 2.97 0.89 2.97 2.97 2.97 0.88 2.94 2.34 2.34 2.34 0.80 2.67 2.94 2.34 3.06 3.06 3.06 3.09 3.09 3.09 3.09 3.09 3.09 2.43 2.43 0.93 3.09 2.43 2.43 2.43 2.28 2.28 0.00 0.00 0.00 0.00 0.00 0.00 0.00 0.00 0.00 0.00 0.00 0.00 0.00 0.00
3.21 3.23 3.23 3.74 3.64 3.64 3.64 3.18 3.18 1.09 0.33 1.10 3.64 1.61 3.64 3.64 1.10 1.10 3.64 1.10 1.09 1.09 1.09 1.09 1.09 1.09 1.09 1.09 1.09 4.21 4.21 4.21 4.21 4.23 3.20 3.20 2.97 2.97 2.97 0.89 2.97 2.97 0.88 2.94 2.34 2.34 2.67 2.67 2.67 2.67 2.67 1.43 1.53 2.42 2.42 2.43 3.09 3.09 3.09 3.09 3.09 0.93 3.09 2.43 2.43 2.43 2.43 2.43 2.28 2.28 2.28 0.00 0.00 0.00 0.00 0.00 0.00 0.00 0.00 0.00 0.00 0.00 0.00 0.00
3.21 3.23 3.74 3.54 3.64 3.64 3.64 2.44 2.44 3.64 1.10 3.18 2.44 1.61 1.10 3.64 1.10 1.10 1.10 1.10 1.09 1.09 1.09 1.09 1.09 1.09 1.09 1.09 1.09 1.26 4.21 1.26 4.21 3.20 3.20 2.51 2.97 2.97 2.97 2.97 2.97 2.97 2.94 0.88 0.88 2.34 2.34 2.34 2.67 2.97 2.97 3.18 2.42 2.42 2.43 2.43 3.09 3.09 3.09 3.09 3.09 2.43 0.93 0.93 2.43 2.43 2.43 2.43 2.28 2.28 2.28 0.00 0.00 0.00 0.00 0.00 0.00 0.00 0.00 0.00 0.00 0.00 2.88 2.88
3.10 3.10 2.97 3.00 3.64 3.64 3.64 3.64 1.61 1.61 1.10 3.21 1.61 1.10 3.64 1.10 1.10 1.10 1.10 1.10 1.09 1.09 1.09 1.09 1.09 1.09 1.09 1.09 0.33 1.26 4.21 4.21 2.50 2.51 2.51 2.51 0.89 2.97 2.97 0.89 0.89 2.97 2.34 2.34 0.88 2.94 2.94 2.97 2.97 2.97 2.97 2.35 2.42 3.06 3.09 2.43 2.43 3.09 3.09 3.09 3.09 2.43 3.09 3.09 2.43 2.43 2.43 2.43 2.28 2.28 2.28 2.28 0.00 0.00 0.00 0.00 0.00 0.00 0.00 0.00 2.88 2.88 2.28 2.28
3.10 2.97 3.09 3.00 3.06 3.18 3.64 3.18 3.18 1.61 1.10 1.61 1.61 1.61 1.09 3.64 0.95 0.33 1.10 1.10 1.09 1.59 1.09 1.09 1.09 1.09 1.09 1.09 2.59 4.27 1.26 0.95 2.50 2.81 3.17 3.17 2.94 2.94 2.60 2.94 0.88 2.94 2.94 0.88 2.94 2.54 3.22 2.97 2.97 2.97 2.97 2.97 2.43 3.09 3.09 0.93 2.43 3.09 3.09 2.43 2.43 3.09 3.09 3.09 3.09 2.43 0.93 3.09 2.28 2.88 0.00 2.28 2.28 0.00 0.00 0.00 0.00 0.00 0.00 2.88 2.28 2.28 2.28 2.88
3.09 3.09 1.56 1.56 3.18 3.18 3.18 3.18 3.18 3.06 1.61 1.61 3.06 2.44 1.09 3.64 3.64 3.64 1.10 1.10 1.09 0.33 0.33 0.33 1.09 1.09 1.09 1.09 1.27 4.23 3.20 2.84 2.84 3.17 3.17 3.17 2.94 2.94 0.88 2.94 2.94 2.94 2.60 2.94 1.43 1.43 1.43 2.97 2.97 2.97 2.97 2.97 3.09 3.09 3.09 2.43 2.43 2.43 3.09 3.09 2.43 3.09 3.09 3.09 3.09 3.09 3.09 3.09 2.28 0.00 0.00 0.00 2.28 2.28 0.00 0.00 0.00 2.88 2.28 2.28 2.28 2.88 2.88 0.00
