New_Model_Runs/9_Future_Present_Scn2_out/post_prcessed_with_MFR/Monthly_summaries/actual_et_monthly_FEB.asc
NCOLS 700
NROWS 400
XLLCENTER 515000.000000
YLLCENTER 8409000.000000
CELLSIZE 50.000000
NODATA_value -999.000000
[rows 304 to 341 of 400, columns 168 to 251 of 700]
3.91 4.92 3.91 4.92 4.92 4.92 4.92 4.92 3.91 3.91 4.23 3.91 3.91 4.23 4.29 3.91 4.29 4.29 4.99 3.91 1.29 1.29 1.29 1.29 3.97 3.97 3.97 5.05 5.05 3.97 3.97 1.31 1.31 4.35 4.35 4.35 3.97 5.05 5.05 5.05 1.95 1.95 4.04 4.04 5.10 5.10 4.41 5.10 4.41 4.41 5.10 1.33 1.33 1.33 1.33 5.10 4.92 4.92 4.92 4.92 4.92 4.23 4.23 4.23 3.86 3.86 3.86 3.86 3.86 4.92 4.92 4.92 4.29 4.94 4.29 4.29 3.17 4.75 4.75 3.95 3.95 3.95 3.95 3.95
4.92 4.22 3.91 4.92 4.92 4.92 4.92 4.92 4.93 4.23 3.91 3.91 4.23 4.29 3.91 3.91 4.29 4.99 4.99 3.91 1.89 1.29 1.89 3.91 3.97 1.31 1.31 5.05 5.05 3.97 1.31 1.31 1.31 1.31 1.31 1.31 1.31 1.31 1.92 1.92 1.95 1.95 1.95 4.04 5.10 5.10 5.10 5.10 3.27 5.10 5.10 5.10 4.04 1.95 5.10 5.10 4.92 4.92 4.92 4.92 4.92 4.92 3.86 3.86 3.86 3.86 3.86 3.86 3.86 4.92 4.92 3.86 3.95 3.95 3.95 4.29 3.17 4.75 3.95 3.95 3.95 3.95 3.95 3.95
3.88 4.87 3.88 3.88 4.18 3.88 3.67 3.67 4.92 3.92 3.92 3.92 3.92 1.90 4.29 1.90 1.90 3.92 4.96 4.96 1.29 1.29 1.29 3.92 3.99 1.31 1.31 5.00 3.99 1.93 1.31 1.31 1.31 1.93 1.93 1.31 1.31 1.31 1.31 1.93 1.94 1.94 1.94 4.35 4.35 5.00 5.00 4.02 4.02 4.02 5.00 5.00 5.00 3.21 5.00 5.00 3.16 4.92 4.92 1.47 1.47 4.92 4.28 3.97 4.28 4.28 4.92 4.92 1.47 4.92 4.92 3.97 3.97 3.97 3.97 4.25 4.25 4.12 3.97 3.97 3.97 4.65 4.65 3.97
4.87 4.87 4.87 1.46 4.87 3.88 4.87 3.67 4.92 4.92 3.92 3.92 3.92 3.92 4.29 3.92 3.92 3.92 3.92 3.92 3.92 1.29 1.29 3.92 3.99 5.00 5.00 3.99 1.93 1.31 1.31 1.31 1.31 1.31 1.31 1.31 1.31 1.31 1.31 1.31 1.94 5.00 4.02 4.02 4.02 4.02 4.02 4.02 4.02 4.02 4.35 5.00 5.00 5.00 1.50 5.00 3.16 4.92 3.97 3.97 5.07 4.92 4.92 4.92 4.92 3.97 3.97 4.92 4.92 4.92 3.97 3.97 3.97 4.87 4.87 4.87 4.87 3.97 4.65 4.65 4.65 4.65 4.65 3.97
3.88 4.18 4.18 4.87 3.88 3.88 4.88 3.67 1.48 4.92 4.92 4.92 3.92 3.92 3.92 3.92 4.29 3.92 3.92 3.92 3.92 4.29 4.29 3.92 3.99 3.99 3.99 3.99 1.31 1.31 1.31 1.31 1.31 1.31 1.31 1.31 1.31 1.31 1.31 1.31 1.32 5.00 5.00 4.02 4.02 4.02 4.35 4.35 4.02 4.35 4.35 5.00 1.50 3.21 5.00 5.00 4.92 3.97 3.97 3.97 4.28 3.97 4.28 3.97 4.28 3.97 3.97 3.97 3.97 1.31 1.31 1.31 4.87 3.97 3.97 4.87 4.87 4.87 4.65 4.65 4.65 4.65 3.97 4.12
4.18 4.87 4.87 4.87 3.88 3.88 4.87 4.87 3.70 4.92 4.92 3.92 3.92 3.92 3.92 3.92 1.29 1.29 1.29 3.92 4.96 4.29 4.29 4.29 4.34 3.99 5.00 5.00 1.31 1.31 1.31 1.31 1.31 3.99 4.34 3.99 1.31 1.31 1.31 1.31 1.32 1.32 1.32 4.02 4.02 4.02 4.35 4.02 4.02 4.02 4.35 4.02 3.21 1.32 1.32 4.35 3.97 3.97 3.97 3.97 3.97 3.97 3.97 3.97 3.97 3.97 3.97 3.97 1.31 1.31 1.31 1.31 4.12 3.97 4.25 3.97 3.97 4.65 1.31 1.31 4.65 4.65 4.65 4.65
3.88 4.87 4.87 4.87 4.87 3.88 3.88 4.87 4.92 4.92 4.92 4.92 4.29 4.29 3.92 1.29 1.29 1.29 1.29 1.29 3.92 3.92 4.29 4.96 3.99 3.99 5.00 4.34 1.31 1.31 1.31 1.31 1.31 1.31 1.31 1.31 1.31 1.31 1.31 1.31 1.32 1.32 1.94 1.32 1.32 4.35 4.35 4.35 4.02 4.35 4.35 4.02 1.32 1.32 1.32 1.32 1.31 1.31 1.31 3.97 3.97 3.97 3.97 3.97 4.71 3.97 3.97 3.97 1.31 1.31 1.31 3.97 1.31 3.97 3.97 3.97 1.31 1.31 1.31 1.31 3.97 3.97 3.97 3.97
4.87 3.88 3.88 4.87 4.87 4.87 3.88 4.87 4.92 3.70 3.70 4.92 3.92 3.92 3.92 4.29 3.92 1.29 1.29 1.29 3.92 3.92 4.96 4.96 1.93 3.99 3.99 3.99 3.99 1.31 1.31 1.31 1.31 1.31 1.93 1.93 1.31 1.31 1.31 1.31 1.32 1.32 1.94 1.32 1.32 4.35 4.35 4.35 4.35 4.02 4.02 1.32 1.32 1.32 1.32 1.32 1.31 1.31 1.31 1.31 3.97 3.97 3.97 3.97 3.97 3.97 3.97 3.97 1.31 1.31 1.31 1.31 1.31 1.31 1.31 3.97 1.31 1.31 1.31 1.31 3.97 3.97 3.97 3.97
4.18 3.88 3.88 3.88 3.67 4.87 4.87 4.87 4.22 5.02 3.70 4.92 3.92 4.29 3.92 3.92 3.92 3.92 3.92 3.92 3.92 4.96 4.96 3.92 3.99 3.99 3.99 3.99 3.99 3.99 1.31 1.31 1.31 1.31 1.31 1.31 1.31 1.31 1.31 1.31 1.32 1.94 1.32 1.32 1.32 4.35 4.35 4.02 4.35 4.35 4.02 1.32 1.32 1.94 1.94 1.32 1.31 1.92 1.31 3.97 5.13 3.97 4.36 5.13 4.71 1.31 1.31 1.92 1.31 1.31 3.97 1.31 1.31 1.31 1.31 1.31 1.92 1.92 1.31 4.12 4.12 3.97 3.97 3.97
3.88 3.88 4.87 4.87 4.18 3.88 4.87 3.88 4.92 4.92 4.92 4.92 4.96 1.29 3.92 3.92 3.92 3.92 3.92 3.92 3.92 3.92 3.92 3.92 3.99 3.99 4.34 3.99 3.99 3.99 4.34 4.34 1.31 1.31 1.31 1.31 1.31 1.31 1.93 1.31 1.32 1.32 1.32 1.32 1.32 4.35 4.35 4.35 4.35 4.02 4.02 1.32 1.32 1.94 1.94 1.32 1.31 1.92 1.31 1.31 5.13 5.13 5.13 5.13 5.13 1.31 1.31 1.31 1.31 1.31 3.97 1.31 1.31 4.12 3.97 1.31 1.31 1.31 1.31 4.12 3.97 3.97 3.97 4.12
4.87 4.87 4.87 4.87 3.88 3.88 3.88 3.88 3.92 3.92 1.90 4.09 1.29 1.29 3.92 3.92 3.92 3.92 3.92 4.29 3.92 3.92 3.92 3.92 3.99 3.99 4.34 4.34 4.34 4.34 4.34 4.34 4.34 1.31 1.31 1.31 1.31 1.31 1.31 1.93 1.32 1.32 1.32 4.02 4.35 4.35 4.35 4.02 4.02 4.02 4.02 4.02 4.02 1.94 4.20 1.32 1.31 1.31 1.31 1.31 1.31 5.13 5.13 5.13 5.13 1.92 1.92 1.31 1.31 1.31 1.31 1.31 1.31 1.31 3.97 1.31 1.31 1.31 1.31 1.31 3.97 3.97 3.97 3.97
1.88 4.87 3.88 3.88 3.88 3.88 4.18 3.88 3.92 3.92 1.90 4.09 4.96 1.29 3.92 3.92 3.92 4.96 4.96 4.29 4.96 4.96 4.29 3.92 3.99 3.99 4.34 4.34 4.34 4.34 4.34 4.34 4.34 3.99 1.31 3.99 3.99 4.34 4.34 4.34 1.32 1.32 1.32 4.02 4.35 4.35 4.35 4.02 4.02 4.02 4.02 4.02 4.35 1.32 1.32 1.32 1.31 1.31 1.31 1.31 1.31 1.31 1.31 1.31 1.31 1.31 1.92 5.13 1.31 1.31 1.92 1.92 1.92 1.31 3.97 3.97 3.97 1.31 1.31 1.31 3.97 3.97 3.97 4.12
4.87 4.87 3.88 4.87 3.88 3.88 4.18 4.18 4.92 4.92 4.92 4.96 4.96 4.96 4.96 3.92 4.96 3.92 4.29 4.96 1.49 3.92 3.92 4.96 5.00 3.99 4.34 4.34 4.34 4.34 4.34 4.34 3.99 1.31 1.93 1.31 4.34 4.34 4.34 1.31 1.32 4.35 4.35 4.35 4.35 4.35 4.35 4.35 4.35 5.00 5.00 4.02 1.32 1.32 1.32 1.32 1.31 1.31 1.31 1.31 1.31 1.31 1.31 1.31 1.31 1.31 1.31 1.31 1.31 1.31 5.13 1.92 1.92 1.31 1.31 3.97 4.65 1.31 1.31 1.31 4.12 4.12 3.97 3.97
4.87 3.88 3.88 4.87 3.88 3.88 3.88 4.87 4.92 4.92 4.92 4.96 4.96 4.96 4.29 4.96 4.96 3.92 3.92 4.96 4.29 3.92 3.92 3.92 5.00 4.34 4.34 4.34 1.31 4.34 4.34 4.34 1.31 1.31 1.31 1.31 1.31 1.31 1.31 1.31 1.32 1.94 1.32 4.35 4.35 4.35 4.35 4.35 1.32 4.02 4.02 1.32 1.32 1.32 1.32 1.32 1.92 1.31 1.92 1.92 1.31 1.31 1.31 1.31 1.31 1.31 1.31 1.31 1.31 1.31 1.92 1.31 1.92 1.92 1.31 3.97 1.92 4.12 3.97 4.12 3.97 3.97 3.97 3.97
3.88 3.88 4.87 3.88 3.88 3.88 4.87 4.87 4.22 4.22 4.92 3.19 4.29 4.96 4.96 4.96 4.96 3.92 3.92 4.96 3.92 3.92 4.29 3.92 4.34 4.34 1.31 1.31 1.31 1.31 4.34 4.34 1.31 1.31 1.31 1.31 1.31 1.31 1.31 1.31 1.32 4.20 4.20 1.94 1.32 1.32 1.94 1.94 1.32 4.20 1.94 1.94 1.32 1.32 1.32 1.94 1.31 1.31 1.31 1.31 1.31 1.31 1.31 1.31 1.31 1.31 1.31 1.31 1.31 1.31 1.31 1.31 1.31 1.31 1.31 1.31 1.31 3.97 4.12 4.12 3.97 3.97 3.97 3.97
4.87 4.87 1.46 4.87 4.87 4.87 4.87 4.87 4.22 3.92 3.92 3.92 3.92 4.96 4.96 4.96 3.92 3.92 3.19 4.96 4.96 4.29 4.29 4.29 4.34 1.31 1.31 1.31 1.31 1.93 4.34 4.34 1.31 1.31 1.31 1.31 1.31 1.31 1.31 4.16 4.20 4.20 4.20 1.32 1.32 1.94 1.94 1.94 1.32 4.35 4.20 1.32 1.32 1.32 1.32 1.94 1.31 1.31 1.31 1.31 1.92 1.92 1.31 1.31 1.31 1.31 1.31 1.31 1.31 1.31 1.31 1.92 1.92 1.92 1.31 1.92 1.31 3.97 3.97 4.12 4.12 3.97 3.97 3.97
4.87 4.87 4.87 4.87 4.87 4.87 4.18 3.88 4.22 3.92 4.29 3.92 1.29 1.29 1.29 4.96 3.92 4.96 1.49 4.96 1.29 3.92 4.29 4.29 3.99 3.99 1.31 1.31 1.31 1.31 3.99 4.34 1.31 1.31 1.31 1.31 1.31 1.31 1.31 4.34 4.35 4.35 1.32 1.32 1.94 1.94 1.94 1.94 4.20 5.00 1.32 1.32 1.94 1.94 1.32 1.32 1.92 1.92 1.92 1.31 1.92 1.92 1.92 1.31 1.31 1.31 1.31 1.31 1.31 1.31 1.31 1.92 1.31 1.31 1.31 1.31 1.31 1.31 1.31 3.97 4.12 4.12 3.97 3.97
4.87 1.46 4.87 3.88 3.88 4.18 4.18 3.88 4.22 1.29 1.29 4.29 1.29 1.29 1.29 4.96 4.96 4.96 4.96 1.29 1.29 1.29 1.90 1.90 3.99 3.99 1.31 1.31 4.34 4.34 3.99 3.99 1.31 1.31 4.34 4.34 4.34 1.31 1.93 4.34 4.20 4.35 1.94 1.32 5.00 5.00 5.00 5.00 4.20 4.20 1.94 1.32 1.32 1.32 1.94 1.32 1.92 1.31 1.92 1.31 1.92 1.92 1.92 1.31 1.31 1.31 1.31 1.31 1.31 1.31 1.31 1.31 1.31 1.31 1.31 1.31 3.97 3.97 1.31 1.31 1.31 1.31 1.31 1.31
3.30 3.30 3.30 2.55 3.30 3.30 2.58 2.80 4.92 4.13 3.85 4.18 3.85 1.44 4.81 4.81 4.81 3.85 4.81 1.27 1.27 1.27 4.18 4.18 4.24 1.90 4.24 3.93 4.24 4.24 4.24 1.30 1.30 1.30 4.24 4.24 1.30 4.11 4.11 1.90 3.87 3.87 1.87 4.04 4.79 4.79 1.28 4.04 1.87 4.04 1.87 1.87 1.28 1.28 1.28 1.28 1.92 1.31 1.31 1.31 1.31 1.31 1.31 1.31 1.31 1.31 1.31 1.31 1.31 1.31 1.31 1.31 1.34 1.34 1.34 1.34 4.00 4.00 4.00 1.34 1.34 1.34 1.34 1.96
3.30 3.30 2.55 2.80 2.58 3.30 2.80 2.66 3.85 3.85 3.85 4.18 3.85 4.81 4.81 4.81 4.81 3.85 1.27 1.27 1.27 4.18 4.18 4.18 4.24 3.93 3.93 3.93 3.93 1.90 1.30 1.30 1.30 1.30 4.24 4.24 1.90 4.11 4.11 1.90 1.87 4.18 4.18 1.28 1.87 1.87 4.04 1.87 1.87 1.87 1.87 1.28 1.28 1.28 1.28 1.28 1.92 1.92 1.31 1.31 1.92 1.31 1.31 1.31 1.31 1.31 1.31 1.31 1.92 1.31 1.31 1.31 1.34 1.34 1.34 1.34 1.34 4.00 4.00 4.00 1.34 1.34 1.34 1.96
3.30 0.99 2.55 2.55 2.55 2.80 2.80 0.84 1.27 3.85 3.85 4.18 3.85 4.81 4.81 4.81 4.81 4.81 3.85 1.27 4.18 4.18 4.18 4.18 4.24 3.93 3.93 3.93 1.90 1.30 1.30 1.30 1.30 1.30 4.24 1.90 1.90 1.90 4.24 4.24 1.87 1.28 1.28 4.18 1.28 1.28 4.18 1.28 1.87 1.87 4.18 4.79 1.28 1.28 1.28 1.28 1.31 1.92 1.31 1.31 1.31 1.31 1.31 1.31 1.31 1.31 1.31 1.31 1.31 1.31 1.31 1.31 1.34 1.34 1.34 1.34 1.34 1.34 1.34 1.34 1.34 1.34 1.34 1.96
3.30 3.30 3.30 0.84 0.84 2.55 2.55 2.66 1.27 4.81 3.85 3.85 3.85 4.81 4.81 4.81 4.81 4.81 4.81 4.81 4.81 4.81 4.18 4.18 4.24 3.93 3.93 4.24 4.24 1.30 1.30 1.30 1.30 1.30 1.30 1.90 1.90 4.24 4.24 4.24 4.18 1.28 1.28 1.28 1.28 1.28 1.28 4.18 4.18 4.18 4.18 1.87 1.87 1.28 1.28 1.28 1.31 1.92 1.31 1.31 1.31 1.31 1.31 1.92 1.31 1.31 1.31 1.31 4.35 1.31 1.31 1.31 1.34 1.34 1.34 1.34 1.34 1.34 1.34 1.34 1.34 1.34 1.34 1.34
0.00 3.30 3.30 0.84 0.84 3.30 3.30 3.30 4.82 4.81 3.85 3.85 3.85 4.81 4.81 4.18 4.81 4.18 4.81 4.81 1.27 1.27 4.18 4.18 3.93 4.24 4.24 1.30 1.30 1.30 1.30 1.30 1.30 1.30 1.90 1.90 1.90 4.24 4.24 1.30 1.87 1.28 1.28 1.28 1.28 1.28 1.87 4.18 4.18 3.87 3.87 3.87 1.87 1.28 1.28 1.28 1.31 1.92 1.31 1.31 1.31 1.31 1.31 1.31 1.31 1.31 4.22 1.31 1.31 1.31 1.31 1.31 1.34 1.34 1.96 1.34 1.34 1.34 1.34 1.34 1.34 4.00 1.34 1.96
0.00 0.00 3.30 3.30 3.30 3.30 3.30 3.30 4.82 4.81 4.81 4.81 3.85 3.85 4.18 3.85 3.85 4.81 4.81 1.27 1.27 1.27 4.18 4.18 3.93 4.24 3.93 1.30 1.30 1.30 1.30 1.30 1.30 1.30 1.30 1.30 1.90 1.90 1.90 1.30 1.28 1.28 1.28 1.28 1.28 1.28 1.28 1.28 4.18 3.87 3.87 4.79 4.18 1.28 1.28 1.28 1.31 1.31 1.31 1.31 1.31 1.31 1.31 1.31 1.31 1.31 0.00 1.31 1.31 1.31 1.31 1.31 1.34 1.96 4.44 1.34 1.34 1.34 1.34 1.34 4.09 4.00 4.00 1.96
0.00 0.00 0.00 0.00 0.00 0.00 0.00 0.00 4.82 4.81 4.81 4.81 3.85 3.85 3.85 3.85 3.85 3.85 1.86 1.27 1.27 3.85 3.85 4.18 3.93 3.93 3.93 1.30 1.30 1.30 1.30 1.30 1.30 1.30 1.90 1.90 1.90 1.30 1.30 1.30 1.28 1.28 1.28 1.28 1.28 1.28 1.28 1.28 1.28 1.87 3.87 4.79 3.87 1.87 1.28 1.28 1.31 1.31 1.31 1.31 1.31 1.31 1.31 1.31 1.31 0.00 0.00 0.00 1.31 1.31 0.00 0.00 0.00 1.34 1.96 1.34 1.34 1.34 1.34 1.34 4.09 4.00 4.09 4.00
0.00 0.00 0.00 0.00 0.00 0.00 0.00 0.00 0.00 0.00 4.81 4.81 4.81 3.85 4.18 4.18 3.85 3.85 3.85 1.27 1.86 3.85 3.85 4.18 3.93 3.93 1.30 1.30 1.30 1.30 1.30 1.30 1.30 1.30 1.30 1.30 1.30 1.30 1.30 1.30 1.28 1.28 1.28 1.28 1.28 1.28 1.28 1.28 1.28 1.87 1.87 1.87 1.87 1.28 1.28 1.28 1.31 1.31 1.31 1.31 1.31 1.31 1.31 1.31 1.31 0.00 0.00 0.00 0.00 0.00 0.00 0.00 0.00 0.00 0.00 4.06 1.34 1.96 1.34 1.34 1.34 4.00 4.00 4.00
0.00 0.00 0.00 0.00 0.00 0.00 0.00 0.00 0.00 0.00 4.81 4.81 4.81 1.27 1.27 1.27 1.27 3.85 1.86 1.86 1.86 1.86 1.86 3.85 1.90 4.24 1.90 1.30 1.30 1.30 1.30 1.30 1.30 1.30 1.30 1.30 1.30 1.30 1.30 1.30 1.28 1.28 1.28 1.28 1.28 1.28 1.28 1.28 1.87 1.87 1.87 1.28 1.28 1.28 1.28 1.28 1.31 1.31 1.31 1.31 1.31 1.31 1.31 1.31 1.31 1.31 1.31 0.00 0.00 0.00 0.00 0.00 0.00 0.00 0.00 0.00 0.00 1.96 1.34 1.34 1.34 1.34 4.00 4.09
0.00 0.00 0.00 0.00 0.00 0.00 0.00 0.00 0.00 0.00 0.00 0.00 4.98 4.98 1.27 1.27 1.27 1.27 1.86 1.86 1.86 1.86 1.27 4.18 4.24 1.90 1.90 1.30 1.30 1.30 1.30 1.30 1.30 1.30 1.30 1.30 1.30 1.30 1.30 1.30 1.28 1.28 1.28 1.28 1.28 1.28 1.28 1.28 1.28 1.87 1.87 1.87 1.28 1.28 1.28 1.28 1.31 1.31 1.31 1.31 1.31 1.31 1.31 1.31 1.31 1.31 1.31 0.00 0.00 0.00 0.00 0.00 0.00 0.00 0.00 0.00 4.00 4.00 4.00 4.00 4.00 4.00 1.34 1.34
0.00 0.00 0.00 0.00 0.00 0.00 0.00 0.00 0.00 0.00 0.00 0.00 0.00 4.98 4.98 1.27 3.85 1.27 1.27 1.27 1.27 1.27 1.27 1.27 1.30 4.11 4.11 1.90 1.30 1.30 1.30 1.30 1.30 1.30 1.30 1.30 1.30 1.30 1.30 1.30 1.28 1.28 1.28 1.28 1.28 1.28 1.28 1.28 1.28 1.87 1.87 1.87 1.28 1.28 1.28 1.28 1.31 1.31 1.31 1.31 1.31 1.31 1.31 0.00 0.00 0.00 0.00 0.00 0.00 0.00 0.00 0.00 0.00 0.00 0.00 0.00 1.34 4.09 4.00 4.00 4.00 1.34 1.34 1.34
0.00 0.00 0.00 0.00 0.00 0.00 0.00 0.00 0.00 0.00 0.00 0.00 0.00 0.00 4.98 4.98 3.85 1.27 1.27 4.81 4.81 1.27 1.27 1.27 1.30 1.90 1.30 1.30 1.30 1.30 1.30 1.30 1.30 1.30 1.90 1.30 1.30 1.30 1.30 1.30 1.28 1.28 1.28 1.28 1.28 1.28 1.28 1.28 1.28 1.87 1.28 1.28 1.28 1.28 1.28 1.28 1.31 1.31 1.31 1.31 1.31 1.31 0.00 0.00 0.00 0.00 0.00 0.00 0.00 0.00 0.00 0.00 0.00 0.00 0.00 0.00 4.40 4.40 4.60 4.00 4.09 1.34 1.34 1.34
0.00 0.00 0.00 0.00 0.00 0.00 0.00 0.00 0.00 0.00 0.00 0.00 0.00 0.00 0.00 4.98 4.98 4.98 1.27 4.02 4.98 1.27 1.27 1.27 1.30 1.30 1.30 1.30 1.30 1.30 1.30 1.30 1.30 1.30 1.30 1.30 1.30 1.30 1.30 1.30 1.28 1.28 1.28 1.28 1.28 1.28 1.28 1.28 1.28 1.87 1.28 1.28 1.28 1.87 1.28 1.28 1.31 1.31 1.31 1.31 1.31 0.00 0.00 0.00 0.00 0.00 0.00 0.00 0.00 0.00 0.00 0.00 0.00 0.00 0.00 0.00 0.00 4.60 4.40 4.40 4.00 1.96 1.34 1.34
0.00 0.00 0.00 0.00 0.00 0.00 0.00 0.00 0.00 0.00 0.00 0.00 0.00 0.00 0.00 0.00 0.00 4.98 4.98 4.98 4.98 4.98 1.27 1.27 1.30 1.30 1.30 1.30 1.30 1.30 1.30 1.30 1.30 1.30 0.00 0.00 0.00 0.00 0.00 0.00 0.00 0.00 0.00 0.00 0.00 0.00 1.28 1.28 1.28 1.87 1.28 1.28 1.28 1.87 1.28 1.28 1.31 1.31 1.31 1.31 1.31 0.00 0.00 0.00 0.00 0.00 0.00 0.00 0.00 0.00 0.00 0.00 0.00 0.00 0.00 0.00 0.00 0.00 0.00 0.00 0.00 1.34 1.96 1.34
0.00 0.00 0.00 0.00 0.00 0.00 0.00 0.00 0.00 0.00 0.00 0.00 0.00 0.00 0.00 0.00 0.00 0.00 0.00 0.00 0.00 0.00 4.98 1.27 1.30 1.30 1.30 1.30 1.30 1.30 1.30 1.30 1.30 0.00 0.00 0.00 0.00 0.00 0.00 0.00 0.00 0.00 0.00 0.00 0.00 0.00 0.00 0.00 0.00 1.28 1.28 1.28 1.28 1.28 1.28 1.28 1.31 1.31 1.31 1.31 1.31 0.00 0.00 0.00 0.00 0.00 0.00 0.00 0.00 0.00 0.00 0.00 0.00 0.00 0.00 0.00 0.00 0.00 0.00 0.00 0.00 1.34 1.96 1.96
0.00 0.00 0.00 0.00 0.00 0.00 0.00 0.00 0.00 0.00 0.00 0.00 0.00 0.00 0.00 0.00 0.00 0.00 0.00 0.00 0.00 0.00 0.00 4.98 1.30 1.30 1.30 1.30 1.30 1.30 1.30 1.30 0.00 0.00 0.00 0.00 0.00 0.00 0.00 0.00 0.00 0.00 0.00 0.00 0.00 0.00 0.00 0.00 0.00 0.00 1.28 1.28 1.28 1.28 1.28 1.87 1.31 1.31 1.31 1.31 1.31 1.31 0.00 0.00 0.00 0.00 0.00 0.00 0.00 0.00 0.00 0.00 0.00 0.00 0.00 0.00 0.00 0.00 0.00 0.00 0.00 4.00 1.34 1.96
0.00 0.00 0.00 0.00 0.00 0.00 0.00 0.00 0.00 0.00 0.00 0.00 0.00 0.00 0.00 0.00 0.00 0.00 0.00 0.00 0.00 0.00 0.00 0.00 0.00 0.00 0.00 0.80 0.80 0.80 0.80 0.00 0.00 0.00 0.00 0.00 0.00 0.00 0.00 0.00 0.00 0.00 0.00 0.00 0.00 0.00 0.00 0.00 0.00 0.00 0.80 0.80 0.80 0.80 0.80 0.80 0.80 1.17 0.80 0.80 0.80 0.80 0.00 0.00 0.00 0.00 0.00 0.00 0.00 0.00 0.00 0.00 0.00 0.00 0.00 0.00 0.00 0.00 0.00 0.00 0.00 0.00 3.14 0.80
0.00 0.00 0.00 0.00 0.00 0.00 0.00 0.00 0.00 0.00 0.00 0.00 0.00 0.00 0.00 0.00 0.00 0.00 0.00 0.00 0.00 0.00 0.00 0.00 0.00 0.00 0.00 0.00 0.80 0.80 0.00 0.00 0.00 0.00 0.00 0.00 0.00 0.00 0.00 0.00 0.00 0.00 0.00 0.00 0.00 0.00 0.00 0.00 0.00 0.00 0.80 0.80 0.80 0.80 1.18 1.18 1.17 0.80 0.80 0.80 0.80 0.80 0.80 0.80 0.00 0.00 0.00 0.00 0.00 0.00 0.00 0.00 0.00 0.00 0.00 0.00 0.00 0.00 0.00 0.00 0.00 0.00 0.00 1.17
0.00 0.00 0.00 0.00 0.00 0.00 0.00 0.00 0.00 0.00 0.00 0.00 0.00 0.00 0.00 0.00 0.00 0.00 0.00 0.00 0.00 0.00 0.00 0.00 0.00 0.00 0.00 0.00 0.80 0.80 0.00 0.00 0.00 0.00 0.00 0.00 0.00 0.00 0.00 0.00 0.00 0.00 0.00 0.00 0.00 0.00 0.00 0.00 0.00 0.00 0.80 0.80 0.80 0.80 1.18 1.18 0.80 0.80 0.80 0.80 0.80 0.80 1.17 0.80 0.00 0.00 0.00 0.00 0.00 0.00 0.00 0.00 0.00 0.00 0.00 0.00 0.00 0.00 0.00 0.00 0.00 0.00 0.00 0.00
0.00 0.00 0.00 0.00 0.00 0.00 0.00 0.00 0.00 0.00 0.00 0.00 0.00 0.00 0.00 0.00 0.00 0.00 0.00 0.00 0.00 0.00 0.00 0.00 0.00 0.00 0.00 0.00 3.15 0.35 0.00 0.00 0.00 0.00 0.00 0.00 0.00 0.00 0.00 0.00 0.00 0.00 0.00 0.00 0.00 0.00 0.00 0.00 0.00 0.00 0.80 0.80 0.80 0.80 0.80 0.80 0.80 0.80 0.80 0.80 0.80 0.80 0.80 0.80 0.00 0.00 0.00 0.00 0.00 0.00 0.00 0.00 0.00 0.00 0.00 0.00 0.00 0.00 0.00 0.00 0.00 0.00 0.00 0.00
