New_Model_Runs/9_Future_Present_Scn2_out/post_prcessed_with_MFR/Monthly_summaries/actual_et_monthly_OCT.asc
NCOLS 700
NROWS 400
XLLCENTER 515000.000000
YLLCENTER 8409000.000000
CELLSIZE 50.000000
NODATA_value -999.000000
[rows 152 to 189 of 400, columns 252 to 335 of 700]
0.00 0.00 0.00 0.00 0.00 0.00 0.00 0.00 0.00 0.00 0.00 0.00 0.00 0.00 0.00 0.00 0.00 0.00 0.00 0.00 0.00 0.00 0.00 0.00 0.00 0.00 0.00 0.00 0.00 0.00 0.00 0.00 0.00 0.00 0.00 0.00 0.00 0.00 0.00 0.00 0.00 0.00 0.00 0.00 0.00 0.00 0.00 0.85 0.85 0.85 0.85 0.85 1.31 1.31 1.31 1.31 1.31 1.31 1.31 1.31 1.31 1.31 1.31 1.31 1.31 1.31 1.31 1.31 1.15 1.15 1.15 1.15 1.15 1.15 1.15 4.52 1.15 1.15 1.15 4.52 4.52 4.52 4.52 4.52
0.00 0.00 0.00 0.00 0.00 0.00 0.00 0.00 0.00 0.00 0.00 0.00 0.00 0.00 0.00 0.00 0.00 0.00 0.00 0.00 0.00 0.00 0.00 0.00 0.00 0.00 0.00 0.00 0.00 0.00 0.00 0.00 0.00 0.00 0.00 0.00 0.00 0.00 0.00 0.00 0.00 0.00 0.00 0.00 0.00 0.00 0.85 0.85 0.85 0.85 0.85 0.85 1.31 1.31 1.31 1.31 1.31 1.31 1.31 1.31 1.31 1.31 1.31 1.31 1.31 1.31 1.31 1.31 1.15 1.15 1.15 1.15 1.15 1.15 4.52 4.52 1.15 1.15 1.15 4.52 4.52 3.49 4.52 4.52
0.00 0.00 0.00 0.00 0.00 0.00 0.00 0.00 0.00 0.00 0.00 0.00 0.00 0.00 0.00 0.00 0.00 0.00 0.00 0.00 0.00 0.00 0.00 0.00 0.00 0.00 0.00 0.00 0.00 0.00 0.00 0.00 0.00 0.00 0.00 0.00 0.00 0.00 0.00 0.00 0.00 0.00 0.00 0.00 0.00 0.85 0.85 0.85 0.85 0.85 0.85 0.85 1.31 1.31 1.31 1.31 1.31 1.31 1.31 1.31 1.31 1.31 1.31 1.31 1.31 1.31 1.31 1.31 1.15 1.15 1.69 1.15 1.15 4.52 4.52 4.52 1.36 4.52 4.52 3.49 1.15 0.34 3.49 1.69
0.00 0.00 0.00 0.00 0.00 0.00 0.00 0.00 0.00 0.00 0.00 0.00 0.00 0.00 0.00 0.00 0.00 0.00 0.00 0.00 0.00 0.00 0.00 0.00 0.00 0.00 0.00 0.00 0.00 0.00 0.00 0.00 0.00 0.00 0.00 0.00 0.00 0.00 0.00 0.00 0.00 0.00 0.00 0.00 0.00 0.85 0.85 0.85 0.85 0.85 0.85 0.85 1.31 1.31 1.31 1.31 1.31 1.31 1.31 1.31 1.31 1.31 1.31 1.31 1.31 1.31 1.31 1.31 1.15 1.15 1.15 1.15 1.15 1.15 4.52 1.36 4.52 1.15 3.49 1.15 1.15 1.15 1.15 1.69
0.00 0.00 0.00 0.00 0.00 0.00 0.00 0.00 0.00 0.00 0.00 0.00 0.00 0.00 0.00 0.00 0.00 0.00 0.00 0.00 0.00 0.00 0.00 0.00 0.00 0.00 0.00 0.00 0.00 0.00 0.00 0.00 0.00 0.00 0.00 0.00 0.00 0.00 0.00 0.00 0.00 0.00 0.00 0.00 3.35 0.85 0.85 0.85 0.85 0.85 0.85 0.85 1.31 1.31 1.31 1.31 1.31 1.31 1.31 1.31 1.31 1.31 1.31 1.31 1.31 1.31 1.31 1.31 1.15 1.15 1.15 1.15 1.15 1.15 1.15 3.43 1.15 1.15 1.15 1.15 1.15 1.15 1.15 1.69
0.00 0.00 0.00 0.00 0.00 0.00 0.00 0.00 0.00 0.00 0.00 0.00 0.00 0.00 0.00 0.00 0.00 0.00 0.00 0.00 0.00 0.00 0.00 0.00 0.00 0.00 0.00 0.00 0.00 0.00 0.00 0.00 0.00 0.00 0.00 0.00 0.00 0.00 0.00 0.00 0.00 0.00 0.00 0.00 0.85 0.85 0.85 0.85 0.85 0.85 0.85 0.85 1.31 1.31 1.31 1.31 1.31 1.31 1.31 1.31 1.31 1.31 1.31 1.31 1.31 1.31 1.31 1.31 1.15 1.15 1.15 1.15 1.15 1.15 1.15 4.52 1.15 1.15 1.15 1.15 1.15 1.15 1.15 1.69
0.00 0.00 0.00 0.00 0.00 0.00 0.00 0.00 0.00 0.00 0.00 0.00 0.00 0.00 0.00 0.00 0.00 0.00 0.00 0.00 0.00 0.00 0.00 0.00 0.00 0.00 0.00 3.25 0.00 0.00 0.00 0.00 0.00 0.00 0.00 0.00 0.00 0.00 0.00 0.00 0.00 0.00 0.00 0.00 0.85 0.85 0.85 0.85 0.85 0.85 0.85 0.85 1.31 1.31 1.31 1.31 1.31 1.31 1.31 1.31 1.31 1.31 1.31 1.31 1.31 1.31 1.31 1.31 1.15 1.15 1.15 1.15 1.15 1.15 1.15 4.52 1.15 1.15 1.15 1.15 1.15 1.15 1.15 1.15
0.00 0.00 0.00 0.00 0.00 0.00 0.00 0.00 0.00 0.00 0.00 0.00 0.00 0.00 0.00 0.00 0.00 0.00 0.00 0.00 0.00 0.00 0.00 0.00 0.00 0.00 0.83 0.83 0.00 0.00 0.00 0.00 0.00 0.00 0.00 0.00 0.00 0.00 0.00 0.00 0.00 0.00 0.00 0.00 0.00 0.00 0.85 0.85 0.85 0.85 0.85 0.85 1.31 1.31 1.31 1.31 1.31 1.31 1.31 1.31 1.31 1.31 1.31 1.31 1.31 1.31 1.31 1.31 1.15 1.15 1.15 1.15 3.49 4.52 4.52 4.52 4.52 1.15 1.15 1.15 1.15 1.15 1.15 1.15
0.00 0.00 0.00 0.00 0.00 0.00 0.00 0.00 0.00 0.00 0.00 0.00 0.00 0.00 0.00 0.00 0.00 0.00 0.00 0.00 0.00 0.00 0.00 0.00 0.00 0.83 0.83 0.83 0.83 0.00 0.00 0.00 0.00 0.00 0.00 0.00 0.00 0.00 0.00 0.00 0.00 0.00 0.00 0.00 0.00 0.00 0.00 0.00 0.85 0.85 0.85 1.25 1.31 1.31 1.31 1.31 1.31 1.31 1.31 1.31 1.31 1.31 1.31 1.31 1.31 1.31 1.31 1.31 1.15 1.15 1.15 1.15 4.52 4.52 1.36 1.36 3.49 1.15 1.15 1.15 1.15 1.15 1.15 1.15
0.00 0.00 0.00 0.00 0.00 0.00 0.00 0.00 0.00 0.00 0.00 0.00 0.00 0.00 0.00 0.00 0.00 0.00 0.00 0.00 0.00 0.00 0.00 0.00 0.00 0.83 0.83 0.83 0.83 0.83 0.83 0.00 0.00 0.00 0.00 0.00 0.00 0.00 0.00 0.00 0.00 0.00 0.00 0.00 0.00 0.00 0.00 0.00 0.00 0.00 0.85 0.85 1.31 1.31 1.31 1.31 1.31 1.31 1.31 1.31 1.31 1.31 1.31 1.31 1.31 1.31 1.31 1.31 1.15 1.15 3.49 4.52 3.49 3.43 4.52 1.15 1.69 3.49 1.15 1.15 1.15 1.15 1.15 1.15
0.00 0.00 0.00 0.00 0.00 0.00 0.00 0.00 0.00 0.00 0.00 0.00 0.00 0.00 0.00 0.00 0.00 0.00 0.00 0.00 0.00 0.00 0.00 0.00 0.00 1.29 1.29 1.29 1.29 1.29 1.29 0.00 0.00 0.00 0.00 0.00 0.00 0.00 0.00 0.00 0.00 0.00 0.00 0.00 0.00 0.00 0.00 0.00 0.00 0.00 1.14 1.14 1.31 1.31 1.31 1.31 1.31 1.31 1.31 1.31 1.31 1.31 1.31 1.31 1.31 1.31 1.93 1.31 1.27 1.27 3.85 3.85 3.85 3.85 1.27 1.27 4.99 3.85 1.27 1.27 1.27 1.27 1.27 1.27
0.00 0.00 0.00 0.00 0.00 0.00 0.00 0.00 0.00 0.00 0.00 0.00 0.00 0.00 0.00 0.00 0.00 0.00 0.00 0.00 0.00 0.00 0.00 0.00 1.29 1.29 1.29 1.29 1.29 1.29 1.89 1.89 1.29 0.00 1.29 1.29 0.00 0.00 0.00 0.00 0.00 0.00 0.00 0.00 0.00 0.00 0.00 0.00 0.00 0.00 0.34 1.14 1.31 1.31 1.93 1.31 1.31 1.31 1.31 1.31 1.31 1.31 1.31 1.31 1.31 1.31 1.31 1.31 1.27 1.27 3.85 3.85 3.85 3.85 1.27 1.27 4.99 4.99 1.27 1.27 1.27 1.27 1.27 1.27
0.00 0.00 0.00 0.00 0.00 0.00 0.00 0.00 0.00 0.00 0.00 0.00 0.00 0.00 0.00 0.00 0.00 0.00 0.00 0.00 0.00 0.00 0.00 1.29 1.29 1.29 1.29 1.29 1.29 1.29 1.29 1.89 1.89 1.89 1.29 1.29 1.14 1.14 0.00 0.00 0.00 0.00 0.00 0.00 0.00 0.00 0.00 0.00 0.00 0.00 0.00 4.49 1.31 0.39 1.31 1.31 1.93 1.31 1.31 1.31 1.31 1.31 1.31 1.31 1.31 1.31 1.31 1.31 1.27 1.27 3.85 3.85 3.85 4.99 1.27 1.27 1.27 1.27 1.27 1.27 1.27 1.27 1.27 1.27
0.00 0.00 0.00 0.00 0.00 0.00 0.00 0.00 0.00 0.00 0.00 0.00 0.00 0.00 0.00 0.00 0.00 0.00 0.00 0.00 1.29 1.29 1.29 1.29 1.29 1.29 1.29 1.29 1.29 1.29 1.29 1.29 4.07 1.29 4.07 1.29 1.14 1.14 1.14 0.00 0.00 0.00 0.00 0.00 0.00 0.00 0.00 0.00 0.00 0.00 0.00 3.43 3.79 5.17 5.17 1.31 1.31 1.93 1.93 1.31 1.31 1.31 1.31 1.31 1.31 1.31 1.31 1.31 1.27 1.27 1.27 1.27 3.85 4.23 4.99 1.27 1.27 1.27 1.27 1.27 1.27 1.27 1.86 1.27
0.00 0.00 0.00 0.00 0.00 0.00 0.00 0.00 0.00 0.00 0.00 0.00 0.00 0.00 0.00 0.00 5.31 1.35 0.00 0.00 1.29 1.29 1.29 1.29 1.29 1.29 1.29 1.29 1.29 1.29 1.29 1.29 1.29 1.29 1.29 1.29 1.14 1.67 1.67 3.46 1.67 0.00 0.00 0.00 0.00 0.00 0.00 0.00 0.00 0.00 0.00 3.43 3.79 5.17 5.17 5.17 3.98 3.98 1.31 1.31 1.31 1.93 1.93 1.31 1.31 1.31 1.31 1.31 1.27 1.27 1.27 1.27 1.27 3.85 3.85 1.27 1.27 1.27 1.27 1.27 1.27 1.27 1.27 1.27
0.00 0.00 0.00 0.00 0.00 0.00 0.00 0.00 0.00 0.00 0.00 0.00 0.00 0.00 0.00 0.00 1.35 1.35 1.35 1.35 1.29 1.29 1.29 1.89 1.89 1.29 1.29 1.29 1.29 1.29 1.29 1.29 1.29 1.29 1.29 1.29 1.14 1.67 1.67 1.67 1.67 0.00 0.00 0.00 0.00 0.00 0.00 0.00 0.00 0.00 0.00 1.35 3.79 1.55 5.17 5.17 4.38 3.98 1.31 1.31 1.93 1.93 1.93 1.93 1.31 1.31 1.31 1.31 1.27 1.27 1.27 1.27 1.27 3.85 3.85 1.27 1.27 1.27 1.27 1.86 1.86 1.27 1.27 1.27
0.00 0.00 0.00 0.00 0.00 0.00 0.00 0.00 0.00 0.00 0.00 0.00 0.00 5.31 1.35 5.31 1.35 1.35 1.35 1.35 1.29 1.29 1.29 1.29 1.29 1.29 1.29 1.29 1.29 1.29 1.29 1.29 1.29 1.29 1.29 1.29 1.14 1.14 1.67 1.67 1.67 0.00 0.00 0.00 0.00 0.00 0.00 0.00 0.00 0.00 0.34 0.34 3.79 1.55 5.17 3.98 4.38 3.98 1.31 1.31 1.31 1.31 1.31 1.31 1.31 1.31 1.31 1.31 1.27 1.27 1.27 1.27 1.27 1.27 1.27 1.27 1.27 1.27 1.27 1.27 1.86 1.86 1.27 1.27
0.00 0.00 0.00 0.00 0.00 0.00 0.00 0.00 0.00 0.00 0.00 0.00 5.31 1.35 1.35 1.35 1.35 1.35 1.35 1.35 1.29 1.29 1.29 1.29 1.29 1.29 1.29 1.29 1.29 1.29 1.29 1.29 1.29 1.29 1.29 1.89 1.67 1.67 1.67 1.14 0.00 0.00 0.00 0.00 0.00 0.00 0.00 0.00 0.00 0.34 1.14 1.14 1.31 5.17 5.17 5.17 4.38 4.38 1.31 1.31 1.31 1.93 1.31 1.31 1.31 1.31 1.31 1.31 1.27 1.27 1.27 1.27 1.27 1.27 1.27 1.27 1.27 1.27 1.27 1.86 1.27 1.27 1.27 1.27
0.00 0.00 0.00 0.00 0.00 0.00 0.00 0.00 0.00 0.00 0.00 0.00 1.35 1.35 1.98 1.35 1.35 1.35 1.35 1.98 1.89 1.29 1.29 1.29 1.29 1.29 1.29 1.29 1.29 1.29 1.29 1.29 1.29 1.89 1.89 1.89 1.67 1.67 1.14 0.34 4.49 0.00 0.00 0.00 0.00 0.00 0.00 0.00 0.34 1.14 1.14 1.14 1.31 3.98 3.98 5.17 1.93 4.38 3.98 3.98 1.31 1.31 1.31 1.31 1.31 1.31 1.31 1.31 1.27 1.27 1.27 1.27 1.27 1.27 1.27 1.27 1.27 1.27 1.27 1.27 1.27 1.27 1.27 1.27
0.00 0.00 0.00 0.00 0.00 0.00 0.00 0.00 0.00 0.00 0.00 5.31 1.35 1.35 1.98 1.35 1.35 1.35 1.35 1.35 1.29 1.29 1.29 1.29 1.29 1.29 1.29 1.29 1.29 1.29 1.29 1.29 1.89 1.89 1.89 1.89 1.67 1.67 4.49 0.34 4.49 4.49 0.00 0.00 0.00 0.00 0.00 1.35 1.14 1.14 1.14 1.14 1.31 1.31 3.98 5.17 5.17 5.17 3.98 1.31 4.38 1.31 1.31 1.31 1.31 1.31 1.31 1.31 1.27 1.27 1.27 1.27 1.27 1.27 1.27 1.27 1.27 1.27 1.27 1.27 1.27 1.27 1.27 1.27
0.00 0.00 0.00 0.00 0.00 0.00 0.00 0.00 0.00 0.00 1.35 1.35 1.35 1.35 1.98 1.35 1.35 1.35 1.35 1.35 1.29 1.29 1.29 1.29 1.29 1.29 1.29 1.29 1.29 1.29 1.29 1.29 1.29 1.89 1.29 1.29 1.14 1.67 1.67 1.67 1.67 3.43 3.43 3.43 0.00 0.00 1.35 3.43 1.14 1.14 1.14 1.14 1.31 1.31 1.31 5.17 3.98 3.98 1.31 1.31 1.31 1.31 1.31 1.31 1.31 1.31 1.31 1.31 1.27 1.27 1.27 1.27 1.27 1.27 1.27 1.27 1.27 1.27 1.27 1.27 1.27 1.27 1.27 1.27
0.00 0.00 0.00 0.00 0.00 0.00 0.00 0.00 0.00 0.00 1.35 1.35 1.35 1.35 1.35 1.35 1.35 1.35 1.35 1.35 1.29 1.29 1.29 1.29 1.29 1.29 1.29 1.29 1.29 1.29 1.29 1.29 1.29 1.29 1.29 1.29 1.14 1.14 1.67 1.67 4.49 1.35 1.35 3.43 3.43 1.35 1.35 1.14 1.67 1.14 1.67 1.14 1.31 1.31 1.31 1.31 1.31 1.31 1.31 1.31 1.31 1.31 1.31 1.31 1.31 1.31 1.31 1.31 1.27 1.27 1.27 1.27 1.27 1.27 1.27 1.27 1.27 1.27 1.27 1.27 1.27 1.27 1.27 1.27
0.00 0.00 0.00 0.00 0.00 0.00 0.00 0.00 0.00 0.00 0.00 1.35 1.35 1.35 1.35 1.35 1.35 1.35 1.35 1.35 1.29 1.29 1.29 1.29 1.29 1.29 1.29 1.29 1.29 1.29 1.29 1.29 1.29 1.29 1.29 1.29 1.14 1.67 1.14 1.67 1.35 4.49 1.35 3.43 1.35 3.46 3.46 3.46 1.14 1.67 3.46 1.14 1.31 1.31 1.31 1.31 1.31 1.31 1.31 1.31 1.31 1.93 1.31 1.31 1.31 1.31 1.31 1.31 1.27 1.27 1.27 1.27 1.27 1.27 1.27 1.27 1.27 1.27 1.27 1.27 1.27 1.27 1.27 1.27
0.00 0.00 0.00 0.00 0.00 0.00 0.00 0.00 0.00 0.00 0.00 1.35 1.35 1.35 1.35 1.35 1.35 1.35 1.35 1.35 1.29 1.29 1.29 1.29 1.29 1.29 1.29 1.29 1.29 1.29 1.29 1.29 1.29 1.29 1.29 1.29 1.14 1.14 1.67 1.14 3.46 4.49 4.49 4.49 3.46 3.46 3.46 1.14 1.14 1.14 3.46 1.14 1.31 1.31 1.31 1.31 1.31 1.31 1.31 1.31 1.31 1.31 1.31 1.31 1.31 1.31 1.31 1.31 1.27 1.27 1.27 1.27 1.27 1.27 1.27 1.27 1.27 1.27 1.27 1.27 1.27 1.27 1.27 1.27
0.00 0.00 0.00 0.00 0.00 0.00 0.00 0.00 0.00 0.00 0.00 0.00 1.35 1.35 1.35 1.35 1.35 1.35 1.35 1.35 1.29 1.29 1.29 1.29 1.29 1.29 1.29 1.29 1.29 1.29 1.29 1.29 1.29 1.29 1.89 1.29 1.14 1.14 1.14 1.14 3.46 4.49 4.49 4.49 3.80 3.46 3.46 1.14 1.14 1.14 1.14 1.14 1.31 1.31 1.31 1.31 1.31 1.31 1.31 1.31 1.31 1.31 1.31 1.31 1.31 1.31 1.31 1.31 1.27 1.27 1.27 1.27 1.27 1.27 1.27 1.27 1.27 1.27 1.27 1.27 1.27 1.27 1.27 1.27
0.00 0.00 0.00 0.00 0.00 0.00 0.00 0.00 0.00 0.00 0.00 1.35 1.35 1.35 1.35 1.35 1.35 1.35 1.35 1.35 1.29 1.29 1.29 1.29 1.29 1.29 1.29 1.29 1.29 1.29 1.29 1.29 1.29 1.89 1.89 1.29 3.61 1.67 1.14 3.46 3.46 3.80 4.49 4.49 3.80 3.46 1.14 1.14 1.14 1.14 1.14 1.14 1.31 1.31 1.31 1.31 1.31 1.31 1.31 1.31 1.31 1.31 1.31 1.31 1.31 1.31 1.31 1.31 1.27 1.27 1.27 1.27 1.27 1.27 1.27 1.27 1.27 1.27 1.27 1.27 1.27 1.27 1.27 1.27
0.00 0.00 0.00 0.00 1.24 0.00 0.00 0.00 0.00 0.00 1.24 1.24 1.24 1.24 1.24 1.24 1.24 1.24 1.24 1.24 1.24 1.24 1.24 1.24 1.24 1.24 1.24 1.24 1.24 1.24 1.24 1.82 1.24 1.24 1.82 1.82 1.70 1.16 1.16 1.16 3.52 3.52 3.52 3.52 3.52 1.16 1.16 1.16 1.16 1.16 1.16 1.16 1.20 1.20 1.20 1.20 1.20 1.20 1.20 1.20 1.20 1.20 1.20 1.20 1.20 1.20 1.20 1.20 1.02 1.02 1.02 1.02 1.02 3.39 1.02 1.02 1.02 1.49 1.02 1.02 1.02 1.02 1.02 1.02
0.00 0.00 0.00 1.37 1.24 1.24 0.00 0.00 0.00 1.83 1.83 1.24 1.24 1.24 1.24 1.24 1.24 1.24 1.24 1.24 1.24 1.24 1.24 1.24 1.24 1.24 1.24 1.24 1.24 1.24 1.24 1.24 1.24 1.24 1.82 1.24 1.16 1.70 1.70 1.16 3.52 3.52 3.52 3.52 3.52 3.52 1.16 1.16 1.16 1.16 1.16 1.16 1.20 1.20 1.20 1.20 1.20 1.20 1.20 1.20 1.20 1.20 1.20 1.20 1.20 1.20 1.20 1.20 1.02 1.02 1.02 1.02 1.02 3.39 1.02 1.02 1.02 1.02 1.02 1.02 1.02 1.02 1.02 1.02
1.37 1.37 1.37 2.01 1.24 1.24 1.24 1.24 1.24 1.83 1.83 1.24 1.24 1.24 1.24 1.24 1.24 1.24 1.24 1.24 1.24 1.24 1.24 1.24 1.24 1.24 1.24 1.24 1.24 1.24 1.24 1.24 1.24 1.24 1.24 1.24 1.16 1.16 1.16 1.16 3.52 3.52 3.52 3.52 3.52 3.52 1.16 1.16 1.16 1.16 1.16 1.16 1.20 1.20 1.20 1.20 1.20 1.20 1.20 1.20 1.20 1.20 1.20 1.20 1.20 1.20 1.20 1.20 1.02 1.02 3.39 1.02 1.02 1.02 1.02 1.02 1.02 1.02 1.02 1.02 1.02 1.02 1.02 1.02
1.37 1.37 1.37 1.37 1.24 1.24 1.24 1.24 1.24 1.83 1.24 1.83 1.24 1.24 1.24 1.24 1.24 1.24 1.24 1.24 1.24 1.24 1.24 1.24 1.24 1.24 1.24 1.24 1.24 1.24 1.24 1.24 1.24 1.24 1.24 1.24 1.16 3.52 3.52 3.52 3.52 3.52 3.52 3.52 3.52 3.52 1.16 1.16 1.16 1.16 1.16 1.16 1.20 1.20 1.20 1.20 1.20 1.20 1.20 1.20 1.20 1.20 1.20 1.20 1.20 1.20 1.20 1.20 1.02 1.02 1.02 1.02 1.02 3.39 1.02 1.02 1.02 1.02 1.02 1.02 1.02 1.02 1.02 3.39
1.37 1.37 1.37 1.37 1.24 1.24 1.24 1.24 1.24 1.24 1.83 1.83 1.24 1.24 1.24 1.24 1.24 1.24 1.24 1.24 1.24 1.24 1.24 1.24 1.24 1.24 1.24 1.24 1.24 1.24 1.24 1.24 1.24 1.24 1.24 1.24 1.16 1.16 1.16 3.52 4.57 1.70 1.16 1.16 3.52 3.52 1.16 1.70 1.16 1.16 1.16 1.16 1.20 1.20 1.20 1.20 1.20 1.20 1.20 1.20 1.20 1.20 1.20 1.20 1.20 1.20 1.20 1.20 1.02 1.02 1.02 1.02 1.02 1.49 1.02 1.02 1.02 1.02 1.02 1.02 1.02 1.02 3.39 3.39
1.37 1.37 1.37 1.37 1.24 1.24 1.24 1.24 1.24 1.24 1.24 1.24 1.24 1.83 1.24 1.24 1.24 1.24 1.24 1.24 1.24 1.24 1.24 1.24 1.24 1.24 1.24 1.24 1.24 1.24 1.24 1.24 1.24 1.24 1.24 1.24 1.16 1.16 1.16 4.57 1.16 1.16 1.16 1.16 3.52 3.52 1.16 1.70 1.16 1.16 1.16 1.16 1.20 1.20 1.20 1.20 1.20 1.20 1.20 1.20 1.20 1.20 1.20 1.20 1.20 1.20 1.20 1.20 1.02 1.02 1.02 1.02 1.02 1.49 1.49 1.02 1.02 1.49 3.39 1.02 1.02 1.02 3.39 3.39
1.37 1.37 1.37 1.37 1.24 1.24 1.24 1.24 1.24 1.24 1.24 1.83 1.24 1.83 1.83 1.24 1.24 1.24 1.24 1.24 1.24 1.24 1.24 1.24 1.24 1.24 1.24 1.24 1.24 1.24 1.24 1.24 1.24 1.24 1.24 1.24 1.16 1.16 1.70 3.68 1.16 1.16 1.16 1.16 3.52 3.52 1.16 1.16 1.16 1.16 1.16 1.16 1.20 1.20 1.20 1.20 1.20 1.20 1.20 1.20 1.20 1.20 1.20 1.20 1.20 1.20 1.20 1.20 1.02 1.02 1.02 1.02 1.02 1.02 1.02 1.49 1.49 1.02 1.02 1.02 3.39 3.39 3.39 3.39
1.37 1.37 1.37 1.37 1.24 1.24 1.24 1.24 1.24 1.24 1.24 1.83 1.83 1.24 1.24 1.24 1.24 1.24 1.24 1.24 1.24 1.24 1.24 1.24 1.24 1.24 1.24 1.24 1.24 1.24 1.24 1.24 1.24 1.24 1.24 1.24 1.16 1.16 1.16 4.57 1.16 1.16 1.16 1.16 3.52 1.16 1.16 1.16 1.16 1.16 1.16 1.16 1.20 1.20 1.20 1.20 1.20 1.20 1.20 1.20 1.20 1.20 1.20 1.20 1.20 1.20 1.20 1.20 1.02 1.02 1.02 1.02 1.02 1.02 1.02 1.02 1.02 1.49 1.02 1.02 3.39 3.39 3.39 3.39
1.37 1.37 1.37 1.37 1.24 1.24 1.24 1.24 1.24 1.24 1.24 1.24 1.24 1.24 1.24 1.24 1.24 1.24 1.24 1.24 1.24 1.24 1.24 1.24 1.24 1.24 1.24 1.24 1.24 1.24 1.24 1.24 1.24 1.24 1.24 1.24 1.16 1.16 1.16 1.16 1.16 1.16 1.16 1.16 1.16 1.16 1.16 1.16 1.16 1.16 1.16 1.16 1.20 1.20 1.20 1.20 1.20 1.20 1.20 1.20 1.20 1.20 1.20 1.20 1.20 1.20 1.20 1.20 1.02 1.02 1.02 1.02 1.02 1.02 1.02 1.02 1.02 1.02 1.02 1.02 3.39 3.39 3.39 3.39
1.37 1.37 1.37 1.37 1.24 1.24 1.24 1.24 1.24 1.24 1.24 1.24 1.24 1.24 1.24 1.24 1.24 1.24 1.24 1.24 1.24 1.24 1.24 1.24 1.24 1.24 1.24 1.24 1.24 1.24 1.24 1.24 1.24 1.24 1.24 1.24 1.16 1.16 1.16 1.16 1.16 1.16 1.16 1.16 1.16 1.16 1.16 1.16 1.16 1.16 1.16 1.16 1.20 1.20 1.20 1.20 1.20 1.20 1.20 1.20 1.20 1.20 1.20 1.20 1.20 1.20 1.20 1.20 1.02 1.02 1.02 1.02 1.02 1.02 1.02 1.02 1.02 1.02 1.02 1.02 3.39 3.39 3.39 3.39
1.37 1.37 1.37 1.37 1.24 1.24 1.24 1.24 1.24 1.24 1.24 1.24 1.24 1.24 1.24 1.24 1.24 1.24 1.24 1.24 1.24 1.24 1.24 1.24 1.24 1.24 1.24 1.24 1.24 1.24 1.24 1.24 1.24 1.24 1.24 1.24 1.16 1.16 1.16 1.16 1.16 1.16 1.16 1.16 1.16 1.16 1.16 1.16 1.16 1.16 1.16 1.16 1.20 1.20 3.99 1.20 1.20 1.20 1.20 1.20 1.20 1.20 1.20 1.20 1.20 1.20 1.20 1.20 1.02 1.02 1.02 1.02 1.02 1.02 1.02 1.02 1.02 1.02 1.02 1.02 3.39 3.39 3.39 3.39
1.37 1.37 1.37 1.37 1.24 1.24 1.24 1.24 1.24 1.24 1.24 1.24 1.24 1.24 1.24 1.24 1.24 1.24 1.24 1.24 1.24 1.24 1.24 1.24 1.24 1.24 1.24 1.24 1.24 1.24 1.24 1.24 1.24 1.24 1.24 1.24 1.16 1.16 1.16 1.16 1.16 1.16 1.16 1.16 1.16 1.16 1.16 1.16 1.16 1.16 1.16 1.16 1.20 1.20 1.20 1.20 1.20 1.20 1.20 1.20 1.20 1.20 1.20 1.20 1.20 1.20 1.20 1.20 1.02 1.02 1.02 1.02 1.02 1.02 1.02 1.02 1.02 1.02 1.02 1.02 1.02 3.39 3.39 3.39
