New_Model_Runs/9_Future_Present_Scn2_out/post_prcessed_with_MFR/Monthly_summaries/actual_et_monthly_DEC.asc
NCOLS 700
NROWS 400
XLLCENTER 515000.000000
YLLCENTER 8409000.000000
CELLSIZE 50.000000
NODATA_value -999.000000
[rows 228 to 265 of 400, columns 168 to 251 of 700]
1.24 1.82 1.24 1.24 1.24 1.24 1.24 1.24 1.28 1.28 1.88 1.88 3.65 3.65 3.56 3.56 3.56 4.10 1.23 4.10 4.10 4.10 4.10 4.10 1.06 3.53 3.53 3.53 3.53 3.45 3.53 3.45 3.53 3.97 3.53 3.53 3.53 3.68 3.68 3.68 3.59 3.59 3.59 1.15 1.15 1.15 1.15 3.59 3.59 3.59 3.59 1.15 1.15 1.15 1.15 1.69 1.26 1.26 1.26 1.26 1.26 1.26 1.26 1.26 4.00 1.26 1.26 1.85 1.26 1.26 1.26 1.26 1.35 1.35 1.35 1.35 1.35 1.35 1.35 1.35 1.35 1.35 1.35 1.35
1.24 1.24 1.24 1.24 1.24 1.24 1.24 1.24 1.28 1.28 3.65 3.56 3.65 3.65 3.65 3.56 3.56 3.56 3.65 3.65 4.10 1.23 4.10 4.10 3.06 3.97 3.97 3.97 3.97 3.97 3.53 3.97 1.19 3.06 3.97 3.53 3.53 3.53 4.21 3.68 3.59 1.69 1.15 1.15 1.15 1.15 4.12 4.12 4.12 3.59 3.59 1.15 1.15 1.15 1.15 1.15 1.26 1.26 1.26 1.26 1.26 1.26 1.26 1.85 1.85 1.85 1.26 1.26 1.26 1.26 1.26 1.26 4.43 1.35 1.35 1.98 1.35 1.35 1.35 1.35 1.35 1.35 1.35 1.35
1.24 1.24 1.24 1.24 1.24 1.82 1.24 1.24 1.28 1.28 1.28 1.28 3.65 3.65 3.65 3.56 3.56 3.65 3.65 3.65 4.10 4.10 4.10 4.10 3.97 3.97 3.97 3.97 3.97 3.97 3.06 3.06 3.97 3.97 3.97 3.06 3.97 3.06 3.97 3.97 3.45 3.45 3.59 1.15 3.59 3.12 4.12 4.12 4.12 1.69 1.69 1.69 1.69 1.15 1.15 1.15 1.26 1.26 1.26 1.26 1.26 1.26 1.26 1.85 1.85 1.26 1.26 1.26 1.26 1.26 1.85 1.26 4.10 1.35 1.35 1.35 1.35 1.35 1.35 1.35 1.35 1.35 1.35 1.35
1.24 1.24 1.24 1.24 1.24 1.24 1.24 1.24 1.28 1.28 1.88 1.28 3.65 3.65 3.65 3.65 3.65 3.65 3.65 3.65 3.56 3.56 3.65 3.07 3.97 3.61 3.97 3.97 1.19 3.97 3.06 3.06 3.97 3.97 3.97 3.97 3.61 1.75 3.06 3.97 3.89 3.45 3.45 1.15 1.15 3.89 1.15 1.15 1.15 1.69 1.15 1.69 1.15 1.15 1.15 1.15 1.26 1.26 1.26 1.26 1.26 1.26 1.26 1.85 1.26 1.26 1.26 1.26 1.26 1.26 1.26 1.26 1.35 1.98 1.35 1.35 1.35 1.35 1.35 1.35 1.35 1.35 1.35 1.35
1.82 1.24 1.24 1.24 1.24 1.24 1.24 1.24 1.88 1.88 1.88 1.88 1.88 1.88 1.28 3.65 3.65 3.65 3.65 3.65 3.56 3.56 3.65 3.56 3.53 1.75 1.75 3.53 3.97 3.45 4.21 3.06 3.53 3.97 3.97 1.75 1.75 1.75 3.97 3.97 3.89 3.89 3.89 3.89 3.89 1.15 1.15 1.15 1.15 1.15 1.15 1.15 1.15 1.15 1.15 1.15 1.26 1.26 1.26 1.26 1.26 1.26 1.26 1.26 1.26 3.83 3.83 1.26 1.26 1.26 1.26 1.26 1.35 1.35 1.35 1.35 1.35 1.35 1.35 1.35 1.35 1.35 1.35 1.35
1.24 1.24 1.24 1.24 1.24 1.24 1.24 1.24 1.28 1.28 1.88 1.88 1.88 1.88 1.88 1.28 3.65 3.65 3.65 3.56 3.56 3.56 3.65 3.65 3.53 1.75 3.45 3.53 3.53 3.97 3.53 3.06 3.53 1.19 1.75 1.75 1.75 1.75 1.75 1.75 1.15 1.69 1.69 1.69 3.89 1.15 1.15 1.15 1.15 1.69 1.69 1.15 1.15 1.15 1.15 1.15 1.26 1.26 1.26 1.26 1.26 1.26 1.26 1.26 1.26 4.18 3.83 3.83 1.26 1.26 4.21 4.16 1.35 1.35 1.35 1.35 1.35 1.35 1.35 1.35 1.35 1.35 1.35 1.35
1.24 1.24 1.24 1.24 1.82 1.24 1.24 1.24 1.28 1.28 1.28 1.88 1.88 1.88 1.28 1.28 1.28 1.28 1.28 3.65 3.65 3.65 3.56 3.56 3.53 3.61 3.53 3.53 3.53 1.75 1.75 1.75 1.19 1.75 1.19 1.19 4.19 4.19 1.75 1.19 1.69 1.69 1.15 1.69 1.69 1.15 1.69 1.15 1.15 1.15 1.69 1.69 1.69 1.15 1.69 1.15 1.85 1.85 1.85 1.26 1.26 1.26 1.26 1.26 1.26 1.26 3.83 3.83 3.83 3.83 3.83 4.16 1.35 1.35 1.98 1.35 1.35 1.35 1.35 1.35 1.35 1.35 1.35 1.35
1.24 1.24 1.24 1.24 1.24 1.24 1.24 1.24 1.28 1.28 1.88 1.28 1.28 1.28 1.28 1.28 1.28 1.28 1.28 3.56 3.65 3.65 3.56 3.56 3.53 3.61 1.19 1.19 1.75 3.97 1.75 1.75 1.75 1.19 1.19 1.75 3.55 3.55 3.45 1.19 1.69 1.15 1.15 1.69 1.15 1.15 1.15 1.69 1.15 1.15 1.69 3.78 3.14 1.69 1.69 1.69 1.85 1.26 1.26 1.26 1.26 1.26 1.26 1.26 1.26 1.26 4.93 3.83 3.83 1.85 1.26 1.26 1.35 1.35 1.35 1.35 1.35 1.35 1.35 1.35 1.35 1.35 1.35 1.35
1.24 1.24 1.24 1.24 1.24 1.24 1.24 1.24 1.28 1.88 1.88 1.28 1.28 1.28 1.88 1.88 1.28 1.28 1.28 3.65 3.65 3.56 3.56 3.65 3.53 1.75 1.75 1.19 1.19 3.97 3.97 1.75 1.75 1.19 1.19 1.75 1.75 1.75 1.75 1.75 1.69 1.15 1.15 1.15 1.15 1.15 1.15 1.15 1.69 1.15 1.15 3.45 4.43 4.43 4.43 3.49 3.83 1.26 1.85 1.26 1.26 1.26 1.26 1.26 1.26 3.83 3.98 3.83 3.83 1.26 1.26 1.26 1.35 1.35 1.35 1.35 1.35 1.35 1.35 1.35 1.35 1.35 1.35 1.35
1.24 1.24 1.24 1.24 1.24 1.24 1.24 1.24 1.28 1.28 1.28 1.28 1.28 1.28 1.28 1.28 1.88 1.28 1.88 1.88 3.65 3.56 3.56 3.56 3.53 1.75 1.75 1.75 1.19 1.75 3.97 1.75 1.19 1.19 1.19 1.19 1.75 1.75 1.75 1.75 1.69 1.15 1.15 1.15 1.15 1.15 1.15 1.15 1.69 1.15 1.15 1.69 3.78 4.43 4.43 4.53 4.96 4.21 1.26 3.83 1.26 1.26 3.83 4.96 3.83 1.48 3.98 1.85 4.93 1.85 1.85 1.26 1.35 1.35 1.35 1.35 1.98 1.35 1.35 1.35 1.35 1.35 1.35 1.35
1.24 1.24 1.24 1.24 1.24 1.24 1.24 1.24 1.28 1.28 1.28 1.28 1.28 1.28 1.28 1.28 1.28 1.28 1.28 1.28 3.65 3.65 3.56 3.65 3.45 1.19 1.19 1.19 1.75 1.75 1.75 1.19 1.19 1.19 1.19 1.75 1.75 1.75 1.75 1.75 1.15 1.15 1.15 1.15 1.15 1.15 1.69 1.15 1.15 1.69 1.69 1.69 3.89 3.49 3.78 3.84 4.21 4.21 4.96 3.83 3.83 3.83 3.83 3.83 3.83 4.96 4.93 4.93 4.93 3.83 1.85 1.85 1.35 1.35 1.35 1.35 1.35 1.35 1.35 1.35 1.35 1.35 1.35 1.35
1.24 1.24 1.24 1.24 1.24 1.24 1.24 1.24 1.28 1.28 1.28 1.28 1.28 1.28 1.28 1.28 1.28 1.28 3.65 3.56 3.65 1.28 1.28 1.28 3.55 1.19 1.19 1.19 1.19 1.19 1.19 1.75 1.19 1.19 1.19 1.75 1.19 1.75 3.53 1.75 1.15 1.15 1.15 1.15 1.15 1.15 1.15 1.15 1.15 1.69 1.69 1.15 1.15 3.36 3.36 3.49 4.21 3.83 3.83 3.83 3.83 3.83 3.83 4.96 4.21 3.83 3.83 4.93 3.83 3.83 3.83 1.26 1.35 1.35 1.35 1.35 1.35 1.35 1.35 1.35 1.35 1.35 1.35 1.35
1.24 1.24 1.24 1.24 1.24 1.24 1.24 1.24 1.28 1.28 1.28 1.28 1.28 1.28 1.28 1.28 1.88 1.88 3.56 1.88 1.88 1.28 1.28 1.28 1.19 1.19 1.19 1.19 1.19 1.19 1.19 1.19 1.75 1.19 1.19 1.75 1.19 1.75 1.19 1.75 1.15 1.15 1.15 1.15 1.15 1.15 1.15 1.15 1.01 0.51 1.15 1.15 3.36 3.36 3.36 3.78 4.21 3.83 3.83 3.83 4.96 4.96 4.96 4.96 4.21 1.48 3.83 3.83 4.21 4.21 3.83 1.26 1.98 1.35 1.35 1.35 1.35 1.35 1.35 1.35 1.35 1.35 1.35 1.35
1.24 1.24 1.24 1.24 1.24 1.24 1.82 1.24 1.28 1.28 1.28 1.28 1.28 1.28 1.28 1.28 1.88 1.88 1.88 1.88 1.88 1.28 1.28 1.28 1.19 1.19 1.19 1.19 1.19 1.19 1.19 1.19 1.19 1.19 1.75 1.19 1.19 1.75 1.75 1.19 1.15 1.15 1.15 1.15 1.15 1.15 1.15 3.45 3.45 3.45 3.89 3.36 3.36 3.89 3.36 3.49 3.82 3.83 3.83 3.83 1.49 1.49 4.96 4.96 4.96 3.83 4.93 3.83 3.83 3.83 1.26 1.26 1.35 1.35 1.35 1.35 1.35 1.35 1.35 1.35 1.35 1.35 1.35 1.35
1.30 1.30 1.30 1.30 1.30 1.30 1.30 1.30 1.33 1.33 1.33 1.33 1.33 1.33 1.33 1.33 1.33 1.95 1.33 1.95 1.33 1.33 1.33 1.33 1.27 1.27 1.27 1.27 1.27 1.27 1.27 1.27 1.27 1.27 1.27 1.27 1.27 1.27 1.86 1.27 1.23 1.23 1.80 1.80 1.23 3.46 3.54 3.54 3.54 1.23 1.23 1.23 1.80 3.54 3.46 4.00 3.88 3.89 3.89 5.05 5.05 1.51 5.05 5.05 5.05 5.05 3.89 3.89 1.88 1.88 1.28 1.28 1.38 1.38 1.38 1.38 1.38 1.38 1.38 1.38 1.38 1.38 1.38 1.38
1.30 1.30 1.30 1.30 1.30 1.30 1.30 1.30 1.33 1.33 1.33 1.33 1.33 1.33 1.33 1.33 1.33 1.33 1.33 1.33 1.33 1.33 1.33 1.33 1.27 1.27 1.27 1.27 1.27 1.27 1.27 1.27 1.27 1.27 1.27 1.27 1.27 1.27 1.27 1.27 1.23 1.23 1.23 1.80 3.46 3.46 3.46 3.46 1.23 1.23 1.23 1.23 1.23 1.23 1.23 4.00 4.16 4.16 3.89 3.89 5.05 5.05 5.05 5.05 5.05 5.05 4.28 3.89 1.88 1.28 1.28 1.28 1.38 1.38 1.38 1.38 1.38 1.38 1.38 1.38 1.38 1.38 1.38 1.38
1.30 1.30 1.30 1.30 1.30 1.91 1.30 1.30 1.33 1.33 1.33 1.33 1.33 1.33 1.33 1.33 1.33 1.33 1.33 1.33 1.33 1.33 1.33 1.33 1.27 1.27 1.27 1.27 1.27 1.27 1.27 1.27 1.27 1.27 1.27 1.27 1.27 1.27 1.27 1.86 1.23 1.23 1.23 1.23 1.80 3.46 1.80 1.80 1.80 1.23 1.23 1.23 1.23 1.23 1.23 4.00 4.16 3.88 4.28 4.28 5.05 1.88 1.88 1.88 5.05 3.89 3.89 4.28 1.88 1.88 1.28 1.28 1.38 1.38 1.38 1.38 1.38 1.38 1.38 1.38 2.02 1.38 1.38 1.38
1.30 1.30 1.30 1.30 1.30 1.30 1.30 1.30 1.33 1.33 1.33 1.33 1.33 1.33 1.33 1.33 1.33 1.33 1.95 1.95 1.33 1.33 1.33 1.33 1.27 1.27 1.27 1.27 1.27 1.27 1.27 1.27 1.27 1.27 1.27 1.27 1.27 1.27 1.27 1.86 1.23 1.80 1.23 1.23 1.80 1.23 1.80 1.23 1.80 1.23 1.23 1.23 0.37 3.98 1.23 3.72 3.88 4.16 4.28 5.05 5.05 5.05 3.89 3.89 3.89 3.89 3.89 1.88 1.88 1.28 1.28 1.28 1.38 1.38 1.38 1.38 1.38 1.38 1.38 2.02 2.02 2.02 2.02 1.38
1.30 1.30 1.30 1.30 1.30 1.30 1.30 1.30 1.33 1.33 1.95 1.95 1.95 1.95 1.95 1.95 1.33 1.33 1.95 1.33 1.33 1.33 1.33 1.33 1.27 1.27 1.27 1.27 1.27 1.27 1.27 1.27 1.27 1.27 1.27 1.27 1.27 1.27 1.27 1.27 1.23 1.23 1.80 1.23 1.23 1.23 1.23 1.23 3.98 1.23 1.23 1.23 1.23 3.98 0.54 1.23 1.28 3.88 5.05 5.05 1.88 5.05 4.28 5.05 3.89 3.89 1.28 1.28 1.88 1.88 1.28 1.28 1.38 1.38 1.38 1.38 1.38 1.38 1.38 1.38 1.38 2.02 1.38 4.18
1.30 1.30 1.30 1.30 1.30 1.30 1.30 1.30 1.33 1.33 1.95 1.33 1.95 1.95 1.95 1.33 1.95 3.90 1.33 1.33 1.33 1.33 1.33 1.33 1.27 1.27 1.27 1.27 1.27 1.27 1.27 1.27 1.27 1.27 1.27 1.27 1.27 1.27 1.27 1.27 1.23 1.23 1.23 1.23 1.23 1.23 1.80 1.23 3.98 1.80 1.23 1.23 3.98 3.01 1.80 1.80 1.28 4.28 3.89 1.88 1.88 1.88 1.51 5.05 4.28 3.89 1.28 1.28 1.28 1.88 4.06 4.28 1.38 1.38 1.38 1.38 1.38 1.38 1.38 1.38 1.38 1.38 1.38 4.50
1.30 1.30 1.30 1.30 1.30 1.30 1.30 1.30 1.33 1.33 1.95 1.95 1.33 1.95 1.95 1.95 1.95 3.90 1.33 1.33 1.33 1.33 1.33 1.33 1.27 1.27 1.27 1.27 1.27 1.27 1.27 1.27 1.27 1.27 1.27 1.27 1.27 1.27 1.27 1.27 1.23 1.80 1.23 1.23 1.23 1.23 1.80 1.80 3.98 1.80 1.23 1.23 3.54 4.00 1.23 1.80 1.88 4.28 4.28 4.28 3.89 5.05 4.00 4.00 3.89 3.89 5.05 3.89 1.28 1.28 3.89 3.89 1.38 1.38 1.38 2.02 4.58 1.38 1.38 1.38 1.38 1.38 1.38 4.50
1.30 1.30 1.30 1.30 1.30 1.30 1.30 1.30 1.33 1.33 1.33 1.95 1.33 1.95 1.33 1.95 1.95 1.95 1.33 1.33 1.95 1.33 1.33 1.33 1.27 1.27 1.27 1.27 1.27 1.27 1.27 1.27 1.27 1.27 1.27 1.27 1.27 1.27 1.27 1.27 1.23 1.23 1.23 1.23 1.23 1.23 1.23 3.98 3.98 3.98 1.80 1.23 1.23 1.80 4.00 1.80 1.88 3.89 3.89 3.89 4.28 5.05 1.51 5.05 3.89 3.89 3.89 4.28 3.89 3.89 3.89 3.89 4.58 1.38 1.38 2.02 5.27 4.58 4.18 4.18 1.38 1.38 1.38 4.18
1.30 1.30 1.30 1.30 1.30 1.30 1.30 1.30 1.33 1.33 1.33 1.95 1.95 1.33 1.33 1.33 1.33 1.95 1.95 1.95 1.95 1.33 1.33 1.33 1.27 1.27 1.27 1.27 1.27 1.27 1.27 1.27 1.27 1.27 1.27 1.27 1.27 1.27 1.27 1.27 1.23 1.23 3.98 3.98 1.23 1.23 1.23 1.23 3.98 1.80 1.23 1.23 1.80 1.23 3.72 4.00 1.88 1.88 3.89 3.89 5.05 4.28 4.28 3.89 3.89 3.89 4.28 3.89 4.28 4.28 3.89 4.28 4.58 1.38 2.02 2.02 5.27 4.58 5.27 5.27 4.18 1.38 5.28 4.58
1.30 1.30 1.30 1.30 1.30 1.30 1.30 1.30 1.33 1.33 1.33 1.95 1.95 1.33 1.95 1.95 1.95 1.95 1.95 1.95 1.95 1.33 1.33 1.33 1.27 1.27 1.27 1.27 1.27 1.27 1.27 1.27 1.27 1.27 1.27 1.27 1.27 1.27 1.27 1.27 1.23 1.23 3.98 3.98 3.98 3.98 3.98 3.98 1.80 1.80 1.80 1.80 1.23 4.00 3.72 1.23 1.28 1.88 1.88 5.05 1.51 5.05 4.28 3.89 3.89 4.28 4.28 4.28 4.28 4.28 3.89 3.89 4.36 2.02 2.02 2.02 5.27 5.27 5.27 5.27 5.27 5.27 5.27 0.41
1.30 1.30 1.30 1.30 1.30 1.30 1.30 1.30 1.33 1.33 1.33 1.95 1.95 1.33 1.33 1.95 1.95 1.95 1.95 1.95 1.95 1.33 1.33 1.33 1.27 1.27 1.27 1.27 1.27 1.27 1.27 1.27 1.27 1.27 1.27 1.27 1.27 1.27 1.27 1.27 1.23 1.23 3.98 3.98 3.98 3.98 3.98 3.98 1.23 1.23 1.23 1.80 1.80 4.00 3.72 1.23 4.28 3.89 3.89 4.28 5.05 5.05 5.05 5.05 5.05 5.05 4.28 4.28 4.28 4.28 4.28 4.28 4.36 1.38 4.18 4.58 5.27 5.27 5.27 5.27 5.27 1.58 4.15 1.38
1.30 1.30 1.30 1.30 1.30 1.30 1.30 1.30 1.33 1.33 1.33 1.95 1.95 1.33 1.95 3.76 1.95 1.95 1.95 1.33 1.33 1.33 1.33 1.33 1.27 1.27 1.27 1.27 1.27 1.27 1.27 1.27 1.27 1.27 1.27 1.27 1.27 1.27 1.27 1.27 1.23 1.23 3.98 3.61 1.80 1.23 1.23 1.23 1.23 1.23 1.23 1.80 1.23 3.72 1.80 1.80 4.16 3.88 3.89 3.89 5.05 4.00 5.05 3.89 3.89 3.89 4.28 3.89 3.89 4.28 4.28 4.28 4.18 4.18 5.27 5.27 5.27 5.27 5.27 5.27 5.27 1.58 4.15 4.15
1.91 1.30 1.30 1.30 1.30 1.30 1.30 1.30 1.33 1.33 1.33 1.95 1.95 3.72 3.72 1.95 1.95 1.95 1.95 1.33 1.33 1.33 1.33 1.33 1.27 1.27 1.27 1.27 1.27 1.27 1.27 1.27 1.27 1.27 1.27 1.27 1.27 1.27 1.27 1.27 1.23 1.23 3.98 3.98 1.23 1.23 1.23 1.23 1.23 1.23 1.23 3.46 3.72 3.72 3.72 3.72 3.88 4.28 3.89 5.05 5.05 5.05 5.05 4.28 3.89 3.89 4.28 3.89 3.89 4.28 4.28 3.89 4.18 4.18 5.27 5.27 4.18 4.18 5.27 5.27 5.27 5.27 5.27 1.58
1.30 1.91 1.30 1.30 1.30 1.30 1.30 1.30 1.33 1.33 1.33 1.33 1.95 3.72 3.72 3.72 1.95 1.95 1.33 1.33 1.33 1.33 1.33 1.33 1.27 1.27 1.27 1.27 1.27 1.27 1.27 1.27 1.27 1.27 1.27 1.27 1.27 1.27 1.27 1.27 1.23 1.23 1.80 1.23 1.23 1.23 1.23 1.23 1.23 1.23 1.23 3.46 3.72 3.72 3.72 3.72 3.89 3.89 3.89 4.28 1.51 5.05 4.00 5.05 5.05 5.05 1.51 5.05 5.05 4.28 4.28 1.88 2.02 2.02 4.58 5.27 4.18 5.27 5.27 5.27 1.58 5.27 5.27 5.27
1.30 1.30 1.30 1.30 1.30 1.30 1.30 1.30 1.33 1.95 1.95 3.76 3.72 3.76 3.72 3.76 3.76 1.95 1.33 1.33 1.33 1.33 1.33 1.33 1.27 1.27 1.27 1.27 1.27 1.27 1.27 1.27 1.27 1.27 1.27 1.27 1.27 1.27 1.27 1.27 1.23 1.23 1.23 1.80 1.23 1.23 1.23 1.80 1.80 1.80 3.46 3.46 3.72 4.00 4.00 3.72 4.28 3.89 3.89 4.28 5.05 5.05 5.05 5.05 5.05 3.89 3.89 3.89 4.28 4.28 4.28 4.28 5.27 5.27 4.58 5.27 4.18 4.18 4.18 5.27 4.15 5.27 5.27 5.27
1.30 1.30 1.30 1.30 1.30 1.30 1.30 1.30 1.33 1.33 1.33 1.95 3.72 3.72 1.95 1.95 1.95 1.95 1.95 1.33 1.33 1.33 1.33 1.33 1.27 1.27 1.27 1.27 1.27 1.27 1.27 1.27 1.27 1.27 1.27 1.27 1.27 1.27 1.27 1.27 1.23 1.23 1.23 1.23 1.23 1.23 1.23 1.80 1.80 1.80 3.46 3.46 3.72 3.72 3.72 4.09 3.89 5.05 5.05 5.05 5.05 5.05 3.89 5.05 5.05 3.89 3.89 3.89 4.28 4.28 3.89 3.89 4.58 5.27 5.27 5.27 4.18 4.18 4.18 5.27 5.27 5.27 5.27 4.58
4.02 1.41 1.41 1.41 1.41 1.41 1.41 2.07 1.47 1.47 1.47 2.15 2.15 2.15 2.15 1.47 1.47 1.47 2.15 1.47 1.47 1.47 1.47 1.47 1.33 1.33 1.33 1.33 1.33 1.33 1.33 1.33 1.33 1.33 1.33 1.33 1.33 1.33 1.33 1.33 1.42 1.42 1.42 1.42 1.42 1.42 1.42 1.42 3.66 3.66 3.66 3.80 4.30 4.30 4.30 4.70 5.18 4.04 5.18 4.43 4.04 4.04 4.04 5.18 5.18 4.43 4.04 4.04 4.04 4.04 4.04 4.04 4.27 4.62 4.27 4.27 2.06 2.06 2.06 5.18 5.18 5.18 4.62 4.27
1.41 4.67 1.41 1.41 1.41 1.41 2.07 1.41 2.15 1.47 1.47 2.15 2.15 2.15 1.47 1.47 1.47 1.47 1.47 1.47 1.47 1.47 1.47 1.47 1.33 1.33 1.33 1.33 1.33 1.33 1.33 1.33 1.33 1.33 1.33 1.33 1.33 1.33 1.33 1.33 1.42 1.42 1.42 1.42 2.08 1.42 1.42 1.42 1.42 3.66 3.66 4.30 4.30 4.30 4.30 4.70 4.04 4.04 4.04 4.04 4.43 4.04 4.04 4.04 5.18 5.18 4.04 4.04 4.43 4.04 4.04 4.04 4.62 4.62 4.62 4.62 4.62 4.27 5.18 4.62 1.55 5.18 4.62 4.27
2.07 1.41 1.41 1.41 1.41 1.41 1.41 1.41 2.15 1.47 1.47 1.47 1.47 2.15 1.47 1.47 1.47 1.47 1.47 1.47 1.47 1.47 1.47 1.47 1.33 1.33 1.33 1.33 1.33 1.33 1.33 1.33 1.33 1.33 1.33 1.33 1.33 1.33 1.33 1.33 1.42 1.42 1.42 1.42 2.07 2.08 1.42 1.42 1.42 1.42 1.42 1.42 1.42 4.70 4.30 4.70 4.04 4.04 5.18 4.04 4.43 4.04 4.04 4.04 5.18 5.18 5.18 4.04 4.04 4.04 4.04 4.04 4.27 4.62 4.62 4.62 4.27 4.27 4.27 5.18 5.18 4.27 4.27 4.27
1.41 1.41 1.41 2.07 2.07 1.41 1.41 1.41 1.47 1.47 1.47 1.47 2.15 2.15 1.47 1.47 1.47 1.47 1.47 1.47 1.47 1.47 1.47 1.47 1.33 1.33 1.33 1.33 1.33 1.95 1.33 1.33 1.33 1.33 1.33 1.33 1.33 1.33 1.33 1.33 1.42 1.42 1.42 1.42 1.42 1.42 1.42 1.42 1.42 1.42 1.42 1.42 1.42 1.42 5.46 4.70 4.43 4.43 4.04 4.04 4.04 4.43 4.04 4.04 5.18 5.18 5.18 4.04 4.04 4.04 4.04 4.04 4.27 4.27 4.62 4.62 4.27 4.62 5.18 5.18 5.18 4.27 4.27 4.27
1.41 2.07 1.41 1.41 1.41 2.07 1.41 1.41 1.47 1.47 1.47 2.15 2.15 2.15 2.15 1.47 1.47 1.47 1.47 1.47 1.47 1.47 1.47 1.47 1.33 1.33 1.33 1.33 1.33 1.33 1.33 1.33 1.33 1.33 1.33 1.33 1.33 1.33 1.33 1.33 1.42 1.42 1.42 1.42 1.42 1.42 1.42 2.07 1.42 2.08 2.08 1.42 1.42 1.42 4.30 4.70 4.43 5.18 4.43 4.04 4.04 4.04 4.04 4.04 5.18 5.18 5.18 4.04 4.22 1.95 1.95 5.18 4.62 4.62 4.62 4.62 4.27 4.27 5.18 1.55 5.18 4.27 4.27 4.27
4.02 1.41 2.07 1.41 1.41 1.41 1.41 1.41 1.47 1.47 1.47 2.15 1.47 1.47 2.15 1.47 1.47 2.15 1.47 1.47 1.47 1.47 1.47 1.47 1.33 1.33 1.33 1.33 1.33 1.33 1.33 1.33 1.33 1.33 1.33 1.33 1.33 1.33 1.33 1.33 1.42 1.42 1.42 1.42 1.42 2.07 2.08 2.08 2.08 2.08 1.42 1.42 1.42 1.42 4.30 4.70 4.43 4.43 4.04 4.04 4.43 5.18 5.18 4.04 4.04 5.18 5.18 4.43 4.04 4.04 5.18 5.18 4.62 5.18 4.62 4.27 4.27 5.18 5.18 5.18 4.27 5.18 5.18 4.62
4.02 4.02 4.02 1.41 1.41 1.41 1.41 1.41 1.47 1.47 2.15 2.15 2.15 2.15 1.47 1.47 1.47 1.47 1.47 1.47 1.47 1.47 1.47 1.47 1.33 1.33 1.33 1.33 1.33 1.33 1.33 1.33 1.33 1.33 1.33 1.33 1.33 1.33 1.33 1.33 1.42 1.42 1.42 1.42 1.42 1.42 2.08 1.42 1.42 1.42 1.42 1.42 1.42 4.53 4.70 4.70 4.43 4.04 4.43 5.18 5.18 4.04 4.04 4.43 4.04 5.18 5.18 4.04 5.18 5.18 4.04 4.04 4.27 5.18 4.27 4.27 5.45 5.18 5.18 4.62 4.27 5.18 5.18 4.27
4.02 4.02 4.02 4.02 1.41 1.41 1.41 1.41 1.47 1.47 2.15 2.15 1.47 1.47 1.47 1.47 1.47 1.47 1.47 1.47 1.47 1.47 1.47 1.47 1.33 1.33 1.33 1.33 1.33 1.33 1.33 1.33 1.33 1.33 1.33 1.33 1.33 1.33 1.33 1.33 1.42 1.42 1.42 1.42 1.42 1.42 1.42 1.42 3.66 3.80 1.42 1.42 1.42 4.70 4.70 4.70 4.43 4.43 4.04 5.18 5.18 4.04 4.43 4.04 4.04 4.04 4.43 4.43 4.04 4.04 4.04 4.04 4.27 4.27 4.62 5.18 5.18 5.18 4.27 4.62 4.27 4.27 4.54 4.27
