New_Model_Runs/9_Future_Present_Scn2_out/post_prcessed_with_MFR/Monthly_summaries/actual_et_monthly_FEB.asc
NCOLS 700
NROWS 400
XLLCENTER 515000.000000
YLLCENTER 8409000.000000
CELLSIZE 50.000000
NODATA_value -999.000000
[rows 228 to 265 of 400, columns 168 to 251 of 700]
1.10 1.62 1.10 1.10 1.10 1.10 1.10 1.10 1.14 1.14 1.67 1.67 3.75 3.75 3.46 3.46 3.46 4.40 1.32 4.40 4.40 4.40 4.40 4.40 1.06 3.55 3.55 3.55 3.55 3.25 3.55 3.25 3.55 4.18 3.55 3.25 3.25 3.57 3.57 3.57 3.49 3.49 3.49 1.05 1.05 1.05 1.05 3.49 3.49 3.49 3.49 1.05 1.05 1.05 1.05 1.54 1.15 1.15 1.15 1.15 1.15 1.15 1.15 1.15 3.66 1.15 1.15 1.69 1.15 1.15 1.15 1.15 1.22 1.22 1.22 1.22 1.22 1.22 1.22 1.22 1.22 1.22 1.22 1.22
1.10 1.10 1.10 1.10 1.10 1.10 1.10 1.10 1.14 1.14 3.75 3.46 3.75 3.75 3.75 3.46 3.46 3.46 3.75 3.75 4.40 1.32 4.40 4.40 3.22 4.18 4.18 4.18 4.18 4.18 3.55 4.18 1.25 3.22 4.18 3.55 3.55 3.55 4.21 3.57 3.49 1.54 1.05 1.05 1.05 1.05 4.12 4.12 4.12 3.49 3.49 1.05 1.05 1.05 1.05 1.05 1.15 1.15 1.15 1.15 1.15 1.15 1.15 1.69 1.69 1.69 1.15 1.15 1.15 1.15 1.15 1.15 4.00 1.22 1.22 1.80 1.22 1.22 1.22 1.22 1.22 1.22 1.22 1.22
1.10 1.10 1.10 1.10 1.10 1.62 1.10 1.10 1.14 1.14 1.14 1.14 3.75 3.75 3.75 3.46 3.46 3.75 3.75 3.75 4.40 4.40 4.40 4.40 4.18 4.18 4.18 4.18 4.18 4.18 3.22 3.22 4.18 4.18 4.18 3.09 4.18 3.22 4.18 4.18 3.48 3.48 3.49 1.05 3.49 3.38 4.12 4.12 4.12 1.54 1.54 1.54 1.54 1.05 1.05 1.05 1.15 1.15 1.15 1.15 1.15 1.15 1.15 1.69 1.69 1.15 1.15 1.15 1.15 1.15 1.69 1.15 3.71 1.22 1.22 1.22 1.22 1.22 1.22 1.22 1.22 1.22 1.22 1.22
1.10 1.10 1.10 1.10 1.10 1.10 1.10 1.10 1.14 1.14 1.67 1.14 3.75 3.75 3.75 3.75 3.75 3.75 3.75 3.75 3.46 3.46 3.75 3.36 4.18 3.39 4.18 4.18 1.25 4.18 3.08 3.22 4.18 4.18 4.18 4.18 3.39 1.57 3.22 4.18 4.10 3.48 3.48 1.05 1.05 4.10 1.05 1.05 1.05 1.54 1.05 1.54 1.05 1.05 1.05 1.05 1.15 1.15 1.15 1.15 1.15 1.15 1.15 1.69 1.15 1.15 1.15 1.15 1.15 1.15 1.15 1.15 1.22 1.80 1.22 1.22 1.22 1.22 1.22 1.22 1.22 1.22 1.22 1.22
1.62 1.10 1.10 1.10 1.10 1.10 1.10 1.10 1.67 1.67 1.67 1.67 1.67 1.67 1.14 3.75 3.75 3.75 3.75 3.75 3.46 3.46 3.75 3.46 3.55 1.57 1.57 3.55 4.18 3.25 4.21 3.22 3.55 4.18 4.18 1.57 1.57 1.57 4.18 4.18 4.10 4.10 4.10 4.10 4.10 1.05 1.05 1.05 1.05 1.05 1.05 1.05 1.05 1.05 1.05 1.05 1.15 1.15 1.15 1.15 1.15 1.15 1.15 1.15 1.15 3.50 3.50 1.15 1.15 1.15 1.15 1.15 1.22 1.22 1.22 1.22 1.22 1.22 1.22 1.22 1.22 1.22 1.22 1.22
1.10 1.10 1.10 1.10 1.10 1.10 1.10 1.10 1.14 1.14 1.67 1.67 1.67 1.67 1.67 1.14 3.75 3.75 3.75 3.46 3.46 3.46 3.75 3.75 3.55 1.57 3.25 3.55 3.55 4.18 3.55 3.22 3.55 1.07 1.57 1.57 1.57 1.57 1.57 1.57 1.05 1.54 1.54 1.54 4.10 1.05 1.05 1.05 1.05 1.54 1.54 1.05 1.05 1.05 1.05 1.05 1.15 1.15 1.15 1.15 1.15 1.15 1.15 1.15 1.15 3.81 3.50 3.50 1.15 1.15 3.84 3.79 1.22 1.22 1.22 1.22 1.22 1.22 1.22 1.22 1.22 1.22 1.22 1.22
1.10 1.10 1.10 1.10 1.62 1.10 1.10 1.10 1.14 1.14 1.14 1.67 1.67 1.67 1.14 1.14 1.14 1.14 1.14 3.75 3.75 3.75 3.46 3.46 3.55 3.39 3.55 3.55 3.55 1.57 1.57 1.57 1.07 1.57 1.07 1.07 4.21 4.21 1.57 1.07 1.54 1.54 1.05 1.54 1.54 1.05 1.54 1.05 1.05 1.05 1.54 1.54 1.54 1.05 1.54 1.05 1.69 1.69 1.69 1.15 1.15 1.15 1.15 1.15 1.15 1.15 3.50 3.50 3.50 3.50 3.50 3.79 1.22 1.22 1.80 1.22 1.22 1.22 1.22 1.22 1.22 1.22 1.22 1.22
1.10 1.10 1.10 1.10 1.10 1.10 1.10 1.10 1.14 1.14 1.67 1.14 1.14 1.14 1.14 1.14 1.14 1.14 1.14 3.46 3.75 3.75 3.46 3.46 3.55 3.39 1.07 1.07 1.57 4.18 1.57 1.57 1.57 1.07 1.07 1.57 3.25 3.25 3.25 1.07 1.54 1.05 1.05 1.54 1.05 1.05 1.05 1.54 1.05 1.05 1.54 3.49 3.16 1.54 1.54 1.54 1.69 1.15 1.15 1.15 1.15 1.15 1.15 1.15 1.15 1.15 4.50 3.50 3.50 1.69 1.15 1.15 1.22 1.22 1.22 1.22 1.22 1.22 1.22 1.22 1.22 1.22 1.22 1.22
1.10 1.10 1.10 1.10 1.10 1.10 1.10 1.10 1.14 1.67 1.67 1.14 1.14 1.14 1.67 1.67 1.14 1.14 1.14 3.75 3.75 3.46 3.46 3.75 3.55 1.57 1.57 1.07 1.07 4.18 4.18 1.57 1.57 1.07 1.07 1.57 1.57 1.57 1.57 1.57 1.54 1.05 1.05 1.05 1.05 1.05 1.05 1.05 1.54 1.05 1.05 3.48 4.12 4.12 4.12 3.18 3.50 1.15 1.69 1.15 1.15 1.15 1.15 1.15 1.15 3.50 3.27 3.50 3.50 1.15 1.15 1.15 1.22 1.22 1.22 1.22 1.22 1.22 1.22 1.22 1.22 1.22 1.22 1.22
1.10 1.10 1.10 1.10 1.10 1.10 1.10 1.10 1.14 1.14 1.14 1.14 1.14 1.14 1.14 1.14 1.67 1.14 1.67 1.67 3.75 3.46 3.46 3.46 3.55 1.57 1.57 1.57 1.07 1.57 4.18 1.57 1.07 1.07 1.07 1.07 1.57 1.57 1.57 1.57 1.54 1.05 1.05 1.05 1.05 1.05 1.05 1.05 1.54 1.05 1.05 1.54 3.49 4.12 4.12 4.12 4.54 3.84 1.15 3.50 1.15 1.15 3.50 4.54 3.50 1.35 3.27 1.69 4.50 1.69 1.69 1.15 1.22 1.22 1.22 1.22 1.80 1.22 1.22 1.22 1.22 1.22 1.22 1.22
1.10 1.10 1.10 1.10 1.10 1.10 1.10 1.10 1.14 1.14 1.14 1.14 1.14 1.14 1.14 1.14 1.14 1.14 1.14 1.14 3.75 3.75 3.46 3.75 3.25 1.07 1.07 1.07 1.57 1.57 1.57 1.07 1.07 1.07 1.07 1.57 1.57 1.57 1.57 1.57 1.05 1.05 1.05 1.05 1.05 1.05 1.54 1.05 1.05 1.54 1.54 1.54 4.10 3.18 3.49 3.49 3.84 3.84 4.54 3.50 3.50 3.50 3.50 3.50 3.50 4.54 4.50 4.50 4.50 3.50 1.69 1.69 1.22 1.22 1.22 1.22 1.22 1.22 1.22 1.22 1.22 1.22 1.22 1.22
1.10 1.10 1.10 1.10 1.10 1.10 1.10 1.10 1.14 1.14 1.14 1.14 1.14 1.14 1.14 1.14 1.14 1.14 3.75 3.46 3.75 1.14 1.14 1.14 3.25 1.07 1.07 1.07 1.07 1.07 1.07 1.57 1.07 1.07 1.07 1.57 1.07 1.57 3.55 1.57 1.05 1.05 1.05 1.05 1.05 1.05 1.05 1.05 1.05 1.54 1.54 1.05 1.05 3.18 3.18 3.18 3.84 3.50 3.50 3.50 3.50 3.50 3.50 4.54 3.84 3.50 3.50 4.50 3.50 3.50 3.50 1.15 1.22 1.22 1.22 1.22 1.22 1.22 1.22 1.22 1.22 1.22 1.22 1.22
1.10 1.10 1.10 1.10 1.10 1.10 1.10 1.10 1.14 1.14 1.14 1.14 1.14 1.14 1.14 1.14 1.67 1.67 3.46 1.67 1.67 1.14 1.14 1.14 1.07 1.07 1.07 1.07 1.07 1.07 1.07 1.07 1.57 1.07 1.07 1.57 1.07 1.57 1.07 1.57 1.05 1.05 1.05 1.05 1.05 1.05 1.05 1.05 0.95 0.46 1.05 1.05 3.18 3.18 3.18 3.42 3.84 3.50 3.50 3.50 4.54 4.54 4.54 4.54 3.84 1.35 3.50 3.50 3.84 3.84 3.50 1.15 1.80 1.22 1.22 1.22 1.22 1.22 1.22 1.22 1.22 1.22 1.22 1.22
1.10 1.10 1.10 1.10 1.10 1.10 1.62 1.10 1.14 1.14 1.14 1.14 1.14 1.14 1.14 1.14 1.67 1.67 1.67 1.67 1.67 1.14 1.14 1.14 1.07 1.07 1.07 1.07 1.07 1.07 1.07 1.07 1.07 1.07 1.57 1.07 1.07 1.57 1.57 1.07 1.05 1.05 1.05 1.05 1.05 1.05 1.05 3.48 3.48 3.48 4.10 3.18 3.18 4.10 3.18 3.17 3.48 3.50 3.50 3.50 1.36 1.36 4.54 4.54 4.54 3.50 4.50 3.50 3.50 3.50 1.15 1.15 1.22 1.22 1.22 1.22 1.22 1.22 1.22 1.22 1.22 1.22 1.22 1.22
1.16 1.16 1.16 1.16 1.16 1.16 1.16 1.16 1.19 1.19 1.19 1.19 1.19 1.19 1.19 1.19 1.19 1.75 1.19 1.75 1.19 1.19 1.19 1.19 1.14 1.14 1.14 1.14 1.14 1.14 1.14 1.14 1.14 1.14 1.14 1.14 1.14 1.14 1.67 1.14 1.10 1.10 1.62 1.62 1.10 3.35 3.64 3.64 3.64 1.10 1.10 1.10 1.62 3.64 3.35 3.59 3.50 3.52 3.52 4.57 4.57 1.37 4.57 4.57 4.57 4.57 3.52 3.52 1.70 1.70 1.16 1.16 1.24 1.24 1.24 1.24 1.24 1.24 1.24 1.24 1.24 1.24 1.24 1.24
1.16 1.16 1.16 1.16 1.16 1.16 1.16 1.16 1.19 1.19 1.19 1.19 1.19 1.19 1.19 1.19 1.19 1.19 1.19 1.19 1.19 1.19 1.19 1.19 1.14 1.14 1.14 1.14 1.14 1.14 1.14 1.14 1.14 1.14 1.14 1.14 1.14 1.14 1.14 1.14 1.10 1.10 1.10 1.62 3.35 3.35 3.35 3.35 1.10 1.10 1.10 1.10 1.10 1.10 1.10 3.59 3.75 3.75 3.52 3.52 4.57 4.57 4.57 4.57 4.57 4.57 3.87 3.52 1.70 1.16 1.16 1.16 1.24 1.24 1.24 1.24 1.24 1.24 1.24 1.24 1.24 1.24 1.24 1.24
1.16 1.16 1.16 1.16 1.16 1.70 1.16 1.16 1.19 1.19 1.19 1.19 1.19 1.19 1.19 1.19 1.19 1.19 1.19 1.19 1.19 1.19 1.19 1.19 1.14 1.14 1.14 1.14 1.14 1.14 1.14 1.14 1.14 1.14 1.14 1.14 1.14 1.14 1.14 1.67 1.10 1.10 1.10 1.10 1.62 3.35 1.62 1.62 1.62 1.10 1.10 1.10 1.10 1.10 1.10 3.59 3.75 3.50 3.87 3.87 4.57 1.70 1.70 1.70 4.57 3.52 3.52 3.87 1.70 1.70 1.16 1.16 1.24 1.24 1.24 1.24 1.24 1.24 1.24 1.24 1.82 1.24 1.24 1.24
1.16 1.16 1.16 1.16 1.16 1.16 1.16 1.16 1.19 1.19 1.19 1.19 1.19 1.19 1.19 1.19 1.19 1.19 1.75 1.75 1.19 1.19 1.19 1.19 1.14 1.14 1.14 1.14 1.14 1.14 1.14 1.14 1.14 1.14 1.14 1.14 1.14 1.14 1.14 1.67 1.10 1.62 1.10 1.10 1.62 1.10 1.62 1.10 1.62 1.10 1.10 1.10 0.33 4.28 1.10 3.34 3.50 3.75 3.87 4.57 4.57 4.57 3.52 3.52 3.52 3.52 3.52 1.70 1.70 1.16 1.16 1.16 1.24 1.24 1.24 1.24 1.24 1.24 1.24 1.82 1.82 1.82 1.82 1.24
1.16 1.16 1.16 1.16 1.16 1.16 1.16 1.16 1.19 1.19 1.75 1.75 1.75 1.75 1.75 1.75 1.19 1.19 1.75 1.19 1.19 1.19 1.19 1.19 1.14 1.14 1.14 1.14 1.14 1.14 1.14 1.14 1.14 1.14 1.14 1.14 1.14 1.14 1.14 1.14 1.10 1.10 1.62 1.10 1.10 1.10 1.10 1.10 4.28 1.10 1.10 1.10 1.10 4.28 0.49 1.10 1.16 3.50 4.57 4.57 1.70 4.57 3.87 4.57 3.52 3.52 1.16 1.16 1.70 1.70 1.16 1.16 1.24 1.24 1.24 1.24 1.24 1.24 1.24 1.24 1.24 1.82 1.24 3.76
1.16 1.16 1.16 1.16 1.16 1.16 1.16 1.16 1.19 1.19 1.75 1.19 1.75 1.75 1.75 1.19 1.75 3.95 1.19 1.19 1.19 1.19 1.19 1.19 1.14 1.14 1.14 1.14 1.14 1.14 1.14 1.14 1.14 1.14 1.14 1.14 1.14 1.14 1.14 1.14 1.10 1.10 1.10 1.10 1.10 1.10 1.62 1.10 4.28 1.62 1.10 1.10 4.28 3.29 1.62 1.62 1.16 3.87 3.52 1.70 1.70 1.70 1.37 4.57 3.87 3.52 1.16 1.16 1.16 1.70 3.68 3.87 1.24 1.24 1.24 1.24 1.24 1.24 1.24 1.24 1.24 1.24 1.24 4.05
1.16 1.16 1.16 1.16 1.16 1.16 1.16 1.16 1.19 1.19 1.75 1.75 1.19 1.75 1.75 1.75 1.75 3.95 1.19 1.19 1.19 1.19 1.19 1.19 1.14 1.14 1.14 1.14 1.14 1.14 1.14 1.14 1.14 1.14 1.14 1.14 1.14 1.14 1.14 1.14 1.10 1.62 1.10 1.10 1.10 1.10 1.62 1.62 4.28 1.62 1.10 1.10 3.64 3.59 1.10 1.62 1.70 3.87 3.87 3.87 3.52 4.57 3.29 3.29 3.52 3.52 4.57 3.52 1.16 1.16 3.52 3.52 1.24 1.24 1.24 1.82 4.13 1.24 1.24 1.24 1.24 1.24 1.24 4.05
1.16 1.16 1.16 1.16 1.16 1.16 1.16 1.16 1.19 1.19 1.19 1.75 1.19 1.75 1.19 1.75 1.75 1.75 1.19 1.19 1.75 1.19 1.19 1.19 1.14 1.14 1.14 1.14 1.14 1.14 1.14 1.14 1.14 1.14 1.14 1.14 1.14 1.14 1.14 1.14 1.10 1.10 1.10 1.10 1.10 1.10 1.10 4.28 4.28 4.28 1.62 1.10 1.10 1.62 3.59 1.62 1.70 3.52 3.52 3.52 3.87 4.57 1.37 4.57 3.52 3.52 3.52 3.87 3.52 3.52 3.52 3.52 4.13 1.24 1.24 1.82 4.88 4.13 3.77 3.76 1.24 1.24 1.24 3.76
1.16 1.16 1.16 1.16 1.16 1.16 1.16 1.16 1.19 1.19 1.19 1.75 1.75 1.19 1.19 1.19 1.19 1.75 1.75 1.75 1.75 1.19 1.19 1.19 1.14 1.14 1.14 1.14 1.14 1.14 1.14 1.14 1.14 1.14 1.14 1.14 1.14 1.14 1.14 1.14 1.10 1.10 4.28 4.28 1.10 1.10 1.10 1.10 4.28 1.62 1.10 1.10 1.62 1.10 3.34 3.59 1.70 1.70 3.52 3.52 4.57 3.87 3.87 3.52 3.52 3.52 3.87 3.52 3.87 3.87 3.52 3.87 4.13 1.24 1.82 1.82 4.88 4.13 4.88 4.88 3.76 1.24 4.82 4.13
1.16 1.16 1.16 1.16 1.16 1.16 1.16 1.16 1.19 1.19 1.19 1.75 1.75 1.19 1.75 1.75 1.75 1.75 1.75 1.75 1.75 1.19 1.19 1.19 1.14 1.14 1.14 1.14 1.14 1.14 1.14 1.14 1.14 1.14 1.14 1.14 1.14 1.14 1.14 1.14 1.10 1.10 4.28 4.28 4.28 4.28 4.28 4.28 1.62 1.62 1.62 1.62 1.10 3.59 3.34 1.10 1.16 1.70 1.70 4.57 1.37 4.57 3.87 3.52 3.52 3.87 3.87 3.87 3.87 3.87 3.52 3.52 3.93 1.82 1.82 1.82 4.88 4.88 4.88 4.88 4.88 4.88 4.88 0.37
1.16 1.16 1.16 1.16 1.16 1.16 1.16 1.16 1.19 1.19 1.19 1.75 1.75 1.19 1.19 1.75 1.75 1.75 1.75 1.75 1.75 1.19 1.19 1.19 1.14 1.14 1.14 1.14 1.14 1.14 1.14 1.14 1.14 1.14 1.14 1.14 1.14 1.14 1.14 1.14 1.10 1.10 4.28 4.28 4.28 4.28 4.28 4.28 1.10 1.10 1.10 1.62 1.62 3.59 3.34 1.10 3.87 3.52 3.52 3.87 4.57 4.57 4.57 4.57 4.57 4.57 3.87 3.87 3.87 3.87 3.87 3.87 3.93 1.24 3.76 4.13 4.88 4.88 4.88 4.88 4.88 1.46 3.45 1.24
1.16 1.16 1.16 1.16 1.16 1.16 1.16 1.16 1.19 1.19 1.19 1.75 1.75 1.19 1.75 3.78 1.75 1.75 1.75 1.19 1.19 1.19 1.19 1.19 1.14 1.14 1.14 1.14 1.14 1.14 1.14 1.14 1.14 1.14 1.14 1.14 1.14 1.14 1.14 1.14 1.10 1.10 4.28 3.50 1.62 1.10 1.10 1.10 1.10 1.10 1.10 1.62 1.10 3.34 1.62 1.62 3.75 3.50 3.52 3.52 4.57 3.29 4.57 3.52 3.52 3.52 3.87 3.52 3.52 3.87 3.87 3.87 3.76 3.76 4.88 4.88 4.88 4.88 4.88 4.88 4.88 1.46 3.45 3.45
1.70 1.16 1.16 1.16 1.16 1.16 1.16 1.16 1.19 1.19 1.19 1.75 1.75 3.88 3.88 1.75 1.75 1.75 1.75 1.19 1.19 1.19 1.19 1.19 1.14 1.14 1.14 1.14 1.14 1.14 1.14 1.14 1.14 1.14 1.14 1.14 1.14 1.14 1.14 1.14 1.10 1.10 4.28 4.28 1.10 1.10 1.10 1.10 1.10 1.10 1.10 3.35 3.34 3.34 3.34 3.34 3.50 3.87 3.52 4.57 4.57 4.57 4.57 3.87 3.52 3.52 3.87 3.52 3.52 3.87 3.87 3.52 3.76 3.76 4.88 4.88 3.77 3.77 4.88 4.88 4.88 4.88 4.88 1.46
1.16 1.70 1.16 1.16 1.16 1.16 1.16 1.16 1.19 1.19 1.19 1.19 1.75 3.88 3.88 3.88 1.75 1.75 1.19 1.19 1.19 1.19 1.19 1.19 1.14 1.14 1.14 1.14 1.14 1.14 1.14 1.14 1.14 1.14 1.14 1.14 1.14 1.14 1.14 1.14 1.10 1.10 1.62 1.10 1.10 1.10 1.10 1.10 1.10 1.10 1.10 3.35 3.34 3.34 3.34 3.35 3.52 3.52 3.52 3.87 1.37 4.57 3.29 4.57 4.57 4.57 1.37 4.57 4.57 3.87 3.87 1.70 1.82 1.82 4.13 4.88 3.77 4.88 4.88 4.88 1.46 4.88 4.88 4.88
1.16 1.16 1.16 1.16 1.16 1.16 1.16 1.16 1.19 1.75 1.75 3.78 3.88 3.78 3.88 3.78 3.78 1.75 1.19 1.19 1.19 1.19 1.19 1.19 1.14 1.14 1.14 1.14 1.14 1.14 1.14 1.14 1.14 1.14 1.14 1.14 1.14 1.14 1.14 1.14 1.10 1.10 1.10 1.62 1.10 1.10 1.10 1.62 1.62 1.62 3.35 3.35 3.34 3.59 3.59 3.35 3.87 3.52 3.52 3.87 4.57 4.57 4.57 4.57 4.57 3.52 3.52 3.52 3.87 3.87 3.87 3.87 4.88 4.88 4.13 4.88 3.77 3.77 3.77 4.88 3.45 4.88 4.88 4.88
1.16 1.16 1.16 1.16 1.16 1.16 1.16 1.16 1.19 1.19 1.19 1.75 3.88 3.88 1.75 1.75 1.75 1.75 1.75 1.19 1.19 1.19 1.19 1.19 1.14 1.14 1.14 1.14 1.14 1.14 1.14 1.14 1.14 1.14 1.14 1.14 1.14 1.14 1.14 1.14 1.10 1.10 1.10 1.10 1.10 1.10 1.10 1.62 1.62 1.62 3.35 3.35 3.34 3.34 3.35 3.68 3.52 4.57 4.57 4.57 4.57 4.57 3.52 4.57 4.57 3.52 3.52 3.52 3.87 3.87 3.52 3.52 4.13 4.88 4.88 4.88 3.77 3.77 3.77 4.88 4.88 4.88 4.88 4.13
3.82 1.26 1.26 1.26 1.26 1.26 1.26 1.85 1.32 1.32 1.32 1.93 1.93 1.93 1.93 1.32 1.32 1.32 1.93 1.32 1.32 1.32 1.32 1.32 1.21 1.21 1.21 1.21 1.21 1.21 1.21 1.21 1.21 1.21 1.21 1.21 1.21 1.21 1.21 1.21 1.27 1.27 1.27 1.27 1.27 1.27 1.27 1.27 3.85 3.85 3.85 4.07 3.85 3.85 3.85 4.22 4.71 3.63 4.71 3.98 3.63 3.63 3.63 4.71 4.71 3.98 3.63 3.63 3.63 3.63 3.63 3.63 3.82 4.19 3.82 3.82 1.85 1.85 1.85 4.95 4.95 4.95 4.19 3.82
1.26 4.89 1.26 1.26 1.26 1.26 1.85 1.26 1.93 1.32 1.32 1.93 1.93 1.93 1.32 1.32 1.32 1.32 1.32 1.32 1.32 1.32 1.32 1.32 1.21 1.21 1.21 1.21 1.21 1.21 1.21 1.21 1.21 1.21 1.21 1.21 1.21 1.21 1.21 1.21 1.27 1.27 1.27 1.27 1.86 1.27 1.27 1.27 1.27 3.85 3.85 3.85 3.85 3.85 3.85 4.22 3.63 3.63 3.63 3.63 3.98 3.63 3.63 3.63 4.71 4.71 3.63 3.63 3.98 3.63 3.63 3.63 4.19 4.19 4.19 4.19 4.19 3.82 4.95 4.19 1.48 4.95 4.19 3.82
1.85 1.26 1.26 1.26 1.26 1.26 1.26 1.26 1.93 1.32 1.32 1.32 1.32 1.93 1.32 1.32 1.32 1.32 1.32 1.32 1.32 1.32 1.32 1.32 1.21 1.21 1.21 1.21 1.21 1.21 1.21 1.21 1.21 1.21 1.21 1.21 1.21 1.21 1.21 1.21 1.27 1.27 1.27 1.27 1.86 1.86 1.27 1.27 1.27 1.27 1.27 1.27 1.27 4.22 3.85 4.22 3.63 3.63 4.71 3.63 3.98 3.63 3.63 3.63 4.71 4.71 4.71 3.63 3.63 3.63 3.63 3.63 3.82 4.19 4.19 4.19 3.82 3.82 3.82 4.95 4.95 3.82 3.82 3.82
1.26 1.26 1.26 1.85 1.85 1.26 1.26 1.26 1.32 1.32 1.32 1.32 1.93 1.93 1.32 1.32 1.32 1.32 1.32 1.32 1.32 1.32 1.32 1.32 1.21 1.21 1.21 1.21 1.21 1.77 1.21 1.21 1.21 1.21 1.21 1.21 1.21 1.21 1.21 1.21 1.27 1.27 1.27 1.27 1.27 1.27 1.27 1.27 1.27 1.27 1.27 1.27 1.27 1.27 4.98 4.22 3.98 3.98 3.63 3.63 3.63 3.98 3.63 3.63 4.71 4.71 4.71 3.63 3.63 3.63 3.63 3.63 3.82 3.82 4.19 4.19 3.82 4.19 4.95 4.95 4.95 3.82 3.82 3.82
1.26 1.85 1.26 1.26 1.26 1.85 1.26 1.26 1.32 1.32 1.32 1.93 1.93 1.93 1.93 1.32 1.32 1.32 1.32 1.32 1.32 1.32 1.32 1.32 1.21 1.21 1.21 1.21 1.21 1.21 1.21 1.21 1.21 1.21 1.21 1.21 1.21 1.21 1.21 1.21 1.27 1.27 1.27 1.27 1.27 1.27 1.27 1.86 1.27 1.86 1.86 1.27 1.27 1.27 3.85 4.22 3.98 4.71 3.98 3.63 3.63 3.63 3.63 3.63 4.71 4.71 4.71 3.63 3.79 1.76 1.76 4.71 4.19 4.19 4.19 4.19 3.82 3.82 4.95 1.48 4.95 3.82 3.82 3.82
3.82 1.26 1.85 1.26 1.26 1.26 1.26 1.26 1.32 1.32 1.32 1.93 1.32 1.32 1.93 1.32 1.32 1.93 1.32 1.32 1.32 1.32 1.32 1.32 1.21 1.21 1.21 1.21 1.21 1.21 1.21 1.21 1.21 1.21 1.21 1.21 1.21 1.21 1.21 1.21 1.27 1.27 1.27 1.27 1.27 1.86 1.86 1.86 1.86 1.86 1.27 1.27 1.27 1.27 3.85 4.22 3.98 3.98 3.63 3.63 3.98 4.71 4.71 3.63 3.63 4.71 4.71 3.98 3.63 3.63 4.71 4.71 4.19 4.95 4.19 3.82 3.82 4.95 4.95 4.95 3.82 4.95 4.95 4.19
3.82 3.82 3.82 1.26 1.26 1.26 1.26 1.26 1.32 1.32 1.93 1.93 1.93 1.93 1.32 1.32 1.32 1.32 1.32 1.32 1.32 1.32 1.32 1.32 1.21 1.21 1.21 1.21 1.21 1.21 1.21 1.21 1.21 1.21 1.21 1.21 1.21 1.21 1.21 1.21 1.27 1.27 1.27 1.27 1.27 1.27 1.86 1.27 1.27 1.27 1.27 1.27 1.27 4.06 4.22 4.22 3.98 3.63 3.98 4.71 4.71 3.63 3.63 3.98 3.63 4.71 4.71 3.63 4.71 4.71 3.63 3.63 3.82 4.95 3.82 3.82 4.96 4.95 4.95 4.19 3.82 4.95 4.95 3.82
3.82 3.82 3.82 3.82 1.26 1.26 1.26 1.26 1.32 1.32 1.93 1.93 1.32 1.32 1.32 1.32 1.32 1.32 1.32 1.32 1.32 1.32 1.32 1.32 1.21 1.21 1.21 1.21 1.21 1.21 1.21 1.21 1.21 1.21 1.21 1.21 1.21 1.21 1.21 1.21 1.27 1.27 1.27 1.27 1.27 1.27 1.27 1.27 3.85 4.07 1.27 1.27 1.27 4.22 4.22 4.22 3.98 3.98 3.63 4.71 4.71 3.63 3.98 3.63 3.63 3.63 3.98 3.98 3.63 3.63 3.63 3.63 3.82 3.82 4.19 4.95 4.95 4.95 3.82 4.19 3.82 3.82 4.14 3.82
