New_Model_Runs/9_Future_Present_Scn2_out/post_prcessed_with_MFR/Monthly_summaries/actual_et_monthly_JUL.asc
NCOLS 700
NROWS 400
XLLCENTER 515000.000000
YLLCENTER 8409000.000000
CELLSIZE 50.000000
NODATA_value -999.000000
[rows 76 to 113 of 400, columns 420 to 503 of 700]
0.00 0.00 0.00 0.00 0.00 0.00 0.00 0.00 0.00 0.00 0.00 0.00 0.00 0.00 0.00 0.00 0.00 0.00 0.00 0.00 0.00 0.00 0.00 0.00 0.00 0.00 0.00 0.00 0.00 0.00 0.00 0.00 0.00 0.00 0.00 0.00 0.00 0.00 0.00 0.00 0.00 0.00 0.00 0.00 0.00 0.00 0.00 0.00 0.00 0.00 0.00 0.00 0.00 0.00 0.00 0.00 0.00 0.00 0.00 0.00 0.00 0.00 0.00 0.00 0.00 0.00 0.00 0.00 0.00 0.00 0.00 0.00 0.00 0.00 0.00 0.00 0.00 0.00 0.00 0.00 0.00 0.00 0.00 0.00
0.00 0.00 0.00 0.00 0.00 0.00 0.00 0.00 0.00 0.00 0.00 0.00 0.00 0.00 0.00 0.00 0.00 0.00 0.00 0.00 0.00 0.00 0.00 0.00 0.00 0.00 0.00 0.00 0.00 0.00 0.00 0.00 0.00 0.00 0.00 0.00 0.00 0.00 0.00 0.00 0.00 0.00 0.00 0.00 0.00 0.00 0.00 0.00 0.00 0.00 0.00 0.00 0.00 0.00 0.00 0.00 0.00 0.00 0.00 0.00 0.00 0.00 0.00 0.00 0.00 0.00 0.00 0.00 0.00 0.00 0.00 0.00 0.00 0.00 0.00 0.00 0.00 0.00 0.00 0.00 0.00 0.00 0.00 0.00
0.00 0.00 0.00 0.00 0.00 0.00 0.00 0.00 0.00 0.00 0.00 1.94 0.00 0.00 0.00 0.00 0.00 0.00 0.00 0.00 0.00 0.00 0.00 0.00 0.00 0.00 0.00 0.00 0.00 0.00 0.00 0.00 0.00 0.00 0.00 0.00 0.00 0.00 0.00 0.00 0.00 0.00 0.00 0.00 0.00 0.00 0.00 0.00 0.00 0.00 0.00 0.00 0.00 0.00 0.00 0.00 0.00 0.00 0.00 0.00 0.00 0.00 0.00 0.00 0.00 0.00 0.00 0.00 0.00 0.00 0.00 0.00 0.00 0.00 0.00 0.00 0.00 0.00 0.00 0.00 0.00 0.00 0.00 0.00
0.00 0.00 0.00 0.00 0.00 0.00 0.00 0.00 0.00 0.00 0.00 1.64 0.00 0.00 0.00 0.00 0.00 0.00 0.00 0.00 0.00 0.00 0.00 0.00 0.00 0.00 0.00 0.00 0.00 0.00 0.00 0.00 0.00 0.00 0.00 0.00 0.00 0.00 0.00 0.00 0.00 0.00 0.00 0.00 0.00 0.00 0.00 0.00 0.00 0.00 0.00 0.00 0.00 0.00 0.00 0.00 0.00 0.00 0.00 0.00 0.00 0.00 0.00 0.00 0.00 0.00 0.00 0.00 0.00 0.00 0.00 0.00 0.00 0.00 0.00 0.00 0.00 0.00 0.00 0.00 0.00 0.00 0.00 0.00
0.00 0.00 0.00 0.00 0.00 0.00 0.00 0.00 0.00 0.00 1.94 0.49 0.00 0.00 0.00 0.00 0.00 0.00 0.00 0.00 0.00 0.00 0.00 0.00 0.00 0.00 0.00 0.00 0.00 0.00 0.00 0.00 0.00 0.00 0.00 0.00 0.00 0.00 0.00 0.00 0.00 0.00 0.00 0.00 0.00 0.00 0.00 0.00 0.00 0.00 0.00 0.00 0.00 0.00 0.00 0.00 0.00 0.00 0.00 0.00 0.00 0.00 0.00 0.00 0.00 0.00 0.00 0.00 0.00 0.00 0.00 0.00 0.00 0.00 0.00 0.00 0.00 0.00 0.00 0.00 0.00 0.00 0.00 0.00
0.00 0.00 0.00 0.00 0.00 0.00 0.00 0.00 0.00 1.93 0.49 0.49 1.96 0.00 0.00 0.00 0.00 0.00 0.00 0.00 0.00 0.00 0.00 0.00 0.00 0.00 0.00 0.00 0.00 0.00 0.00 0.00 0.00 0.00 0.00 0.00 0.00 0.00 0.00 0.00 0.00 0.00 0.00 0.00 0.00 0.00 0.00 0.00 0.00 0.00 0.00 0.00 0.00 0.00 0.00 0.00 0.00 0.00 0.00 0.00 0.00 0.00 0.00 0.00 0.00 0.00 0.00 0.00 0.00 0.00 0.00 0.00 0.00 0.00 0.00 0.00 0.00 0.00 0.00 0.00 0.00 0.00 0.00 0.00
0.88 0.88 0.00 0.00 0.00 0.00 0.00 0.88 0.88 0.88 0.88 0.88 0.77 0.00 0.00 0.00 0.00 0.00 0.00 0.00 0.00 0.00 0.00 0.00 0.00 0.00 0.00 0.00 0.00 0.00 0.00 0.00 0.00 0.00 0.00 0.00 0.00 0.00 0.00 0.00 0.00 0.00 0.00 0.00 0.00 0.00 0.00 0.00 0.00 0.00 0.00 0.00 0.00 0.00 0.00 0.00 3.67 0.00 0.00 0.00 0.00 0.00 0.00 0.00 0.00 0.00 0.00 0.00 0.00 0.00 0.00 0.00 0.00 0.00 0.00 0.00 0.00 0.00 0.00 0.00 0.00 0.00 0.00 0.00
0.88 0.88 0.88 0.00 0.00 0.00 0.88 0.88 0.88 0.88 0.88 0.88 3.00 0.00 0.00 0.00 0.00 0.00 0.00 0.00 0.00 0.00 0.00 0.00 0.00 0.00 0.00 0.00 0.00 0.00 0.00 0.00 0.00 0.00 0.00 0.00 0.00 0.00 0.00 0.00 0.00 0.00 0.00 0.00 0.00 0.00 0.00 0.00 0.00 0.00 0.00 0.00 0.00 0.00 0.00 0.00 0.94 0.00 0.00 0.00 0.00 0.00 0.00 0.00 0.00 0.00 0.00 0.00 0.00 0.88 3.43 0.00 0.00 0.00 0.00 0.00 0.00 0.00 0.00 0.00 0.00 0.00 0.00 0.00
0.88 0.88 0.88 0.88 0.88 0.88 0.88 0.88 0.88 0.88 0.88 0.88 3.00 0.00 0.00 0.00 0.00 0.00 0.00 0.00 0.00 0.00 0.00 0.00 0.00 0.00 0.00 0.00 0.00 0.00 0.00 0.00 0.00 0.00 0.00 0.00 0.00 0.00 0.00 0.00 0.00 0.00 0.00 0.00 0.00 0.00 0.00 0.00 0.00 0.00 0.00 0.00 0.00 0.00 0.00 0.00 0.94 0.94 0.00 0.00 0.00 0.00 0.00 0.00 0.00 0.00 0.00 0.00 0.88 0.88 0.88 0.00 0.00 0.00 0.00 0.00 0.00 0.00 0.00 0.00 0.00 0.00 0.00 0.00
0.88 0.88 0.88 0.88 0.88 0.88 0.88 0.88 0.88 0.88 0.88 0.88 3.00 0.00 0.00 0.00 0.00 0.00 0.00 0.00 0.00 0.00 0.00 0.00 0.00 0.00 0.00 3.00 0.52 2.06 0.00 0.00 0.00 0.00 0.00 0.00 0.00 0.00 0.00 0.00 0.00 0.00 0.00 0.00 0.00 0.00 0.00 0.00 0.00 0.00 0.00 0.00 0.00 0.00 0.00 0.00 0.94 0.94 0.00 0.00 0.00 0.00 0.00 0.00 0.00 0.00 0.00 3.45 0.88 0.88 0.88 3.43 0.00 0.00 0.00 0.00 0.00 0.00 0.00 0.00 0.00 0.00 0.00 0.00
0.88 0.88 0.88 0.88 1.28 0.88 0.88 0.88 0.88 0.88 0.88 0.88 0.77 0.00 0.00 0.00 0.00 0.00 0.00 0.00 0.00 0.00 0.00 0.00 0.00 0.00 0.00 0.77 0.52 0.52 0.00 0.00 0.00 0.00 0.00 0.00 0.00 0.00 0.00 0.00 0.00 0.00 0.00 0.00 0.00 3.67 3.67 0.00 0.00 0.00 0.00 0.00 0.00 0.00 0.00 0.00 0.94 0.94 0.94 0.00 0.00 0.00 0.00 0.00 0.00 0.00 0.00 0.88 0.88 0.88 0.88 0.88 3.43 0.00 0.00 0.00 0.00 0.00 0.00 0.00 0.00 0.74 0.74 0.00
0.88 0.88 0.88 0.88 0.88 0.88 0.88 0.88 0.88 0.88 0.88 0.88 0.77 0.00 0.00 0.00 0.00 0.00 0.00 0.00 0.00 0.00 0.00 0.00 0.00 0.00 0.77 0.77 0.52 0.52 0.00 0.00 0.00 0.00 0.00 0.00 0.00 0.00 0.00 0.00 0.00 0.00 0.00 0.00 0.00 0.94 3.67 3.67 0.00 0.00 0.00 0.00 0.00 0.00 0.00 0.00 0.94 0.94 0.94 0.94 0.88 0.00 0.88 0.88 0.88 0.88 0.00 0.88 0.88 0.88 0.88 0.88 0.88 0.00 0.00 0.00 0.00 0.00 0.00 0.00 0.74 0.74 0.74 0.74
0.88 0.88 0.88 0.88 0.88 0.88 0.88 0.88 0.88 0.88 0.88 0.88 0.77 0.00 0.00 0.00 0.00 0.00 0.00 0.00 0.00 0.00 0.00 0.00 0.00 3.00 0.77 0.77 0.52 0.00 0.00 0.00 0.00 0.00 0.00 0.00 0.00 0.00 0.00 0.00 0.00 0.00 0.00 0.00 0.00 0.94 0.94 0.94 3.67 3.67 0.00 0.00 0.00 0.00 0.00 0.00 0.94 0.94 0.94 0.94 0.88 0.88 0.88 0.88 0.88 0.88 0.88 0.88 0.88 0.88 0.88 0.88 0.88 0.00 0.00 0.00 0.00 0.00 0.00 0.74 0.74 0.74 0.74 0.74
0.88 0.88 0.88 0.88 0.88 0.88 0.88 0.88 0.88 0.88 0.88 0.88 0.77 0.00 0.00 0.00 0.00 0.00 0.00 0.00 0.00 0.00 3.00 0.00 0.00 0.77 0.77 0.77 0.52 0.00 0.00 0.00 0.00 0.00 0.00 0.00 0.00 0.00 0.00 0.00 0.00 0.00 0.00 0.00 0.00 0.94 0.94 0.94 0.94 0.94 0.00 0.00 0.00 0.00 0.00 0.00 0.94 0.94 0.94 0.94 0.88 0.88 1.29 0.88 0.88 0.88 0.88 0.88 0.88 0.88 0.88 0.88 0.88 0.88 0.00 0.00 0.00 0.00 0.74 0.74 0.74 0.74 0.74 0.74
0.88 0.88 0.88 0.88 0.88 0.88 0.88 0.88 0.88 0.88 0.88 0.88 0.77 0.00 0.00 0.00 0.00 0.00 0.00 0.00 3.00 0.77 0.77 0.77 0.77 0.77 0.77 0.77 0.00 0.00 0.00 0.00 0.00 0.00 0.00 0.00 0.00 0.00 0.00 0.00 0.00 0.00 0.00 0.00 3.67 0.94 0.94 0.94 0.94 0.94 0.00 0.00 0.00 0.00 0.00 0.00 0.00 0.94 0.94 0.94 0.88 0.88 0.88 0.88 0.88 0.88 0.88 0.88 0.88 0.88 0.88 0.88 0.88 0.88 0.88 0.88 0.00 0.74 0.74 0.74 0.74 0.74 0.74 0.74
0.88 0.88 0.88 0.88 0.88 0.88 0.88 0.88 0.88 0.88 0.88 0.88 0.77 0.77 0.00 0.00 0.00 0.00 0.00 0.77 0.77 0.77 0.77 0.77 0.77 0.77 0.77 0.77 0.00 0.00 0.00 0.00 0.00 0.00 0.00 0.00 0.00 0.00 0.00 0.00 0.00 0.00 0.00 0.00 0.00 0.94 0.94 0.94 0.94 0.00 0.00 0.00 0.00 0.00 0.00 0.00 0.94 0.94 0.94 0.94 0.88 0.88 0.88 0.88 0.88 0.88 0.88 0.88 0.88 0.88 0.88 0.88 0.88 0.88 0.88 0.88 0.74 0.74 0.74 0.74 0.74 0.74 0.74 0.74
0.88 0.88 0.88 0.88 0.88 0.88 0.88 0.88 0.88 0.88 0.88 0.88 0.77 0.77 0.00 0.00 0.00 0.00 0.00 0.77 0.77 0.77 0.77 0.77 0.77 0.77 0.77 0.00 0.00 0.00 0.00 0.00 0.00 0.00 0.00 0.00 0.00 0.00 0.00 0.00 0.00 0.00 0.00 0.00 0.00 0.94 0.94 0.94 0.00 0.00 0.00 0.00 0.00 0.00 0.00 0.00 0.94 0.94 0.94 0.94 0.88 0.88 0.88 0.88 0.88 0.88 0.88 0.88 0.88 0.88 0.88 0.88 0.88 0.88 0.88 0.88 0.74 0.74 0.74 0.74 0.74 0.74 0.74 0.74
0.88 0.88 0.88 0.88 0.88 0.88 0.88 0.88 0.88 0.88 0.88 0.88 0.77 0.77 0.77 0.00 0.00 0.00 0.00 0.77 0.77 0.77 0.77 0.77 0.77 0.77 0.77 0.00 0.00 0.00 0.00 0.00 0.00 0.00 0.00 0.00 0.00 0.00 0.00 0.00 0.00 0.00 0.00 0.00 0.00 0.00 0.94 0.94 0.00 0.00 0.00 0.00 0.00 0.00 0.00 0.94 0.94 0.94 0.94 0.94 0.88 0.88 0.88 0.88 0.88 0.88 0.88 0.88 0.88 0.88 0.88 0.88 0.88 0.88 0.88 0.88 0.74 0.74 0.74 0.74 0.74 0.74 0.74 0.74
0.88 0.88 0.88 0.88 0.88 0.88 0.88 0.88 0.88 0.88 0.88 0.88 0.77 0.77 0.77 0.77 2.98 1.12 0.77 0.77 0.77 0.77 0.77 0.77 0.77 0.77 0.77 0.00 0.00 0.00 0.00 0.00 0.00 0.00 0.00 0.00 0.00 0.00 0.00 0.00 0.00 0.00 0.00 0.00 0.00 0.00 0.94 0.94 0.94 0.94 0.00 0.00 0.00 0.00 0.94 0.94 0.94 0.94 0.94 0.94 0.88 0.88 0.88 0.88 0.88 0.88 0.88 0.88 0.88 0.88 0.88 0.88 0.88 0.88 0.88 0.88 0.74 0.74 0.74 0.74 0.74 0.00 0.00 0.00
0.88 0.88 0.88 0.88 0.88 0.88 0.88 0.88 0.88 0.88 0.88 0.88 0.77 0.77 0.77 0.77 2.32 2.32 0.77 0.77 0.77 0.77 0.77 0.77 0.77 0.77 0.77 0.00 0.00 0.00 0.00 0.00 0.00 0.00 0.00 0.00 0.00 0.00 0.00 0.00 0.00 0.00 0.00 0.00 0.00 0.00 0.94 3.12 0.94 0.94 0.94 0.94 0.94 0.94 0.94 0.94 0.94 0.94 0.94 0.94 0.88 0.88 0.88 0.88 0.88 0.88 0.88 0.88 0.88 0.88 0.88 0.88 0.88 0.88 0.88 0.88 2.17 2.71 0.00 0.00 0.00 0.00 0.00 0.00
0.88 0.88 0.88 0.88 0.88 0.88 0.88 0.88 0.88 0.88 0.88 0.88 0.77 0.77 0.77 0.77 2.98 2.53 0.77 0.77 0.77 0.77 0.77 1.12 0.77 0.77 0.77 0.00 0.00 0.00 0.00 0.00 0.00 0.00 0.00 0.00 0.00 0.00 0.00 0.00 0.00 0.00 0.00 0.00 0.00 0.00 1.37 3.12 0.94 0.94 0.94 0.94 0.94 0.94 0.94 0.94 0.94 0.94 0.94 0.94 0.88 0.88 0.88 0.88 0.88 0.88 0.88 0.88 0.88 0.88 0.88 0.88 0.88 0.88 0.88 2.34 0.00 0.00 0.00 0.00 0.00 0.00 0.00 0.00
0.88 0.88 0.88 0.88 0.88 0.88 0.88 0.88 0.88 0.88 0.88 0.88 0.77 0.77 0.77 0.77 1.12 0.77 0.77 0.77 0.77 0.77 0.77 0.77 0.77 0.77 0.77 0.00 0.00 0.00 0.00 0.00 0.00 0.00 0.00 0.00 0.00 0.00 0.00 0.00 0.00 0.00 0.00 0.00 0.00 0.94 0.94 3.12 0.94 0.94 0.94 0.94 0.94 0.94 0.94 0.94 0.94 0.94 0.94 0.94 0.88 0.88 0.88 0.88 0.88 0.88 0.88 0.88 0.88 0.88 0.88 0.88 0.88 0.88 2.91 2.91 0.00 0.00 0.00 0.00 0.00 0.00 0.00 0.00
0.77 0.77 0.77 0.77 0.77 0.77 0.77 0.77 0.77 0.77 0.77 0.77 0.71 0.71 0.71 0.71 0.71 0.71 0.71 0.71 0.71 0.71 0.71 0.71 0.71 0.71 0.71 0.00 0.00 0.00 0.00 0.00 0.00 0.00 0.00 0.00 0.00 0.00 0.00 0.00 0.00 0.00 0.00 0.00 0.93 0.93 0.93 0.93 0.93 0.93 0.93 0.93 0.93 0.93 0.93 0.93 0.93 0.93 0.93 0.93 0.77 0.77 0.77 0.77 0.77 0.77 0.77 0.77 0.77 0.77 0.77 0.77 0.77 0.77 2.83 0.00 0.00 0.00 0.00 0.00 0.00 0.00 0.00 0.00
0.77 0.77 0.77 0.77 0.77 0.77 0.77 0.77 0.77 0.77 0.77 0.77 0.71 0.71 0.71 0.71 0.71 0.71 0.71 0.71 0.71 0.71 0.71 0.71 0.71 0.71 0.71 0.00 0.00 0.00 0.00 0.00 0.00 0.00 0.00 0.00 0.00 0.00 0.00 0.00 0.00 0.00 0.00 0.00 0.93 1.37 3.11 0.93 0.93 0.93 0.93 0.93 0.93 0.93 0.93 0.93 0.93 0.93 0.93 0.93 0.77 0.77 0.77 0.77 0.77 0.77 0.77 0.77 0.77 0.77 0.77 0.77 3.02 2.83 0.00 0.00 0.00 0.00 0.00 0.00 0.00 0.00 0.00 0.00
0.77 0.77 0.77 0.77 0.77 0.77 0.77 0.77 0.77 0.77 0.77 0.77 0.71 0.71 0.71 0.71 0.71 1.04 0.71 0.71 0.71 0.71 0.71 0.71 0.71 0.71 0.00 0.00 0.00 0.00 0.00 0.00 0.00 0.00 0.00 0.00 0.00 0.00 0.00 0.00 0.00 0.00 0.00 0.71 1.37 0.93 3.11 3.11 0.93 0.93 0.93 0.93 0.93 0.93 0.93 0.93 0.93 0.93 0.93 0.93 0.77 0.77 0.77 0.77 0.77 0.77 0.77 0.77 0.77 0.77 0.77 3.02 3.02 3.02 0.00 0.00 0.00 0.00 0.00 0.00 0.00 0.00 0.00 0.00
0.77 0.77 1.13 0.77 0.77 0.77 0.77 0.77 0.77 0.77 0.77 0.77 0.71 0.71 0.71 0.71 0.71 0.71 0.71 0.71 0.71 0.71 0.71 0.71 0.71 0.71 0.00 0.00 0.00 0.00 0.00 0.00 0.00 0.00 0.00 0.71 0.71 0.71 0.00 0.00 0.71 0.71 0.71 0.71 0.93 3.11 3.11 3.11 0.93 0.93 0.93 0.93 0.93 0.93 0.93 0.93 0.93 0.93 0.93 0.93 0.77 0.77 0.77 0.77 0.77 0.77 0.77 0.77 0.77 3.02 3.02 3.02 3.02 0.85 2.83 0.00 0.00 0.00 0.00 0.00 0.00 0.00 0.00 0.00
1.13 0.77 1.13 1.13 0.77 0.77 0.77 0.77 0.77 0.77 0.77 0.77 0.71 0.71 0.71 0.71 0.71 0.71 0.71 0.71 0.71 0.71 0.71 0.71 0.71 0.71 0.00 0.00 0.00 0.00 0.00 0.00 0.00 0.00 0.00 0.71 0.71 0.71 0.71 0.71 0.71 0.71 0.71 1.04 3.11 3.11 3.11 3.11 0.93 0.93 0.93 0.93 0.93 0.93 0.93 0.93 0.93 0.93 0.93 0.93 0.77 0.77 0.77 0.77 0.77 0.77 0.77 1.13 2.43 3.02 3.02 3.02 3.02 2.83 2.25 0.00 0.00 0.00 0.00 0.00 0.00 0.00 0.00 0.00
1.13 0.77 0.77 0.77 0.77 0.77 0.77 0.77 0.77 0.77 0.77 0.77 0.71 0.71 0.71 0.71 0.71 0.71 0.71 0.71 0.71 0.71 0.71 0.71 0.71 0.71 0.00 0.00 0.00 0.00 0.00 0.00 0.00 0.00 0.00 0.71 0.71 1.04 0.71 0.71 0.71 0.71 0.71 0.71 3.11 0.93 0.93 0.93 0.93 0.93 0.93 0.93 0.93 0.93 0.93 0.93 0.93 0.93 0.93 0.93 0.77 0.77 0.77 0.77 0.77 0.77 1.13 3.02 3.02 3.02 3.02 3.02 3.02 3.02 2.83 2.25 0.00 0.00 0.00 0.00 0.00 0.00 0.00 0.00
0.77 1.13 0.77 0.77 0.77 0.77 0.77 0.77 0.77 0.77 0.77 0.77 0.71 0.71 0.71 0.71 0.71 0.71 0.71 0.71 0.71 0.71 0.71 0.71 0.71 0.71 0.71 0.00 0.00 0.00 0.00 0.00 0.00 0.00 0.71 0.71 0.71 0.71 0.71 0.71 0.71 0.71 0.71 0.71 0.93 0.93 0.93 0.93 0.93 0.93 0.93 0.93 0.93 0.93 0.93 0.93 0.93 0.93 0.93 0.93 0.77 0.77 0.77 0.77 1.13 0.77 3.02 3.02 3.02 3.02 3.02 3.02 3.02 3.02 0.91 0.91 2.68 0.27 0.00 0.00 0.00 0.00 0.00 0.00
0.77 0.77 1.13 0.77 0.77 0.77 0.77 0.77 0.77 0.77 0.77 0.77 0.71 0.71 0.71 0.71 0.71 0.71 0.71 0.71 0.71 0.71 0.71 0.71 0.71 1.04 0.71 0.00 0.00 0.00 0.00 0.00 0.00 0.00 2.78 0.71 0.71 0.71 0.71 0.71 0.71 0.71 0.71 0.71 0.93 0.93 0.93 0.93 0.93 0.93 0.93 0.93 0.93 0.93 0.93 0.93 0.93 0.93 0.93 1.37 0.77 0.77 1.13 3.02 0.77 0.77 0.77 3.02 3.02 3.02 3.02 3.02 3.02 3.02 3.02 0.77 0.89 0.89 0.89 0.89 0.00 0.00 0.00 0.00
0.77 0.77 0.77 0.77 0.77 0.77 0.77 0.77 0.77 0.77 0.77 0.77 0.71 0.71 0.71 0.71 0.71 0.71 0.71 0.71 0.71 0.71 0.71 0.71 0.71 0.71 0.71 1.84 0.00 0.00 0.00 0.00 0.00 0.00 2.10 2.35 0.71 0.71 1.04 0.71 0.71 0.71 0.71 0.71 0.93 0.93 0.93 0.93 0.93 0.93 0.93 0.93 0.93 0.93 0.93 0.93 0.93 0.93 0.93 0.93 0.77 0.77 1.13 0.77 0.77 0.77 1.13 0.77 3.02 3.02 3.02 2.33 1.13 0.77 0.77 1.13 1.31 0.89 0.89 0.89 0.89 0.89 0.89 0.00
0.77 0.77 0.77 0.77 0.77 0.77 0.77 0.77 0.77 0.77 0.77 0.77 0.71 0.71 0.71 0.71 0.71 0.71 0.71 0.71 0.71 0.71 0.71 1.04 1.04 0.71 2.57 2.57 1.84 2.56 2.78 2.10 2.10 2.10 2.14 1.04 0.71 0.71 0.71 0.71 0.71 0.71 0.71 0.71 0.93 0.93 0.93 0.93 0.93 0.93 0.93 0.93 0.93 0.93 0.93 0.93 0.93 0.93 0.93 0.93 0.77 3.02 1.13 0.77 1.13 0.77 1.13 1.13 1.13 1.13 1.13 1.13 1.13 0.77 0.77 0.77 0.89 0.89 0.89 0.89 0.89 0.89 0.89 2.97
0.77 0.77 0.77 0.77 0.77 0.77 0.77 0.77 0.77 0.77 0.77 0.77 0.71 0.71 0.71 0.71 0.71 0.71 0.71 0.71 0.71 0.71 0.71 0.71 0.71 1.04 2.57 2.13 1.84 1.84 2.10 2.10 0.71 2.35 0.71 1.04 0.71 0.71 0.71 0.71 0.71 0.71 0.71 0.71 0.93 0.93 0.93 0.93 0.93 0.93 0.93 0.93 0.93 0.93 0.93 0.93 0.93 0.93 0.93 0.93 0.77 2.43 2.43 1.13 1.13 0.77 0.77 0.77 1.13 1.13 0.77 1.13 1.13 0.77 0.77 0.77 0.89 0.89 0.89 0.89 0.89 0.89 0.89 0.89
0.77 0.77 0.77 0.77 0.77 0.77 0.77 0.77 0.77 0.77 0.77 0.77 0.71 0.71 0.71 0.71 0.71 0.71 0.71 0.71 0.71 0.71 0.71 0.71 0.71 0.71 2.13 2.13 2.13 1.84 2.10 2.78 2.14 2.14 2.14 0.71 1.04 0.71 0.71 0.71 0.71 0.71 0.71 0.71 0.93 0.93 0.93 0.93 0.93 0.93 0.93 0.93 0.93 0.93 0.93 0.93 0.93 0.93 0.93 0.93 2.43 2.43 2.43 2.33 2.33 1.13 0.77 0.77 0.77 0.77 1.13 0.77 1.13 0.77 0.77 0.77 0.89 0.89 0.89 0.89 0.89 1.31 0.89 0.89
0.77 0.77 0.77 0.77 0.77 0.77 0.77 0.77 0.77 0.77 0.77 0.77 0.71 0.71 0.71 0.71 0.71 0.71 0.71 0.71 0.71 0.71 0.71 0.71 0.71 0.21 2.13 2.13 2.13 0.77 2.78 2.14 2.14 2.14 2.35 0.71 0.71 0.71 0.71 0.71 0.71 0.71 0.71 0.71 0.93 0.93 0.93 0.93 0.93 0.93 0.93 0.93 0.93 0.93 0.93 0.93 0.93 0.93 0.93 3.11 3.02 2.56 1.13 2.33 1.13 1.13 1.13 1.13 0.77 1.13 0.77 0.77 1.13 0.77 1.13 0.77 0.89 0.89 0.89 0.89 0.89 1.31 1.31 1.31
0.77 0.77 0.77 0.77 0.77 0.77 0.77 0.77 0.77 0.77 0.77 0.77 0.71 0.71 0.71 0.71 0.71 0.71 0.71 0.71 0.71 0.71 0.71 0.71 0.71 0.71 2.13 2.13 2.13 2.56 2.14 2.14 1.04 2.24 1.04 0.71 0.71 0.71 0.71 0.71 0.71 0.71 0.71 0.71 0.93 0.93 0.93 0.93 0.93 0.93 0.93 0.93 0.93 0.93 0.93 0.93 0.93 0.93 0.93 3.11 2.56 2.56 2.33 2.56 1.13 2.33 1.13 1.13 1.13 0.77 0.77 0.77 1.13 1.13 0.77 0.77 0.89 0.89 0.89 0.89 0.89 0.89 1.31 0.89
0.77 0.77 0.77 0.77 0.77 0.77 0.77 0.77 0.77 0.77 0.77 0.77 0.71 0.71 0.71 0.71 0.71 0.71 0.71 0.71 0.71 0.71 0.71 0.71 0.71 0.71 0.71 2.57 2.13 2.13 2.14 0.71 1.04 1.04 0.71 0.71 0.71 0.71 0.71 0.71 0.71 0.71 0.71 0.71 0.93 0.93 0.93 0.93 0.93 0.93 0.93 0.93 0.93 0.93 0.93 0.93 0.93 0.93 0.93 0.93 0.77 1.13 1.13 1.13 2.43 1.13 1.13 2.43 1.13 0.77 0.77 0.77 1.13 1.13 0.77 0.77 0.89 0.89 0.89 0.89 1.31 0.89 0.89 0.89
0.77 0.77 0.77 1.13 0.77 0.77 0.77 0.77 0.77 0.77 0.77 0.77 0.71 0.71 0.71 0.71 0.71 0.71 0.71 0.71 0.71 0.71 0.71 0.71 0.71 0.71 0.71 2.57 2.56 2.21 2.35 0.71 1.04 0.71 0.71 0.71 0.71 0.71 0.71 0.71 0.71 0.71 0.71 1.04 0.93 0.93 0.93 0.93 0.93 0.93 0.93 0.93 0.93 0.93 0.93 0.93 0.93 0.93 0.93 2.95 1.13 1.13 1.13 1.13 1.13 2.43 1.13 2.43 2.43 1.13 1.13 0.77 0.77 0.77 0.77 0.77 0.89 0.89 0.89 0.89 0.89 1.31 1.31 1.31
