New_Model_Runs/9_Future_Present_Scn2_out/post_prcessed_with_MFR/Monthly_summaries/actual_et_monthly_NOV.asc
NCOLS 700
NROWS 400
XLLCENTER 515000.000000
YLLCENTER 8409000.000000
CELLSIZE 50.000000
NODATA_value -999.000000
[rows 304 to 341 of 400, columns 168 to 251 of 700]
4.00 4.80 4.00 4.80 4.80 4.80 4.80 4.80 3.96 3.96 4.10 3.96 3.96 4.10 4.56 4.16 4.56 4.56 5.39 4.16 1.37 1.37 1.37 1.37 4.13 4.13 4.13 5.35 5.35 4.13 4.13 1.36 1.36 4.53 4.53 4.53 4.13 5.35 5.35 5.35 1.98 1.98 4.10 4.10 5.32 5.32 4.50 5.32 4.50 4.50 5.32 1.35 1.35 1.35 1.35 5.32 5.07 5.07 5.07 5.07 5.07 4.29 4.29 4.29 3.91 3.91 3.91 3.91 3.91 5.07 5.07 5.07 4.40 5.19 4.40 4.40 3.76 5.17 5.17 4.01 4.01 4.01 4.01 4.01
4.80 4.15 4.00 4.80 4.80 4.80 4.80 4.80 4.75 4.10 3.96 3.96 4.10 4.56 4.16 4.16 4.56 5.39 5.39 4.16 2.01 1.37 2.01 4.16 4.13 1.36 1.36 5.35 5.35 4.13 1.36 1.36 1.36 1.36 1.36 1.36 1.36 1.36 2.00 2.00 1.98 1.98 1.98 4.10 5.32 5.32 5.32 5.32 3.85 5.32 5.32 5.32 4.10 1.98 5.32 5.32 5.07 5.07 5.07 5.07 5.07 5.07 3.91 3.91 3.91 3.91 3.91 3.91 3.91 5.07 5.07 3.91 4.01 4.01 4.01 4.40 3.76 5.17 4.01 4.01 4.01 4.01 4.01 4.01
3.94 4.72 3.94 3.94 4.07 3.94 3.24 3.24 4.69 3.91 3.91 3.91 3.91 1.99 4.51 1.99 1.99 4.11 5.33 5.33 1.35 1.35 1.35 4.11 4.10 1.35 1.35 5.31 4.10 1.98 1.35 1.35 1.35 1.98 1.98 1.35 1.35 1.35 1.35 1.98 1.97 1.97 1.97 4.47 4.47 5.28 5.28 4.07 4.07 4.07 5.28 5.28 5.28 3.81 5.28 5.28 3.74 5.17 5.17 1.55 1.55 5.17 4.38 3.99 4.38 4.38 5.17 5.17 1.55 5.17 5.17 3.99 3.96 3.96 3.96 4.35 4.35 4.33 3.96 3.96 3.96 5.12 5.12 3.96
4.72 4.72 4.72 1.41 4.72 3.94 4.72 3.24 4.69 4.69 3.91 3.91 3.91 4.11 4.51 4.11 4.11 4.11 4.11 4.11 4.11 1.35 1.35 4.11 4.10 5.31 5.31 4.10 1.98 1.35 1.35 1.35 1.35 1.35 1.35 1.35 1.35 1.35 1.35 1.35 1.97 5.28 4.07 4.07 4.07 4.07 4.07 4.07 4.07 4.07 4.47 5.28 5.28 5.28 1.58 5.28 3.74 5.17 3.99 3.99 5.17 5.17 5.17 5.17 5.17 3.99 3.99 5.17 5.17 5.17 3.99 3.99 3.96 5.14 5.14 5.14 5.14 3.96 5.12 5.12 5.12 5.12 5.12 3.96
3.94 4.07 4.07 4.72 3.94 3.94 4.72 3.24 1.41 4.69 4.69 4.69 3.91 4.11 4.11 4.11 4.51 4.11 4.11 4.11 4.11 4.51 4.51 4.11 4.10 4.10 4.10 4.10 1.35 1.35 1.35 1.35 1.35 1.35 1.35 1.35 1.35 1.35 1.35 1.35 1.34 5.28 5.28 4.07 4.07 4.07 4.47 4.47 4.07 4.47 4.47 5.28 1.58 3.81 5.28 5.28 5.17 3.99 3.99 3.99 4.38 3.99 4.38 3.99 4.38 3.99 3.99 3.99 3.99 1.32 1.32 1.32 5.14 3.96 3.96 5.14 5.14 5.14 5.12 5.12 5.12 5.12 3.96 4.33
4.07 4.72 4.72 4.72 3.94 3.94 4.72 4.72 3.22 4.69 4.69 3.91 3.91 4.11 4.11 4.11 1.35 1.35 1.35 4.11 5.33 4.51 4.51 4.51 4.50 4.10 5.31 5.31 1.35 1.35 1.35 1.35 1.35 4.10 4.50 4.10 1.35 1.35 1.35 1.35 1.34 1.34 1.34 4.07 4.07 4.07 4.47 4.07 4.07 4.07 4.47 4.07 3.81 1.34 1.34 4.47 3.99 3.99 3.99 3.99 3.99 3.99 3.99 3.99 3.99 3.99 3.99 3.99 1.32 1.32 1.32 1.32 4.33 3.96 4.35 3.96 3.96 5.12 1.31 1.31 5.12 5.12 5.12 5.12
3.94 4.72 4.72 4.72 4.72 3.94 3.94 4.72 4.69 4.69 4.69 4.69 4.51 4.51 4.11 1.35 1.35 1.35 1.35 1.35 4.11 4.11 4.51 5.33 4.10 4.10 5.31 4.50 1.35 1.35 1.35 1.35 1.35 1.35 1.35 1.35 1.35 1.35 1.35 1.35 1.34 1.34 1.97 1.34 1.34 4.47 4.47 4.47 4.07 4.47 4.47 4.07 1.34 1.34 1.34 1.34 1.32 1.32 1.32 3.99 3.99 3.99 3.99 3.99 5.15 3.99 3.99 3.99 1.32 1.32 1.32 3.99 1.31 3.96 3.96 3.96 1.31 1.31 1.31 1.31 3.96 3.96 3.96 3.96
4.72 3.94 3.94 4.72 4.72 4.72 3.94 4.72 4.69 3.22 3.22 4.69 4.11 4.11 4.11 4.51 4.11 1.35 1.35 1.35 4.11 4.11 5.33 5.33 1.98 4.10 4.10 4.10 4.10 1.35 1.35 1.35 1.35 1.35 1.98 1.98 1.35 1.35 1.35 1.35 1.34 1.34 1.97 1.34 1.34 4.47 4.47 4.47 4.47 4.07 4.07 1.34 1.34 1.34 1.34 1.34 1.32 1.32 1.32 1.32 3.99 3.99 3.99 3.99 3.99 3.99 3.99 3.99 1.32 1.32 1.32 1.32 1.31 1.31 1.31 3.96 1.31 1.31 1.31 1.31 3.96 3.96 3.96 3.96
4.07 3.94 3.94 3.94 3.24 4.72 4.72 4.72 4.05 4.85 3.22 4.69 4.11 4.51 4.11 4.11 4.11 4.11 4.11 4.11 4.11 5.33 5.33 4.11 4.10 4.10 4.10 4.10 4.10 4.10 1.35 1.35 1.35 1.35 1.35 1.35 1.35 1.35 1.35 1.35 1.34 1.97 1.34 1.34 1.34 4.47 4.47 4.07 4.47 4.47 4.07 1.34 1.34 1.97 1.97 1.34 1.32 1.93 1.32 3.99 5.17 3.99 4.38 5.17 5.15 1.32 1.32 1.93 1.32 1.32 3.99 1.32 1.31 1.31 1.31 1.31 1.92 1.92 1.31 4.33 4.33 3.96 3.96 3.96
3.94 3.94 4.72 4.72 4.07 3.94 4.72 3.94 4.69 4.69 4.69 4.69 5.33 1.35 4.11 4.11 4.11 4.11 4.11 4.11 4.11 4.11 4.11 4.11 4.10 4.10 4.50 4.10 4.10 4.10 4.50 4.50 1.35 1.35 1.35 1.35 1.35 1.35 1.98 1.35 1.34 1.34 1.34 1.34 1.34 4.47 4.47 4.47 4.47 4.07 4.07 1.34 1.34 1.97 1.97 1.34 1.32 1.93 1.32 1.32 5.17 5.17 5.17 5.17 5.17 1.32 1.32 1.32 1.32 1.32 3.99 1.32 1.31 4.33 3.96 1.31 1.31 1.31 1.31 4.33 3.96 3.96 3.96 4.33
4.72 4.72 4.72 4.72 3.94 3.94 3.94 3.94 3.91 3.91 1.99 4.12 1.35 1.35 4.11 4.11 4.11 4.11 4.11 4.51 4.11 4.11 4.11 4.11 4.10 4.10 4.50 4.50 4.50 4.50 4.50 4.50 4.50 1.35 1.35 1.35 1.35 1.35 1.35 1.98 1.34 1.34 1.34 4.07 4.47 4.47 4.47 4.07 4.07 4.07 4.07 4.07 4.07 1.97 4.25 1.34 1.32 1.32 1.32 1.32 1.32 5.17 5.17 5.17 5.17 1.93 1.93 1.32 1.32 1.32 1.32 1.32 1.31 1.31 3.96 1.31 1.31 1.31 1.31 1.31 3.96 3.96 3.96 3.96
2.00 4.72 3.94 3.94 3.94 3.94 4.07 3.94 3.91 3.91 1.99 4.29 5.33 1.35 4.11 4.11 4.11 5.33 5.33 4.51 5.33 5.33 4.51 4.11 4.10 4.10 4.50 4.50 4.50 4.50 4.50 4.50 4.50 4.10 1.35 4.10 4.10 4.50 4.50 4.50 1.34 1.34 1.34 4.07 4.47 4.47 4.47 4.07 4.07 4.07 4.07 4.07 4.47 1.34 1.34 1.34 1.32 1.32 1.32 1.32 1.32 1.32 1.32 1.32 1.32 1.32 1.93 5.17 1.32 1.32 1.93 1.93 1.92 1.31 3.96 3.96 3.96 1.31 1.31 1.31 3.96 3.96 3.96 4.33
4.72 4.72 3.94 4.72 3.94 3.94 4.07 4.07 4.69 4.69 4.69 5.33 5.33 5.33 5.33 4.11 5.33 4.11 4.51 5.33 1.60 4.11 4.11 5.33 5.31 4.10 4.50 4.50 4.50 4.50 4.50 4.50 4.10 1.35 1.98 1.35 4.50 4.50 4.50 1.35 1.34 4.47 4.47 4.47 4.47 4.47 4.47 4.47 4.47 5.28 5.28 4.07 1.34 1.34 1.34 1.34 1.32 1.32 1.32 1.32 1.32 1.32 1.32 1.32 1.32 1.32 1.32 1.32 1.32 1.32 5.17 1.93 1.92 1.31 1.31 3.96 5.12 1.31 1.31 1.31 4.33 4.33 3.96 3.96
4.72 3.94 3.94 4.72 3.94 3.94 3.94 4.72 4.69 4.69 4.69 5.33 5.33 5.33 4.51 5.33 5.33 4.11 4.11 5.33 4.51 4.11 4.11 4.11 5.31 4.50 4.50 4.50 1.35 4.50 4.50 4.50 1.35 1.35 1.35 1.35 1.35 1.35 1.35 1.35 1.34 1.97 1.34 4.47 4.47 4.47 4.47 4.47 1.34 4.07 4.07 1.34 1.34 1.34 1.34 1.34 1.93 1.32 1.93 1.93 1.32 1.32 1.32 1.32 1.32 1.32 1.32 1.32 1.32 1.32 1.93 1.32 1.92 1.92 1.31 3.96 1.92 4.33 3.96 4.33 3.96 3.96 3.96 3.96
3.94 3.94 4.72 3.94 3.94 3.94 4.72 4.72 4.05 4.05 4.69 3.86 4.51 5.33 5.33 5.33 5.33 4.11 4.11 5.33 4.11 4.11 4.51 4.11 4.50 4.50 1.35 1.35 1.35 1.35 4.50 4.50 1.35 1.35 1.35 1.35 1.35 1.35 1.35 1.35 1.34 4.25 4.25 1.97 1.34 1.34 1.97 1.97 1.34 4.25 1.97 1.97 1.34 1.34 1.34 1.97 1.32 1.32 1.32 1.32 1.32 1.32 1.32 1.32 1.32 1.32 1.32 1.32 1.32 1.32 1.32 1.32 1.31 1.31 1.31 1.31 1.31 3.96 4.33 4.33 3.96 3.96 3.96 3.96
4.72 4.72 1.41 4.72 4.72 4.72 4.72 4.72 4.05 3.91 3.91 4.11 4.11 5.33 5.33 5.33 4.11 4.11 3.86 5.33 5.33 4.51 4.51 4.51 4.50 1.35 1.35 1.35 1.35 1.98 4.50 4.50 1.35 1.35 1.35 1.35 1.35 1.35 1.35 4.28 4.25 4.25 4.25 1.34 1.34 1.97 1.97 1.97 1.34 4.47 4.25 1.34 1.34 1.34 1.34 1.97 1.32 1.32 1.32 1.32 1.93 1.93 1.32 1.32 1.32 1.32 1.32 1.32 1.32 1.32 1.32 1.93 1.92 1.92 1.31 1.92 1.31 3.96 3.96 4.33 4.33 3.96 3.96 3.96
4.72 4.72 4.72 4.72 4.72 4.72 4.07 3.94 4.05 3.91 4.51 4.11 1.35 1.35 1.35 5.33 4.11 5.33 1.60 5.33 1.35 4.11 4.51 4.51 4.10 4.10 1.35 1.35 1.35 1.35 4.10 4.50 1.35 1.35 1.35 1.35 1.35 1.35 1.35 4.50 4.47 4.47 1.34 1.34 1.97 1.97 1.97 1.97 4.25 5.28 1.34 1.34 1.97 1.97 1.34 1.34 1.93 1.93 1.93 1.32 1.93 1.93 1.93 1.32 1.32 1.32 1.32 1.32 1.32 1.32 1.32 1.93 1.31 1.31 1.31 1.31 1.31 1.31 1.31 3.96 4.33 4.33 3.96 3.96
4.72 1.41 4.72 3.94 3.94 4.07 4.07 3.94 4.05 1.35 1.35 4.51 1.35 1.35 1.35 5.33 5.33 5.33 5.33 1.35 1.35 1.35 1.99 1.99 4.10 4.10 1.35 1.35 4.50 4.50 4.10 4.10 1.35 1.35 4.50 4.50 4.50 1.35 1.98 4.50 4.25 4.47 1.97 1.34 5.28 5.28 5.28 5.28 4.25 4.25 1.97 1.34 1.34 1.34 1.97 1.34 1.93 1.32 1.93 1.32 1.93 1.93 1.93 1.32 1.32 1.32 1.32 1.32 1.32 1.32 1.32 1.32 1.31 1.31 1.31 1.31 3.96 3.96 1.31 1.31 1.31 1.31 1.31 1.31
3.41 3.41 3.41 2.67 3.41 3.41 2.35 2.89 4.74 3.95 3.99 4.38 3.99 1.55 5.17 5.17 5.17 3.99 5.17 1.32 1.32 1.32 4.38 4.38 4.39 1.93 4.39 3.99 4.39 4.39 4.39 1.32 1.32 1.32 4.39 4.39 1.32 4.17 4.17 1.93 3.89 3.89 1.88 4.06 5.04 5.04 1.28 4.06 1.88 4.06 1.88 1.88 1.28 1.28 1.28 1.28 1.91 1.30 1.30 1.30 1.30 1.30 1.30 1.30 1.30 1.30 1.30 1.30 1.30 1.30 1.30 1.30 1.33 1.33 1.33 1.33 4.02 4.02 4.02 1.33 1.33 1.33 1.33 1.94
3.41 3.41 2.67 2.89 2.35 3.41 2.89 2.79 3.82 3.82 3.99 4.38 3.99 5.17 5.17 5.17 5.17 3.99 1.32 1.32 1.32 4.38 4.38 4.38 4.39 3.99 3.99 3.99 3.99 1.93 1.32 1.32 1.32 1.32 4.39 4.39 1.93 4.17 4.17 1.93 1.88 4.27 4.27 1.28 1.88 1.88 4.06 1.88 1.88 1.88 1.88 1.28 1.28 1.28 1.28 1.28 1.91 1.91 1.30 1.30 1.91 1.30 1.30 1.30 1.30 1.30 1.30 1.30 1.91 1.30 1.30 1.30 1.33 1.33 1.33 1.33 1.33 4.02 4.02 4.02 1.33 1.33 1.33 1.94
3.41 1.02 2.67 2.67 2.67 2.89 2.89 0.88 1.32 3.82 3.99 4.38 3.99 5.17 5.17 5.17 5.17 5.17 3.99 1.32 4.38 4.38 4.38 4.38 4.39 3.99 3.99 3.99 1.93 1.32 1.32 1.32 1.32 1.32 4.39 1.93 1.93 1.93 4.39 4.39 1.88 1.28 1.28 4.27 1.28 1.28 4.27 1.28 1.88 1.88 4.27 5.04 1.28 1.28 1.28 1.28 1.30 1.91 1.30 1.30 1.30 1.30 1.30 1.30 1.30 1.30 1.30 1.30 1.30 1.30 1.30 1.30 1.33 1.33 1.33 1.33 1.33 1.33 1.33 1.33 1.33 1.33 1.33 1.94
3.41 3.41 3.41 0.88 0.88 2.67 2.67 2.79 1.32 5.17 3.99 3.99 3.99 5.17 5.17 5.17 5.17 5.17 5.17 5.17 5.17 5.17 4.38 4.38 4.39 3.99 3.99 4.39 4.39 1.32 1.32 1.32 1.32 1.32 1.32 1.93 1.93 4.39 4.39 4.39 4.27 1.28 1.28 1.28 1.28 1.28 1.28 4.27 4.27 4.27 4.27 1.88 1.88 1.28 1.28 1.28 1.30 1.91 1.30 1.30 1.30 1.30 1.30 1.91 1.30 1.30 1.30 1.30 4.34 1.30 1.30 1.30 1.33 1.33 1.33 1.33 1.33 1.33 1.33 1.33 1.33 1.33 1.33 1.33
0.00 3.41 3.41 0.88 0.88 3.41 3.41 3.41 4.58 5.17 3.99 3.99 3.99 5.17 5.17 4.38 5.17 4.38 5.17 5.17 1.32 1.32 4.38 4.38 3.99 4.39 4.39 1.32 1.32 1.32 1.32 1.32 1.32 1.32 1.93 1.93 1.93 4.39 4.39 1.32 1.88 1.28 1.28 1.28 1.28 1.28 1.88 4.27 4.27 3.89 3.89 3.89 1.88 1.28 1.28 1.28 1.30 1.91 1.30 1.30 1.30 1.30 1.30 1.30 1.30 1.30 4.34 1.30 1.30 1.30 1.30 1.30 1.33 1.33 1.94 1.33 1.33 1.33 1.33 1.33 1.33 4.02 1.33 1.94
0.00 0.00 3.41 3.41 3.41 3.41 3.41 3.41 4.58 5.17 5.17 5.17 3.99 3.99 4.38 3.99 3.99 5.17 5.17 1.32 1.32 1.32 4.38 4.38 3.99 4.39 3.99 1.32 1.32 1.32 1.32 1.32 1.32 1.32 1.32 1.32 1.93 1.93 1.93 1.32 1.28 1.28 1.28 1.28 1.28 1.28 1.28 1.28 4.27 3.89 3.89 5.04 4.27 1.28 1.28 1.28 1.30 1.30 1.30 1.30 1.30 1.30 1.30 1.30 1.30 1.30 0.00 1.30 1.30 1.30 1.30 1.30 1.33 1.94 4.42 1.33 1.33 1.33 1.33 1.33 4.39 4.02 4.02 1.94
0.00 0.00 0.00 0.00 0.00 0.00 0.00 0.00 4.58 5.17 5.17 5.17 3.99 3.99 3.99 3.99 3.99 3.99 1.93 1.32 1.32 3.99 3.99 4.38 3.99 3.99 3.99 1.32 1.32 1.32 1.32 1.32 1.32 1.32 1.93 1.93 1.93 1.32 1.32 1.32 1.28 1.28 1.28 1.28 1.28 1.28 1.28 1.28 1.28 1.88 3.89 5.04 3.89 1.88 1.28 1.28 1.30 1.30 1.30 1.30 1.30 1.30 1.30 1.30 1.30 0.00 0.00 0.00 1.30 1.30 0.00 0.00 0.00 1.33 1.94 1.33 1.33 1.33 1.33 1.33 4.39 4.02 4.39 4.02
0.00 0.00 0.00 0.00 0.00 0.00 0.00 0.00 0.00 0.00 5.17 5.17 5.17 3.99 4.38 4.38 3.99 3.99 3.99 1.32 1.93 3.99 3.99 4.38 3.99 3.99 1.32 1.32 1.32 1.32 1.32 1.32 1.32 1.32 1.32 1.32 1.32 1.32 1.32 1.32 1.28 1.28 1.28 1.28 1.28 1.28 1.28 1.28 1.28 1.88 1.88 1.88 1.88 1.28 1.28 1.28 1.30 1.30 1.30 1.30 1.30 1.30 1.30 1.30 1.30 0.00 0.00 0.00 0.00 0.00 0.00 0.00 0.00 0.00 0.00 4.02 1.33 1.94 1.33 1.33 1.33 4.02 4.02 4.02
0.00 0.00 0.00 0.00 0.00 0.00 0.00 0.00 0.00 0.00 5.17 5.17 5.17 1.32 1.32 1.32 1.32 3.99 1.93 1.93 1.93 1.93 1.93 3.99 1.93 4.39 1.93 1.32 1.32 1.32 1.32 1.32 1.32 1.32 1.32 1.32 1.32 1.32 1.32 1.32 1.28 1.28 1.28 1.28 1.28 1.28 1.28 1.28 1.88 1.88 1.88 1.28 1.28 1.28 1.28 1.28 1.30 1.30 1.30 1.30 1.30 1.30 1.30 1.30 1.30 1.30 1.30 0.00 0.00 0.00 0.00 0.00 0.00 0.00 0.00 0.00 0.00 1.94 1.33 1.33 1.33 1.33 4.02 4.39
0.00 0.00 0.00 0.00 0.00 0.00 0.00 0.00 0.00 0.00 0.00 0.00 5.17 5.17 1.32 1.32 1.32 1.32 1.93 1.93 1.93 1.93 1.32 4.38 4.39 1.93 1.93 1.32 1.32 1.32 1.32 1.32 1.32 1.32 1.32 1.32 1.32 1.32 1.32 1.32 1.28 1.28 1.28 1.28 1.28 1.28 1.28 1.28 1.28 1.88 1.88 1.88 1.28 1.28 1.28 1.28 1.30 1.30 1.30 1.30 1.30 1.30 1.30 1.30 1.30 1.30 1.30 0.00 0.00 0.00 0.00 0.00 0.00 0.00 0.00 0.00 4.02 4.02 4.02 4.02 4.02 4.02 1.33 1.33
0.00 0.00 0.00 0.00 0.00 0.00 0.00 0.00 0.00 0.00 0.00 0.00 0.00 5.17 5.17 1.32 3.99 1.32 1.32 1.32 1.32 1.32 1.32 1.32 1.32 4.17 4.17 1.93 1.32 1.32 1.32 1.32 1.32 1.32 1.32 1.32 1.32 1.32 1.32 1.32 1.28 1.28 1.28 1.28 1.28 1.28 1.28 1.28 1.28 1.88 1.88 1.88 1.28 1.28 1.28 1.28 1.30 1.30 1.30 1.30 1.30 1.30 1.30 0.00 0.00 0.00 0.00 0.00 0.00 0.00 0.00 0.00 0.00 0.00 0.00 0.00 1.33 4.39 4.02 4.02 4.02 1.33 1.33 1.33
0.00 0.00 0.00 0.00 0.00 0.00 0.00 0.00 0.00 0.00 0.00 0.00 0.00 0.00 5.17 5.17 3.99 1.32 1.32 5.17 5.17 1.32 1.32 1.32 1.32 1.93 1.32 1.32 1.32 1.32 1.32 1.32 1.32 1.32 1.93 1.32 1.32 1.32 1.32 1.32 1.28 1.28 1.28 1.28 1.28 1.28 1.28 1.28 1.28 1.88 1.28 1.28 1.28 1.28 1.28 1.28 1.30 1.30 1.30 1.30 1.30 1.30 0.00 0.00 0.00 0.00 0.00 0.00 0.00 0.00 0.00 0.00 0.00 0.00 0.00 0.00 5.18 5.18 5.18 4.02 4.39 1.33 1.33 1.33
0.00 0.00 0.00 0.00 0.00 0.00 0.00 0.00 0.00 0.00 0.00 0.00 0.00 0.00 0.00 5.17 5.17 5.17 1.32 4.16 5.17 1.32 1.32 1.32 1.32 1.32 1.32 1.32 1.32 1.32 1.32 1.32 1.32 1.32 1.32 1.32 1.32 1.32 1.32 1.32 1.28 1.28 1.28 1.28 1.28 1.28 1.28 1.28 1.28 1.88 1.28 1.28 1.28 1.88 1.28 1.28 1.30 1.30 1.30 1.30 1.30 0.00 0.00 0.00 0.00 0.00 0.00 0.00 0.00 0.00 0.00 0.00 0.00 0.00 0.00 0.00 0.00 5.18 5.18 5.18 4.02 1.94 1.33 1.33
0.00 0.00 0.00 0.00 0.00 0.00 0.00 0.00 0.00 0.00 0.00 0.00 0.00 0.00 0.00 0.00 0.00 5.17 5.17 5.17 5.17 5.17 1.32 1.32 1.32 1.32 1.32 1.32 1.32 1.32 1.32 1.32 1.32 1.32 0.00 0.00 0.00 0.00 0.00 0.00 0.00 0.00 0.00 0.00 0.00 0.00 1.28 1.28 1.28 1.88 1.28 1.28 1.28 1.88 1.28 1.28 1.30 1.30 1.30 1.30 1.30 0.00 0.00 0.00 0.00 0.00 0.00 0.00 0.00 0.00 0.00 0.00 0.00 0.00 0.00 0.00 0.00 0.00 0.00 0.00 0.00 1.33 1.94 1.33
0.00 0.00 0.00 0.00 0.00 0.00 0.00 0.00 0.00 0.00 0.00 0.00 0.00 0.00 0.00 0.00 0.00 0.00 0.00 0.00 0.00 0.00 5.17 1.32 1.32 1.32 1.32 1.32 1.32 1.32 1.32 1.32 1.32 0.00 0.00 0.00 0.00 0.00 0.00 0.00 0.00 0.00 0.00 0.00 0.00 0.00 0.00 0.00 0.00 1.28 1.28 1.28 1.28 1.28 1.28 1.28 1.30 1.30 1.30 1.30 1.30 0.00 0.00 0.00 0.00 0.00 0.00 0.00 0.00 0.00 0.00 0.00 0.00 0.00 0.00 0.00 0.00 0.00 0.00 0.00 0.00 1.33 1.94 1.94
0.00 0.00 0.00 0.00 0.00 0.00 0.00 0.00 0.00 0.00 0.00 0.00 0.00 0.00 0.00 0.00 0.00 0.00 0.00 0.00 0.00 0.00 0.00 5.17 1.32 1.32 1.32 1.32 1.32 1.32 1.32 1.32 0.00 0.00 0.00 0.00 0.00 0.00 0.00 0.00 0.00 0.00 0.00 0.00 0.00 0.00 0.00 0.00 0.00 0.00 1.28 1.28 1.28 1.28 1.28 1.88 1.30 1.30 1.30 1.30 1.30 1.30 0.00 0.00 0.00 0.00 0.00 0.00 0.00 0.00 0.00 0.00 0.00 0.00 0.00 0.00 0.00 0.00 0.00 0.00 0.00 4.02 1.33 1.94
0.00 0.00 0.00 0.00 0.00 0.00 0.00 0.00 0.00 0.00 0.00 0.00 0.00 0.00 0.00 0.00 0.00 0.00 0.00 0.00 0.00 0.00 0.00 0.00 0.00 0.00 0.00 0.79 0.79 0.79 0.79 0.00 0.00 0.00 0.00 0.00 0.00 0.00 0.00 0.00 0.00 0.00 0.00 0.00 0.00 0.00 0.00 0.00 0.00 0.00 0.79 0.79 0.79 0.79 0.79 0.79 0.78 1.14 0.78 0.78 0.78 0.78 0.00 0.00 0.00 0.00 0.00 0.00 0.00 0.00 0.00 0.00 0.00 0.00 0.00 0.00 0.00 0.00 0.00 0.00 0.00 0.00 3.02 0.77
0.00 0.00 0.00 0.00 0.00 0.00 0.00 0.00 0.00 0.00 0.00 0.00 0.00 0.00 0.00 0.00 0.00 0.00 0.00 0.00 0.00 0.00 0.00 0.00 0.00 0.00 0.00 0.00 0.79 0.79 0.00 0.00 0.00 0.00 0.00 0.00 0.00 0.00 0.00 0.00 0.00 0.00 0.00 0.00 0.00 0.00 0.00 0.00 0.00 0.00 0.79 0.79 0.79 0.79 1.16 1.16 1.14 0.78 0.78 0.78 0.78 0.78 0.78 0.78 0.00 0.00 0.00 0.00 0.00 0.00 0.00 0.00 0.00 0.00 0.00 0.00 0.00 0.00 0.00 0.00 0.00 0.00 0.00 1.13
0.00 0.00 0.00 0.00 0.00 0.00 0.00 0.00 0.00 0.00 0.00 0.00 0.00 0.00 0.00 0.00 0.00 0.00 0.00 0.00 0.00 0.00 0.00 0.00 0.00 0.00 0.00 0.00 0.79 0.79 0.00 0.00 0.00 0.00 0.00 0.00 0.00 0.00 0.00 0.00 0.00 0.00 0.00 0.00 0.00 0.00 0.00 0.00 0.00 0.00 0.79 0.79 0.79 0.79 1.16 1.16 0.78 0.78 0.78 0.78 0.78 0.78 1.14 0.78 0.00 0.00 0.00 0.00 0.00 0.00 0.00 0.00 0.00 0.00 0.00 0.00 0.00 0.00 0.00 0.00 0.00 0.00 0.00 0.00
0.00 0.00 0.00 0.00 0.00 0.00 0.00 0.00 0.00 0.00 0.00 0.00 0.00 0.00 0.00 0.00 0.00 0.00 0.00 0.00 0.00 0.00 0.00 0.00 0.00 0.00 0.00 0.00 3.12 0.00 0.00 0.00 0.00 0.00 0.00 0.00 0.00 0.00 0.00 0.00 0.00 0.00 0.00 0.00 0.00 0.00 0.00 0.00 0.00 0.00 0.79 0.79 0.79 0.79 0.79 0.79 0.78 0.78 0.78 0.78 0.78 0.78 0.78 0.78 0.00 0.00 0.00 0.00 0.00 0.00 0.00 0.00 0.00 0.00 0.00 0.00 0.00 0.00 0.00 0.00 0.00 0.00 0.00 0.00
