New_Model_Runs/9_Future_Present_Scn2_out/post_prcessed_with_MFR/Monthly_summaries/actual_et_monthly_JUN.asc
NCOLS 700
NROWS 400
XLLCENTER 515000.000000
YLLCENTER 8409000.000000
CELLSIZE 50.000000
NODATA_value -999.000000
[rows 152 to 189 of 400, columns 252 to 335 of 700]
0.00 0.00 0.00 0.00 0.00 0.00 0.00 0.00 0.00 0.00 0.00 0.00 0.00 0.00 0.00 0.00 0.00 0.00 0.00 0.00 0.00 0.00 0.00 0.00 0.00 0.00 0.00 0.00 0.00 0.00 0.00 0.00 0.00 0.00 0.00 0.00 0.00 0.00 0.00 0.00 0.00 0.00 0.00 0.00 0.00 0.00 0.00 0.54 0.54 0.54 0.54 0.54 0.84 0.84 0.84 0.84 0.84 0.84 0.84 0.84 0.84 0.84 0.84 0.84 0.84 0.84 0.84 0.84 0.74 0.74 0.74 0.74 0.74 0.74 0.74 2.90 0.74 0.74 0.74 2.90 2.90 2.90 2.90 2.90
0.00 0.00 0.00 0.00 0.00 0.00 0.00 0.00 0.00 0.00 0.00 0.00 0.00 0.00 0.00 0.00 0.00 0.00 0.00 0.00 0.00 0.00 0.00 0.00 0.00 0.00 0.00 0.00 0.00 0.00 0.00 0.00 0.00 0.00 0.00 0.00 0.00 0.00 0.00 0.00 0.00 0.00 0.00 0.00 0.00 0.00 0.54 0.54 0.54 0.54 0.54 0.54 0.84 0.84 0.84 0.84 0.84 0.84 0.84 0.84 0.84 0.84 0.84 0.84 0.84 0.84 0.84 0.84 0.74 0.74 0.74 0.74 0.74 0.74 2.90 2.90 0.74 0.74 0.74 2.90 2.90 2.24 2.90 2.90
0.00 0.00 0.00 0.00 0.00 0.00 0.00 0.00 0.00 0.00 0.00 0.00 0.00 0.00 0.00 0.00 0.00 0.00 0.00 0.00 0.00 0.00 0.00 0.00 0.00 0.00 0.00 0.00 0.00 0.00 0.00 0.00 0.00 0.00 0.00 0.00 0.00 0.00 0.00 0.00 0.00 0.00 0.00 0.00 0.00 0.54 0.54 0.54 0.54 0.54 0.54 0.54 0.84 0.84 0.84 0.84 0.84 0.84 0.84 0.84 0.84 0.84 0.84 0.84 0.84 0.84 0.84 0.84 0.74 0.74 1.08 0.74 0.74 2.90 2.90 2.90 0.87 2.90 2.90 2.24 0.74 0.22 2.24 1.08
0.00 0.00 0.00 0.00 0.00 0.00 0.00 0.00 0.00 0.00 0.00 0.00 0.00 0.00 0.00 0.00 0.00 0.00 0.00 0.00 0.00 0.00 0.00 0.00 0.00 0.00 0.00 0.00 0.00 0.00 0.00 0.00 0.00 0.00 0.00 0.00 0.00 0.00 0.00 0.00 0.00 0.00 0.00 0.00 0.00 0.54 0.54 0.54 0.54 0.54 0.54 0.54 0.84 0.84 0.84 0.84 0.84 0.84 0.84 0.84 0.84 0.84 0.84 0.84 0.84 0.84 0.84 0.84 0.74 0.74 0.74 0.74 0.74 0.74 2.90 0.87 2.90 0.74 2.24 0.74 0.74 0.74 0.74 1.08
0.00 0.00 0.00 0.00 0.00 0.00 0.00 0.00 0.00 0.00 0.00 0.00 0.00 0.00 0.00 0.00 0.00 0.00 0.00 0.00 0.00 0.00 0.00 0.00 0.00 0.00 0.00 0.00 0.00 0.00 0.00 0.00 0.00 0.00 0.00 0.00 0.00 0.00 0.00 0.00 0.00 0.00 0.00 0.00 2.12 0.54 0.54 0.54 0.54 0.54 0.54 0.54 0.84 0.84 0.84 0.84 0.84 0.84 0.84 0.84 0.84 0.84 0.84 0.84 0.84 0.84 0.84 0.84 0.74 0.74 0.74 0.74 0.74 0.74 0.74 1.80 0.74 0.74 0.74 0.74 0.74 0.74 0.74 1.08
0.00 0.00 0.00 0.00 0.00 0.00 0.00 0.00 0.00 0.00 0.00 0.00 0.00 0.00 0.00 0.00 0.00 0.00 0.00 0.00 0.00 0.00 0.00 0.00 0.00 0.00 0.00 0.00 0.00 0.00 0.00 0.00 0.00 0.00 0.00 0.00 0.00 0.00 0.00 0.00 0.00 0.00 0.00 0.00 0.54 0.54 0.54 0.54 0.54 0.54 0.54 0.54 0.84 0.84 0.84 0.84 0.84 0.84 0.84 0.84 0.84 0.84 0.84 0.84 0.84 0.84 0.84 0.84 0.74 0.74 0.74 0.74 0.74 0.74 0.74 2.90 0.74 0.74 0.74 0.74 0.74 0.74 0.74 1.08
0.00 0.00 0.00 0.00 0.00 0.00 0.00 0.00 0.00 0.00 0.00 0.00 0.00 0.00 0.00 0.00 0.00 0.00 0.00 0.00 0.00 0.00 0.00 0.00 0.00 0.00 0.00 2.06 0.00 0.00 0.00 0.00 0.00 0.00 0.00 0.00 0.00 0.00 0.00 0.00 0.00 0.00 0.00 0.00 0.54 0.54 0.54 0.54 0.54 0.54 0.54 0.54 0.84 0.84 0.84 0.84 0.84 0.84 0.84 0.84 0.84 0.84 0.84 0.84 0.84 0.84 0.84 0.84 0.74 0.74 0.74 0.74 0.74 0.74 0.74 2.90 0.74 0.74 0.74 0.74 0.74 0.74 0.74 0.74
0.00 0.00 0.00 0.00 0.00 0.00 0.00 0.00 0.00 0.00 0.00 0.00 0.00 0.00 0.00 0.00 0.00 0.00 0.00 0.00 0.00 0.00 0.00 0.00 0.00 0.00 0.52 0.52 0.00 0.00 0.00 0.00 0.00 0.00 0.00 0.00 0.00 0.00 0.00 0.00 0.00 0.00 0.00 0.00 0.00 0.00 0.54 0.54 0.54 0.54 0.54 0.54 0.84 0.84 0.84 0.84 0.84 0.84 0.84 0.84 0.84 0.84 0.84 0.84 0.84 0.84 0.84 0.84 0.74 0.74 0.74 0.74 2.24 2.90 2.90 2.90 2.90 0.74 0.74 0.74 0.74 0.74 0.74 0.74
0.00 0.00 0.00 0.00 0.00 0.00 0.00 0.00 0.00 0.00 0.00 0.00 0.00 0.00 0.00 0.00 0.00 0.00 0.00 0.00 0.00 0.00 0.00 0.00 0.00 0.52 0.52 0.52 0.52 0.00 0.00 0.00 0.00 0.00 0.00 0.00 0.00 0.00 0.00 0.00 0.00 0.00 0.00 0.00 0.00 0.00 0.00 0.00 0.54 0.54 0.54 0.79 0.84 0.84 0.84 0.84 0.84 0.84 0.84 0.84 0.84 0.84 0.84 0.84 0.84 0.84 0.84 0.84 0.74 0.74 0.74 0.74 2.90 2.90 0.87 0.87 2.24 0.74 0.74 0.74 0.74 0.74 0.74 0.74
0.00 0.00 0.00 0.00 0.00 0.00 0.00 0.00 0.00 0.00 0.00 0.00 0.00 0.00 0.00 0.00 0.00 0.00 0.00 0.00 0.00 0.00 0.00 0.00 0.00 0.52 0.52 0.52 0.52 0.52 0.52 0.00 0.00 0.00 0.00 0.00 0.00 0.00 0.00 0.00 0.00 0.00 0.00 0.00 0.00 0.00 0.00 0.00 0.00 0.00 0.54 0.54 0.84 0.84 0.84 0.84 0.84 0.84 0.84 0.84 0.84 0.84 0.84 0.84 0.84 0.84 0.84 0.84 0.74 0.74 2.24 2.90 2.24 1.80 2.90 0.74 1.08 2.24 0.74 0.74 0.74 0.74 0.74 0.74
0.00 0.00 0.00 0.00 0.00 0.00 0.00 0.00 0.00 0.00 0.00 0.00 0.00 0.00 0.00 0.00 0.00 0.00 0.00 0.00 0.00 0.00 0.00 0.00 0.00 0.82 0.82 0.82 0.82 0.82 0.82 0.00 0.00 0.00 0.00 0.00 0.00 0.00 0.00 0.00 0.00 0.00 0.00 0.00 0.00 0.00 0.00 0.00 0.00 0.00 0.72 0.72 0.85 0.85 0.85 0.85 0.85 0.85 0.85 0.85 0.85 0.85 0.85 0.85 0.85 0.85 1.24 0.85 0.82 0.82 2.50 2.50 2.50 2.50 0.82 0.82 3.23 2.50 0.82 0.82 0.82 0.82 0.82 0.82
0.00 0.00 0.00 0.00 0.00 0.00 0.00 0.00 0.00 0.00 0.00 0.00 0.00 0.00 0.00 0.00 0.00 0.00 0.00 0.00 0.00 0.00 0.00 0.00 0.82 0.82 0.82 0.82 0.82 0.82 1.21 1.21 0.82 0.00 0.82 0.82 0.00 0.00 0.00 0.00 0.00 0.00 0.00 0.00 0.00 0.00 0.00 0.00 0.00 0.00 0.22 0.72 0.85 0.85 1.24 0.85 0.85 0.85 0.85 0.85 0.85 0.85 0.85 0.85 0.85 0.85 0.85 0.85 0.82 0.82 2.50 2.50 2.50 2.50 0.82 0.82 3.23 3.23 0.82 0.82 0.82 0.82 0.82 0.82
0.00 0.00 0.00 0.00 0.00 0.00 0.00 0.00 0.00 0.00 0.00 0.00 0.00 0.00 0.00 0.00 0.00 0.00 0.00 0.00 0.00 0.00 0.00 0.82 0.82 0.82 0.82 0.82 0.82 0.82 0.82 1.21 1.21 1.21 0.82 0.82 0.72 0.72 0.00 0.00 0.00 0.00 0.00 0.00 0.00 0.00 0.00 0.00 0.00 0.00 0.00 2.84 0.85 0.25 0.85 0.85 1.24 0.85 0.85 0.85 0.85 0.85 0.85 0.85 0.85 0.85 0.85 0.85 0.82 0.82 2.50 2.50 2.50 3.23 0.82 0.82 0.82 0.82 0.82 0.82 0.82 0.82 0.82 0.82
0.00 0.00 0.00 0.00 0.00 0.00 0.00 0.00 0.00 0.00 0.00 0.00 0.00 0.00 0.00 0.00 0.00 0.00 0.00 0.00 0.82 0.82 0.82 0.82 0.82 0.82 0.82 0.82 0.82 0.82 0.82 0.82 2.61 0.82 2.61 0.82 0.72 0.72 0.72 0.00 0.00 0.00 0.00 0.00 0.00 0.00 0.00 0.00 0.00 0.00 0.00 1.77 1.96 3.30 3.30 0.85 0.85 1.24 1.24 0.85 0.85 0.85 0.85 0.85 0.85 0.85 0.85 0.85 0.82 0.82 0.82 0.82 2.50 2.74 3.24 0.82 0.82 0.82 0.82 0.82 0.82 0.82 1.21 0.82
0.00 0.00 0.00 0.00 0.00 0.00 0.00 0.00 0.00 0.00 0.00 0.00 0.00 0.00 0.00 0.00 3.42 0.87 0.00 0.00 0.82 0.82 0.82 0.82 0.82 0.82 0.82 0.82 0.82 0.82 0.82 0.82 0.82 0.82 0.82 0.82 0.72 1.06 1.06 2.19 1.06 0.00 0.00 0.00 0.00 0.00 0.00 0.00 0.00 0.00 0.00 1.77 1.96 3.30 3.30 3.30 2.56 2.56 0.85 0.85 0.85 1.24 1.24 0.85 0.85 0.85 0.85 0.85 0.82 0.82 0.82 0.82 0.82 2.50 2.50 0.82 0.82 0.82 0.82 0.82 0.82 0.82 0.82 0.82
0.00 0.00 0.00 0.00 0.00 0.00 0.00 0.00 0.00 0.00 0.00 0.00 0.00 0.00 0.00 0.00 0.87 0.87 0.87 0.87 0.82 0.82 0.82 1.21 1.21 0.82 0.82 0.82 0.82 0.82 0.82 0.82 0.82 0.82 0.82 0.82 0.72 1.06 1.06 1.06 1.06 0.00 0.00 0.00 0.00 0.00 0.00 0.00 0.00 0.00 0.00 0.85 1.96 0.99 3.30 3.30 2.80 2.56 0.85 0.85 1.24 1.24 1.24 1.24 0.85 0.85 0.85 0.85 0.82 0.82 0.82 0.82 0.82 2.50 2.50 0.82 0.82 0.82 0.82 1.21 1.21 0.82 0.82 0.82
0.00 0.00 0.00 0.00 0.00 0.00 0.00 0.00 0.00 0.00 0.00 0.00 0.00 3.42 0.87 3.42 0.87 0.87 0.87 0.87 0.82 0.82 0.82 0.82 0.82 0.82 0.82 0.82 0.82 0.82 0.82 0.82 0.82 0.82 0.82 0.82 0.72 0.72 1.06 1.06 1.06 0.00 0.00 0.00 0.00 0.00 0.00 0.00 0.00 0.00 0.22 0.22 1.96 0.99 3.30 2.56 2.80 2.56 0.85 0.85 0.85 0.85 0.85 0.85 0.85 0.85 0.85 0.85 0.82 0.82 0.82 0.82 0.82 0.82 0.82 0.82 0.82 0.82 0.82 0.82 1.21 1.21 0.82 0.82
0.00 0.00 0.00 0.00 0.00 0.00 0.00 0.00 0.00 0.00 0.00 0.00 3.42 0.87 0.87 0.87 0.87 0.87 0.87 0.87 0.82 0.82 0.82 0.82 0.82 0.82 0.82 0.82 0.82 0.82 0.82 0.82 0.82 0.82 0.82 1.21 1.06 1.06 1.06 0.72 0.00 0.00 0.00 0.00 0.00 0.00 0.00 0.00 0.00 0.22 0.72 0.72 0.85 3.30 3.30 3.30 2.80 2.81 0.85 0.85 0.85 1.24 0.85 0.85 0.85 0.85 0.85 0.85 0.82 0.82 0.82 0.82 0.82 0.82 0.82 0.82 0.82 0.82 0.82 1.21 0.82 0.82 0.82 0.82
0.00 0.00 0.00 0.00 0.00 0.00 0.00 0.00 0.00 0.00 0.00 0.00 0.87 0.87 1.28 0.87 0.87 0.87 0.87 1.28 1.21 0.82 0.82 0.82 0.82 0.82 0.82 0.82 0.82 0.82 0.82 0.82 0.82 1.21 1.21 1.21 1.06 1.06 0.72 0.22 2.83 0.00 0.00 0.00 0.00 0.00 0.00 0.00 0.22 0.72 0.72 0.72 0.85 2.56 2.56 3.30 1.24 2.80 2.56 2.56 0.85 0.85 0.85 0.85 0.85 0.85 0.85 0.85 0.82 0.82 0.82 0.82 0.82 0.82 0.82 0.82 0.82 0.82 0.82 0.82 0.82 0.82 0.82 0.82
0.00 0.00 0.00 0.00 0.00 0.00 0.00 0.00 0.00 0.00 0.00 3.42 0.87 0.87 1.28 0.87 0.87 0.87 0.87 0.87 0.82 0.82 0.82 0.82 0.82 0.82 0.82 0.82 0.82 0.82 0.82 0.82 1.21 1.21 1.21 1.21 1.06 1.06 2.83 0.22 2.83 2.83 0.00 0.00 0.00 0.00 0.00 0.85 0.72 0.72 0.72 0.72 0.84 0.84 2.56 3.30 3.30 3.30 2.56 0.84 2.81 0.84 0.84 0.84 0.84 0.84 0.84 0.84 0.82 0.82 0.82 0.82 0.82 0.82 0.82 0.82 0.82 0.82 0.82 0.82 0.82 0.82 0.82 0.82
0.00 0.00 0.00 0.00 0.00 0.00 0.00 0.00 0.00 0.00 0.87 0.87 0.87 0.87 1.28 0.87 0.87 0.87 0.87 0.87 0.82 0.82 0.82 0.82 0.82 0.82 0.82 0.82 0.82 0.82 0.82 0.82 0.82 1.21 0.82 0.82 0.72 1.06 1.06 1.06 1.06 1.77 1.77 1.77 0.00 0.00 0.85 1.77 0.72 0.72 0.72 0.72 0.84 0.84 0.84 3.30 2.56 2.56 0.84 0.84 0.84 0.84 0.84 0.84 0.84 0.84 0.84 0.84 0.82 0.82 0.82 0.82 0.82 0.82 0.82 0.82 0.82 0.82 0.82 0.82 0.82 0.82 0.82 0.82
0.00 0.00 0.00 0.00 0.00 0.00 0.00 0.00 0.00 0.00 0.87 0.87 0.87 0.87 0.87 0.87 0.87 0.87 0.87 0.87 0.82 0.82 0.82 0.82 0.82 0.82 0.82 0.82 0.82 0.82 0.82 0.82 0.82 0.82 0.82 0.82 0.72 0.72 1.06 1.06 2.83 0.85 0.85 1.77 1.77 0.85 0.85 0.72 1.06 0.72 1.06 0.72 0.84 0.84 0.84 0.84 0.84 0.84 0.84 0.84 0.84 0.84 0.84 0.84 0.84 0.84 0.84 0.84 0.82 0.82 0.82 0.82 0.82 0.82 0.82 0.82 0.82 0.82 0.82 0.82 0.82 0.82 0.82 0.82
0.00 0.00 0.00 0.00 0.00 0.00 0.00 0.00 0.00 0.00 0.00 0.87 0.87 0.87 0.87 0.87 0.87 0.87 0.87 0.87 0.82 0.82 0.82 0.82 0.82 0.82 0.82 0.82 0.82 0.82 0.82 0.82 0.82 0.82 0.82 0.82 0.72 1.06 0.72 1.06 0.85 2.83 0.85 1.77 0.85 2.19 2.19 2.19 0.72 1.06 2.19 0.72 0.84 0.84 0.84 0.84 0.84 0.84 0.84 0.84 0.84 1.24 0.84 0.84 0.84 0.84 0.84 0.84 0.82 0.82 0.82 0.82 0.82 0.82 0.82 0.82 0.82 0.82 0.82 0.82 0.82 0.82 0.82 0.82
0.00 0.00 0.00 0.00 0.00 0.00 0.00 0.00 0.00 0.00 0.00 0.87 0.87 0.87 0.87 0.87 0.87 0.87 0.87 0.87 0.82 0.82 0.82 0.82 0.82 0.82 0.82 0.82 0.82 0.82 0.82 0.82 0.82 0.82 0.82 0.82 0.72 0.72 1.06 0.72 2.19 2.83 2.83 2.83 2.19 2.19 2.19 0.72 0.72 0.72 2.19 0.72 0.84 0.84 0.84 0.84 0.84 0.84 0.84 0.84 0.84 0.84 0.84 0.84 0.84 0.84 0.84 0.84 0.82 0.82 0.82 0.82 0.82 0.82 0.82 0.82 0.82 0.82 0.82 0.82 0.82 0.82 0.82 0.82
0.00 0.00 0.00 0.00 0.00 0.00 0.00 0.00 0.00 0.00 0.00 0.00 0.87 0.87 0.87 0.87 0.87 0.87 0.87 0.87 0.82 0.82 0.82 0.82 0.82 0.82 0.82 0.82 0.82 0.82 0.82 0.82 0.82 0.82 1.21 0.82 0.72 0.72 0.72 0.72 2.19 2.83 2.83 2.83 2.40 2.19 2.19 0.72 0.72 0.72 0.72 0.72 0.84 0.84 0.84 0.84 0.84 0.84 0.84 0.84 0.84 0.84 0.84 0.84 0.84 0.84 0.84 0.84 0.82 0.82 0.82 0.82 0.82 0.82 0.82 0.82 0.82 0.82 0.82 0.82 0.82 0.82 0.82 0.82
0.00 0.00 0.00 0.00 0.00 0.00 0.00 0.00 0.00 0.00 0.00 0.87 0.87 0.87 0.87 0.87 0.87 0.87 0.87 0.87 0.82 0.82 0.82 0.82 0.82 0.82 0.82 0.82 0.82 0.82 0.82 0.82 0.82 1.21 1.21 0.82 2.28 1.06 0.72 2.19 2.19 2.40 2.83 2.83 2.40 2.19 0.72 0.72 0.72 0.72 0.72 0.72 0.84 0.84 0.84 0.84 0.84 0.84 0.84 0.84 0.84 0.84 0.84 0.84 0.84 0.84 0.84 0.84 0.82 0.82 0.82 0.82 0.82 0.82 0.82 0.82 0.82 0.82 0.82 0.82 0.82 0.82 0.82 0.82
0.00 0.00 0.00 0.00 0.79 0.00 0.00 0.00 0.00 0.00 0.79 0.79 0.79 0.79 0.79 0.79 0.79 0.79 0.79 0.79 0.78 0.78 0.78 0.78 0.78 0.78 0.78 0.78 0.78 0.78 0.78 1.15 0.78 0.78 1.15 1.15 1.08 0.73 0.73 0.73 2.23 2.23 2.23 2.23 2.23 0.73 0.73 0.73 0.73 0.73 0.73 0.73 0.76 0.76 0.76 0.76 0.76 0.76 0.76 0.76 0.76 0.76 0.76 0.76 0.76 0.76 0.76 0.76 0.64 0.64 0.64 0.64 0.64 2.14 0.64 0.64 0.64 0.94 0.64 0.64 0.64 0.64 0.64 0.64
0.00 0.00 0.00 0.89 0.79 0.79 0.00 0.00 0.00 1.16 1.16 0.79 0.79 0.79 0.79 0.79 0.79 0.79 0.79 0.79 0.78 0.78 0.78 0.78 0.78 0.78 0.78 0.78 0.78 0.78 0.78 0.78 0.78 0.78 1.15 0.78 0.73 1.08 1.08 0.73 2.23 2.23 2.23 2.23 2.23 2.23 0.73 0.73 0.73 0.73 0.73 0.73 0.76 0.76 0.76 0.76 0.76 0.76 0.76 0.76 0.76 0.76 0.76 0.76 0.76 0.76 0.76 0.76 0.64 0.64 0.64 0.64 0.64 2.14 0.64 0.64 0.64 0.64 0.64 0.64 0.64 0.64 0.64 0.64
0.89 0.89 0.89 1.30 0.79 0.79 0.79 0.79 0.79 1.16 1.16 0.79 0.79 0.79 0.79 0.79 0.79 0.79 0.79 0.79 0.78 0.78 0.78 0.78 0.78 0.78 0.78 0.78 0.78 0.78 0.78 0.78 0.78 0.78 0.78 0.78 0.73 0.73 0.73 0.73 2.23 2.23 2.23 2.23 2.23 2.23 0.73 0.73 0.73 0.73 0.73 0.73 0.76 0.76 0.76 0.76 0.76 0.76 0.76 0.76 0.76 0.76 0.76 0.76 0.76 0.76 0.76 0.76 0.64 0.64 2.14 0.64 0.64 0.64 0.64 0.64 0.64 0.64 0.64 0.64 0.64 0.64 0.64 0.64
0.89 0.89 0.89 0.89 0.79 0.79 0.79 0.79 0.79 1.16 0.79 1.16 0.79 0.79 0.79 0.79 0.79 0.79 0.79 0.79 0.78 0.78 0.78 0.78 0.78 0.78 0.78 0.78 0.78 0.78 0.78 0.78 0.78 0.78 0.78 0.78 0.73 2.23 2.23 2.23 2.23 2.23 2.23 2.23 2.23 2.23 0.73 0.73 0.73 0.73 0.73 0.73 0.76 0.76 0.76 0.76 0.76 0.76 0.76 0.76 0.76 0.76 0.76 0.76 0.76 0.76 0.76 0.76 0.64 0.64 0.64 0.64 0.64 2.14 0.64 0.64 0.64 0.64 0.64 0.64 0.64 0.64 0.64 2.14
0.89 0.89 0.89 0.89 0.79 0.79 0.79 0.79 0.79 0.79 1.16 1.16 0.79 0.79 0.79 0.79 0.79 0.79 0.79 0.79 0.78 0.78 0.78 0.78 0.78 0.78 0.78 0.78 0.78 0.78 0.78 0.78 0.78 0.78 0.78 0.78 0.73 0.73 0.73 2.23 2.89 1.08 0.73 0.73 2.23 2.23 0.73 1.08 0.73 0.73 0.73 0.73 0.76 0.76 0.76 0.76 0.76 0.76 0.76 0.76 0.76 0.76 0.76 0.76 0.76 0.76 0.76 0.76 0.64 0.64 0.64 0.64 0.64 0.94 0.64 0.64 0.64 0.64 0.64 0.64 0.64 0.64 2.14 2.14
0.89 0.89 0.89 0.89 0.79 0.79 0.79 0.79 0.79 0.79 0.79 0.79 0.79 1.16 0.79 0.79 0.79 0.79 0.79 0.79 0.78 0.78 0.78 0.78 0.78 0.78 0.78 0.78 0.78 0.78 0.78 0.78 0.78 0.78 0.78 0.78 0.73 0.73 0.73 2.89 0.73 0.73 0.73 0.73 2.23 2.23 0.73 1.08 0.73 0.73 0.73 0.73 0.76 0.76 0.76 0.76 0.76 0.76 0.76 0.76 0.76 0.76 0.76 0.76 0.76 0.76 0.76 0.76 0.64 0.64 0.64 0.64 0.64 0.94 0.94 0.64 0.64 0.94 2.14 0.64 0.64 0.64 2.14 2.14
0.89 0.89 0.89 0.89 0.79 0.79 0.79 0.79 0.79 0.79 0.79 1.16 0.79 1.16 1.16 0.79 0.79 0.79 0.79 0.79 0.78 0.78 0.78 0.78 0.78 0.78 0.78 0.78 0.78 0.78 0.78 0.78 0.78 0.78 0.78 0.78 0.73 0.73 1.08 2.32 0.73 0.73 0.73 0.73 2.23 2.23 0.73 0.73 0.73 0.73 0.73 0.73 0.76 0.76 0.76 0.76 0.76 0.76 0.76 0.76 0.76 0.76 0.76 0.76 0.76 0.76 0.76 0.76 0.64 0.64 0.64 0.64 0.64 0.64 0.64 0.94 0.94 0.64 0.64 0.64 2.14 2.14 2.14 2.14
0.89 0.89 0.89 0.89 0.79 0.79 0.79 0.79 0.79 0.79 0.79 1.16 1.16 0.79 0.79 0.79 0.79 0.79 0.79 0.79 0.78 0.78 0.78 0.78 0.78 0.78 0.78 0.78 0.78 0.78 0.78 0.78 0.78 0.78 0.78 0.78 0.73 0.73 0.73 2.89 0.73 0.73 0.73 0.73 2.23 0.73 0.73 0.73 0.73 0.73 0.73 0.73 0.76 0.76 0.76 0.76 0.76 0.76 0.76 0.76 0.76 0.76 0.76 0.76 0.76 0.76 0.76 0.76 0.64 0.64 0.64 0.64 0.64 0.64 0.64 0.64 0.64 0.94 0.64 0.64 2.14 2.14 2.14 2.14
0.89 0.89 0.89 0.89 0.79 0.79 0.79 0.79 0.79 0.79 0.79 0.79 0.79 0.79 0.79 0.79 0.79 0.79 0.79 0.79 0.78 0.78 0.78 0.78 0.78 0.78 0.78 0.78 0.78 0.78 0.78 0.78 0.78 0.78 0.78 0.78 0.73 0.73 0.73 0.73 0.73 0.73 0.73 0.73 0.73 0.73 0.73 0.73 0.73 0.73 0.73 0.73 0.76 0.76 0.76 0.76 0.76 0.76 0.76 0.76 0.76 0.76 0.76 0.76 0.76 0.76 0.76 0.76 0.64 0.64 0.64 0.64 0.64 0.64 0.64 0.64 0.64 0.64 0.64 0.64 2.14 2.14 2.14 2.14
0.89 0.89 0.89 0.89 0.79 0.79 0.79 0.79 0.79 0.79 0.79 0.79 0.79 0.79 0.79 0.79 0.79 0.79 0.79 0.79 0.78 0.78 0.78 0.78 0.78 0.78 0.78 0.78 0.78 0.78 0.78 0.78 0.78 0.78 0.78 0.78 0.73 0.73 0.73 0.73 0.73 0.73 0.73 0.73 0.73 0.73 0.73 0.73 0.73 0.73 0.73 0.73 0.76 0.76 0.76 0.76 0.76 0.76 0.76 0.76 0.76 0.76 0.76 0.76 0.76 0.76 0.76 0.76 0.64 0.64 0.64 0.64 0.64 0.64 0.64 0.64 0.64 0.64 0.64 0.64 2.14 2.14 2.14 2.14
0.89 0.89 0.89 0.89 0.79 0.79 0.79 0.79 0.79 0.79 0.79 0.79 0.79 0.79 0.79 0.79 0.79 0.79 0.79 0.79 0.78 0.78 0.78 0.78 0.78 0.78 0.78 0.78 0.78 0.78 0.78 0.78 0.78 0.78 0.78 0.78 0.73 0.73 0.73 0.73 0.73 0.73 0.73 0.73 0.73 0.73 0.73 0.73 0.73 0.73 0.73 0.73 0.76 0.76 2.54 0.76 0.76 0.76 0.76 0.76 0.76 0.76 0.76 0.76 0.76 0.76 0.76 0.76 0.64 0.64 0.64 0.64 0.64 0.64 0.64 0.64 0.64 0.64 0.64 0.64 2.14 2.14 2.14 2.14
0.89 0.89 0.89 0.89 0.79 0.79 0.79 0.79 0.79 0.79 0.79 0.79 0.79 0.79 0.79 0.79 0.79 0.79 0.79 0.79 0.78 0.78 0.78 0.78 0.78 0.78 0.78 0.78 0.78 0.78 0.78 0.78 0.78 0.78 0.78 0.78 0.73 0.73 0.73 0.73 0.73 0.73 0.73 0.73 0.73 0.73 0.73 0.73 0.73 0.73 0.73 0.73 0.76 0.76 0.76 0.76 0.76 0.76 0.76 0.76 0.76 0.76 0.76 0.76 0.76 0.76 0.76 0.76 0.64 0.64 0.64 0.64 0.64 0.64 0.64 0.64 0.64 0.64 0.64 0.64 0.64 2.14 2.14 2.14
