New_Model_Runs/9_Future_Present_Scn2_out/post_prcessed_with_MFR/Monthly_summaries/actual_et_monthly_NOV.asc
NCOLS 700
NROWS 400
XLLCENTER 515000.000000
YLLCENTER 8409000.000000
CELLSIZE 50.000000
NODATA_value -999.000000
[rows 114 to 151 of 400, columns 336 to 419 of 700]
0.00 0.00 1.21 1.78 1.21 1.21 1.21 1.21 1.21 1.21 1.21 1.21 1.21 1.21 1.21 1.21 1.25 1.25 1.25 1.25 1.25 1.25 1.84 1.25 1.25 1.25 1.25 1.25 1.25 1.25 1.25 1.25 1.18 1.18 1.18 1.18 1.18 1.18 1.18 1.18 1.18 1.72 1.18 1.18 1.18 1.18 1.18 1.18 1.17 1.17 1.17 1.17 1.17 1.17 1.17 1.17 1.17 1.17 1.17 1.17 1.17 1.17 1.17 1.17 0.86 0.86 0.86 0.86 0.86 0.86 0.86 0.86 0.86 0.86 0.86 0.86 1.27 1.27 0.86 0.86 2.00 1.36 1.36 1.36
1.21 1.21 1.78 1.78 1.21 1.21 1.21 1.21 1.21 1.21 1.21 1.21 1.21 1.21 1.21 1.21 1.25 1.25 1.25 1.25 1.25 1.25 1.25 1.25 1.25 1.25 1.25 1.25 1.25 1.25 1.25 1.25 1.18 1.18 1.18 1.18 1.18 1.18 1.18 1.18 1.18 1.18 1.18 1.18 1.18 1.18 1.18 1.18 1.17 1.17 1.17 1.17 1.17 1.17 1.17 1.17 1.17 1.17 1.17 1.17 1.17 1.17 1.17 1.17 0.86 0.86 0.86 0.86 0.86 0.86 0.86 0.86 0.86 0.86 0.86 0.86 1.27 0.86 0.86 0.86 1.36 1.36 1.36 1.36
1.21 1.21 1.78 1.21 1.21 1.21 1.21 1.21 1.21 1.21 1.21 1.21 1.21 1.21 1.21 1.21 1.25 1.25 1.25 1.25 1.25 1.25 1.25 1.25 1.25 1.25 1.25 1.25 1.25 1.25 1.25 1.25 1.18 1.18 1.18 1.18 1.18 1.18 1.18 1.18 1.18 1.18 1.18 1.18 1.18 1.18 1.18 1.18 1.17 1.17 1.17 1.17 1.72 1.17 1.17 1.17 1.17 1.17 1.17 1.17 1.17 1.17 1.17 1.17 0.86 0.86 0.86 0.86 0.86 0.86 0.86 0.86 0.86 0.86 0.86 0.86 1.27 0.86 0.86 0.86 1.36 2.00 1.36 1.36
1.21 1.78 1.78 1.21 1.21 1.21 1.21 1.21 1.21 1.21 1.21 1.21 1.21 1.21 1.21 1.21 1.25 1.25 1.25 1.25 1.25 1.25 1.25 1.25 1.25 1.25 1.25 1.25 1.25 1.25 1.25 1.25 1.18 1.18 1.18 1.18 1.18 1.18 1.18 1.18 1.18 1.18 1.18 1.18 1.18 1.18 1.18 1.18 1.17 1.17 1.17 1.17 1.17 1.17 1.17 1.17 1.17 1.17 1.17 1.17 1.17 1.17 1.17 1.17 0.86 0.86 0.86 0.86 0.86 0.86 0.86 0.86 0.86 0.86 0.86 0.86 0.86 1.27 0.86 0.86 1.36 1.36 1.36 1.36
1.78 1.78 1.21 1.21 1.21 1.21 1.21 1.21 1.21 1.21 1.21 1.21 1.21 1.21 1.21 1.21 1.25 1.25 1.25 1.25 1.25 1.25 1.25 1.25 1.25 1.25 1.25 1.25 1.25 1.25 1.25 1.25 1.18 1.18 1.18 1.18 1.72 1.72 1.18 1.18 1.18 1.18 1.18 1.18 1.18 1.18 1.18 1.18 1.17 1.17 1.17 1.17 1.17 1.17 1.17 1.17 1.17 1.17 1.17 1.17 1.17 1.17 1.17 1.17 0.86 0.86 0.86 0.86 0.86 0.86 0.86 0.86 0.86 0.86 0.86 0.86 0.86 1.27 0.86 0.86 2.00 1.36 1.36 1.36
1.78 1.21 1.21 1.21 1.21 1.21 1.21 1.21 1.21 1.21 1.21 1.21 1.21 1.21 1.21 1.21 1.25 1.25 1.25 1.25 1.25 1.25 1.25 1.25 1.25 1.25 1.25 1.25 1.25 1.25 1.25 1.25 1.18 1.18 1.18 1.18 1.72 1.72 1.18 1.18 1.18 1.18 1.18 1.18 1.18 1.18 1.18 1.18 1.17 1.17 1.17 1.17 1.17 1.17 1.17 1.17 1.17 1.17 1.17 1.72 1.17 1.17 1.17 1.17 0.86 0.86 0.86 0.86 0.86 0.86 0.86 0.86 0.86 0.86 0.86 0.86 0.86 0.86 0.86 0.86 1.36 1.36 1.36 1.36
1.21 1.21 1.21 1.21 1.21 1.21 1.21 1.21 1.21 1.21 1.21 1.21 1.21 1.21 1.21 1.21 1.25 1.25 1.25 1.25 1.25 1.25 1.25 1.25 1.25 1.25 1.25 1.25 1.84 1.84 1.84 1.84 1.72 1.72 1.18 1.18 1.18 1.18 1.72 1.18 1.18 1.18 1.18 1.18 1.18 1.18 1.18 1.18 1.17 1.17 1.17 1.17 1.17 1.17 1.17 1.72 1.17 1.17 1.17 1.17 1.17 1.17 1.17 1.17 0.86 0.86 0.86 0.86 0.86 0.86 1.27 0.86 0.86 0.86 0.86 0.86 0.86 0.86 0.86 0.86 1.36 1.36 1.36 1.36
1.21 1.21 1.21 1.21 1.78 1.21 1.21 1.21 1.21 1.21 1.21 1.21 1.78 1.21 1.21 1.21 1.25 1.84 1.84 1.25 1.84 1.84 1.25 1.25 1.25 1.25 1.25 1.84 1.25 1.25 1.25 1.25 1.18 1.18 1.18 1.18 1.18 1.18 1.18 1.18 1.18 1.18 1.18 1.18 1.18 1.18 1.18 1.18 1.17 1.17 1.17 1.17 1.17 1.17 1.17 1.17 1.17 1.17 1.17 1.17 1.17 1.17 1.17 1.17 0.86 0.86 0.86 0.86 0.86 0.86 0.86 0.86 0.86 0.86 0.86 0.86 0.86 0.86 0.86 0.86 1.36 1.36 1.36 1.36
1.21 1.21 1.21 1.78 1.21 1.21 1.21 1.21 1.21 1.21 1.21 1.78 1.21 1.21 1.21 1.21 1.25 1.25 1.25 1.25 1.25 1.25 1.25 1.25 1.84 1.84 1.25 1.25 1.25 1.25 1.25 1.25 1.18 1.18 1.18 1.18 1.72 1.18 1.18 1.18 1.18 1.18 1.18 1.18 1.18 1.18 1.18 1.18 1.17 1.17 1.17 1.17 1.17 1.17 1.17 1.17 1.17 1.17 1.17 1.17 1.17 1.72 1.17 1.17 0.86 0.86 0.86 0.86 0.86 0.86 0.86 0.86 0.86 0.86 0.86 0.86 0.86 0.86 0.86 0.86 1.36 1.36 1.36 1.36
1.21 1.21 1.21 1.21 1.21 1.21 1.21 1.21 1.21 1.21 1.21 1.21 1.21 1.21 1.21 1.21 1.25 1.25 1.25 1.25 1.25 1.25 1.25 1.25 1.25 1.25 1.25 1.25 1.25 1.25 1.25 1.25 1.18 1.18 1.18 1.18 1.18 1.18 1.18 1.18 1.18 1.18 1.18 1.18 1.72 1.18 1.18 1.18 1.17 1.17 1.17 1.17 1.17 1.17 3.55 3.55 1.17 1.17 1.17 1.17 1.17 1.17 1.17 1.17 0.86 0.86 0.86 0.86 0.86 0.86 0.86 0.86 0.86 0.86 0.86 0.86 0.86 0.86 0.86 0.86 1.36 1.36 1.36 1.36
1.21 1.21 1.21 1.21 1.21 1.21 1.21 1.21 1.21 1.21 1.21 1.21 1.21 1.21 1.21 1.21 1.25 1.25 1.25 1.25 1.25 1.25 1.25 1.25 1.25 1.25 1.25 1.25 1.25 1.25 1.25 1.25 1.18 1.18 1.18 1.18 1.18 1.18 1.18 1.18 1.18 1.18 1.18 1.18 1.18 1.18 1.18 1.18 1.17 1.17 1.17 1.17 1.17 1.17 3.87 3.55 1.17 1.17 1.17 1.17 1.17 1.17 1.17 1.17 0.86 0.86 0.86 0.86 0.86 0.86 0.86 0.86 0.86 0.86 0.86 0.86 0.86 0.86 0.86 0.86 1.36 1.36 1.36 1.36
1.21 1.21 1.21 1.21 1.21 1.21 1.21 1.21 1.21 1.21 1.21 1.21 1.21 1.21 1.21 1.21 1.25 1.25 1.25 1.25 1.25 1.25 1.25 1.25 1.25 1.25 1.25 1.25 1.25 1.25 1.25 1.25 1.18 1.18 1.18 1.18 1.18 1.18 1.18 1.18 1.18 1.18 1.18 1.18 1.18 1.18 1.18 1.72 1.17 1.72 1.17 1.17 3.55 3.55 3.55 3.55 3.55 1.17 1.17 1.17 1.17 1.17 1.17 1.17 0.86 0.86 0.86 0.86 0.86 0.86 0.86 0.86 0.86 0.86 0.86 0.86 0.86 0.86 0.86 0.86 2.00 1.36 2.00 2.00
1.21 1.21 1.21 1.21 1.21 1.21 1.21 1.21 1.21 1.21 1.21 1.21 1.21 1.21 1.21 1.21 1.25 1.25 1.25 1.25 1.25 1.25 1.25 1.25 1.25 1.25 1.25 1.25 1.25 1.25 1.25 1.25 1.18 1.18 1.18 1.18 1.18 1.18 1.18 1.18 1.18 1.18 1.18 1.18 1.18 1.72 1.18 1.18 1.17 1.17 1.17 1.17 3.55 4.48 3.26 1.35 1.35 3.26 1.35 1.35 1.35 3.26 3.87 1.17 0.86 0.86 0.86 0.86 0.86 0.86 0.86 0.86 0.86 0.86 0.86 0.86 0.86 0.86 0.86 0.86 1.36 1.36 1.36 1.36
1.21 1.21 1.21 1.21 1.21 1.21 1.21 1.21 1.21 1.21 1.21 1.21 1.21 1.21 1.21 1.21 1.25 1.25 1.25 1.25 1.25 1.25 1.25 1.25 1.25 1.25 1.25 1.25 1.25 1.25 1.25 1.25 1.18 1.18 1.72 1.18 1.18 1.18 1.72 1.72 1.18 1.18 1.18 1.18 1.18 1.18 1.18 1.18 1.17 1.17 3.55 4.48 4.48 4.48 3.26 0.00 4.48 0.00 0.00 0.00 0.00 3.26 3.26 1.35 0.86 0.86 0.86 0.86 0.86 0.86 0.86 0.86 0.86 0.86 0.86 0.86 0.86 0.86 0.86 0.86 2.00 1.36 1.36 4.03
1.21 1.21 1.78 1.21 1.21 1.21 1.21 1.21 1.21 1.21 1.21 1.78 1.78 1.21 1.21 1.21 1.25 1.25 1.25 1.25 1.25 1.25 1.25 1.25 1.25 1.25 1.25 1.25 1.25 1.25 1.25 1.25 1.18 1.18 1.18 1.18 1.18 1.18 1.18 1.72 1.18 1.18 1.72 1.18 1.18 1.18 1.18 1.18 4.48 4.48 3.26 0.00 0.00 0.00 0.00 0.00 0.00 0.00 0.00 0.00 0.00 0.00 0.00 0.00 2.66 2.66 0.86 0.86 0.86 0.86 0.86 0.86 0.86 0.86 0.86 1.27 1.27 0.86 0.86 0.86 1.36 1.36 1.36 2.00
1.21 1.21 1.21 1.21 1.21 1.21 1.21 1.21 1.21 1.78 1.78 3.63 1.21 3.65 3.63 1.21 1.25 1.25 1.25 1.25 1.25 1.25 1.25 1.25 1.25 1.25 1.25 1.25 1.25 1.25 1.25 1.25 1.18 1.18 1.18 1.18 1.18 1.18 1.72 1.72 1.18 1.18 3.91 3.57 3.57 3.89 3.89 4.62 0.00 0.00 0.00 0.00 0.00 0.00 0.00 0.00 0.00 0.00 0.00 0.00 0.00 0.00 0.00 0.00 0.00 0.00 2.66 2.30 2.30 0.86 0.86 0.86 0.86 1.27 1.27 1.27 0.86 1.27 1.27 1.27 1.36 1.36 1.36 1.36
1.26 1.26 1.26 1.26 1.26 1.26 3.72 1.26 1.26 3.72 3.72 3.72 3.72 3.72 3.85 3.72 1.37 1.37 1.37 1.37 1.37 1.37 1.37 1.37 1.37 1.37 1.37 1.37 1.37 1.37 1.37 1.37 0.82 0.82 0.82 0.82 0.82 2.49 2.49 2.49 2.74 3.23 3.23 2.57 2.74 2.74 2.74 0.00 0.00 0.00 0.00 0.00 0.00 0.00 0.00 0.00 0.00 0.00 0.00 0.00 0.00 0.00 0.00 0.00 0.00 0.00 0.00 0.00 0.00 0.00 0.25 0.25 0.83 0.83 1.22 1.22 1.22 1.22 1.22 0.83 1.28 0.26 3.42 1.03
1.26 3.72 4.35 4.58 1.26 1.26 1.26 3.85 4.35 4.35 1.31 3.23 4.35 3.72 3.85 3.72 3.94 1.37 1.37 1.37 1.37 1.37 1.37 1.37 1.37 1.37 1.37 3.94 3.94 1.37 1.37 1.37 0.82 0.82 0.82 1.21 1.21 3.23 3.23 2.74 3.23 0.97 2.57 2.57 2.57 0.00 0.00 0.00 0.00 0.00 0.00 0.00 0.00 0.00 0.00 0.00 0.00 0.00 0.00 0.00 0.00 0.00 0.00 0.00 0.00 0.00 0.00 0.00 0.00 0.00 0.00 0.00 0.00 0.83 0.83 1.22 2.52 1.22 0.83 0.25 3.42 0.00 1.03 2.32
1.26 4.35 1.31 4.35 1.26 1.26 3.72 4.35 4.35 4.35 4.35 1.31 4.35 4.35 4.35 4.35 4.54 1.37 1.37 3.34 4.54 1.37 3.94 3.94 4.03 3.94 3.94 3.94 1.36 3.94 3.94 3.94 0.82 0.82 0.82 0.25 2.55 0.97 2.74 3.23 3.23 2.57 2.57 2.57 0.00 0.00 0.00 0.00 0.00 0.00 0.00 0.00 0.00 0.00 0.00 0.00 0.00 0.00 0.00 0.00 0.00 0.00 0.00 0.00 0.00 0.00 0.00 0.00 0.00 0.00 0.00 0.00 0.00 0.00 0.00 0.00 0.00 0.00 3.27 3.27 0.00 0.00 0.00 3.42
4.35 4.35 3.23 3.23 3.72 3.85 4.35 4.35 1.31 4.35 4.35 3.23 3.23 1.31 1.31 4.35 4.54 4.54 3.34 1.36 3.34 2.01 4.54 4.54 4.54 4.54 4.54 4.03 4.54 4.54 4.54 4.54 3.23 0.82 0.25 2.55 2.55 2.57 2.57 2.57 2.57 2.57 2.57 0.00 0.00 0.00 0.00 0.00 0.00 0.00 0.00 0.00 0.00 0.00 0.00 0.00 0.00 0.00 0.00 0.00 0.00 0.00 0.00 0.00 0.00 0.00 0.00 0.00 0.00 0.00 0.00 0.00 0.00 0.00 0.00 0.00 0.00 0.00 0.00 0.00 0.00 0.00 0.00 0.00
4.35 4.35 4.35 1.31 4.35 4.35 4.35 3.23 4.35 4.35 4.35 3.23 0.00 0.00 0.00 0.00 0.00 0.00 0.00 0.00 0.00 0.00 0.00 0.00 3.34 3.34 3.34 3.34 3.34 3.34 3.34 3.34 2.55 2.55 2.55 2.55 2.55 2.57 2.57 2.57 2.57 2.57 0.00 0.00 0.00 0.00 0.00 0.00 0.00 0.00 0.00 0.00 0.00 0.00 0.00 0.00 0.00 0.00 0.00 0.00 0.00 0.00 0.00 0.00 0.00 0.00 0.00 0.00 0.00 0.00 0.00 0.00 0.00 0.00 0.00 0.00 0.00 0.00 0.00 0.00 0.00 0.00 0.00 0.00
4.35 1.31 4.35 4.35 4.35 4.35 4.35 3.23 4.35 4.35 4.35 3.23 0.00 0.00 0.00 0.00 0.00 0.00 0.00 0.00 0.00 0.00 0.00 0.00 0.00 0.00 0.00 1.36 3.34 3.34 3.34 3.34 2.55 2.55 2.55 2.55 2.55 2.55 0.00 2.57 2.57 0.00 0.00 0.00 0.00 0.00 0.00 0.00 0.00 0.00 0.00 0.00 0.00 0.00 0.00 0.00 0.00 0.00 0.00 0.00 0.00 0.00 0.00 0.00 0.00 0.00 0.00 0.00 0.00 0.00 0.00 0.00 0.00 0.00 0.00 0.00 0.00 0.00 0.00 0.00 0.00 0.00 0.00 0.00
4.35 1.31 3.23 3.23 1.31 4.35 4.35 4.35 4.35 4.35 4.35 3.23 0.00 0.00 0.00 0.00 0.00 0.00 0.00 0.00 0.00 0.00 0.00 0.00 0.00 0.00 0.00 0.00 0.00 0.00 3.34 3.34 0.00 0.00 0.00 0.00 0.00 0.00 0.00 0.00 0.00 0.00 0.00 0.00 0.00 0.00 0.00 0.00 0.00 0.00 0.00 0.00 0.00 0.00 0.00 0.00 0.00 0.00 0.00 0.00 0.00 0.00 0.00 0.00 0.00 0.00 0.00 0.00 0.00 0.00 0.00 0.00 0.00 0.00 0.00 0.00 0.00 0.00 0.00 0.00 0.00 0.00 0.00 0.00
4.35 4.35 4.35 1.31 4.35 1.31 4.34 4.34 0.00 0.00 0.00 0.00 0.00 0.00 0.00 0.00 0.00 0.00 0.00 0.00 0.00 0.00 0.00 0.00 0.00 0.00 0.00 0.00 0.00 0.00 0.00 0.00 0.00 0.00 0.00 0.00 0.00 0.00 0.00 0.00 0.00 0.00 0.00 0.00 0.00 0.00 0.00 0.00 0.00 0.00 0.00 0.00 0.00 0.00 0.00 0.00 0.00 0.00 0.00 0.00 0.00 0.00 0.00 0.00 0.00 0.00 0.00 0.00 0.00 0.00 0.00 0.00 0.00 0.00 0.00 0.00 0.00 0.00 0.00 0.00 0.00 0.00 0.00 0.00
4.35 3.85 3.85 3.23 4.35 3.23 3.23 1.30 1.31 4.95 3.23 1.30 0.00 0.00 0.00 0.00 0.00 0.00 0.00 0.00 0.00 0.00 0.00 0.00 0.00 0.00 0.00 0.00 0.00 0.00 0.00 0.00 0.00 0.00 0.00 0.00 0.00 0.00 0.00 0.00 0.00 0.00 0.00 0.00 0.00 0.00 0.00 0.00 0.00 0.00 0.00 0.00 0.00 0.00 0.00 0.00 0.00 0.00 0.00 0.00 0.00 0.00 0.00 0.00 0.00 0.00 0.00 0.00 0.00 0.00 0.00 0.00 0.00 0.00 0.00 0.00 0.00 0.00 0.00 0.00 0.00 0.00 0.00 0.00
4.35 4.35 4.35 4.35 3.23 3.23 3.23 1.30 1.30 4.34 4.35 1.30 0.00 0.00 0.00 0.00 0.00 0.00 0.00 0.00 0.00 0.00 0.00 0.00 0.00 0.00 0.00 0.00 0.00 0.00 0.00 0.00 0.00 0.00 0.00 0.00 0.00 0.00 0.00 0.00 0.00 0.00 0.00 0.00 0.00 0.00 0.00 0.00 0.00 0.00 0.00 0.00 0.00 0.00 0.00 0.00 0.00 0.00 0.00 0.00 0.00 0.00 0.00 0.00 0.00 0.00 0.00 0.00 0.00 0.00 0.00 0.00 0.00 0.00 0.00 0.00 0.00 0.00 0.00 0.00 0.00 0.00 0.00 0.00
3.94 4.55 3.23 3.23 1.31 3.23 3.23 3.23 3.23 3.23 3.23 3.23 0.00 0.00 0.00 0.00 0.00 0.00 0.00 0.00 0.00 0.00 0.00 0.00 0.00 0.00 0.00 0.00 0.00 0.00 0.00 0.00 0.00 0.00 0.00 0.00 0.00 0.00 0.00 0.00 0.00 0.00 0.00 0.00 0.00 0.00 0.00 0.00 0.00 0.00 0.00 0.00 0.00 0.00 0.00 0.00 0.00 0.00 0.00 0.00 0.00 0.00 0.00 0.00 0.00 0.00 0.00 0.00 0.00 0.00 0.00 0.00 0.00 0.00 0.00 0.00 0.00 0.00 0.00 0.00 0.00 0.00 0.00 0.00
3.94 1.18 4.35 1.31 1.26 1.26 1.26 3.90 1.26 4.35 3.23 0.38 0.38 0.38 3.23 4.35 3.34 3.34 3.34 4.54 0.00 0.00 0.00 0.00 0.00 0.00 0.00 0.00 0.00 0.00 0.00 0.00 0.00 0.00 0.00 0.00 0.00 0.00 0.00 0.00 0.00 0.00 0.00 0.00 0.00 0.00 0.00 0.00 0.00 0.00 0.00 0.00 0.00 0.00 0.00 0.00 0.00 0.00 0.00 0.00 0.00 0.00 0.00 0.00 0.00 0.00 0.00 0.00 0.00 0.00 0.00 0.00 0.00 0.00 0.00 0.00 0.00 0.00 0.00 0.00 0.00 0.00 0.00 0.00
1.18 3.94 3.94 3.23 3.76 1.26 1.26 1.26 1.26 1.26 1.26 1.26 1.26 0.38 1.31 4.35 4.54 1.36 3.34 3.34 4.54 0.00 0.00 0.00 0.00 0.00 0.00 0.00 0.00 0.00 0.00 0.00 0.00 0.00 0.00 0.00 0.00 0.00 0.00 0.00 0.00 0.00 0.00 0.00 0.00 0.00 0.00 0.00 0.00 0.00 0.00 0.00 0.00 0.00 0.00 0.00 0.00 0.00 0.00 0.00 0.00 0.00 0.00 0.00 0.00 0.00 0.00 0.00 0.00 0.00 0.00 0.00 0.00 0.00 0.00 0.00 0.00 0.00 0.00 0.00 0.00 0.00 0.00 0.00
1.18 3.94 4.05 4.42 3.90 1.26 1.26 1.26 1.26 1.26 1.26 1.26 1.26 4.35 4.35 3.72 2.01 4.61 3.99 3.99 3.94 4.54 0.00 4.78 0.00 0.00 0.00 0.00 0.00 0.00 0.00 0.00 0.00 0.00 0.00 0.00 0.00 0.00 0.00 0.00 0.00 0.00 0.00 0.00 0.00 0.00 0.00 0.00 0.00 0.00 0.00 0.00 0.00 0.00 0.00 0.00 0.00 0.00 0.00 0.00 0.00 0.00 0.00 0.00 0.00 0.00 0.00 0.00 0.00 0.00 0.00 0.00 0.00 0.00 0.00 0.00 0.00 0.00 0.00 0.00 0.00 0.00 0.00 0.00
3.94 4.05 4.05 4.05 3.90 1.26 1.26 1.26 1.26 1.26 1.26 1.26 1.26 1.26 4.35 3.76 4.09 3.99 4.09 1.37 1.37 3.99 4.54 4.54 4.54 3.34 0.00 0.00 0.00 0.00 0.00 0.00 0.00 0.00 0.00 0.00 0.00 0.00 0.00 0.00 0.00 0.00 0.00 0.00 0.00 0.00 0.00 0.00 0.00 0.00 0.00 0.00 0.00 0.00 0.00 0.00 0.00 0.00 0.00 0.00 0.00 0.00 0.00 0.00 0.00 0.00 0.00 0.00 0.00 0.00 0.00 0.00 0.00 0.00 0.00 0.00 0.00 0.00 0.00 0.00 0.00 0.00 0.00 0.00
4.05 4.05 4.05 1.26 1.26 1.26 1.26 1.26 1.26 1.26 1.26 1.85 1.26 3.85 3.90 3.76 4.61 4.61 2.01 2.01 1.37 1.37 3.99 4.54 4.54 4.54 3.34 3.34 0.00 0.00 0.00 0.00 0.00 0.00 0.00 0.00 0.00 0.00 0.00 0.00 0.00 0.00 0.00 0.00 0.00 0.00 0.00 0.00 0.00 0.00 0.00 0.00 0.00 0.00 0.00 0.00 0.00 0.00 0.00 0.00 0.00 0.00 0.00 0.00 0.00 0.00 0.00 0.00 0.00 0.00 0.00 0.00 0.00 0.00 0.00 0.00 0.00 0.00 0.00 0.00 0.00 0.00 0.00 0.00
1.96 4.19 3.62 1.34 1.34 1.34 1.34 1.34 1.34 1.34 1.34 1.96 1.34 1.37 3.96 4.62 4.57 1.32 1.93 1.32 1.32 1.32 1.32 4.04 4.51 4.51 4.51 3.35 3.35 0.00 0.00 0.00 0.00 0.00 0.00 0.00 0.00 0.00 0.00 0.00 3.28 0.00 0.00 0.00 0.00 0.00 0.00 3.44 3.41 3.41 3.41 4.90 0.00 0.00 0.00 0.00 0.00 0.00 0.00 0.00 0.00 0.00 0.00 0.00 0.00 0.00 0.00 0.00 0.00 0.00 0.00 0.00 0.00 0.00 0.00 0.00 0.00 0.00 0.00 0.00 0.00 0.00 0.00 0.00
3.62 3.62 3.62 3.62 1.34 1.34 1.34 1.34 1.34 1.34 1.34 1.96 1.34 1.34 1.34 4.09 1.32 1.32 1.32 1.32 1.32 1.32 1.32 1.32 1.32 1.32 1.32 1.32 0.40 3.35 3.35 3.35 0.00 0.00 0.00 0.00 0.00 0.00 3.28 3.28 3.28 3.28 3.44 3.44 3.44 3.44 0.39 1.29 1.29 0.39 4.62 1.39 3.41 0.00 0.00 0.00 0.00 0.00 0.00 0.00 0.00 0.00 0.00 0.00 0.00 0.00 0.00 0.00 0.00 0.00 0.00 0.00 0.00 0.00 0.00 0.00 0.00 0.00 0.00 0.00 0.00 0.00 0.00 0.00
1.34 1.34 1.34 1.34 1.34 1.34 1.34 1.34 1.34 1.34 1.34 1.34 1.34 1.34 1.34 1.34 1.32 1.32 1.32 1.32 1.32 1.32 1.32 1.32 1.32 1.32 1.32 1.32 1.93 4.73 3.35 3.35 4.43 0.00 0.00 0.00 0.00 3.28 3.28 3.28 3.28 3.28 3.44 3.44 1.89 1.29 1.89 0.39 1.88 0.39 1.39 4.62 4.62 0.00 0.00 0.00 0.00 0.00 0.00 0.00 0.00 0.00 0.00 0.00 0.00 0.00 0.00 0.00 0.00 0.00 0.00 0.00 0.00 0.00 0.00 0.00 0.00 0.00 0.00 0.00 0.00 0.00 0.00 0.00
1.34 1.34 1.34 1.34 1.34 1.34 1.34 1.34 1.34 1.34 1.34 1.34 1.34 1.34 1.34 1.34 1.32 1.32 1.32 1.32 1.32 1.32 1.32 1.32 1.32 1.93 1.32 1.32 3.99 3.35 1.35 3.35 3.28 3.28 3.28 3.28 3.28 3.28 3.28 3.80 3.80 3.83 3.83 3.91 3.91 1.29 1.89 1.89 0.39 3.41 4.62 0.00 0.00 0.00 0.00 0.00 0.00 0.00 0.00 0.00 0.00 0.00 0.00 0.00 0.00 0.00 0.00 0.00 0.00 0.00 0.00 0.00 0.00 0.00 0.00 0.00 0.00 0.00 0.00 0.00 0.00 0.00 0.00 0.00
4.19 1.34 1.34 1.34 1.34 1.34 1.34 1.34 1.34 1.34 1.34 1.34 1.34 1.34 1.34 1.34 1.32 1.32 1.32 1.32 1.32 1.32 1.32 1.32 1.93 1.93 1.32 1.32 1.35 3.35 3.35 3.35 3.28 3.28 3.28 3.28 3.28 3.28 1.33 4.43 1.29 1.29 1.29 1.89 4.74 3.91 4.21 3.44 3.41 1.39 1.39 0.00 0.00 0.00 0.00 0.00 0.00 0.00 0.00 0.00 0.00 0.00 0.00 0.00 0.00 0.00 0.00 0.00 0.00 0.00 0.00 0.00 0.00 0.00 0.00 0.00 0.00 0.00 0.00 0.00 0.00 0.00 0.00 0.00
4.07 1.96 1.34 1.34 1.34 1.34 1.34 1.34 1.34 1.34 1.34 1.34 1.34 1.34 1.34 1.34 1.32 1.32 1.32 1.32 1.93 1.32 1.32 1.32 1.32 1.93 1.93 3.35 1.35 1.35 3.35 3.35 3.28 3.28 4.43 4.43 3.28 3.80 3.92 1.29 1.29 1.29 1.89 1.89 3.85 4.04 3.34 3.33 3.41 0.00 0.00 0.00 0.00 0.00 0.00 0.00 0.00 0.00 0.00 0.00 0.00 0.00 0.00 0.00 0.00 0.00 0.00 0.00 0.00 0.00 0.00 0.00 0.00 0.00 0.00 0.00 0.00 0.00 0.00 0.00 0.00 0.00 0.00 0.00
