New_Model_Runs/9_Future_Present_Scn2_out/post_prcessed_with_MFR/Monthly_summaries/actual_et_monthly_MAR.asc
NCOLS 700
NROWS 400
XLLCENTER 515000.000000
YLLCENTER 8409000.000000
CELLSIZE 50.000000
NODATA_value -999.000000
[rows 114 to 151 of 400, columns 504 to 587 of 700]
1.21 1.21 1.21 1.21 1.21 1.21 1.21 1.21 1.14 1.14 1.14 1.14 1.14 1.14 1.14 1.14 1.14 1.14 1.67 1.14 1.67 3.69 1.14 1.67 1.85 1.85 1.26 3.99 1.26 1.85 1.26 1.26 1.85 1.26 1.26 1.85 1.26 1.85 1.26 1.26 1.97 1.34 1.34 1.34 1.34 1.34 1.34 1.34 1.34 1.34 1.34 1.34 1.34 1.34 1.34 1.34 1.30 1.30 1.30 1.30 1.30 1.30 1.30 1.30 1.30 1.90 1.90 1.30 1.30 1.30 1.30 1.30 1.17 1.17 1.17 1.17 1.17 1.17 0.00 0.00 0.00 0.00 0.00 0.00
1.21 1.21 1.21 1.21 1.21 1.21 1.21 1.21 1.14 1.14 1.14 1.14 1.14 1.14 1.14 1.14 1.14 1.67 1.14 1.67 1.67 1.67 1.67 1.67 1.85 1.85 1.26 1.26 1.85 1.26 1.26 1.26 1.26 1.85 1.85 1.26 1.26 1.26 1.26 1.26 1.34 1.34 1.34 1.34 1.34 1.34 1.34 1.34 1.34 1.34 1.34 1.34 1.34 1.34 1.34 1.34 1.30 1.30 1.30 1.30 1.30 1.30 1.30 1.30 1.30 1.30 1.30 1.30 1.30 1.30 1.30 1.30 1.17 1.17 1.17 1.17 1.17 1.17 1.72 1.72 2.68 2.68 2.68 2.68
1.21 1.21 1.21 1.21 1.21 1.21 1.21 1.21 1.14 1.14 1.14 1.14 1.14 1.14 1.14 1.14 1.14 1.14 1.14 1.67 1.67 1.67 1.14 1.14 1.85 1.85 1.85 1.85 1.26 1.26 1.26 1.85 1.26 1.26 1.26 1.26 1.26 1.26 1.26 1.26 1.34 1.34 1.34 1.34 1.34 1.34 1.34 1.34 1.34 1.34 1.34 1.34 1.34 1.34 1.34 1.34 1.30 1.30 1.30 1.30 1.30 1.30 1.30 1.30 1.30 1.30 1.30 1.30 1.30 1.30 1.30 1.30 1.17 1.17 1.17 1.17 1.17 1.17 1.17 1.17 3.84 3.84 3.84 3.35
1.21 1.21 1.21 1.21 1.21 1.21 1.21 1.21 1.14 1.14 1.14 1.14 1.14 1.14 1.14 1.14 1.14 1.14 1.14 1.14 1.14 1.14 1.14 1.14 1.85 1.85 1.26 1.26 1.26 1.26 1.26 1.26 1.26 1.26 1.26 1.26 1.26 1.26 1.26 1.26 1.34 1.34 1.34 1.34 1.34 1.34 1.34 1.97 1.34 1.34 4.18 1.34 1.34 1.34 1.34 1.34 1.30 1.30 1.30 1.30 1.30 1.30 1.30 1.30 1.30 1.30 1.30 1.30 1.30 1.30 1.30 1.30 1.17 1.17 1.17 1.17 1.17 1.17 1.17 1.17 1.17 3.35 1.17 1.17
1.21 1.21 1.21 1.21 1.21 1.21 1.21 1.21 1.14 1.14 1.14 1.14 1.14 1.14 1.14 1.14 1.14 1.14 1.14 1.14 1.14 1.14 1.14 1.14 1.85 1.85 1.85 1.26 1.26 1.26 1.26 1.26 1.26 1.26 1.85 1.26 1.26 1.26 1.26 1.26 1.34 1.34 1.34 1.34 1.34 1.34 1.34 1.97 1.97 1.97 1.34 1.34 1.34 1.34 1.34 1.34 1.30 1.30 1.30 1.30 1.30 1.30 1.30 1.30 1.30 1.30 1.30 1.30 1.30 1.30 1.30 1.30 1.17 1.17 1.17 1.17 1.17 1.17 1.17 1.17 3.33 3.84 3.33 1.17
1.21 1.21 1.21 1.21 1.21 1.21 1.21 1.21 1.14 1.14 1.14 1.14 1.14 1.14 1.14 1.14 1.14 1.14 1.14 1.14 1.67 1.14 1.14 1.14 1.26 1.26 1.26 1.26 1.26 1.26 1.26 1.26 1.26 1.26 1.26 1.26 1.26 1.26 1.26 1.26 1.34 1.34 1.34 1.34 1.34 1.34 1.34 4.00 4.18 1.34 1.34 1.34 1.34 1.34 1.34 1.34 1.30 1.30 1.30 1.30 1.30 1.30 1.30 1.30 1.30 1.30 1.30 1.30 1.30 1.30 1.30 1.30 1.17 1.17 1.17 1.17 1.17 1.17 1.72 1.72 1.72 3.84 3.33 3.33
1.21 1.21 1.21 1.21 1.21 1.21 1.21 1.21 1.14 1.14 1.14 1.14 1.14 1.14 1.14 1.14 1.67 1.14 1.14 1.14 1.14 1.14 1.67 1.14 1.26 1.26 1.26 1.26 1.26 1.26 1.26 1.26 1.26 1.26 1.26 1.26 1.26 1.26 1.26 1.26 1.34 1.34 1.34 1.34 1.34 1.97 1.97 1.34 1.34 1.34 1.34 1.34 1.34 1.34 1.34 1.34 1.30 1.30 1.30 1.30 1.30 1.30 1.30 1.30 1.30 1.30 1.30 1.30 1.30 1.30 1.30 1.30 1.17 1.17 1.17 1.17 1.72 1.72 1.72 1.72 3.35 3.33 3.33 1.72
1.21 1.21 1.21 1.21 1.21 1.21 1.21 1.21 1.14 1.14 1.14 1.14 1.67 1.14 1.14 1.14 1.67 1.14 1.14 1.14 1.14 1.14 1.14 1.14 1.26 1.26 1.26 1.26 1.26 1.26 1.26 1.26 1.26 1.26 1.26 1.26 1.26 1.26 1.26 1.26 1.34 1.34 1.34 1.34 1.34 1.34 1.34 1.34 1.34 1.34 1.34 1.34 1.34 1.34 1.34 1.34 1.30 1.30 1.30 1.30 1.30 1.30 1.30 1.30 1.30 1.30 1.30 1.30 1.30 1.30 1.30 1.30 1.17 1.72 1.17 1.17 1.17 1.17 1.72 1.72 1.17 1.17 1.17 1.17
1.21 1.21 1.21 1.21 1.21 1.21 1.21 1.21 1.14 1.14 1.14 1.14 1.67 1.14 1.14 1.14 1.67 1.14 1.14 1.14 1.14 1.14 1.14 1.14 1.26 1.26 1.26 4.01 1.26 1.26 1.26 1.26 1.26 1.26 1.85 1.26 1.26 1.26 1.26 1.26 1.34 4.00 4.00 1.34 1.34 1.34 1.34 1.34 1.34 1.34 1.34 1.34 1.34 1.34 1.34 1.34 1.30 1.30 1.30 1.30 1.30 1.30 1.30 1.30 1.30 1.30 1.30 1.30 1.30 1.30 1.30 1.30 1.17 1.17 1.17 1.17 1.17 1.17 1.17 1.17 1.17 1.17 1.17 1.17
1.21 1.21 1.21 1.21 1.21 1.78 1.78 1.21 1.67 1.67 1.14 1.14 1.14 1.14 1.14 1.14 1.67 1.67 1.67 1.67 1.14 1.14 1.14 1.14 1.26 1.26 1.85 1.26 1.26 1.26 1.26 1.26 1.26 1.26 1.85 1.26 1.26 1.26 1.85 1.26 1.34 1.34 1.34 1.34 1.34 1.34 1.34 1.34 1.34 1.34 1.34 1.34 1.34 1.34 1.34 1.34 1.30 1.30 1.30 1.30 1.30 1.30 1.30 1.30 1.30 1.30 1.30 1.30 1.30 1.30 1.30 1.30 1.17 1.17 1.17 1.17 1.17 1.17 1.17 1.17 1.17 1.17 1.17 1.17
1.21 1.21 1.21 1.21 1.21 1.21 1.21 1.21 1.14 1.14 1.14 1.14 1.14 1.14 1.14 1.14 1.14 1.14 1.67 1.14 1.14 1.14 1.14 1.14 1.26 1.26 1.26 1.26 1.26 1.26 1.26 1.26 1.26 1.26 1.26 1.26 3.81 1.26 1.26 1.26 1.34 1.34 1.34 1.97 1.34 1.34 1.34 1.34 1.34 1.34 1.34 1.34 1.34 1.34 1.34 1.34 1.30 1.30 1.30 1.30 1.30 1.30 1.30 1.30 1.30 1.30 1.30 1.30 1.30 1.30 1.30 1.30 1.17 1.17 1.17 1.17 1.17 1.17 1.17 1.17 1.17 1.17 1.17 1.17
1.21 1.21 1.21 1.21 1.21 1.21 1.21 1.21 1.14 1.14 1.14 1.14 1.14 1.14 1.14 1.14 1.14 1.14 1.14 1.14 1.14 1.67 1.14 1.14 1.26 1.26 1.26 1.26 1.26 1.26 1.26 1.26 1.26 4.59 1.26 1.38 3.78 1.26 1.26 1.26 1.34 1.34 1.34 1.34 1.34 1.34 1.34 1.34 1.34 1.34 1.34 1.34 1.34 1.34 1.34 1.34 1.30 1.30 1.30 1.30 1.30 1.30 1.30 1.30 1.30 1.30 1.30 1.30 1.30 1.30 1.30 1.30 1.17 1.17 1.17 1.17 1.17 1.17 1.17 1.17 1.17 1.17 1.17 1.17
1.21 1.21 1.21 1.21 1.21 1.21 1.21 1.21 1.14 1.14 1.14 1.14 1.14 1.14 1.14 1.14 1.14 1.14 1.14 1.14 1.14 1.67 1.67 1.14 1.26 0.38 3.91 3.49 3.91 1.17 1.26 1.26 1.26 4.59 4.59 1.26 1.26 1.26 1.26 1.26 1.34 1.34 1.34 1.34 1.34 1.34 1.34 1.34 1.34 1.34 1.34 1.34 1.34 1.34 1.34 1.34 1.30 1.30 1.30 1.30 1.30 1.30 1.30 1.30 1.30 1.30 1.30 1.30 1.30 1.30 1.30 1.30 1.17 1.17 1.17 1.17 1.17 1.17 1.17 1.17 1.17 1.17 1.17 1.17
1.21 1.21 1.21 1.21 1.21 1.21 1.21 1.21 1.14 1.14 1.14 1.14 1.14 1.14 1.14 1.14 1.14 1.14 1.14 1.14 1.14 3.61 1.14 1.14 0.38 3.05 3.05 3.91 3.91 3.05 4.13 3.05 4.59 4.59 3.96 1.26 1.26 1.26 1.26 1.26 1.34 1.34 1.34 1.34 1.34 1.34 1.34 1.97 1.34 1.34 1.97 1.34 1.34 1.34 1.34 1.34 1.30 1.30 1.30 1.30 1.30 1.30 1.30 1.30 1.30 1.30 1.30 1.30 1.30 1.30 1.30 1.30 1.17 1.17 1.17 1.17 1.17 1.17 1.17 1.17 1.17 1.17 1.17 1.17
1.21 1.21 1.21 1.21 1.21 1.21 1.21 1.21 1.14 1.14 1.14 1.14 1.14 1.14 1.14 1.14 1.14 1.14 1.14 1.14 3.66 1.14 1.14 2.88 3.05 3.05 0.00 0.00 0.00 0.00 0.00 0.00 0.00 0.00 1.26 1.26 1.26 1.26 1.26 1.26 1.34 1.34 1.34 1.34 1.34 1.34 1.34 1.97 1.97 1.34 1.34 1.34 1.34 1.97 1.34 1.34 1.90 1.30 1.30 1.30 1.30 1.30 1.30 1.30 1.30 1.30 1.30 1.30 1.30 1.30 1.30 1.30 1.17 1.17 1.17 1.17 1.17 1.17 1.17 1.17 1.17 1.17 1.17 1.17
1.21 1.21 1.21 1.21 1.21 1.21 1.21 1.78 1.14 1.14 1.14 1.14 1.14 1.14 1.14 1.14 1.14 1.14 1.14 3.45 3.66 1.14 2.88 3.68 3.05 0.00 0.00 0.00 0.00 0.00 0.00 0.00 0.00 0.00 1.26 1.26 1.26 1.26 1.26 1.26 1.34 1.34 4.17 3.97 4.73 1.34 1.34 1.34 1.34 1.34 1.34 1.34 1.34 1.34 1.34 1.34 1.30 1.30 1.30 1.30 1.30 1.30 1.30 1.30 1.30 1.30 1.30 1.30 1.30 1.30 1.30 1.30 1.17 1.17 1.17 1.17 1.17 1.17 1.17 1.17 1.17 1.72 1.17 1.17
1.15 1.15 1.15 1.15 1.15 1.15 1.68 1.15 1.13 1.13 0.77 0.77 0.77 0.77 0.77 0.77 0.77 0.77 0.77 2.34 2.34 3.03 0.77 0.77 0.00 0.00 0.00 0.00 0.00 0.00 0.00 0.00 0.00 0.00 0.00 0.79 0.79 0.79 0.79 0.79 3.14 3.14 3.14 0.94 0.80 1.17 0.80 0.80 0.80 0.80 0.80 0.80 0.80 0.80 0.80 0.80 1.30 1.30 1.30 1.30 1.30 1.91 1.30 1.30 1.30 1.30 1.30 1.30 1.30 1.30 1.30 1.30 1.28 1.28 1.28 1.28 1.28 1.28 1.28 1.28 1.28 1.28 1.28 1.28
1.15 1.15 1.15 1.15 1.15 1.15 1.68 1.15 1.13 2.44 0.77 0.77 0.77 0.77 0.77 0.77 0.77 0.77 0.77 0.77 0.77 0.77 0.77 0.77 0.00 0.00 0.00 0.00 0.00 0.00 0.00 0.00 0.00 0.00 0.00 0.79 0.79 0.79 1.17 0.00 0.00 3.14 3.14 3.14 0.80 0.80 0.80 0.80 0.80 0.80 0.80 0.80 0.80 0.80 0.80 0.80 1.30 1.30 1.30 1.30 3.56 1.91 1.30 1.30 1.30 1.30 1.30 1.30 1.30 1.30 1.30 1.30 1.28 1.28 1.28 1.28 1.28 1.28 1.28 1.28 1.28 1.28 1.28 1.28
1.15 1.15 1.15 1.15 1.15 1.68 1.15 1.15 0.77 0.77 0.77 0.77 0.77 0.77 0.77 2.34 2.57 0.77 0.77 0.77 0.77 0.77 1.13 0.00 0.00 0.00 0.00 0.00 0.00 0.00 0.00 0.00 0.00 0.00 0.00 0.79 0.79 0.00 0.00 0.00 0.00 0.00 0.00 0.94 0.80 0.80 0.80 0.80 0.80 0.80 0.80 0.80 0.80 0.80 0.80 0.80 1.30 1.30 1.30 1.30 1.30 1.91 1.30 1.30 1.30 1.30 1.30 1.30 1.30 1.30 1.30 1.30 1.28 1.28 1.28 1.28 1.28 1.28 1.28 1.28 1.28 1.28 1.28 1.28
1.15 1.15 1.15 1.15 1.15 1.15 1.15 1.15 0.77 1.13 0.77 0.77 0.77 0.77 2.34 2.34 2.31 2.77 0.77 0.77 1.13 0.77 0.00 0.00 0.00 0.00 0.00 0.00 0.00 0.00 0.00 0.00 0.00 0.00 0.00 0.00 0.00 0.00 0.00 0.00 0.00 0.00 0.00 0.01 0.80 0.80 0.80 0.80 0.80 0.80 0.80 0.80 0.80 0.80 0.80 0.80 1.30 1.30 1.30 1.30 1.30 1.30 1.30 1.30 1.91 1.30 1.30 1.30 1.30 1.30 1.30 1.30 1.28 1.28 1.28 1.28 1.28 1.28 1.28 1.28 1.28 1.28 1.28 1.28
1.15 1.15 1.15 1.15 1.15 1.15 1.15 3.47 2.34 1.13 1.13 0.77 0.77 3.03 2.77 2.77 2.94 2.77 0.00 0.00 0.00 0.00 0.00 0.00 0.00 0.00 0.00 0.00 0.00 0.00 0.00 0.00 0.00 0.00 0.00 0.00 0.00 0.00 0.00 0.00 0.00 0.00 0.00 0.00 0.80 0.80 1.17 0.80 1.17 1.17 0.80 0.80 0.80 0.80 0.80 0.80 1.30 1.30 1.30 1.30 1.30 1.30 1.30 1.30 1.30 1.30 1.30 1.30 1.30 1.30 1.30 1.30 1.28 1.28 1.28 1.28 1.28 1.28 1.28 1.28 1.28 1.28 1.28 1.28
1.15 1.15 1.15 1.15 1.15 1.68 1.15 1.15 2.34 2.40 2.77 2.77 2.77 0.00 0.00 0.00 0.00 0.00 0.00 0.00 0.00 0.00 0.00 0.00 0.00 0.00 0.00 0.00 0.00 0.00 0.00 0.00 0.00 0.00 0.00 0.00 0.00 0.00 0.00 0.00 0.00 0.00 0.00 0.80 0.80 0.80 0.80 0.80 0.80 0.80 0.80 0.80 0.80 0.80 0.80 0.80 1.30 1.30 1.30 1.30 1.30 1.30 1.30 1.30 1.30 1.30 1.30 1.30 1.30 1.30 1.30 1.30 1.28 1.28 1.28 1.28 1.28 1.28 1.28 1.28 1.28 1.28 1.28 1.28
1.15 1.15 1.15 1.15 1.15 1.15 1.15 4.31 2.77 2.77 0.00 0.00 0.00 0.00 0.00 0.00 0.00 0.00 0.00 0.00 0.00 0.00 0.00 0.00 0.00 0.00 0.00 0.00 0.00 0.00 0.00 0.00 0.00 0.00 0.00 0.00 0.00 0.00 0.00 0.00 0.00 0.00 0.00 0.80 2.42 0.80 0.80 0.80 0.80 0.80 0.80 0.80 0.80 0.80 0.80 0.80 1.30 1.30 1.30 1.30 1.30 1.30 1.30 1.30 1.30 1.30 1.30 1.30 1.30 1.30 1.30 1.30 1.28 1.28 1.28 1.28 1.28 1.28 1.28 1.28 1.28 1.28 1.28 1.28
1.15 1.15 1.15 1.68 1.68 1.68 1.11 3.70 0.00 0.00 0.00 0.00 0.00 0.00 0.00 0.00 0.00 0.00 0.00 0.00 0.00 0.00 0.00 0.00 0.00 0.00 0.00 0.00 0.00 0.00 0.00 0.00 0.00 0.00 0.00 0.00 0.00 0.00 0.00 0.00 0.00 0.00 0.00 0.00 0.00 0.00 0.00 2.83 2.83 0.80 2.42 0.80 0.80 0.80 0.80 0.80 1.30 1.30 1.30 1.30 1.30 1.30 1.30 1.30 1.30 1.30 1.30 1.30 1.30 1.30 1.30 1.30 1.28 1.28 1.28 1.28 1.28 1.28 1.28 1.28 1.28 1.28 1.28 1.28
1.15 1.15 1.15 1.68 1.68 3.47 3.70 0.00 0.00 0.00 0.00 0.00 0.00 0.00 0.00 0.00 0.00 0.00 0.00 0.00 0.00 0.00 0.00 0.00 0.00 0.00 0.00 0.00 0.00 0.00 0.00 0.00 0.00 0.00 0.00 0.00 0.00 0.00 0.00 0.00 0.00 0.00 0.00 0.00 0.00 0.00 0.00 0.00 2.83 2.28 0.80 2.42 2.42 0.80 0.80 0.80 1.30 1.30 1.30 1.30 1.30 1.30 1.30 1.30 1.30 1.30 1.30 1.30 1.30 1.30 1.30 1.30 1.28 1.28 1.28 1.28 1.28 1.28 1.28 1.28 1.28 1.28 1.28 1.28
1.15 1.15 1.15 1.15 1.15 1.15 0.00 0.00 0.00 0.00 0.00 0.00 0.00 0.00 0.00 0.00 0.00 0.00 0.00 0.00 0.00 0.00 0.00 0.00 0.00 0.00 0.00 0.00 0.00 0.00 0.00 0.00 0.00 0.00 0.00 0.00 0.00 0.00 0.00 0.00 0.00 0.00 0.00 0.00 0.00 0.00 0.00 0.00 0.00 0.80 1.17 0.80 2.66 0.80 0.80 0.80 1.30 1.30 1.30 1.30 1.30 1.30 1.30 1.30 1.30 1.30 1.30 1.30 1.30 1.30 1.30 1.30 1.28 1.28 1.28 1.28 1.28 1.28 1.28 1.28 1.28 1.28 1.28 1.28
1.15 1.15 1.15 1.15 1.15 1.15 1.15 0.00 0.00 0.00 0.00 0.00 0.00 0.00 0.00 0.00 0.00 0.00 0.00 0.00 0.00 0.00 0.00 0.00 0.00 0.00 0.00 0.00 0.00 0.00 0.00 0.00 0.00 0.00 0.00 0.00 0.00 0.00 0.00 0.00 0.00 0.00 0.00 0.00 0.00 0.00 0.00 0.00 0.00 0.80 0.24 0.80 2.33 0.80 2.42 2.42 4.63 1.30 1.30 1.30 1.30 1.30 1.30 1.30 1.30 1.30 1.30 1.30 1.30 1.30 1.30 1.30 1.28 1.28 1.28 1.28 1.87 1.28 1.87 1.87 1.28 1.28 1.28 1.28
1.15 1.15 3.47 1.15 1.15 1.15 1.15 0.00 0.00 0.00 0.00 0.00 0.00 0.00 0.00 0.00 0.00 0.00 0.00 0.00 0.00 0.00 0.00 0.00 0.00 0.00 0.00 0.00 0.00 0.00 0.00 0.00 0.00 0.00 0.00 0.00 0.00 0.00 0.00 0.00 0.00 0.00 0.00 0.00 0.00 0.00 0.00 0.00 0.00 0.00 2.28 0.85 3.14 3.14 2.33 2.33 4.63 1.30 1.30 1.30 1.30 1.30 1.30 1.30 1.30 1.30 1.30 1.30 1.30 1.30 1.30 1.30 1.28 1.28 1.28 1.28 1.28 1.28 1.28 1.87 1.87 1.28 1.28 1.28
1.15 1.15 1.15 0.34 1.15 0.00 0.00 0.00 0.00 0.00 0.00 0.00 0.00 0.00 0.00 0.00 0.00 0.00 0.00 0.00 0.00 0.00 0.00 0.00 0.00 0.00 0.00 0.00 0.00 0.00 0.00 0.00 0.00 0.00 0.00 0.00 0.00 0.00 0.00 0.00 0.00 0.00 0.00 0.00 0.00 0.00 0.00 0.00 0.00 0.00 3.00 2.28 2.83 0.94 2.42 2.42 1.30 1.30 1.30 1.30 1.30 1.30 1.30 1.30 1.30 1.30 1.30 1.30 1.30 1.30 1.30 1.30 1.28 1.28 1.28 1.28 1.28 1.28 1.28 1.28 1.28 1.28 1.28 1.28
1.15 1.15 1.15 4.37 0.00 0.00 0.00 0.00 0.00 0.00 0.00 0.00 0.00 0.00 0.00 0.00 0.00 0.00 0.00 0.00 0.00 0.00 0.00 0.00 0.00 0.00 0.00 0.00 0.00 0.00 0.00 0.00 0.00 0.00 0.00 0.00 0.00 0.00 0.00 0.00 0.00 0.00 0.00 0.00 0.00 0.00 0.00 0.00 0.00 0.00 0.00 2.83 2.83 0.85 2.42 2.42 1.30 1.30 1.30 1.30 1.91 1.30 1.30 1.30 1.30 1.30 1.30 1.91 1.30 1.30 1.30 1.30 1.28 1.28 1.28 1.28 1.28 1.28 1.28 1.28 1.28 3.52 3.52 1.87
1.15 1.15 0.00 0.00 0.00 0.00 0.00 0.00 0.00 0.00 0.00 0.00 0.00 0.00 0.00 0.00 0.00 0.00 0.00 0.00 0.00 0.00 0.00 0.00 0.00 0.00 0.00 0.00 0.00 0.00 0.00 0.00 0.00 0.00 0.00 0.00 0.00 0.00 0.00 0.00 0.00 0.00 0.00 0.00 0.00 0.00 0.00 0.00 0.00 0.00 0.00 2.83 2.28 3.14 2.66 2.42 1.30 1.91 1.91 1.30 1.30 1.30 1.30 1.30 1.91 1.30 1.30 1.30 1.30 1.30 1.30 1.30 1.28 1.28 1.28 1.28 1.28 1.28 1.28 1.28 1.28 1.28 3.50 1.87
4.31 0.00 0.00 0.00 0.00 0.00 0.00 0.00 0.00 0.00 0.00 0.00 0.00 0.00 0.00 0.00 0.00 0.00 0.00 0.00 0.00 0.00 0.00 0.00 0.00 0.00 0.00 0.00 0.00 0.00 0.00 0.00 0.00 0.00 0.00 0.00 0.00 0.00 0.00 0.00 0.00 0.00 0.00 0.00 0.00 0.00 0.00 0.00 0.00 0.00 0.00 2.83 2.83 0.94 2.66 0.80 1.30 1.91 1.30 1.30 1.30 1.30 1.30 1.30 1.30 1.91 1.30 1.30 1.30 1.30 1.30 1.30 1.28 1.28 1.28 1.28 1.28 1.28 1.28 1.28 1.28 1.28 1.28 1.28
0.00 0.00 0.00 0.00 0.00 0.00 0.00 0.00 0.00 0.00 0.00 0.00 0.00 0.00 0.00 0.00 0.00 0.00 0.00 0.00 0.00 0.00 0.00 0.00 0.00 0.00 0.00 0.00 0.00 0.00 0.00 0.00 0.00 0.00 0.00 0.00 0.00 0.00 0.00 0.00 0.00 0.00 0.00 0.00 0.00 0.00 0.00 0.00 0.00 0.00 0.00 2.72 2.72 2.29 2.52 0.76 1.12 0.76 1.12 0.76 0.76 0.76 0.76 0.76 0.76 0.76 0.76 0.76 0.76 0.76 0.76 0.76 0.75 0.75 0.75 0.75 0.75 0.75 0.75 0.75 0.75 0.75 0.75 0.75
0.00 0.00 0.00 0.00 0.00 0.00 0.00 0.00 0.00 0.00 0.00 0.00 0.00 0.00 0.00 0.00 0.00 0.00 0.00 0.00 0.00 0.00 0.00 0.00 0.00 0.00 0.00 0.00 0.00 0.00 0.00 0.00 0.00 0.00 0.00 0.00 0.00 0.00 0.00 0.00 0.00 0.00 0.00 0.00 0.00 0.00 0.00 0.00 0.00 0.00 0.00 2.72 2.26 0.76 0.76 0.76 0.76 0.76 0.76 0.76 0.76 0.76 0.76 0.76 0.76 0.76 0.76 0.76 0.76 0.76 0.76 0.76 0.75 0.75 0.75 0.75 0.75 0.75 0.75 0.75 1.09 0.75 0.75 2.88
0.00 0.00 0.00 0.00 0.00 0.00 0.00 0.00 0.00 0.00 0.00 0.00 0.00 0.00 0.00 0.00 0.00 0.00 0.00 0.00 0.00 0.00 0.00 0.00 0.00 0.00 0.00 0.00 0.00 0.00 0.00 0.00 0.00 0.00 0.00 0.00 0.00 0.00 0.00 0.00 0.00 0.00 0.00 0.00 0.00 0.00 0.00 0.00 0.00 0.00 0.00 0.76 0.23 0.76 0.76 1.11 1.12 0.76 0.76 0.76 0.76 0.76 0.76 0.76 0.76 0.76 0.76 0.76 1.12 0.76 0.76 0.76 0.75 1.09 0.75 0.75 0.75 0.75 0.75 1.09 1.09 0.75 0.02 0.00
0.00 0.00 0.00 0.00 0.00 0.00 0.00 0.00 0.00 0.00 0.00 0.00 0.00 0.00 0.00 0.00 0.00 0.00 0.00 0.00 0.00 0.00 0.00 0.00 0.00 0.00 0.00 0.00 0.00 0.00 0.00 0.00 0.00 0.00 0.00 0.00 0.00 0.00 0.00 0.00 0.00 0.00 0.00 0.00 0.00 0.00 0.00 0.00 0.00 0.00 0.76 0.76 0.76 0.76 0.76 1.11 0.76 0.76 0.76 0.76 0.76 0.76 0.76 0.76 0.76 0.76 0.76 0.76 1.12 1.12 0.76 0.76 0.75 0.75 0.75 0.75 0.75 0.75 0.75 0.75 0.75 0.00 0.00 0.00
0.00 0.00 0.00 0.00 0.00 0.00 0.00 0.00 0.00 0.00 0.00 0.00 0.00 0.00 0.00 0.00 0.00 0.00 0.00 0.00 0.00 0.00 0.00 0.00 0.00 0.00 0.00 0.00 0.00 0.00 0.00 0.00 0.00 0.00 0.00 0.00 0.00 0.00 0.00 0.00 0.00 0.00 0.00 0.00 0.00 0.00 0.00 0.00 0.00 0.76 0.76 0.76 0.76 1.11 1.11 1.11 1.12 0.76 0.76 0.76 0.76 0.76 0.76 0.76 0.76 0.76 0.76 0.76 1.12 1.12 0.76 0.76 0.75 0.75 2.26 2.26 0.75 0.75 0.75 0.75 0.00 0.00 0.00 0.00
0.00 0.00 0.00 0.00 0.00 0.00 0.00 0.00 0.00 0.00 0.00 0.00 0.00 0.00 0.00 0.00 0.00 0.00 0.00 0.00 0.00 0.00 0.00 0.00 0.00 0.00 0.00 0.00 0.00 0.00 0.00 0.00 0.00 0.00 0.00 0.00 0.00 0.00 0.00 0.00 0.00 0.00 0.00 0.00 0.00 0.00 0.00 0.00 0.76 0.76 0.76 0.76 0.76 0.76 1.11 1.11 0.76 0.76 0.76 0.76 0.76 0.76 0.76 0.76 0.76 0.76 0.76 0.76 1.12 1.12 0.76 0.76 0.75 0.75 2.26 2.26 2.44 0.75 1.09 0.75 0.00 0.00 0.00 0.00
