New_Model_Runs/9_Future_Present_Scn2_out/post_prcessed_with_MFR/Monthly_summaries/actual_et_monthly_APR.asc
NCOLS 700
NROWS 400
XLLCENTER 515000.000000
YLLCENTER 8409000.000000
CELLSIZE 50.000000
NODATA_value -999.000000
[rows 266 to 303 of 400, columns 252 to 335 of 700]
3.29 1.59 1.59 1.59 1.65 3.75 3.75 3.75 3.75 1.65 3.37 4.42 4.42 4.42 4.42 4.42 4.42 4.42 4.42 1.12 1.12 3.30 4.41 4.41 4.38 4.38 4.38 1.31 4.38 1.26 1.26 3.17 1.26 4.21 4.18 4.18 1.10 3.67 3.67 3.67 3.67 3.67 3.67 1.10 1.39 1.39 1.39 3.00 3.69 0.95 0.95 3.69 4.04 1.21 4.04 4.04 3.03 4.17 4.04 4.04 1.21 4.04 4.04 4.04 4.04 4.04 4.04 4.04 2.69 0.00 0.00 0.00 0.00 2.69 2.69 3.55 3.55 2.69 2.69 2.69 3.55 0.00 0.00 0.00
1.59 1.59 1.59 1.59 1.65 3.75 3.75 3.75 3.75 3.75 4.42 4.42 4.42 3.41 4.42 4.42 4.42 4.42 4.42 4.42 4.41 3.30 4.41 4.41 4.41 1.31 1.31 4.38 1.26 1.26 4.21 1.12 4.21 3.61 4.18 4.18 3.67 1.10 1.10 3.67 3.67 3.67 3.67 1.10 2.80 1.39 0.95 1.39 1.39 0.95 0.95 0.95 4.04 1.21 3.03 4.04 3.03 4.04 4.04 4.04 4.04 4.04 4.04 4.04 4.04 4.04 4.04 4.04 2.69 0.00 0.00 0.00 0.00 3.55 2.69 2.69 2.69 2.69 3.55 0.00 0.00 0.00 0.00 0.00
1.59 1.59 3.62 4.27 3.75 3.75 3.75 3.75 3.41 3.75 4.42 4.42 3.41 3.41 3.41 3.41 1.33 4.42 4.42 4.42 4.41 3.30 3.30 3.30 3.30 1.31 3.25 1.26 1.26 4.21 1.12 1.12 0.34 1.25 4.18 4.18 3.67 3.67 1.10 3.67 3.67 1.10 3.67 1.10 3.69 0.95 0.95 1.39 0.95 0.95 0.95 1.39 4.04 4.04 4.04 3.03 4.04 4.04 3.03 3.03 3.03 4.04 4.04 4.04 4.04 4.04 4.04 3.03 3.55 0.00 0.00 0.00 3.55 2.69 2.69 2.69 3.55 3.55 0.00 0.00 0.00 0.00 0.00 0.00
1.08 3.29 3.29 3.29 3.41 3.41 3.75 4.42 4.42 3.75 4.42 3.75 3.41 3.41 3.41 3.41 4.42 4.42 4.42 3.75 3.73 4.41 1.32 4.41 4.41 1.32 4.21 4.21 1.26 4.21 3.40 1.12 1.25 4.18 1.25 1.25 1.10 3.67 3.67 3.67 1.10 1.11 1.11 1.11 2.80 0.28 1.39 1.39 1.39 0.95 0.95 1.39 4.04 4.04 4.04 3.03 3.03 3.03 3.03 3.03 3.03 3.03 3.03 4.04 4.04 4.04 4.04 3.03 3.55 0.00 3.55 2.69 2.69 2.69 3.57 3.55 3.55 0.00 0.00 0.00 0.00 0.00 0.00 0.00
1.08 3.29 3.29 3.29 3.41 4.42 3.75 3.75 3.75 4.42 4.42 4.42 4.42 4.42 4.42 3.37 1.12 1.12 4.42 3.75 3.73 4.41 4.41 4.41 4.41 4.41 4.21 1.26 4.21 4.21 3.40 4.21 4.18 4.18 4.18 4.18 3.67 3.67 3.67 1.10 1.11 1.11 2.80 3.69 0.95 0.95 1.39 1.39 3.00 0.95 0.95 1.39 1.08 4.04 4.04 3.03 3.03 3.03 3.03 1.21 4.04 3.03 3.03 4.04 4.04 3.03 3.03 4.04 3.55 3.55 2.69 2.69 2.69 3.55 0.00 0.00 3.55 3.55 0.00 0.00 0.00 0.00 0.00 0.00
1.08 3.29 3.29 4.27 3.41 3.75 3.75 3.75 4.42 4.42 4.42 3.37 4.42 4.42 4.42 4.42 1.12 1.12 1.12 1.12 1.12 4.41 4.41 4.41 4.41 4.33 1.26 3.17 4.21 4.21 4.21 4.18 4.18 1.25 4.18 1.25 1.10 1.10 3.69 1.11 1.11 3.69 3.73 3.69 1.39 0.95 0.28 3.69 3.69 0.95 0.95 1.39 1.08 3.03 3.03 3.03 3.03 4.04 4.04 3.03 3.03 4.04 4.04 3.03 3.03 4.04 4.04 4.04 2.69 2.69 2.69 3.55 0.00 0.00 0.00 0.00 0.00 0.00 0.00 0.00 0.00 0.00 0.00 0.00
1.59 1.59 1.59 3.29 3.75 3.75 3.75 3.75 3.75 4.42 3.37 3.37 3.37 3.37 4.42 1.12 1.65 1.65 1.12 1.12 4.41 4.41 4.41 1.32 3.73 4.33 3.17 1.26 3.17 3.63 1.26 4.21 3.61 3.17 3.40 4.18 1.10 1.11 3.69 3.69 3.69 1.39 0.95 0.95 0.95 3.69 3.69 3.69 3.69 3.69 0.95 0.95 4.17 3.03 3.03 3.03 4.04 4.04 3.03 3.03 3.03 4.04 3.03 3.03 4.04 4.04 3.03 3.03 2.69 3.55 2.69 0.00 0.00 0.00 0.00 0.00 0.00 0.00 0.00 0.00 0.00 0.00 0.00 0.00
1.59 1.59 3.62 3.62 3.75 3.75 3.75 3.75 3.75 4.42 4.42 1.65 4.42 4.42 4.42 1.65 1.65 1.12 0.34 1.12 1.12 4.41 4.41 4.41 1.12 4.21 4.21 1.12 1.12 4.21 4.21 3.40 3.61 3.17 3.40 3.40 3.13 3.14 3.69 3.69 0.28 0.95 0.95 0.95 1.39 3.69 3.69 2.80 3.69 3.73 3.69 3.69 4.04 3.03 3.03 3.03 4.04 4.04 3.03 4.04 3.03 3.03 4.04 4.04 3.03 3.03 3.03 4.04 3.55 0.00 0.00 0.00 0.00 0.00 0.00 0.00 0.00 0.00 0.00 0.00 0.00 0.00 0.00 0.00
1.61 3.66 3.66 3.66 4.38 3.71 3.71 3.38 3.38 4.38 4.38 4.38 4.38 4.38 4.38 4.38 4.38 1.31 1.11 1.11 1.10 1.61 1.30 1.10 1.10 1.61 4.13 1.10 1.10 3.34 4.13 4.13 4.13 4.10 3.33 4.10 3.46 4.01 3.25 4.04 1.07 1.07 1.07 1.07 1.57 1.07 4.04 3.03 3.40 3.40 3.40 4.04 2.46 1.99 2.46 1.99 1.99 2.46 1.99 1.99 2.46 2.46 2.46 1.99 1.99 1.99 2.46 2.46 0.00 0.00 0.00 0.00 0.00 0.00 0.00 0.00 0.00 0.00 0.00 0.00 0.00 0.00 0.00 0.00
4.32 1.61 3.66 4.32 4.38 4.38 4.38 4.38 3.71 4.38 4.38 4.38 4.38 4.38 4.38 4.38 4.38 4.38 1.11 1.11 1.10 1.10 4.32 1.10 1.10 1.10 4.13 0.33 0.33 4.13 4.13 4.13 3.10 4.13 3.33 1.61 3.25 4.01 4.04 1.07 1.07 1.57 1.57 1.07 3.25 3.25 3.40 3.40 3.40 4.04 4.04 4.04 2.46 1.99 1.99 2.46 2.46 1.99 2.46 2.46 2.46 1.99 1.99 1.99 2.46 2.46 0.63 2.08 0.00 0.00 0.00 0.00 0.00 0.00 0.00 0.00 0.00 0.00 0.00 0.00 0.00 0.00 0.00 0.00
4.32 4.32 4.32 4.32 3.71 3.71 4.38 4.38 4.38 4.38 4.38 4.38 4.38 4.38 4.38 4.38 4.38 4.38 4.38 1.11 1.10 4.32 3.48 3.48 4.13 4.13 4.13 4.26 3.10 1.24 4.13 4.13 4.13 4.13 4.13 3.54 4.01 4.01 4.04 1.57 1.07 1.57 1.57 3.48 4.04 4.04 3.40 4.04 4.04 4.04 4.04 4.04 1.98 2.46 2.46 1.99 1.99 2.46 2.46 1.99 1.99 1.99 2.46 2.46 0.63 2.08 2.08 2.46 0.00 0.00 0.00 0.00 0.00 0.00 0.00 0.00 0.00 0.00 0.00 0.00 0.00 0.00 0.00 0.00
3.66 3.33 3.34 3.66 3.71 4.38 4.38 3.38 3.38 4.38 4.38 4.38 4.38 1.63 4.38 1.11 1.11 3.38 4.38 4.38 4.32 4.32 3.34 4.13 4.13 4.13 4.13 3.10 3.10 3.10 3.10 4.13 4.13 4.13 4.13 4.13 4.01 4.01 4.01 4.04 4.04 4.04 4.16 3.03 4.04 4.04 4.04 4.04 4.04 4.04 4.04 3.03 1.99 1.99 1.99 1.99 2.46 1.99 1.99 1.99 2.46 2.46 2.08 2.08 2.46 2.46 2.46 0.00 0.00 0.00 0.00 0.00 0.00 0.00 0.00 0.00 0.00 0.00 0.00 0.00 0.00 0.00 0.00 0.00
3.66 3.66 3.33 3.33 3.38 4.38 4.38 3.71 4.38 4.38 4.38 1.11 1.11 1.11 4.38 0.33 1.11 4.38 4.38 4.38 4.32 4.10 3.54 1.10 4.13 1.24 4.13 3.10 3.10 3.10 3.10 3.10 4.13 4.13 4.13 4.13 3.03 3.03 4.01 3.48 4.04 3.03 4.04 4.16 4.04 4.04 4.04 4.04 4.04 3.03 3.03 4.04 2.46 2.46 2.46 1.99 1.99 1.99 1.99 2.46 2.08 2.08 2.46 0.00 0.00 0.00 0.00 0.00 0.00 0.00 0.00 0.00 0.00 0.00 0.00 0.00 0.00 0.00 0.00 0.00 0.00 0.00 0.00 0.00
4.32 4.32 4.32 3.66 3.71 4.38 3.38 3.38 4.38 3.71 3.71 1.11 1.11 1.11 3.38 4.38 4.38 3.71 3.71 4.38 4.32 3.33 3.33 1.10 4.10 1.24 4.13 1.24 4.10 4.10 4.13 4.13 4.13 4.13 4.13 4.13 4.04 3.03 3.03 4.04 4.04 3.03 3.40 4.04 4.04 4.04 4.04 3.03 3.03 4.04 4.04 4.04 2.46 2.46 1.99 1.99 1.99 2.46 2.08 2.08 2.08 2.46 0.00 0.00 0.00 0.00 0.00 0.00 0.00 0.00 0.00 0.00 0.00 0.00 0.00 0.00 0.00 0.00 0.00 0.00 0.00 0.00 0.00 0.00
1.10 4.32 4.32 3.66 4.38 3.71 3.38 1.31 1.31 3.71 4.38 1.11 1.11 4.38 4.38 1.31 1.63 1.63 3.71 4.38 4.10 3.33 3.33 1.23 4.10 4.10 4.10 3.10 3.54 3.54 3.33 1.23 1.23 3.10 4.13 4.13 4.04 3.03 1.21 4.04 3.03 3.03 3.03 4.04 4.04 4.04 3.03 3.03 4.04 4.04 4.04 4.04 1.99 1.99 1.99 1.99 2.46 2.46 1.98 2.46 2.46 0.00 0.00 0.00 0.00 0.00 0.00 0.00 0.00 0.00 0.00 0.00 0.00 0.00 0.00 0.00 0.00 0.00 0.00 0.00 0.00 0.00 0.00 0.00
1.10 1.10 3.33 3.33 4.38 4.38 4.38 3.71 1.31 1.31 4.38 4.38 1.63 1.63 4.38 4.38 1.63 1.63 3.71 4.38 4.10 3.10 1.23 4.10 4.10 4.10 3.10 3.10 3.10 3.33 3.33 3.10 4.10 3.10 4.26 4.13 4.04 3.48 4.04 4.04 3.03 3.03 3.03 4.04 3.03 3.03 4.04 4.04 4.04 4.04 3.03 3.03 1.99 1.99 2.46 2.46 0.00 0.00 0.00 0.00 0.00 0.00 0.00 0.00 0.00 0.00 0.00 0.00 0.00 0.00 0.00 0.00 0.00 0.00 0.00 0.00 0.00 0.00 0.00 0.00 0.00 0.00 0.00 0.00
1.10 1.10 4.32 4.32 3.38 1.63 4.38 4.38 3.30 4.38 4.38 1.31 1.63 1.63 1.63 4.38 4.38 3.30 4.38 4.17 4.10 3.10 4.10 4.10 1.23 4.10 3.54 3.10 3.54 3.54 4.10 4.10 1.23 3.10 4.13 4.13 3.03 3.48 4.04 4.04 1.57 4.04 4.04 4.04 3.03 3.03 3.03 4.04 4.04 3.03 3.03 3.03 2.46 2.46 0.00 0.00 0.00 0.00 0.00 0.00 0.00 0.00 0.00 0.00 0.00 0.00 0.00 0.00 0.00 0.00 0.00 0.00 0.00 0.00 0.00 0.00 0.00 0.00 0.00 0.00 0.00 0.00 0.00 0.00
3.33 3.33 4.32 4.32 4.38 3.38 4.38 1.63 4.38 4.38 4.38 4.38 1.63 3.53 3.38 4.38 4.38 4.38 4.38 3.16 4.10 4.10 4.10 4.10 4.10 1.23 4.10 4.10 4.24 3.33 3.33 3.33 4.10 4.13 1.24 4.13 4.04 3.48 3.25 4.04 1.57 1.57 4.04 4.04 4.04 3.03 3.03 3.03 3.03 3.03 4.04 4.04 2.46 0.00 0.00 0.00 0.00 0.00 0.00 0.00 0.00 0.00 0.00 0.00 0.00 0.00 0.00 0.00 0.00 0.00 0.00 0.00 0.00 0.00 0.00 0.00 0.00 0.00 0.00 0.00 0.00 0.00 0.00 0.00
3.33 3.33 3.33 4.32 4.38 4.38 4.38 4.38 4.38 4.38 1.11 1.63 4.38 3.53 3.38 4.38 1.31 3.30 3.16 3.16 3.33 4.10 4.10 4.10 4.10 3.10 4.10 4.10 4.10 4.10 3.10 4.13 4.13 4.13 4.13 4.13 4.04 4.04 4.04 4.04 4.04 4.04 4.04 4.04 4.04 3.03 3.03 3.03 4.04 4.04 3.56 0.00 0.00 0.00 0.00 0.00 0.00 0.00 0.00 0.00 0.00 0.00 0.00 0.00 0.00 0.00 0.00 0.00 0.00 0.00 0.00 0.00 0.00 0.00 0.00 0.00 0.00 0.00 0.00 0.00 0.00 0.00 0.00 0.00
4.32 4.32 3.33 3.66 4.38 4.38 4.38 4.38 4.38 3.53 4.38 4.38 4.38 4.38 4.38 4.38 4.38 4.38 4.17 3.60 3.33 4.10 4.10 4.10 4.10 4.10 3.48 3.10 4.10 4.10 4.26 3.10 4.13 4.13 4.13 4.13 3.03 4.04 4.04 4.04 3.03 3.03 4.04 3.03 3.03 3.03 4.04 4.04 3.56 4.04 0.00 0.00 0.00 0.00 0.00 0.00 0.00 0.00 0.00 0.00 0.00 0.00 0.00 0.00 0.00 0.00 0.00 0.00 0.00 0.00 0.00 0.00 0.00 0.00 0.00 0.00 0.00 0.00 0.00 0.00 0.00 0.00 0.00 0.00
4.32 4.32 4.32 4.32 4.38 4.38 4.38 4.38 4.38 4.38 4.38 4.38 4.38 3.71 4.38 1.31 4.38 4.17 4.17 3.60 3.33 3.33 3.54 3.54 3.54 4.10 4.10 4.24 3.10 4.13 3.34 3.10 3.10 4.13 4.13 4.13 4.04 4.04 4.04 3.03 3.03 3.03 3.03 3.03 3.03 4.04 4.04 3.56 0.00 0.00 0.00 0.00 0.00 0.00 0.00 0.00 0.00 0.00 0.00 0.00 0.00 0.00 0.00 0.00 0.00 0.00 0.00 0.00 0.00 0.00 0.00 0.00 0.00 0.00 0.00 0.00 0.00 0.00 0.00 0.00 0.00 0.00 0.00 0.00
4.32 4.32 4.32 4.32 4.38 4.38 4.38 4.38 4.38 4.38 4.38 4.38 4.38 1.63 3.71 4.38 4.38 3.38 3.38 4.17 3.54 3.54 3.54 3.54 3.54 4.10 3.33 1.23 4.10 3.34 3.34 4.13 4.13 4.13 4.13 4.13 4.04 4.04 4.04 3.03 3.03 3.03 3.03 4.04 4.04 4.04 3.03 3.56 0.00 0.00 0.00 0.00 0.00 0.00 0.00 0.00 0.00 0.00 0.00 0.00 0.00 0.00 0.00 0.00 0.00 0.00 0.00 0.00 0.00 0.00 0.00 0.00 0.00 0.00 0.00 0.00 0.00 0.00 0.00 0.00 0.00 0.00 0.00 0.00
4.32 4.32 4.32 4.32 4.38 4.38 4.38 4.38 4.38 4.38 4.38 4.38 4.38 4.38 3.38 3.71 3.38 3.38 3.38 3.38 4.10 1.23 3.54 3.54 4.10 3.33 3.54 3.10 1.23 4.10 4.13 4.13 4.13 4.13 4.13 4.13 4.04 4.04 3.03 3.03 3.03 4.04 4.04 4.04 4.04 1.07 1.57 3.54 4.01 0.00 0.00 0.00 0.00 0.00 0.00 0.00 0.00 0.00 0.00 0.00 0.00 0.00 0.00 0.00 0.00 0.00 0.00 0.00 0.00 0.00 0.00 0.00 0.00 0.00 0.00 0.00 0.00 0.00 0.00 0.00 0.00 0.00 0.00 0.00
4.32 4.32 4.32 4.32 4.38 4.38 4.38 4.38 4.38 4.38 4.38 4.38 4.38 4.38 3.53 4.38 3.38 3.38 3.38 4.17 4.10 4.10 1.10 4.10 3.33 3.10 4.10 4.10 3.33 4.10 4.13 4.13 4.13 4.13 4.13 4.13 4.04 4.04 4.04 4.16 4.04 4.04 4.04 4.04 4.04 4.04 1.07 3.03 4.01 0.00 0.00 0.00 0.00 0.00 0.00 0.00 0.00 0.00 0.00 0.00 0.00 0.00 0.00 0.00 0.00 0.00 0.00 0.00 0.00 0.00 0.00 0.00 0.00 0.00 0.00 0.00 0.00 0.00 0.00 0.00 0.00 0.00 0.00 0.00
4.28 4.28 4.28 4.28 4.31 4.31 4.31 4.31 4.31 4.31 4.31 3.48 4.31 4.31 1.61 4.10 3.33 4.10 4.10 4.07 3.30 3.30 1.09 1.09 3.51 4.05 4.05 1.09 1.09 1.09 4.05 4.08 4.08 4.08 4.08 4.08 3.97 3.97 3.97 1.54 1.54 3.97 2.98 1.19 3.95 1.54 3.95 3.95 3.95 0.00 0.00 0.00 0.00 0.00 0.00 0.00 0.00 0.00 0.00 0.00 0.00 0.00 0.00 0.00 0.00 0.00 0.00 0.00 0.00 0.00 0.00 0.00 0.00 0.00 0.00 0.00 0.00 0.00 0.00 0.00 0.00 0.00 0.00 0.00
4.28 4.28 4.28 4.28 4.31 4.31 4.31 4.31 4.31 4.31 4.31 1.61 4.31 4.31 4.31 4.10 4.10 4.10 1.22 3.10 3.45 3.30 3.30 3.30 4.05 4.05 1.22 0.33 1.09 1.09 1.09 4.08 4.08 4.08 4.08 4.08 3.97 3.97 3.97 3.97 3.97 3.97 2.98 3.95 3.95 3.95 3.95 3.95 3.95 0.00 0.00 0.00 0.00 0.00 0.00 0.00 0.00 0.00 0.00 0.00 0.00 0.00 0.00 0.00 0.00 0.00 0.00 0.00 0.00 0.00 0.00 0.00 0.00 0.00 0.00 0.00 0.00 0.00 0.00 0.00 0.00 0.00 0.00 0.00
4.28 4.28 4.28 4.28 4.31 4.31 4.31 4.31 4.31 4.31 4.31 4.31 4.31 4.31 4.07 4.07 4.07 1.22 1.22 4.07 4.02 4.05 3.30 3.51 4.05 1.22 3.30 1.09 1.09 1.09 1.09 1.09 4.08 4.08 4.08 4.08 3.97 3.97 3.97 3.97 3.97 3.97 1.05 1.05 3.95 3.95 1.05 3.95 3.95 0.00 0.00 0.00 0.00 0.00 0.00 0.00 0.00 0.00 0.00 0.00 0.00 0.00 0.00 0.00 0.00 0.00 0.00 0.00 0.00 0.00 0.00 0.00 0.00 0.00 0.00 0.00 0.00 0.00 0.00 0.00 0.00 0.00 0.00 0.00
4.28 4.28 1.09 1.60 1.10 4.31 1.10 1.10 1.10 4.31 4.31 4.31 4.31 4.31 4.07 4.07 3.53 3.33 4.07 4.07 4.02 4.02 3.51 3.51 3.30 3.30 3.30 1.09 1.09 0.33 1.22 4.05 4.05 4.08 4.08 4.08 3.97 3.97 3.97 3.97 3.95 1.05 1.05 1.05 1.05 1.05 1.05 1.05 4.08 0.00 0.00 0.00 0.00 0.00 0.00 0.00 0.00 0.00 0.00 0.00 0.00 0.00 0.00 0.00 0.00 0.00 0.00 0.00 0.00 0.00 0.00 0.00 0.00 0.00 0.00 0.00 0.00 0.00 0.00 0.00 0.00 0.00 0.00 0.00
4.28 4.28 4.28 1.09 4.31 4.31 3.48 1.10 1.10 4.31 4.31 4.31 4.31 4.07 3.33 4.07 4.07 4.07 1.22 4.07 3.49 3.49 3.30 3.30 3.51 3.51 3.30 3.49 4.02 3.49 3.49 4.05 4.05 4.08 4.08 4.08 3.97 3.97 3.97 3.95 3.95 1.05 1.05 1.05 1.05 1.05 1.05 1.05 1.54 0.00 0.00 0.00 0.00 0.00 0.00 0.00 0.00 0.00 0.00 0.00 0.00 0.00 0.00 0.00 0.00 0.00 0.00 0.00 0.00 0.00 0.00 0.00 0.00 0.00 0.00 0.00 0.00 0.00 0.00 0.00 0.00 0.00 0.00 0.00
4.28 4.28 4.28 4.28 4.31 4.31 4.31 4.31 4.31 4.31 4.31 4.31 3.67 1.10 3.33 4.07 3.33 4.07 3.48 4.07 3.49 4.02 3.30 3.30 3.30 3.30 3.30 3.30 3.49 3.30 3.49 3.30 1.60 4.05 4.08 4.08 3.97 3.33 3.95 3.95 1.54 1.54 3.95 0.32 1.05 1.05 1.05 1.05 1.54 0.00 0.00 0.00 0.00 0.00 0.00 0.00 0.00 0.00 0.00 0.00 0.00 0.00 0.00 0.00 0.00 0.00 0.00 0.00 0.00 0.00 0.00 0.00 0.00 0.00 0.00 0.00 0.00 0.00 0.00 0.00 0.00 0.00 0.00 0.00
4.28 4.28 4.28 1.09 4.31 4.31 4.31 4.31 4.31 4.31 3.34 3.34 1.61 1.10 1.10 3.53 3.33 3.33 4.07 4.07 4.02 4.02 1.21 3.30 4.02 1.21 1.21 4.02 4.02 3.49 3.30 3.30 3.30 4.05 4.08 4.08 3.19 3.19 3.19 1.54 3.19 3.19 3.95 1.05 1.05 1.05 1.05 1.05 0.00 3.95 0.00 0.00 0.00 0.00 0.00 0.00 0.00 0.00 0.00 0.00 0.00 0.00 0.00 0.00 0.00 0.00 0.00 0.00 0.00 0.00 0.00 0.00 0.00 0.00 0.00 0.00 0.00 0.00 0.00 0.00 0.00 0.00 0.00 0.00
4.28 4.28 1.09 1.09 1.10 4.31 4.31 4.31 4.31 4.31 1.10 1.10 1.10 1.10 4.07 3.33 3.33 4.07 4.07 3.10 4.02 4.02 1.21 4.02 4.02 4.02 4.02 4.02 4.02 3.49 3.30 1.09 4.05 4.05 4.05 3.30 0.32 1.05 3.19 3.19 1.02 3.19 3.95 1.05 1.05 1.05 1.05 1.05 0.00 0.00 0.00 0.00 0.00 0.00 0.00 0.00 0.00 0.00 0.00 0.00 0.00 0.00 0.00 0.00 0.00 0.00 0.00 0.00 0.00 0.00 0.00 0.00 0.00 0.00 0.00 0.00 0.00 0.00 0.00 0.00 0.00 0.00 0.00 0.00
3.30 4.28 1.09 1.09 1.10 4.31 4.31 4.31 4.31 1.10 1.10 1.10 1.10 1.10 4.07 3.33 1.10 1.10 4.07 4.07 3.05 4.02 4.02 4.02 4.02 1.21 1.21 3.30 3.45 3.45 1.09 1.09 1.09 4.05 4.05 1.22 1.05 1.05 0.32 1.05 1.54 1.05 1.05 1.05 1.05 1.05 3.48 3.95 0.00 0.00 0.00 0.00 0.00 0.00 0.00 0.00 0.00 0.00 0.00 0.00 0.00 0.00 0.00 0.00 0.00 0.00 0.00 0.00 0.00 0.00 0.00 0.00 0.00 0.00 0.00 0.00 0.00 0.00 0.00 0.00 0.00 0.00 0.00 0.00
4.28 4.28 4.28 4.28 4.31 3.67 3.34 3.34 1.10 1.10 1.10 1.61 3.33 3.33 4.07 3.48 3.48 1.10 1.10 4.07 3.05 4.02 3.30 3.30 4.02 3.30 3.30 3.30 3.45 1.09 1.09 1.09 1.09 1.09 4.05 4.05 3.95 1.05 1.05 1.05 1.05 1.05 1.54 1.54 3.48 0.00 0.00 0.00 0.00 0.00 0.00 0.00 0.00 0.00 0.00 0.00 0.00 0.00 0.00 0.00 0.00 0.00 0.00 0.00 0.00 0.00 0.00 0.00 0.00 0.00 0.00 0.00 0.00 0.00 0.00 0.00 0.00 0.00 0.00 0.00 0.00 0.00 0.00 0.00
4.28 4.28 3.30 4.28 4.31 3.67 3.34 3.34 1.10 1.10 1.10 1.10 4.07 3.33 3.33 3.53 3.48 1.10 1.10 4.07 4.02 4.02 3.30 3.30 3.30 3.30 3.30 3.30 1.09 1.09 1.09 1.09 1.09 1.09 1.09 1.09 3.95 1.05 1.05 1.05 1.05 1.05 1.05 3.48 3.48 0.00 0.00 0.00 0.00 0.00 0.00 0.00 0.00 0.00 0.00 0.00 0.00 0.00 0.00 0.00 0.00 0.00 0.00 0.00 0.00 0.00 0.00 0.00 0.00 0.00 0.00 0.00 0.00 0.00 0.00 0.00 0.00 0.00 0.00 0.00 0.00 0.00 0.00 0.00
4.28 1.09 1.09 1.09 1.10 3.67 3.34 4.31 4.31 1.10 1.10 3.33 3.33 3.33 3.33 1.10 1.10 1.10 1.10 1.10 4.02 3.30 3.30 3.30 4.02 3.30 3.30 1.09 1.09 1.09 1.09 3.06 0.33 1.09 1.09 1.09 1.54 1.05 1.05 1.05 1.05 3.95 3.95 3.48 3.95 0.00 0.00 0.00 0.00 0.00 0.00 0.00 0.00 0.00 0.00 0.00 0.00 0.00 0.00 0.00 0.00 0.00 0.00 0.00 0.00 0.00 0.00 0.00 0.00 0.00 0.00 0.00 0.00 0.00 0.00 0.00 0.00 0.00 0.00 0.00 0.00 0.00 0.00 0.00
1.09 1.09 1.09 1.09 1.10 4.31 4.31 1.29 3.67 3.33 3.33 3.33 4.07 3.33 3.33 1.10 1.10 1.10 1.10 1.10 3.30 3.30 3.30 3.30 3.30 1.09 1.09 1.09 1.09 1.09 3.30 1.09 1.09 1.09 4.05 4.05 1.54 1.05 1.05 3.48 3.48 3.95 3.95 3.95 3.95 0.00 0.00 0.00 0.00 0.00 0.00 0.00 0.00 0.00 0.00 0.00 0.00 0.00 0.00 0.00 0.00 0.00 0.00 0.00 0.00 0.00 0.00 0.00 0.00 0.00 0.00 0.00 0.00 0.00 0.00 0.00 0.00 0.00 0.00 0.00 0.00 0.00 0.00 0.00
1.09 1.09 1.09 1.09 3.67 3.34 4.31 4.31 4.31 3.33 3.33 3.33 0.33 1.10 3.33 3.33 1.10 1.10 1.61 1.10 3.30 3.30 4.02 4.02 3.30 1.09 1.09 1.09 1.09 1.09 1.09 1.09 1.09 1.60 1.60 3.59 3.95 3.95 3.48 3.95 3.95 0.00 0.00 0.00 0.00 0.00 0.00 0.00 0.00 0.00 0.00 0.00 0.00 0.00 0.00 0.00 0.00 0.00 0.00 0.00 0.00 0.00 0.00 0.00 0.00 0.00 0.00 0.00 0.00 0.00 0.00 0.00 0.00 0.00 0.00 0.00 0.00 0.00 0.00 0.00 0.00 0.00 0.00 0.00
