New_Model_Runs/9_Future_Present_Scn2_out/post_prcessed_with_MFR/Monthly_summaries/actual_et_monthly_JAN.asc
NCOLS 700
NROWS 400
XLLCENTER 515000.000000
YLLCENTER 8409000.000000
CELLSIZE 50.000000
NODATA_value -999.000000
[rows 114 to 151 of 400, columns 504 to 587 of 700]
1.34 1.34 1.34 1.34 1.34 1.34 1.34 1.34 1.26 1.26 1.26 1.26 1.26 1.26 1.26 1.26 1.26 1.26 1.85 1.26 1.85 4.16 1.26 1.85 2.04 2.04 1.39 4.40 1.39 2.04 1.39 1.39 2.04 1.39 1.39 2.04 1.39 2.04 1.39 1.39 2.17 1.48 1.48 1.48 1.48 1.48 1.48 1.48 1.48 1.48 1.48 1.48 1.48 1.48 1.48 1.48 1.43 1.43 1.43 1.43 1.43 1.43 1.43 1.43 1.43 2.09 2.09 1.43 1.43 1.43 1.43 1.43 1.29 1.29 1.29 1.29 1.29 1.29 0.52 0.00 0.00 0.00 0.00 0.00
1.34 1.34 1.34 1.34 1.34 1.34 1.34 1.34 1.26 1.26 1.26 1.26 1.26 1.26 1.26 1.26 1.26 1.85 1.26 1.85 1.85 1.85 1.85 1.85 2.04 2.04 1.39 1.39 2.04 1.39 1.39 1.39 1.39 2.04 2.04 1.39 1.39 1.39 1.39 1.39 1.48 1.48 1.48 1.48 1.48 1.48 1.48 1.48 1.48 1.48 1.48 1.48 1.48 1.48 1.48 1.48 1.43 1.43 1.43 1.43 1.43 1.43 1.43 1.43 1.43 1.43 1.43 1.43 1.43 1.43 1.43 1.43 1.29 1.29 1.29 1.29 1.29 1.29 1.90 1.90 4.39 4.39 4.39 4.39
1.34 1.34 1.34 1.34 1.34 1.34 1.34 1.34 1.26 1.26 1.26 1.26 1.26 1.26 1.26 1.26 1.26 1.26 1.26 1.85 1.85 1.85 1.26 1.26 2.04 2.04 2.04 2.04 1.39 1.39 1.39 2.04 1.39 1.39 1.39 1.39 1.39 1.39 1.39 1.39 1.48 1.48 1.48 1.48 1.48 1.48 1.48 1.48 1.48 1.48 1.48 1.48 1.48 1.48 1.48 1.48 1.43 1.43 1.43 1.43 1.43 1.43 1.43 1.43 1.43 1.43 1.43 1.43 1.43 1.43 1.43 1.43 1.29 1.29 1.29 1.29 1.29 1.29 1.29 1.29 5.07 5.07 5.07 4.29
1.34 1.34 1.34 1.34 1.34 1.34 1.34 1.34 1.26 1.26 1.26 1.26 1.26 1.26 1.26 1.26 1.26 1.26 1.26 1.26 1.26 1.26 1.26 1.26 2.04 2.04 1.39 1.39 1.39 1.39 1.39 1.39 1.39 1.39 1.39 1.39 1.39 1.39 1.39 1.39 1.48 1.48 1.48 1.48 1.48 1.48 1.48 2.17 1.48 1.48 4.73 1.48 1.48 1.48 1.48 1.48 1.43 1.43 1.43 1.43 1.43 1.43 1.43 1.43 1.43 1.43 1.43 1.43 1.43 1.43 1.43 1.43 1.29 1.29 1.29 1.29 1.29 1.29 1.29 1.29 1.29 4.29 1.29 1.29
1.34 1.34 1.34 1.34 1.34 1.34 1.34 1.34 1.26 1.26 1.26 1.26 1.26 1.26 1.26 1.26 1.26 1.26 1.26 1.26 1.26 1.26 1.26 1.26 2.04 2.04 2.04 1.39 1.39 1.39 1.39 1.39 1.39 1.39 2.04 1.39 1.39 1.39 1.39 1.39 1.48 1.48 1.48 1.48 1.48 1.48 1.48 2.17 2.17 2.17 1.48 1.48 1.48 1.48 1.48 1.48 1.43 1.43 1.43 1.43 1.43 1.43 1.43 1.43 1.43 1.43 1.43 1.43 1.43 1.43 1.43 1.43 1.29 1.29 1.29 1.29 1.29 1.29 1.29 1.29 3.92 5.07 3.92 1.29
1.34 1.34 1.34 1.34 1.34 1.34 1.34 1.34 1.26 1.26 1.26 1.26 1.26 1.26 1.26 1.26 1.26 1.26 1.26 1.26 1.85 1.26 1.26 1.26 1.39 1.39 1.39 1.39 1.39 1.39 1.39 1.39 1.39 1.39 1.39 1.39 1.39 1.39 1.39 1.39 1.48 1.48 1.48 1.48 1.48 1.48 1.48 4.48 4.73 1.48 1.48 1.48 1.48 1.48 1.48 1.48 1.43 1.43 1.43 1.43 1.43 1.43 1.43 1.43 1.43 1.43 1.43 1.43 1.43 1.43 1.43 1.43 1.29 1.29 1.29 1.29 1.29 1.29 1.90 1.90 1.90 5.07 3.92 3.92
1.34 1.34 1.34 1.34 1.34 1.34 1.34 1.34 1.26 1.26 1.26 1.26 1.26 1.26 1.26 1.26 1.85 1.26 1.26 1.26 1.26 1.26 1.85 1.26 1.39 1.39 1.39 1.39 1.39 1.39 1.39 1.39 1.39 1.39 1.39 1.39 1.39 1.39 1.39 1.39 1.48 1.48 1.48 1.48 1.48 2.17 2.17 1.48 1.48 1.48 1.48 1.48 1.48 1.48 1.48 1.48 1.43 1.43 1.43 1.43 1.43 1.43 1.43 1.43 1.43 1.43 1.43 1.43 1.43 1.43 1.43 1.43 1.29 1.29 1.29 1.29 1.90 1.90 1.90 1.90 4.29 3.92 3.92 1.90
1.34 1.34 1.34 1.34 1.34 1.34 1.34 1.34 1.26 1.26 1.26 1.26 1.85 1.26 1.26 1.26 1.85 1.26 1.26 1.26 1.26 1.26 1.26 1.26 1.39 1.39 1.39 1.39 1.39 1.39 1.39 1.39 1.39 1.39 1.39 1.39 1.39 1.39 1.39 1.39 1.48 1.48 1.48 1.48 1.48 1.48 1.48 1.48 1.48 1.48 1.48 1.48 1.48 1.48 1.48 1.48 1.43 1.43 1.43 1.43 1.43 1.43 1.43 1.43 1.43 1.43 1.43 1.43 1.43 1.43 1.43 1.43 1.29 1.90 1.29 1.29 1.29 1.29 1.90 1.90 1.29 1.29 1.29 1.29
1.34 1.34 1.34 1.34 1.34 1.34 1.34 1.34 1.26 1.26 1.26 1.26 1.85 1.26 1.26 1.26 1.85 1.26 1.26 1.26 1.26 1.26 1.26 1.26 1.39 1.39 1.39 4.51 1.39 1.39 1.39 1.39 1.39 1.39 2.04 1.39 1.39 1.39 1.39 1.39 1.48 4.48 4.48 1.48 1.48 1.48 1.48 1.48 1.48 1.48 1.48 1.48 1.48 1.48 1.48 1.48 1.43 1.43 1.43 1.43 1.43 1.43 1.43 1.43 1.43 1.43 1.43 1.43 1.43 1.43 1.43 1.43 1.29 1.29 1.29 1.29 1.29 1.29 1.29 1.29 1.29 1.29 1.29 1.29
1.34 1.34 1.34 1.34 1.34 1.97 1.97 1.34 1.85 1.85 1.26 1.26 1.26 1.26 1.26 1.26 1.85 1.85 1.85 1.85 1.26 1.26 1.26 1.26 1.39 1.39 2.04 1.39 1.39 1.39 1.39 1.39 1.39 1.39 2.04 1.39 1.39 1.39 2.04 1.39 1.48 1.48 1.48 1.48 1.48 1.48 1.48 1.48 1.48 1.48 1.48 1.48 1.48 1.48 1.48 1.48 1.43 1.43 1.43 1.43 1.43 1.43 1.43 1.43 1.43 1.43 1.43 1.43 1.43 1.43 1.43 1.43 1.29 1.29 1.29 1.29 1.29 1.29 1.29 1.29 1.29 1.29 1.29 1.29
1.34 1.34 1.34 1.34 1.34 1.34 1.34 1.34 1.26 1.26 1.26 1.26 1.26 1.26 1.26 1.26 1.26 1.26 1.85 1.26 1.26 1.26 1.26 1.26 1.39 1.39 1.39 1.39 1.39 1.39 1.39 1.39 1.39 1.39 1.39 1.39 4.22 1.39 1.39 1.39 1.48 1.48 1.48 2.17 1.48 1.48 1.48 1.48 1.48 1.48 1.48 1.48 1.48 1.48 1.48 1.48 1.43 1.43 1.43 1.43 1.43 1.43 1.43 1.43 1.43 1.43 1.43 1.43 1.43 1.43 1.43 1.43 1.29 1.29 1.29 1.29 1.29 1.29 1.29 1.29 1.29 1.29 1.29 1.29
1.34 1.34 1.34 1.34 1.34 1.34 1.34 1.34 1.26 1.26 1.26 1.26 1.26 1.26 1.26 1.26 1.26 1.26 1.26 1.26 1.26 1.85 1.26 1.26 1.39 1.39 1.39 1.39 1.39 1.39 1.39 1.39 1.39 5.21 1.39 1.56 4.21 1.39 1.39 1.39 1.48 1.48 1.48 1.48 1.48 1.48 1.48 1.48 1.48 1.48 1.48 1.48 1.48 1.48 1.48 1.48 1.43 1.43 1.43 1.43 1.43 1.43 1.43 1.43 1.43 1.43 1.43 1.43 1.43 1.43 1.43 1.43 1.29 1.29 1.29 1.29 1.29 1.29 1.29 1.29 1.29 1.29 1.29 1.29
1.34 1.34 1.34 1.34 1.34 1.34 1.34 1.34 1.26 1.26 1.26 1.26 1.26 1.26 1.26 1.26 1.26 1.26 1.26 1.26 1.26 1.85 1.85 1.26 1.39 0.42 4.40 3.94 4.40 1.32 1.39 1.39 1.39 5.21 5.21 1.39 1.39 1.39 1.39 1.39 1.48 1.48 1.48 1.48 1.48 1.48 1.48 1.48 1.48 1.48 1.48 1.48 1.48 1.48 1.48 1.48 1.43 1.43 1.43 1.43 1.43 1.43 1.43 1.43 1.43 1.43 1.43 1.43 1.43 1.43 1.43 1.43 1.29 1.29 1.29 1.29 1.29 1.29 1.29 1.29 1.29 1.29 1.29 1.29
1.34 1.34 1.34 1.34 1.34 1.34 1.34 1.34 1.26 1.26 1.26 1.26 1.26 1.26 1.26 1.26 1.26 1.26 1.26 1.26 1.26 4.00 1.26 1.26 0.42 3.42 3.42 4.40 4.40 3.42 4.69 3.42 5.21 5.21 4.47 1.39 1.39 1.39 1.39 1.39 1.48 1.48 1.48 1.48 1.48 1.48 1.48 2.17 1.48 1.48 2.17 1.48 1.48 1.48 1.48 1.48 1.43 1.43 1.43 1.43 1.43 1.43 1.43 1.43 1.43 1.43 1.43 1.43 1.43 1.43 1.43 1.43 1.29 1.29 1.29 1.29 1.29 1.29 1.29 1.29 1.29 1.29 1.29 1.29
1.34 1.34 1.34 1.34 1.34 1.34 1.34 1.34 1.26 1.26 1.26 1.26 1.26 1.26 1.26 1.26 1.26 1.26 1.26 1.26 4.13 1.26 1.26 3.28 3.42 3.42 0.52 0.00 0.00 0.00 0.00 0.00 0.00 1.02 1.39 1.39 1.39 1.39 1.39 1.39 1.48 1.48 1.48 1.48 1.48 1.48 1.48 2.17 2.17 1.48 1.48 1.48 1.48 2.17 1.48 1.48 2.09 1.43 1.43 1.43 1.43 1.43 1.43 1.43 1.43 1.43 1.43 1.43 1.43 1.43 1.43 1.43 1.29 1.29 1.29 1.29 1.29 1.29 1.29 1.29 1.29 1.29 1.29 1.29
1.34 1.34 1.34 1.34 1.34 1.34 1.34 1.97 1.26 1.26 1.26 1.26 1.26 1.26 1.26 1.26 1.26 1.26 1.26 3.83 4.13 1.26 3.28 4.24 3.42 0.00 0.00 0.00 0.00 0.00 0.00 0.00 0.00 0.00 1.39 1.39 1.39 1.39 1.39 1.39 1.48 1.48 4.69 4.47 5.36 1.48 1.48 1.48 1.48 1.48 1.48 1.48 1.48 1.48 1.48 1.48 1.43 1.43 1.43 1.43 1.43 1.43 1.43 1.43 1.43 1.43 1.43 1.43 1.43 1.43 1.43 1.43 1.29 1.29 1.29 1.29 1.29 1.29 1.29 1.29 1.29 1.90 1.29 1.29
1.27 1.27 1.27 1.27 1.27 1.27 1.87 1.27 1.26 1.26 0.86 0.86 0.86 0.86 0.86 0.86 0.86 0.86 0.86 2.61 2.61 3.38 0.86 0.86 0.00 0.00 0.00 0.00 0.00 0.00 0.00 0.00 0.00 0.00 0.00 0.89 0.89 0.89 0.89 0.89 3.52 3.52 3.52 1.06 0.90 1.31 0.90 0.90 0.90 0.90 0.90 0.90 0.90 0.90 0.90 0.90 1.45 1.45 1.45 1.45 1.45 2.12 1.45 1.45 1.45 1.45 1.45 1.45 1.45 1.45 1.45 1.45 1.40 1.40 1.40 1.40 1.40 1.40 1.40 1.40 1.40 1.40 1.40 1.40
1.27 1.27 1.27 1.27 1.27 1.27 1.87 1.27 1.26 2.72 0.86 0.86 0.86 0.86 0.86 0.86 0.86 0.86 0.86 0.86 0.86 0.86 0.86 0.86 0.00 0.00 0.00 0.00 0.00 0.00 0.00 0.00 0.00 0.00 0.00 0.89 0.89 0.89 1.30 0.00 0.00 3.52 3.52 3.52 0.90 0.90 0.90 0.90 0.90 0.90 0.90 0.90 0.90 0.90 0.90 0.90 1.45 1.45 1.45 1.45 4.74 2.12 1.45 1.45 1.45 1.45 1.45 1.45 1.45 1.45 1.45 1.45 1.40 1.40 1.40 1.40 1.40 1.40 1.40 1.40 1.40 1.40 1.40 1.40
1.27 1.27 1.27 1.27 1.27 1.87 1.27 1.27 0.86 0.86 0.86 0.86 0.86 0.86 0.86 2.61 2.87 0.86 0.86 0.86 0.86 0.86 1.26 0.00 0.00 0.00 0.00 0.00 0.00 0.00 0.00 0.00 0.00 0.00 0.00 0.89 0.89 0.00 0.00 0.00 0.00 0.00 0.00 1.06 0.90 0.90 0.90 0.90 0.90 0.90 0.90 0.90 0.90 0.90 0.90 0.90 1.45 1.45 1.45 1.45 1.45 2.12 1.45 1.45 1.45 1.45 1.45 1.45 1.45 1.45 1.45 1.45 1.40 1.40 1.40 1.40 1.40 1.40 1.40 1.40 1.40 1.40 1.40 1.40
1.27 1.27 1.27 1.27 1.27 1.27 1.27 1.27 0.86 1.26 0.86 0.86 0.86 0.86 2.61 2.61 2.60 3.23 0.86 0.86 1.26 0.86 0.00 0.00 0.00 0.00 0.00 0.00 0.00 0.00 0.00 0.00 0.00 0.00 0.00 0.00 0.00 0.00 0.00 0.00 0.00 0.00 0.00 0.95 0.90 0.90 0.90 0.90 0.90 0.90 0.90 0.90 0.90 0.90 0.90 0.90 1.45 1.45 1.45 1.45 1.45 1.45 1.45 1.45 2.12 1.45 1.45 1.45 1.45 1.45 1.45 1.45 1.40 1.40 1.40 1.40 1.40 1.40 1.40 1.40 1.40 1.40 1.40 1.40
1.27 1.27 1.27 1.27 1.27 1.27 1.27 3.87 2.61 1.26 1.26 0.86 0.86 3.38 3.23 3.23 3.34 3.23 0.00 0.00 0.00 0.00 0.00 0.00 0.00 0.00 0.00 0.00 0.00 0.00 0.00 0.00 0.00 0.00 0.00 0.00 0.00 0.00 0.00 0.00 0.00 0.00 0.00 0.00 0.90 0.90 1.31 0.90 1.31 1.31 0.90 0.90 0.90 0.90 0.90 0.90 1.45 1.45 1.45 1.45 1.45 1.45 1.45 1.45 1.45 1.45 1.45 1.45 1.45 1.45 1.45 1.45 1.40 1.40 1.40 1.40 1.40 1.40 1.40 1.40 1.40 1.40 1.40 1.40
1.27 1.27 1.27 1.27 1.27 1.87 1.27 1.27 2.61 2.75 3.23 3.23 3.23 0.00 0.00 0.00 0.00 0.00 0.00 0.00 0.00 0.00 0.00 0.00 0.00 0.00 0.00 0.00 0.00 0.00 0.00 0.00 0.00 0.00 0.00 0.00 0.00 0.00 0.00 0.00 0.00 0.00 0.00 0.90 0.90 0.90 0.90 0.90 0.90 0.90 0.90 0.90 0.90 0.90 0.90 0.90 1.45 1.45 1.45 1.45 1.45 1.45 1.45 1.45 1.45 1.45 1.45 1.45 1.45 1.45 1.45 1.45 1.40 1.40 1.40 1.40 1.40 1.40 1.40 1.40 1.40 1.40 1.40 1.40
1.27 1.27 1.27 1.27 1.27 1.27 1.27 4.92 3.23 3.23 0.00 0.00 0.00 0.00 0.00 0.00 0.00 0.00 0.00 0.00 0.00 0.00 0.00 0.00 0.00 0.00 0.00 0.00 0.00 0.00 0.00 0.00 0.00 0.00 0.00 0.00 0.00 0.00 0.00 0.00 0.00 0.00 0.00 0.90 2.72 0.90 0.90 0.90 0.90 0.90 0.90 0.90 0.90 0.90 0.90 0.90 1.45 1.45 1.45 1.45 1.45 1.45 1.45 1.45 1.45 1.45 1.45 1.45 1.45 1.45 1.45 1.45 1.40 1.40 1.40 1.40 1.40 1.40 1.40 1.40 1.40 1.40 1.40 1.40
1.27 1.27 1.27 1.87 1.87 1.87 1.28 4.28 0.00 0.00 0.00 0.00 0.00 0.00 0.00 0.00 0.00 0.00 0.00 0.00 0.00 0.00 0.00 0.00 0.00 0.00 0.00 0.00 0.00 0.00 0.00 0.00 0.00 0.00 0.00 0.00 0.00 0.00 0.00 0.00 0.00 0.00 0.00 0.00 0.00 0.00 0.00 3.32 3.32 0.90 2.72 0.90 0.90 0.90 0.90 0.90 1.45 1.45 1.45 1.45 1.45 1.45 1.45 1.45 1.45 1.45 1.45 1.45 1.45 1.45 1.45 1.45 1.40 1.40 1.40 1.40 1.40 1.40 1.40 1.40 1.40 1.40 1.40 1.40
1.27 1.27 1.27 1.87 1.87 3.87 4.28 0.00 0.00 0.00 0.00 0.00 0.00 0.00 0.00 0.00 0.00 0.00 0.00 0.00 0.00 0.00 0.00 0.00 0.00 0.00 0.00 0.00 0.00 0.00 0.00 0.00 0.00 0.00 0.00 0.00 0.00 0.00 0.00 0.00 0.00 0.00 0.00 0.00 0.00 0.00 0.00 0.00 3.32 2.60 0.90 2.72 2.72 0.90 0.90 0.90 1.45 1.45 1.45 1.45 1.45 1.45 1.45 1.45 1.45 1.45 1.45 1.45 1.45 1.45 1.45 1.45 1.40 1.40 1.40 1.40 1.40 1.40 1.40 1.40 1.40 1.40 1.40 1.40
1.27 1.27 1.27 1.27 1.27 1.27 1.01 0.00 0.00 0.00 0.00 0.00 0.00 0.00 0.00 0.00 0.00 0.00 0.00 0.00 0.00 0.00 0.00 0.00 0.00 0.00 0.00 0.00 0.00 0.00 0.00 0.00 0.00 0.00 0.00 0.00 0.00 0.00 0.00 0.00 0.00 0.00 0.00 0.00 0.00 0.00 0.00 0.00 0.00 0.90 1.31 0.90 2.99 0.90 0.90 0.90 1.45 1.45 1.45 1.45 1.45 1.45 1.45 1.45 1.45 1.45 1.45 1.45 1.45 1.45 1.45 1.45 1.40 1.40 1.40 1.40 1.40 1.40 1.40 1.40 1.40 1.40 1.40 1.40
1.27 1.27 1.27 1.27 1.27 1.27 1.27 0.00 0.00 0.00 0.00 0.00 0.00 0.00 0.00 0.00 0.00 0.00 0.00 0.00 0.00 0.00 0.00 0.00 0.00 0.00 0.00 0.00 0.00 0.00 0.00 0.00 0.00 0.00 0.00 0.00 0.00 0.00 0.00 0.00 0.00 0.00 0.00 0.00 0.00 0.00 0.00 0.00 0.00 0.90 0.27 0.90 2.63 0.90 2.72 2.72 5.23 1.45 1.45 1.45 1.45 1.45 1.45 1.45 1.45 1.45 1.45 1.45 1.45 1.45 1.45 1.45 1.40 1.40 1.40 1.40 2.05 1.40 2.05 2.05 1.40 1.40 1.40 1.40
1.27 1.27 3.87 1.27 1.27 1.27 1.27 0.00 0.00 0.00 0.00 0.00 0.00 0.00 0.00 0.00 0.00 0.00 0.00 0.00 0.00 0.00 0.00 0.00 0.00 0.00 0.00 0.00 0.00 0.00 0.00 0.00 0.00 0.00 0.00 0.00 0.00 0.00 0.00 0.00 0.00 0.00 0.00 0.00 0.00 0.00 0.00 0.00 0.00 0.00 2.60 0.99 3.52 3.52 2.63 2.63 5.23 1.45 1.45 1.45 1.45 1.45 1.45 1.45 1.45 1.45 1.45 1.45 1.45 1.45 1.45 1.45 1.40 1.40 1.40 1.40 1.40 1.40 1.40 2.05 2.05 1.40 1.40 1.40
1.27 1.27 1.27 0.38 1.27 1.08 0.00 0.00 0.00 0.00 0.00 0.00 0.00 0.00 0.00 0.00 0.00 0.00 0.00 0.00 0.00 0.00 0.00 0.00 0.00 0.00 0.00 0.00 0.00 0.00 0.00 0.00 0.00 0.00 0.00 0.00 0.00 0.00 0.00 0.00 0.00 0.00 0.00 0.00 0.00 0.00 0.00 0.00 0.00 0.00 3.44 2.60 3.32 1.06 2.72 2.72 1.45 1.45 1.45 1.45 1.45 1.45 1.45 1.45 1.45 1.45 1.45 1.45 1.45 1.45 1.45 1.45 1.40 1.40 1.40 1.40 1.40 1.40 1.40 1.40 1.40 1.40 1.40 1.40
1.27 1.27 1.27 4.96 0.00 0.00 0.00 0.00 0.00 0.00 0.00 0.00 0.00 0.00 0.00 0.00 0.00 0.00 0.00 0.00 0.00 0.00 0.00 0.00 0.00 0.00 0.00 0.00 0.00 0.00 0.00 0.00 0.00 0.00 0.00 0.00 0.00 0.00 0.00 0.00 0.00 0.00 0.00 0.00 0.00 0.00 0.00 0.00 0.00 0.00 0.00 3.32 3.32 0.99 2.72 2.72 1.45 1.45 1.45 1.45 2.12 1.45 1.45 1.45 1.45 1.45 1.45 2.12 1.45 1.45 1.45 1.45 1.40 1.40 1.40 1.40 1.40 1.40 1.40 1.40 1.40 4.61 4.61 2.05
1.27 1.27 0.00 0.00 0.00 0.00 0.00 0.00 0.00 0.00 0.00 0.00 0.00 0.00 0.00 0.00 0.00 0.00 0.00 0.00 0.00 0.00 0.00 0.00 0.00 0.00 0.00 0.00 0.00 0.00 0.00 0.00 0.00 0.00 0.00 0.00 0.00 0.00 0.00 0.00 0.00 0.00 0.00 0.00 0.00 0.00 0.00 0.00 0.00 0.00 0.00 3.32 2.60 3.52 2.99 2.72 1.45 2.12 2.12 1.45 1.45 1.45 1.45 1.45 2.12 1.45 1.45 1.45 1.45 1.45 1.45 1.45 1.40 1.40 1.40 1.40 1.40 1.40 1.40 1.40 1.40 1.40 4.25 2.05
4.92 0.00 0.00 0.00 0.00 0.00 0.00 0.00 0.00 0.00 0.00 0.00 0.00 0.00 0.00 0.00 0.00 0.00 0.00 0.00 0.00 0.00 0.00 0.00 0.00 0.00 0.00 0.00 0.00 0.00 0.00 0.00 0.00 0.00 0.00 0.00 0.00 0.00 0.00 0.00 0.00 0.00 0.00 0.00 0.00 0.00 0.00 0.00 0.00 0.00 0.00 3.32 3.32 1.06 2.99 0.90 1.45 2.12 1.45 1.45 1.45 1.45 1.45 1.45 1.45 2.12 1.45 1.45 1.45 1.45 1.45 1.45 1.40 1.40 1.40 1.40 1.40 1.40 1.40 1.40 1.40 1.40 1.40 1.40
0.00 0.00 0.00 0.00 0.00 0.00 0.00 0.00 0.00 0.00 0.00 0.00 0.00 0.00 0.00 0.00 0.00 0.00 0.00 0.00 0.00 0.00 0.00 0.00 0.00 0.00 0.00 0.00 0.00 0.00 0.00 0.00 0.00 0.00 0.00 0.00 0.00 0.00 0.00 0.00 0.00 0.00 0.00 0.00 0.00 0.00 0.00 0.00 0.00 0.00 0.00 3.16 3.16 2.56 2.81 0.84 1.25 0.85 1.25 0.85 0.85 0.85 0.85 0.85 0.85 0.85 0.85 0.85 0.85 0.85 0.85 0.85 0.83 0.83 0.83 0.83 0.83 0.83 0.83 0.83 0.83 0.83 0.83 0.83
0.00 0.00 0.00 0.00 0.00 0.00 0.00 0.00 0.00 0.00 0.00 0.00 0.00 0.00 0.00 0.00 0.00 0.00 0.00 0.00 0.00 0.00 0.00 0.00 0.00 0.00 0.00 0.00 0.00 0.00 0.00 0.00 0.00 0.00 0.00 0.00 0.00 0.00 0.00 0.00 0.00 0.00 0.00 0.00 0.00 0.00 0.00 0.00 0.00 0.00 0.00 3.16 2.55 0.84 0.84 0.84 0.85 0.85 0.85 0.85 0.85 0.85 0.85 0.85 0.85 0.85 0.85 0.85 0.85 0.85 0.85 0.85 0.83 0.83 0.83 0.83 0.83 0.83 0.83 0.83 1.22 0.83 0.83 3.28
0.00 0.00 0.00 0.00 0.00 0.00 0.00 0.00 0.00 0.00 0.00 0.00 0.00 0.00 0.00 0.00 0.00 0.00 0.00 0.00 0.00 0.00 0.00 0.00 0.00 0.00 0.00 0.00 0.00 0.00 0.00 0.00 0.00 0.00 0.00 0.00 0.00 0.00 0.00 0.00 0.00 0.00 0.00 0.00 0.00 0.00 0.00 0.00 0.00 0.00 0.00 0.84 0.25 0.84 0.84 1.24 1.25 0.85 0.85 0.85 0.85 0.85 0.85 0.85 0.85 0.85 0.85 0.85 1.25 0.85 0.85 0.85 0.83 1.22 0.83 0.83 0.83 0.83 0.83 1.22 1.22 0.83 1.02 0.00
0.00 0.00 0.00 0.00 0.00 0.00 0.00 0.00 0.00 0.00 0.00 0.00 0.00 0.00 0.00 0.00 0.00 0.00 0.00 0.00 0.00 0.00 0.00 0.00 0.00 0.00 0.00 0.00 0.00 0.00 0.00 0.00 0.00 0.00 0.00 0.00 0.00 0.00 0.00 0.00 0.00 0.00 0.00 0.00 0.00 0.00 0.00 0.00 0.00 0.00 0.84 0.84 0.84 0.84 0.84 1.24 0.85 0.85 0.85 0.85 0.85 0.85 0.85 0.85 0.85 0.85 0.85 0.85 1.25 1.25 0.85 0.85 0.83 0.83 0.83 0.83 0.83 0.83 0.83 0.83 0.83 0.00 0.00 0.00
0.00 0.00 0.00 0.00 0.00 0.00 0.00 0.00 0.00 0.00 0.00 0.00 0.00 0.00 0.00 0.00 0.00 0.00 0.00 0.00 0.00 0.00 0.00 0.00 0.00 0.00 0.00 0.00 0.00 0.00 0.00 0.00 0.00 0.00 0.00 0.00 0.00 0.00 0.00 0.00 0.00 0.00 0.00 0.00 0.00 0.00 0.00 0.00 0.00 0.84 0.84 0.84 0.84 1.24 1.24 1.24 1.25 0.85 0.85 0.85 0.85 0.85 0.85 0.85 0.85 0.85 0.85 0.85 1.25 1.25 0.85 0.85 0.83 0.83 2.53 2.53 0.83 0.83 0.83 0.83 0.00 0.00 0.00 0.00
0.00 0.00 0.00 0.00 0.00 0.00 0.00 0.00 0.00 0.00 0.00 0.00 0.00 0.00 0.00 0.00 0.00 0.00 0.00 0.00 0.00 0.00 0.00 0.00 0.00 0.00 0.00 0.00 0.00 0.00 0.00 0.00 0.00 0.00 0.00 0.00 0.00 0.00 0.00 0.00 0.00 0.00 0.00 0.00 0.00 0.00 0.00 0.00 0.84 0.84 0.84 0.84 0.84 0.84 1.24 1.24 0.85 0.85 0.85 0.85 0.85 0.85 0.85 0.85 0.85 0.85 0.85 0.85 1.25 1.25 0.85 0.85 0.83 0.83 2.53 2.53 2.78 0.83 1.22 0.83 0.00 0.00 0.00 0.00
