New_Model_Runs/9_Future_Present_Scn2_out/post_prcessed_with_MFR/Monthly_summaries/interception_monthly_JUL.asc
NCOLS 700
NROWS 400
XLLCENTER 515000.000000
YLLCENTER 8409000.000000
CELLSIZE 50.000000
NODATA_value -999.000000
[rows 190 to 227 of 400, columns 84 to 167 of 700]
0.00 0.00 0.00 0.00 0.00 0.00 0.00 0.00 0.00 0.00 0.00 0.00 0.00 0.00 0.00 0.00 0.00 0.00 0.00 0.00 0.00 0.00 0.00 0.00 0.00 1.58 1.58 1.58 1.62 1.62 1.62 1.62 1.69 1.69 1.69 1.69 1.75 1.75 1.75 1.75 1.72 1.72 1.72 1.72 1.65 1.65 1.65 1.65 1.63 1.63 1.63 1.63 1.66 1.66 1.66 1.66 1.71 1.71 1.71 1.71 1.80 1.80 1.80 1.80 1.86 1.86 1.86 1.86 1.78 1.78 1.78 1.78 1.82 1.82 1.82 1.82 1.80 1.80 1.80 1.80 1.52 1.52 1.52 1.52
0.00 0.00 0.00 0.00 0.00 0.00 0.00 0.00 0.00 0.00 0.00 0.00 0.00 0.00 0.00 0.00 0.00 0.00 0.00 0.00 0.00 0.00 0.00 0.00 0.00 1.58 1.58 1.25 1.28 1.62 1.62 1.62 1.69 1.69 1.69 1.69 1.75 1.75 1.75 1.75 1.72 1.72 1.72 1.72 1.65 1.65 1.65 1.65 1.63 1.63 1.63 1.63 1.66 1.66 1.66 1.66 1.71 1.71 1.71 1.71 1.80 1.80 1.80 1.80 1.86 1.86 1.86 1.86 1.78 1.78 1.78 1.78 1.82 1.82 1.82 1.82 1.80 1.80 1.80 1.80 1.52 1.52 1.52 1.52
0.00 0.00 0.00 0.00 0.00 0.00 0.00 0.00 0.00 0.00 0.00 0.00 0.00 0.00 0.00 0.00 0.00 0.00 0.00 0.00 0.00 0.00 0.00 0.00 0.00 0.00 1.51 1.51 1.25 1.25 1.56 1.56 1.66 1.66 1.66 1.66 1.76 1.76 1.76 1.76 1.77 1.77 1.77 1.77 1.69 1.69 1.69 1.69 1.64 1.64 1.64 1.64 1.70 1.70 1.70 1.70 1.75 1.75 1.75 1.75 1.84 1.84 1.84 1.84 1.85 1.85 1.85 1.85 1.80 1.80 1.80 1.80 1.79 1.79 1.79 1.79 1.57 1.57 1.57 1.57 1.39 1.39 1.39 1.39
0.00 0.00 0.00 0.00 0.00 0.00 0.00 0.00 0.00 0.00 0.00 0.00 0.00 0.00 0.00 0.00 0.00 0.00 0.00 0.00 0.00 0.00 0.00 0.00 0.00 0.00 0.00 1.51 1.25 1.25 1.56 1.56 1.66 1.66 1.66 1.66 1.76 1.76 1.76 1.76 1.77 1.77 1.77 1.77 1.69 1.69 1.69 1.69 1.64 1.64 1.64 1.64 1.70 1.70 1.70 1.70 1.75 1.75 1.75 1.75 1.84 1.84 1.84 1.84 1.85 1.85 1.85 1.85 1.80 1.80 1.80 1.80 1.79 1.79 1.79 1.79 1.57 1.57 1.57 1.57 1.39 1.39 1.39 1.39
0.00 0.00 0.00 0.00 0.00 0.00 0.00 0.00 0.00 0.00 0.00 0.00 0.00 0.00 0.00 0.00 0.00 0.00 0.00 0.00 0.00 0.00 0.00 0.00 0.00 0.00 0.00 1.29 1.65 1.65 1.65 1.65 1.77 1.77 1.77 1.77 1.89 1.89 1.89 1.89 1.91 1.91 1.91 1.91 1.82 1.82 1.82 1.82 1.76 1.76 1.76 1.76 1.83 1.83 1.83 1.83 1.90 1.90 1.90 1.90 2.03 2.03 2.03 2.03 2.03 2.03 2.03 2.03 1.97 1.97 1.97 1.97 1.96 1.96 1.96 1.96 1.69 1.69 1.69 1.69 1.47 1.47 1.47 1.47
0.00 0.00 0.00 0.00 0.00 0.00 0.00 0.00 0.00 0.00 0.00 0.00 0.00 0.00 0.00 0.00 0.00 0.00 0.00 0.00 0.00 0.00 0.00 0.00 0.00 0.00 0.69 1.29 1.65 1.65 1.65 1.65 1.77 1.77 1.77 1.77 1.89 1.89 1.89 1.89 1.91 1.91 1.91 1.91 1.82 1.82 1.82 1.82 1.76 1.76 1.76 1.76 1.83 1.83 1.83 1.83 1.90 1.90 1.90 1.90 2.03 2.03 2.03 2.03 2.03 2.03 2.03 2.03 1.97 1.97 1.97 1.97 1.96 1.96 1.96 1.96 1.69 1.69 1.69 1.69 1.47 1.47 1.47 1.47
0.00 0.00 0.00 0.00 0.00 0.00 0.00 0.00 0.00 0.00 0.00 0.00 0.00 0.00 0.00 0.00 0.00 0.00 0.00 0.00 0.00 1.70 1.70 1.70 1.59 0.00 1.59 1.59 1.62 1.62 1.62 1.62 1.73 1.73 1.73 1.73 1.85 1.85 1.85 1.85 1.90 1.90 1.90 1.90 1.88 1.88 1.88 1.88 1.85 1.85 1.85 1.85 1.94 1.94 1.94 1.94 1.99 1.99 1.99 1.99 2.02 2.02 2.02 2.02 2.00 2.00 2.00 2.00 1.94 1.94 1.94 1.94 1.71 1.71 1.71 1.71 1.46 1.46 1.46 1.46 1.43 1.43 1.43 1.43
0.00 0.00 0.00 0.00 0.00 0.00 0.00 0.00 0.00 0.00 0.00 0.00 0.00 0.00 0.00 0.00 0.00 0.00 0.00 0.00 1.70 1.70 1.70 1.70 1.29 1.29 0.00 1.49 1.62 1.62 1.62 1.62 1.73 1.73 1.73 1.73 1.85 1.85 1.85 1.85 1.90 1.90 1.90 1.90 1.88 1.88 1.88 1.88 1.85 1.85 1.85 1.85 1.94 1.94 1.94 1.94 1.99 1.99 1.99 1.99 2.02 2.02 2.02 2.02 2.00 2.00 2.00 2.00 1.94 1.94 1.94 1.94 1.71 1.71 1.71 1.71 1.46 1.46 1.46 1.46 1.43 1.43 1.43 1.43
0.00 0.00 0.00 0.00 0.00 0.00 0.00 0.00 0.00 0.00 0.00 0.00 0.00 0.00 0.00 0.00 0.00 0.00 0.00 1.71 1.70 1.70 1.70 1.34 1.29 1.49 1.49 1.59 1.52 1.62 1.62 1.62 1.73 1.73 1.73 1.73 1.85 1.85 1.85 1.85 1.90 1.90 1.90 1.90 1.88 1.88 1.88 1.88 1.85 1.85 1.85 1.85 1.94 1.94 1.94 1.94 1.99 1.99 1.99 1.99 2.02 2.02 2.02 2.02 2.00 2.00 2.00 2.00 1.94 1.94 1.94 1.94 1.71 1.71 1.71 1.71 1.46 1.46 1.46 1.46 1.43 1.43 1.43 1.43
0.00 0.00 0.00 0.00 0.00 0.00 0.00 0.00 0.00 0.00 0.00 0.00 0.00 0.00 0.00 0.00 0.00 0.00 1.71 1.71 1.70 1.70 1.70 1.70 1.59 1.59 1.59 1.49 1.62 1.62 1.62 1.62 1.73 1.73 1.73 1.73 1.85 1.85 1.85 1.85 1.90 1.90 1.90 1.90 1.88 1.88 1.88 1.88 1.85 1.85 1.85 1.85 1.94 1.94 1.94 1.94 1.99 1.99 1.99 1.99 2.02 2.02 2.02 2.02 2.00 2.00 2.00 2.00 1.94 1.94 1.94 1.94 1.71 1.71 1.71 1.71 1.46 1.46 1.46 1.46 1.43 1.43 1.43 1.43
0.00 1.38 1.38 1.38 0.00 0.00 0.00 0.00 0.00 0.00 0.00 0.00 0.00 0.00 0.00 1.15 1.23 1.23 1.23 1.75 1.78 1.78 1.78 1.78 1.68 1.68 1.68 1.56 1.67 1.67 1.67 1.67 1.74 1.74 1.74 1.74 1.78 1.78 1.78 1.78 1.81 1.81 1.81 1.81 1.94 1.94 1.94 1.94 1.99 1.99 1.99 1.99 2.01 2.01 2.01 2.01 1.98 1.98 1.98 1.98 1.95 1.95 1.95 1.95 1.95 1.95 1.95 1.95 1.80 1.80 1.80 1.80 1.49 1.49 1.49 1.49 1.42 1.42 1.42 1.42 1.51 1.51 1.51 1.51
0.00 0.00 1.38 1.38 1.29 0.00 0.00 0.00 0.00 0.00 0.00 0.00 0.00 0.00 1.15 1.15 1.23 1.23 1.23 1.23 1.26 1.26 1.26 1.78 1.68 1.68 1.68 1.68 1.67 1.67 1.67 1.67 1.74 1.74 1.74 1.74 1.78 1.78 1.78 1.78 1.81 1.81 1.81 1.81 1.94 1.94 1.94 1.94 1.99 1.99 1.99 1.99 2.01 2.01 2.01 2.01 1.98 1.98 1.98 1.98 1.95 1.95 1.95 1.95 1.95 1.95 1.95 1.95 1.80 1.80 1.80 1.80 1.49 1.49 1.49 1.49 1.42 1.42 1.42 1.42 1.51 1.51 1.51 1.51
0.00 0.00 1.38 1.38 1.29 1.29 0.00 0.00 0.00 0.00 0.00 0.00 0.00 1.15 1.15 1.15 1.23 1.23 1.23 0.97 1.26 1.26 1.26 1.26 1.17 1.17 1.17 1.68 1.67 1.67 1.67 1.67 1.74 1.74 1.74 1.74 1.78 1.78 1.78 1.78 1.81 1.81 1.81 1.81 1.94 1.94 1.94 1.94 1.99 1.99 1.99 1.99 2.01 2.01 2.01 2.01 1.98 1.98 1.98 1.98 1.95 1.95 1.95 1.95 1.95 1.95 1.95 1.95 1.80 1.80 1.80 1.80 1.49 1.49 1.49 1.49 1.42 1.42 1.42 1.42 1.51 1.51 1.51 1.51
1.38 1.38 1.38 1.38 1.29 1.29 0.00 0.00 0.00 0.00 0.00 0.00 0.00 0.00 1.15 1.15 1.23 1.23 1.23 1.23 1.26 1.26 1.26 1.26 1.17 1.17 1.17 1.17 1.15 1.15 1.67 1.67 1.74 1.74 1.74 1.74 1.78 1.78 1.78 1.78 1.81 1.81 1.81 1.81 1.94 1.94 1.94 1.94 1.99 1.99 1.99 1.99 2.01 2.01 2.01 2.01 1.98 1.98 1.98 1.98 1.95 1.95 1.95 1.95 1.95 1.95 1.95 1.95 1.80 1.80 1.80 1.80 1.49 1.49 1.49 1.49 1.42 1.42 1.42 1.42 1.51 1.51 1.51 1.51
1.44 1.44 1.44 1.44 1.33 1.33 1.33 0.00 0.00 0.00 0.00 0.00 0.00 0.00 1.10 1.10 1.20 1.20 1.20 1.20 1.29 1.29 1.29 1.29 1.30 1.30 1.30 1.30 1.33 1.33 1.33 1.33 1.32 1.32 1.84 1.84 1.80 1.80 1.80 1.80 1.81 1.81 1.81 1.81 1.97 1.97 1.97 1.97 2.05 2.05 2.05 2.05 2.00 2.00 2.00 2.00 1.93 1.93 1.93 1.93 1.91 1.91 1.91 1.91 1.90 1.90 1.90 1.90 1.67 1.67 1.67 1.67 1.42 1.42 1.42 1.42 1.41 1.41 1.41 1.41 1.59 1.59 1.59 1.59
1.44 1.44 1.44 1.44 1.33 1.33 1.33 1.33 0.00 0.00 0.00 0.00 0.00 0.00 1.10 1.10 1.20 1.20 1.20 1.20 1.29 1.29 1.29 1.29 1.30 1.30 1.30 1.30 1.33 1.33 1.33 1.33 1.32 1.32 1.32 1.32 1.28 1.80 1.80 1.80 1.81 1.81 1.81 1.81 1.97 1.97 1.97 1.97 2.05 2.05 2.05 2.05 2.00 2.00 2.00 2.00 1.93 1.93 1.93 1.93 1.91 1.91 1.91 1.91 1.90 1.90 1.90 1.90 1.67 1.67 1.67 1.67 1.42 1.42 1.42 1.42 1.41 1.41 1.41 1.41 1.59 1.59 1.59 1.59
1.44 1.44 1.44 1.44 1.33 1.33 1.33 1.33 0.00 0.00 0.00 0.00 0.00 0.00 1.10 1.10 1.20 1.20 1.20 1.20 1.29 1.29 1.29 1.29 1.30 1.30 1.30 1.30 1.33 1.33 1.33 1.33 1.32 1.32 1.32 1.32 1.28 1.28 1.28 1.28 1.30 1.81 1.81 1.81 1.97 1.97 1.97 1.97 2.05 2.05 2.05 2.05 2.00 2.00 2.00 2.00 1.93 1.93 1.93 1.93 1.91 1.91 1.47 1.91 1.90 1.90 1.90 1.90 1.67 1.67 1.67 1.67 1.42 1.42 1.42 1.42 1.41 1.41 1.41 1.41 1.59 1.59 1.59 1.59
1.44 1.44 1.44 1.44 1.33 1.33 1.33 1.33 0.90 1.11 0.35 0.00 0.00 0.36 1.01 1.10 1.20 0.37 1.20 1.20 1.29 1.29 1.29 1.29 1.30 1.30 1.30 1.30 1.33 1.33 1.33 1.33 1.32 1.32 1.32 1.32 1.28 1.28 1.28 1.28 1.30 1.30 1.30 1.30 1.97 1.97 1.97 1.97 2.05 2.05 2.05 2.05 2.00 2.00 2.00 2.00 1.93 1.93 1.93 1.93 1.91 1.91 1.91 1.91 1.90 1.90 1.90 1.90 1.67 1.67 1.67 1.67 1.42 1.42 1.42 1.42 1.41 1.41 1.41 1.41 1.59 1.59 1.59 1.59
1.46 1.46 1.46 1.46 1.37 1.37 1.37 1.37 1.14 1.14 1.04 1.04 0.00 0.00 0.90 1.01 1.04 1.14 1.14 1.14 1.23 1.23 1.23 1.23 1.29 1.29 1.29 1.29 1.35 1.35 1.35 1.35 1.33 1.33 1.33 1.33 1.33 1.33 1.33 1.33 1.39 1.39 1.39 1.39 1.48 1.48 1.48 1.48 1.95 1.95 1.95 1.95 1.89 1.89 1.89 1.89 1.88 1.88 1.88 1.88 1.90 1.90 1.90 1.90 1.81 1.81 1.81 1.81 1.60 1.60 1.60 1.60 1.41 1.41 1.41 1.41 1.41 1.41 1.41 1.41 1.62 1.62 1.62 1.62
1.46 1.46 1.46 1.46 1.37 1.37 1.37 1.37 1.14 0.00 1.14 1.14 0.00 0.00 0.90 1.10 1.04 1.04 1.14 1.14 1.23 1.23 1.23 1.23 1.29 1.29 1.29 1.29 1.35 1.35 1.35 1.35 1.33 1.33 1.33 1.33 1.33 1.33 1.33 1.33 1.39 1.39 1.39 1.39 1.48 1.48 1.48 1.48 1.43 1.43 1.43 1.95 1.89 1.89 1.89 1.89 1.88 1.88 1.88 1.88 1.90 1.90 1.90 1.90 1.81 1.81 1.81 1.81 1.60 1.60 1.60 1.60 1.41 1.41 1.41 1.41 1.41 1.41 1.41 1.41 1.62 1.62 1.62 1.62
1.57 1.57 1.57 1.57 1.46 1.46 1.46 1.46 1.20 0.00 1.20 1.20 1.15 1.15 0.93 1.15 1.20 1.20 1.20 1.20 1.31 1.31 1.31 1.31 1.38 1.38 1.38 1.38 1.44 1.44 1.44 1.44 1.42 1.42 1.42 1.42 1.42 1.42 1.42 1.42 1.48 1.48 1.48 1.48 1.59 1.59 1.59 1.59 1.53 1.53 1.53 1.53 1.46 1.46 1.46 1.99 1.99 1.99 1.99 1.99 2.02 2.02 2.02 2.02 1.92 1.92 1.92 1.92 1.68 1.68 1.68 1.68 1.46 1.46 1.46 1.46 1.46 1.28 1.46 1.46 1.71 1.71 1.71 1.71
1.57 1.57 1.57 1.57 1.46 1.46 1.46 1.46 1.20 1.20 1.20 1.20 1.15 1.15 1.15 1.15 1.09 1.20 1.20 0.96 1.31 1.31 1.31 1.31 1.38 1.38 1.38 1.38 1.44 1.44 1.44 1.44 1.42 1.42 1.42 1.42 1.42 1.42 1.42 1.42 1.48 1.48 1.48 1.48 1.59 1.59 1.59 1.59 1.53 1.53 1.53 1.53 1.46 1.46 1.46 1.46 1.46 1.46 1.46 1.99 2.02 2.02 2.02 2.02 1.92 1.92 1.92 1.92 1.68 1.68 1.68 1.68 1.46 1.46 1.46 1.46 1.46 1.46 1.46 1.46 1.71 1.71 1.71 1.71
1.46 1.46 1.46 1.46 1.51 1.51 1.51 1.51 1.38 1.38 0.00 1.38 1.23 1.23 1.23 1.23 1.05 1.05 1.15 1.15 1.17 1.17 1.17 1.17 1.22 1.22 1.22 1.22 1.26 1.26 1.26 1.26 1.25 1.25 1.25 1.25 1.34 1.34 1.34 1.34 1.42 1.42 1.42 1.42 1.42 1.42 1.42 1.42 1.32 1.32 1.32 1.32 1.32 1.32 1.32 1.32 1.40 1.40 1.40 1.40 1.46 1.46 1.99 1.99 1.90 1.90 1.90 1.90 1.72 1.72 1.72 1.72 1.53 1.53 1.53 1.53 1.56 1.56 1.56 1.56 1.77 1.77 1.77 1.77
1.46 1.46 1.46 1.46 1.51 1.51 1.51 1.51 1.38 1.38 1.38 1.38 1.23 1.23 0.97 1.11 1.05 1.05 0.93 0.93 1.17 1.17 1.17 1.17 1.22 1.22 1.22 1.22 1.26 1.26 1.26 1.26 1.25 1.25 1.25 1.25 1.34 1.34 1.34 1.34 1.42 1.42 1.42 1.42 1.42 1.42 1.42 1.42 1.32 1.32 1.32 1.32 1.32 1.32 1.32 1.32 1.40 1.40 1.40 1.40 1.46 1.46 1.46 1.46 1.36 1.36 1.90 1.90 1.72 1.72 1.72 1.72 1.53 1.53 1.53 1.53 1.56 1.56 1.56 1.56 1.77 1.77 1.77 1.77
1.46 1.46 1.46 1.46 1.51 1.51 1.51 1.51 1.38 1.38 1.38 1.38 1.23 1.23 1.23 1.23 0.93 1.15 1.15 1.15 1.17 0.94 1.17 1.17 1.22 1.22 1.22 1.22 1.26 1.26 1.26 1.26 1.25 1.25 1.25 1.25 1.34 1.34 1.34 1.34 1.42 1.42 1.42 1.42 1.42 1.42 1.42 1.42 1.32 1.32 1.32 1.32 1.32 1.32 1.32 1.32 1.40 1.40 1.40 1.40 1.46 1.46 1.46 1.46 1.36 1.36 1.36 1.36 1.18 1.72 1.72 1.72 1.53 1.53 1.53 1.53 1.56 1.56 1.56 1.56 1.77 1.77 1.77 1.77
1.46 1.46 1.46 1.46 1.51 1.51 1.51 1.51 1.38 1.38 1.38 1.38 1.23 1.23 1.23 1.23 1.15 1.15 1.15 1.15 0.94 0.94 1.17 1.17 1.22 1.22 1.22 1.22 1.26 1.26 1.26 1.26 1.25 1.25 1.25 1.25 1.34 1.34 1.34 1.34 1.42 1.42 1.42 1.42 1.42 1.42 1.42 1.42 1.32 1.32 1.32 1.32 1.32 1.32 1.32 1.32 1.40 1.40 1.40 1.40 1.46 1.46 1.46 1.46 1.36 1.36 1.36 1.36 1.18 1.18 1.18 1.18 0.99 1.53 1.53 1.53 1.56 1.56 1.56 1.56 1.77 1.77 1.77 1.77
1.30 1.30 1.30 1.30 1.42 1.42 1.42 1.42 1.49 1.49 1.49 1.49 1.34 1.34 1.34 1.34 1.19 1.19 1.19 1.19 1.20 1.20 1.20 1.20 1.23 1.23 1.23 1.23 1.17 1.17 1.17 1.17 1.13 1.13 1.13 1.13 1.22 1.22 1.22 1.22 1.28 1.28 1.28 1.28 1.25 1.25 1.25 1.25 1.19 1.19 1.19 1.19 1.23 1.23 1.23 1.23 1.37 1.37 1.37 1.37 1.47 1.47 1.47 1.47 1.43 1.43 1.43 1.43 1.32 1.32 1.32 1.32 1.24 1.24 1.24 1.24 1.83 1.83 1.83 1.83 1.90 1.90 1.90 1.90
1.30 1.30 1.30 1.30 1.42 1.42 1.42 1.42 1.49 1.49 1.49 1.49 1.34 1.34 1.34 1.34 1.19 1.19 1.19 1.19 1.20 1.20 1.20 1.20 1.23 1.23 1.23 1.23 1.17 1.17 1.17 1.17 1.13 1.13 1.13 1.13 1.22 1.22 1.22 1.22 1.28 1.28 1.28 1.28 1.25 1.25 1.25 1.25 1.19 1.19 1.19 1.19 1.23 1.23 1.23 1.23 1.37 1.37 1.37 1.37 1.47 1.47 1.47 1.47 1.43 1.43 1.43 1.43 1.32 1.32 1.32 1.32 1.24 1.24 1.24 1.24 1.30 1.30 1.30 1.30 1.90 1.90 1.90 1.90
1.30 1.30 1.30 1.30 1.42 1.42 1.42 1.42 1.49 1.49 1.49 1.49 1.34 1.34 1.34 1.34 1.19 1.19 1.19 1.19 1.20 1.20 1.20 1.20 1.23 1.23 1.23 1.23 1.17 1.17 1.17 1.17 1.13 1.13 1.13 1.13 1.22 1.22 1.22 1.22 1.28 1.28 1.28 1.28 1.25 1.25 1.25 1.25 1.19 1.19 1.19 1.19 1.23 1.23 1.23 1.23 1.37 1.37 1.37 1.37 1.47 1.47 1.47 1.47 1.43 1.43 1.43 1.43 1.32 1.32 1.32 1.32 1.24 1.24 1.24 1.24 1.30 1.30 1.30 1.30 1.36 1.36 1.36 1.90
1.30 1.30 1.30 1.30 1.42 1.42 1.42 1.42 1.49 1.49 1.49 1.49 1.34 1.34 1.34 1.34 1.19 1.19 1.19 1.19 1.20 1.20 1.20 1.20 1.23 1.23 1.23 1.23 1.17 1.17 1.17 1.17 1.13 1.13 1.13 1.13 1.22 1.22 1.22 1.22 1.28 1.28 1.28 1.28 1.25 1.25 1.25 1.25 1.19 1.19 1.19 1.19 1.23 1.23 1.23 1.23 1.37 1.37 1.37 1.37 1.47 1.47 1.47 1.47 1.43 1.43 1.43 1.43 1.32 1.32 1.32 1.32 1.24 1.24 1.24 1.24 1.30 1.30 1.30 1.30 1.36 1.36 1.36 1.36
1.15 1.27 1.27 1.27 1.30 1.30 1.30 1.30 1.40 1.40 1.40 1.40 1.45 1.45 1.45 1.45 1.33 1.33 1.33 1.33 1.36 1.36 1.36 1.36 1.32 1.32 1.32 1.32 1.21 1.21 1.21 1.21 1.19 1.19 1.19 1.19 1.17 1.17 1.17 1.17 1.18 1.18 1.18 1.18 1.20 1.20 1.20 1.20 1.23 1.23 1.23 1.23 1.32 1.32 1.32 1.32 1.44 1.44 1.44 1.44 1.47 1.47 1.47 1.47 1.43 1.43 1.43 1.43 1.42 1.42 1.42 1.42 1.45 1.45 1.45 1.45 1.45 1.45 1.45 1.45 1.41 1.41 1.41 1.41
0.00 1.15 1.15 1.27 1.30 1.30 1.30 1.30 1.40 1.40 1.40 1.40 1.45 1.45 1.45 1.45 1.33 1.33 1.33 1.33 1.36 1.36 1.36 1.36 1.32 1.32 1.32 1.32 1.21 1.21 1.21 1.21 1.19 1.19 1.19 1.19 1.17 1.17 1.17 1.17 1.18 1.18 1.18 1.18 1.20 1.20 1.20 1.20 1.23 1.23 1.23 1.23 1.32 1.32 1.32 1.32 1.44 1.44 1.44 1.44 1.47 1.47 1.47 1.47 1.43 1.43 1.43 1.43 1.42 1.42 1.42 1.42 1.45 1.45 1.45 1.45 1.45 1.45 1.45 1.45 1.41 1.41 1.41 1.41
0.99 0.99 0.99 1.27 1.30 1.30 1.30 1.30 1.40 1.40 1.40 1.40 1.45 1.45 1.45 1.45 1.33 1.33 1.33 1.33 1.36 1.36 1.36 1.36 1.32 1.32 1.32 1.32 1.21 1.21 1.21 1.21 1.19 1.19 1.19 1.19 1.17 1.17 1.17 1.17 1.18 1.18 1.18 1.18 1.20 1.20 1.20 1.20 1.23 1.23 1.23 1.23 1.32 1.32 1.32 1.32 1.44 1.44 1.44 1.44 1.47 1.47 1.47 1.47 1.43 1.43 1.43 1.43 1.42 1.42 1.42 1.42 1.45 1.45 1.45 1.45 1.45 1.45 1.45 1.45 1.41 1.41 1.41 1.41
1.27 1.27 1.27 1.27 1.30 1.30 1.30 1.30 1.40 1.40 1.40 1.40 1.45 1.45 1.45 1.45 1.33 1.33 1.33 1.33 1.36 1.36 1.36 1.36 1.32 1.32 1.32 1.32 1.21 1.21 1.21 1.21 1.19 1.19 1.19 1.19 1.17 1.17 1.17 1.17 1.18 1.18 1.18 1.18 1.20 1.20 1.20 1.20 1.23 1.23 1.23 1.23 1.32 1.32 1.32 1.32 1.44 1.44 1.44 1.44 1.47 1.47 1.47 1.47 1.43 1.43 1.43 1.43 1.42 1.42 1.42 1.07 1.45 1.45 1.45 1.45 1.45 1.45 1.45 1.45 1.41 1.41 1.41 1.41
1.30 1.30 1.30 1.30 1.27 1.27 1.27 1.27 1.31 1.31 1.31 1.31 1.44 1.44 1.44 1.44 1.50 1.50 1.50 1.50 1.51 1.51 1.51 1.51 1.39 1.39 1.39 1.39 1.30 1.30 1.30 1.30 1.33 1.33 1.33 1.33 1.26 1.26 1.26 1.26 1.22 1.22 1.22 1.22 1.29 1.29 1.29 1.29 1.35 1.35 1.35 1.35 1.46 1.46 1.46 1.46 1.50 1.50 1.50 1.50 1.44 1.44 1.44 1.44 1.42 1.42 1.42 1.42 1.48 1.48 1.48 1.48 1.49 1.49 1.49 1.49 1.46 1.46 1.46 1.46 1.46 1.46 1.46 1.46
1.30 1.30 1.30 1.30 1.27 1.27 1.27 1.27 1.31 1.31 1.31 1.31 1.44 1.44 1.44 1.44 1.50 1.50 1.50 1.50 1.51 1.51 1.51 1.51 1.39 1.39 1.39 1.39 1.30 1.30 1.30 1.30 1.33 1.33 1.33 1.33 1.26 1.26 1.26 1.26 1.22 1.22 1.22 1.22 1.29 1.29 1.29 1.29 1.35 1.35 1.35 1.35 1.46 1.46 1.46 1.46 1.50 1.50 1.50 1.50 1.44 1.44 1.44 1.44 1.42 1.42 1.42 1.42 1.48 1.48 1.48 1.48 1.49 1.49 1.49 1.49 1.46 1.46 1.46 1.46 1.46 1.46 1.46 1.46
1.34 1.34 1.34 1.34 1.30 1.30 1.30 1.30 1.34 1.34 1.34 1.34 1.48 1.48 1.48 1.48 1.55 1.55 1.55 1.55 1.56 1.56 1.56 1.56 1.43 1.43 1.43 1.43 1.33 1.33 1.33 1.33 1.35 1.35 1.35 1.35 1.28 1.28 1.28 1.28 1.24 1.24 1.24 1.24 1.31 1.31 1.31 1.31 1.37 1.37 1.37 1.37 1.48 1.48 1.48 1.48 1.52 1.52 1.52 1.52 1.45 1.45 1.45 1.45 1.43 1.43 1.43 1.43 1.49 1.49 1.49 1.49 1.50 1.50 1.50 1.50 1.47 1.47 1.10 1.47 1.47 1.47 1.47 1.47
1.34 1.34 1.34 1.34 1.30 1.30 1.30 1.30 1.34 1.34 1.34 1.34 1.48 1.48 1.48 1.48 1.55 1.55 1.55 1.55 1.56 1.56 1.56 1.56 1.43 1.43 1.43 1.43 1.33 1.33 1.33 1.33 1.35 1.35 1.35 1.35 1.28 1.28 1.28 1.28 1.24 1.24 1.24 1.24 1.31 1.31 1.31 1.31 1.37 1.37 1.37 1.37 1.48 1.48 1.48 1.48 1.52 1.52 1.52 1.52 1.45 1.45 1.45 1.45 1.43 1.43 1.43 1.43 1.49 1.49 1.49 1.49 1.50 1.50 1.50 1.50 1.47 1.47 1.47 1.47 1.47 1.47 1.47 1.47
