New_Model_Runs/9_Future_Present_Scn2_out/post_prcessed_with_MFR/Monthly_summaries/interception_monthly_AUG.asc
NCOLS 700
NROWS 400
XLLCENTER 515000.000000
YLLCENTER 8409000.000000
CELLSIZE 50.000000
NODATA_value -999.000000
[rows 228 to 265 of 400, columns 84 to 167 of 700]
1.51 1.51 1.51 1.51 1.50 1.50 1.50 1.50 1.50 1.50 1.50 1.50 1.57 1.57 1.57 1.57 1.64 1.64 1.64 1.64 1.66 1.66 1.66 1.66 1.61 1.61 1.61 1.61 1.63 1.63 1.63 1.63 1.60 1.60 1.60 1.60 1.55 1.55 1.55 1.55 1.53 1.53 1.53 1.53 1.60 1.60 1.60 1.60 1.64 1.64 1.64 1.64 1.66 1.66 1.66 1.66 1.62 1.62 1.62 1.62 1.61 1.61 1.61 1.61 1.63 1.63 1.63 1.63 1.66 1.66 1.66 1.66 1.62 1.62 1.62 1.62 1.61 1.61 1.61 1.61 1.62 1.62 1.62 1.62
1.51 1.51 1.51 1.51 1.50 1.50 1.50 1.50 1.50 1.50 1.50 1.50 1.57 1.57 1.57 1.57 1.64 1.64 1.64 1.64 1.66 1.66 1.66 1.66 1.61 1.61 1.61 1.61 1.63 1.63 1.63 1.63 1.60 1.60 1.60 1.60 1.55 1.55 1.55 1.55 1.53 1.53 1.53 1.53 1.60 1.60 1.60 1.60 1.64 1.64 1.64 1.64 1.66 1.66 1.66 1.66 1.62 1.62 1.62 1.62 1.61 1.61 1.61 1.61 1.63 1.63 1.63 1.63 1.66 1.66 1.66 1.66 1.62 1.62 1.62 1.62 1.61 1.61 1.61 1.61 1.62 1.62 1.62 1.62
1.51 1.51 1.51 1.51 1.50 1.50 1.50 1.50 1.50 1.50 1.50 1.50 1.57 1.57 1.57 1.57 1.64 1.64 1.64 1.64 1.66 1.66 1.66 1.66 1.61 1.61 1.61 1.61 1.63 1.63 1.63 1.63 1.60 1.60 1.60 1.60 1.55 1.55 1.55 1.55 1.53 1.53 1.53 1.53 1.60 1.60 1.60 1.60 1.64 1.64 1.64 1.64 1.66 1.66 1.66 1.66 1.62 1.62 1.62 1.62 1.61 1.61 1.61 1.61 1.63 1.63 1.63 1.63 1.66 1.66 1.66 1.66 1.62 1.62 1.62 1.62 1.61 1.61 1.61 1.61 1.62 1.62 1.62 1.62
1.51 1.51 1.51 1.51 1.50 1.50 1.50 1.50 1.50 1.50 1.50 1.50 1.57 1.57 1.57 1.57 1.64 1.64 1.64 1.64 1.66 1.66 1.66 1.66 1.61 1.61 1.61 1.61 1.63 1.63 1.63 1.63 1.60 1.60 1.60 1.60 1.55 1.55 1.55 1.55 1.53 1.53 1.53 1.53 1.60 1.60 1.60 1.60 1.64 1.64 1.64 1.64 1.66 1.66 1.66 1.66 1.62 1.62 1.62 1.62 1.61 1.61 1.61 1.61 1.63 1.63 1.63 1.63 1.66 1.66 1.66 1.66 1.62 1.62 1.62 1.62 1.61 1.61 1.61 1.61 1.62 1.62 1.62 1.62
1.57 1.57 1.57 1.57 1.58 1.58 1.58 1.58 1.58 1.58 1.58 1.58 1.67 1.67 1.67 1.67 1.71 1.71 1.71 1.71 1.67 1.67 1.67 1.67 1.61 1.61 1.61 1.61 1.62 1.62 1.62 1.62 1.56 1.56 1.56 1.56 1.56 1.56 1.56 1.56 1.59 1.59 1.59 1.59 1.65 1.65 1.65 1.65 1.65 1.65 1.65 1.65 1.60 1.60 1.60 1.60 1.54 1.54 1.54 1.54 1.55 1.55 1.55 1.55 1.60 1.60 1.60 1.60 1.63 1.63 1.63 1.63 1.57 1.57 1.57 1.57 1.55 1.55 1.55 1.55 1.54 1.54 1.54 1.54
1.57 1.57 1.57 1.57 1.58 1.58 1.58 1.58 1.58 1.58 1.58 1.58 1.67 1.67 1.67 1.67 1.71 1.71 1.71 1.71 1.67 1.67 1.67 1.67 1.61 1.61 1.61 1.61 1.62 1.62 1.62 1.62 1.56 1.56 1.56 1.56 1.56 1.56 1.56 1.56 1.59 1.59 1.59 1.59 1.65 1.65 1.65 1.65 1.65 1.65 1.65 1.65 1.60 1.60 1.60 1.60 1.54 1.54 1.54 1.54 1.55 1.55 1.55 1.55 1.60 1.60 1.60 1.60 1.63 1.63 1.63 1.63 1.57 1.57 1.57 1.57 1.55 1.55 1.55 1.55 1.54 1.54 1.54 1.54
1.57 1.57 1.57 1.57 1.58 1.58 1.58 1.58 1.58 1.58 1.58 1.58 1.67 1.67 1.67 1.67 1.71 1.71 1.71 1.71 1.67 1.67 1.67 1.67 1.61 1.61 1.61 1.61 1.62 1.62 1.62 1.62 1.56 1.56 1.56 1.56 1.56 1.56 1.56 1.56 1.59 1.59 1.59 1.59 1.65 1.65 1.65 1.65 1.65 1.65 1.65 1.65 1.60 1.60 1.60 1.60 1.54 1.54 1.54 1.54 1.55 1.55 1.55 1.55 1.60 1.60 1.60 1.60 1.63 1.63 1.63 1.63 1.57 1.57 1.57 1.57 1.55 1.55 1.55 1.55 1.54 1.54 1.54 1.54
1.57 1.57 1.57 1.57 1.58 1.58 1.58 1.58 1.58 1.58 1.58 1.58 1.67 1.67 1.67 1.67 1.71 1.71 1.71 1.71 1.67 1.67 1.67 1.67 1.61 1.61 1.61 1.61 1.62 1.62 1.62 1.62 1.56 1.56 1.56 1.56 1.56 1.56 1.56 1.56 1.59 1.59 1.59 1.59 1.65 1.65 1.65 1.65 1.65 1.65 1.65 1.65 1.60 1.60 1.60 1.60 1.54 1.54 1.54 1.54 1.55 1.55 1.55 1.55 1.60 1.60 1.60 1.60 1.63 1.63 1.63 1.63 1.57 1.57 1.57 1.57 1.55 1.55 1.55 1.55 1.54 1.54 1.54 1.54
1.64 1.64 1.64 1.64 1.64 1.64 1.64 1.64 1.65 1.65 1.65 1.65 1.71 1.71 1.71 1.71 1.65 1.65 1.65 1.65 1.56 1.56 1.56 1.56 1.52 1.52 1.52 1.52 1.53 1.53 1.53 1.53 1.53 1.53 1.53 1.53 1.58 1.58 1.58 1.58 1.59 1.59 1.59 1.59 1.59 1.59 1.59 1.59 1.54 1.54 1.54 1.54 1.49 1.49 1.49 1.49 1.45 1.45 1.45 1.45 1.48 1.48 1.48 1.48 1.58 1.58 1.58 1.58 1.61 1.61 1.61 1.61 1.54 1.54 1.54 1.54 1.52 1.52 1.52 1.52 1.49 1.49 1.49 1.49
1.64 1.64 1.64 1.64 1.64 1.64 1.64 1.64 1.65 1.65 1.65 1.65 1.71 1.71 1.71 1.71 1.65 1.65 1.65 1.65 1.56 1.56 1.56 1.56 1.52 1.52 1.52 1.52 1.53 1.53 1.53 1.53 1.53 1.53 1.53 1.53 1.58 1.58 1.58 1.58 1.59 1.59 1.59 1.59 1.59 1.59 1.59 1.59 1.54 1.54 1.54 1.54 1.49 1.49 1.49 1.49 1.45 1.45 1.45 1.45 1.48 1.48 1.48 1.48 1.58 1.58 1.58 1.58 1.61 1.61 1.61 1.61 1.54 1.54 1.54 1.54 1.52 1.52 1.52 1.52 1.49 1.49 1.49 1.49
1.64 1.64 1.64 1.64 1.64 1.64 1.64 1.64 1.65 1.65 1.65 1.65 1.71 1.71 1.71 1.71 1.65 1.65 1.65 1.65 1.56 1.56 1.56 1.56 1.52 1.52 1.52 1.52 1.53 1.53 1.53 1.53 1.53 1.53 1.53 1.53 1.58 1.58 1.58 1.58 1.59 1.59 1.59 1.59 1.59 1.59 1.59 1.59 1.54 1.54 1.54 1.54 1.49 1.49 1.49 1.49 1.45 1.45 1.45 1.45 1.48 1.48 1.48 1.48 1.58 1.58 1.58 1.58 1.61 1.61 1.61 1.61 1.54 1.54 1.54 1.54 1.52 1.52 1.52 1.52 1.49 1.49 1.49 1.49
1.64 1.64 1.64 1.64 1.64 1.64 1.64 1.64 1.65 1.65 1.65 1.65 1.71 1.71 1.71 1.71 1.65 1.65 1.65 1.65 1.56 1.56 1.56 1.56 1.52 1.52 1.52 1.52 1.53 1.53 1.53 1.53 1.53 1.53 1.53 1.53 1.58 1.58 1.58 1.58 1.59 1.59 1.59 1.59 1.59 1.59 1.59 1.59 1.54 1.54 1.54 1.54 1.49 1.49 1.49 1.49 1.45 1.45 1.45 1.45 1.48 1.48 1.48 1.48 1.58 1.58 1.58 1.58 1.61 1.61 1.61 1.61 1.54 1.54 1.54 1.54 1.52 1.52 1.52 1.52 1.49 1.49 1.49 1.49
1.67 1.67 1.67 1.67 1.64 1.64 1.64 1.64 1.62 1.62 1.62 1.62 1.65 1.65 1.65 1.65 1.54 1.54 1.54 1.54 1.47 1.47 1.47 1.47 1.44 1.44 1.44 1.44 1.47 1.47 1.47 1.47 1.54 1.54 1.54 1.54 1.57 1.57 1.57 1.57 1.56 1.56 1.56 1.56 1.55 1.55 1.55 1.55 1.47 1.47 1.47 1.47 1.42 1.42 1.42 1.42 1.41 1.41 1.41 1.41 1.49 1.49 1.49 1.49 1.60 1.60 1.60 1.60 1.61 1.61 1.61 1.61 1.54 1.54 1.54 1.54 1.51 1.51 1.51 1.51 1.46 1.46 1.46 1.46
1.62 1.62 1.67 1.67 1.64 1.64 1.64 1.64 1.62 1.62 1.62 1.62 1.65 1.65 1.65 1.65 1.54 1.54 1.54 1.54 1.47 1.47 1.47 1.47 1.44 1.44 1.44 1.44 1.47 1.47 1.47 1.47 1.54 1.54 1.54 1.54 1.57 1.57 1.57 1.57 1.56 1.56 1.56 1.56 1.55 1.55 1.55 1.55 1.47 1.47 1.47 1.47 1.42 1.42 1.42 1.42 1.41 1.41 1.41 1.41 1.49 1.49 1.49 1.49 1.60 1.60 1.60 1.60 1.61 1.61 1.61 1.61 1.54 1.54 1.54 1.54 1.51 1.51 1.51 1.51 1.46 1.46 1.46 1.46
1.62 1.62 1.62 1.62 1.59 1.59 1.64 1.64 1.62 1.62 1.62 1.62 1.64 1.64 1.64 1.64 1.53 1.53 1.53 1.53 1.46 1.46 1.46 1.46 1.43 1.43 1.43 1.43 1.46 1.46 1.46 1.46 1.52 1.52 1.52 1.52 1.55 1.55 1.55 1.55 1.55 1.55 1.55 1.55 1.53 1.53 1.53 1.53 1.46 1.46 1.46 1.46 1.41 1.41 1.41 1.41 1.40 1.40 1.40 1.40 1.47 1.47 1.47 1.47 1.58 1.58 1.58 1.58 1.59 1.59 1.59 1.59 1.52 1.52 1.52 1.52 1.49 1.49 1.49 1.49 1.44 1.44 1.44 1.44
1.62 1.62 1.62 1.62 1.59 1.59 1.59 1.59 1.57 1.62 1.62 1.62 1.64 1.64 1.64 1.64 1.53 1.53 1.53 1.53 1.46 1.46 1.46 1.46 1.43 1.43 1.43 1.43 1.46 1.46 1.46 1.46 1.52 1.52 1.52 1.52 1.55 1.55 1.55 1.55 1.55 1.55 1.55 1.55 1.53 1.53 1.53 1.53 1.46 1.46 1.46 1.46 1.41 1.41 1.41 1.41 1.40 1.40 1.40 1.40 1.47 1.47 1.47 1.47 1.58 1.58 1.58 1.58 1.59 1.59 1.59 1.59 1.52 1.52 1.52 1.52 1.49 1.49 1.49 1.49 1.44 1.44 1.44 1.44
1.61 1.61 1.61 1.61 1.57 1.57 1.57 1.57 1.56 1.56 1.56 1.56 1.59 1.59 1.59 1.59 1.49 1.49 1.49 1.49 1.41 1.41 1.41 1.41 1.37 1.37 1.37 1.37 1.46 1.46 1.46 1.46 1.55 1.55 1.55 1.55 1.55 1.55 1.55 1.55 1.54 1.54 1.54 1.54 1.54 1.54 1.54 1.54 1.44 1.44 1.44 1.44 1.38 1.38 1.38 1.38 1.41 1.41 1.41 1.41 1.54 1.54 1.54 1.54 1.61 1.61 1.61 1.61 1.61 1.61 1.61 1.61 1.57 1.57 1.57 1.57 1.51 1.51 1.51 1.51 1.41 1.41 1.41 1.41
1.61 1.61 1.61 1.61 1.57 1.57 1.57 1.57 1.56 1.56 1.56 1.56 1.54 1.54 1.54 1.59 1.49 1.49 1.49 1.49 1.41 1.41 1.41 1.41 1.37 1.37 1.37 1.21 1.46 1.46 1.46 1.46 1.55 1.55 1.55 1.55 1.55 1.55 1.55 1.55 1.54 1.54 1.54 1.54 1.54 1.54 1.54 1.54 1.44 1.44 1.44 1.44 1.38 1.38 1.38 0.64 1.41 1.41 1.41 1.41 1.54 1.54 1.54 1.54 1.61 1.61 1.61 1.61 1.61 1.61 1.61 1.61 1.57 1.57 1.57 1.57 1.51 1.51 1.51 1.51 1.41 1.41 1.41 1.41
1.61 1.61 1.61 1.61 1.57 1.57 1.57 1.57 1.56 1.56 1.56 1.56 1.54 1.54 1.54 1.54 1.44 1.44 1.44 1.49 1.41 1.41 1.41 1.41 1.37 1.37 1.37 1.21 1.25 1.25 1.46 1.46 1.55 1.55 1.55 1.55 1.55 1.55 1.55 1.55 1.54 1.54 1.54 1.54 1.54 1.54 1.54 1.54 1.44 1.44 1.44 1.44 1.38 1.38 1.38 1.38 1.41 1.41 1.41 1.41 1.54 1.54 1.54 1.54 1.61 1.61 1.61 1.61 1.61 1.61 1.61 1.61 1.57 1.57 1.57 1.57 1.51 1.51 1.51 1.51 1.41 1.41 1.41 1.41
1.61 1.61 1.61 1.61 1.57 1.57 1.57 1.57 1.56 1.56 1.56 1.56 1.54 1.54 1.54 1.54 1.44 1.44 1.44 1.44 1.36 1.36 1.41 1.41 1.37 1.37 1.37 1.21 0.00 0.00 1.25 1.46 1.55 1.55 1.55 1.55 1.55 1.55 1.55 1.55 1.54 1.54 1.54 1.54 1.54 1.54 1.54 1.54 1.44 1.44 1.44 1.44 1.38 1.38 1.38 1.38 1.41 1.41 1.41 1.41 1.54 1.54 1.54 1.54 1.61 1.61 1.61 1.61 1.61 1.61 1.61 1.61 1.57 1.57 1.57 1.57 1.51 1.51 1.51 1.51 1.41 1.41 1.41 1.41
1.60 1.60 1.60 1.60 1.56 1.56 1.56 1.56 1.55 1.55 1.55 1.55 1.54 1.54 1.54 1.54 1.42 1.42 1.42 1.42 1.33 1.33 1.33 1.33 1.33 1.37 1.21 0.00 0.00 1.26 1.48 1.48 1.57 1.57 1.57 1.57 1.55 1.55 1.55 1.55 1.53 1.53 1.53 1.53 1.57 1.57 1.57 1.57 1.48 1.48 1.48 1.48 1.39 1.39 1.39 1.39 1.45 1.45 1.45 1.45 1.58 1.58 1.58 1.58 1.61 1.61 1.61 1.61 1.61 1.61 1.61 1.61 1.61 1.61 1.61 1.61 1.53 1.53 1.53 1.53 1.43 1.43 1.43 1.43
1.60 1.60 1.60 1.60 1.56 1.56 1.56 1.56 1.55 1.55 1.55 1.55 1.54 1.54 1.54 1.54 1.42 1.42 1.42 1.42 1.33 1.33 1.33 1.33 1.33 1.33 1.33 1.10 1.26 0.61 1.48 1.48 1.57 1.57 1.57 1.57 1.55 1.55 1.55 1.55 1.53 1.53 1.53 1.53 1.57 1.57 1.57 1.57 1.48 1.48 1.48 1.48 1.39 1.39 1.23 1.23 1.45 1.45 1.45 1.45 1.58 1.58 1.58 1.58 1.61 1.61 1.61 1.61 1.61 1.61 1.61 1.61 1.61 1.61 1.61 1.61 1.53 1.53 1.53 1.53 1.43 1.43 1.43 1.43
1.60 1.60 1.60 1.60 1.56 1.56 1.56 1.56 1.55 1.55 1.55 1.55 1.54 1.54 1.54 1.54 1.42 1.42 1.42 1.42 1.33 1.25 1.33 1.33 1.25 1.33 1.33 1.33 1.43 1.16 1.43 1.43 1.57 1.57 1.57 1.57 1.55 1.55 1.55 1.55 1.53 1.53 1.53 1.53 1.57 1.57 1.57 1.57 1.48 1.48 1.48 1.48 1.39 1.39 1.23 1.23 1.45 1.45 1.45 1.45 1.58 1.58 1.58 1.58 1.61 1.61 1.61 1.61 1.61 1.61 1.61 1.61 1.61 1.61 1.61 1.61 1.53 1.53 1.53 1.53 1.43 1.43 1.43 1.43
1.60 1.60 1.60 1.60 1.56 1.56 1.56 1.56 1.55 1.55 1.55 1.55 1.54 1.54 1.54 1.54 1.42 1.42 1.42 1.42 1.25 1.25 1.25 0.00 1.10 1.33 1.33 1.33 1.43 1.43 1.16 1.43 1.51 1.51 1.51 1.57 1.55 1.55 1.55 1.55 1.53 1.53 1.53 1.53 1.57 1.57 1.57 1.57 1.48 1.48 1.48 1.48 1.39 1.39 1.39 1.23 1.45 1.45 1.45 1.45 1.58 1.58 1.58 1.58 1.61 1.34 1.34 1.61 1.61 1.61 1.61 1.61 1.61 1.61 1.61 1.61 1.53 1.53 1.53 1.53 1.43 1.43 1.43 1.43
1.58 1.58 1.58 1.58 1.55 1.55 1.55 1.55 1.55 1.55 1.55 1.55 1.53 1.53 1.53 1.53 1.43 1.43 1.43 1.43 1.26 0.00 0.00 0.00 1.25 1.33 1.33 1.33 1.16 1.42 1.16 1.42 1.50 1.50 1.50 1.50 1.49 1.49 1.55 1.55 1.52 1.52 1.52 1.52 1.59 1.59 1.59 1.59 1.54 1.54 1.54 1.54 1.25 1.25 1.44 1.44 1.49 1.49 1.49 1.49 1.57 1.57 1.57 1.57 1.58 1.33 1.33 1.58 1.63 1.63 1.63 1.63 1.65 1.65 1.65 1.65 1.53 1.53 1.53 1.53 1.43 1.43 1.43 1.43
1.58 1.58 1.58 1.58 1.55 1.55 1.55 1.55 1.55 1.55 1.55 1.55 1.53 1.53 1.53 1.53 1.43 1.43 1.43 1.43 1.26 0.00 0.00 0.00 0.00 0.49 0.49 0.49 1.16 1.42 1.16 1.42 1.50 1.50 1.50 1.50 1.49 1.49 1.49 1.49 1.47 1.47 1.52 1.52 1.59 1.59 1.59 1.59 1.54 1.54 1.54 1.54 1.44 1.25 1.25 1.25 1.49 1.49 1.49 1.49 1.57 1.32 1.57 1.57 1.58 1.58 1.58 1.58 1.63 1.63 1.63 1.63 1.65 1.65 1.65 1.65 1.53 1.53 1.53 1.53 1.43 1.43 1.43 1.43
1.58 1.58 1.21 1.21 1.55 1.55 1.55 1.55 1.55 1.55 1.55 1.55 1.53 1.21 1.21 1.21 1.15 1.33 1.33 1.43 1.26 0.00 0.00 0.00 0.00 0.00 0.00 0.00 0.00 1.16 1.42 1.42 1.50 1.50 1.50 1.50 1.49 1.20 1.20 1.49 1.47 1.47 1.47 1.47 1.54 1.59 1.59 1.59 1.54 1.54 1.54 1.54 1.44 1.25 0.00 1.25 1.49 1.49 1.49 1.28 1.32 1.32 1.32 1.32 1.58 1.58 1.58 1.58 1.63 1.63 1.63 1.63 1.65 1.65 1.65 1.65 1.53 1.53 1.53 1.53 1.43 1.43 1.43 1.43
1.21 1.21 1.21 0.00 1.55 1.55 1.55 1.55 1.55 1.55 1.55 1.55 1.53 1.53 1.53 1.21 0.00 1.15 1.43 1.33 1.26 0.00 0.00 0.00 0.00 0.00 0.00 0.00 0.00 0.00 0.51 1.42 1.50 1.50 1.50 1.50 1.49 0.00 1.20 1.49 1.47 1.47 1.47 1.36 1.54 1.54 1.54 1.54 1.54 1.54 1.54 1.54 1.44 1.44 0.00 0.00 1.49 1.49 1.49 1.49 1.32 1.32 0.67 1.32 1.58 1.58 1.58 1.58 1.63 1.63 1.63 1.63 1.65 1.65 1.65 1.65 1.53 1.53 1.53 1.53 1.43 1.43 1.43 1.43
1.57 1.20 1.20 1.20 1.56 1.56 1.56 1.56 1.56 1.56 1.56 1.56 1.52 1.52 1.52 1.52 1.33 1.43 1.33 1.33 0.49 0.00 0.00 0.00 0.00 0.00 0.00 0.00 0.00 0.00 1.46 1.46 1.48 1.48 1.48 1.48 1.51 1.20 1.20 1.51 1.49 1.49 1.49 1.49 1.55 1.55 1.55 1.55 1.54 1.54 1.54 1.59 1.50 1.50 1.40 0.00 1.28 1.49 1.49 1.49 1.56 1.32 1.56 1.56 1.59 1.59 1.59 1.59 1.66 1.66 1.66 1.66 1.66 1.66 1.66 1.66 1.53 1.53 1.53 1.53 1.41 1.41 1.41 1.41
1.20 1.20 1.20 1.20 1.56 1.56 1.56 1.20 1.56 1.56 1.56 1.56 1.52 1.52 1.52 1.52 1.43 1.43 1.43 1.43 0.00 0.00 0.00 0.00 0.00 0.00 0.00 0.00 0.00 0.00 0.00 1.46 1.48 1.48 1.48 1.48 1.51 1.51 1.20 1.51 1.49 1.49 1.49 1.19 1.24 1.55 1.55 1.55 1.54 1.54 1.54 1.54 1.45 1.45 1.45 1.28 1.28 1.28 1.49 1.49 1.32 1.32 1.56 1.56 1.59 1.59 1.59 1.33 1.66 1.66 1.66 1.66 1.66 1.66 1.66 1.66 1.53 1.53 1.53 1.53 1.41 1.41 1.41 1.35
1.18 1.18 1.18 1.18 1.17 1.54 1.54 1.54 1.54 1.54 1.54 1.54 1.49 1.49 1.49 1.49 1.41 1.41 1.13 0.00 0.00 0.00 0.00 0.00 0.00 0.00 0.00 0.00 0.00 0.00 0.00 0.00 0.00 0.50 1.45 1.45 1.48 1.48 1.48 1.48 1.46 1.46 1.46 1.35 1.20 1.51 1.51 1.51 1.50 1.50 1.50 1.50 1.41 1.41 1.41 1.16 1.15 0.00 1.46 1.46 1.52 1.52 1.52 1.52 1.54 1.54 1.54 1.54 1.61 1.61 1.61 1.61 1.61 1.61 1.61 1.61 1.50 1.50 1.50 1.50 1.38 1.38 1.31 0.00
1.18 1.18 1.18 1.18 1.17 1.54 1.54 1.54 1.54 1.54 1.54 1.54 1.49 1.49 1.37 0.00 0.00 0.00 0.00 0.00 0.00 0.00 0.00 0.00 0.00 0.00 0.00 0.00 0.00 0.00 0.00 0.00 0.00 0.00 1.45 1.45 1.48 1.48 1.36 1.48 1.46 1.46 1.46 1.35 1.51 1.51 1.51 1.51 1.50 1.50 1.50 1.50 1.41 1.41 1.41 1.16 1.15 1.15 1.15 1.40 1.46 1.52 1.52 1.52 1.54 1.54 1.54 1.54 1.61 1.61 1.61 1.61 1.61 1.61 1.61 1.33 1.50 1.50 1.50 1.50 1.38 1.38 1.38 1.38
1.19 1.19 1.19 1.19 1.19 1.57 1.57 1.57 1.56 1.56 1.56 1.56 1.48 1.48 0.00 0.00 0.00 0.00 0.00 0.00 0.00 0.00 0.00 0.00 0.00 0.00 0.00 0.00 0.00 0.00 0.00 0.00 0.00 0.00 0.50 1.47 1.51 1.51 1.51 1.19 1.49 1.49 1.49 1.49 1.52 1.52 1.52 1.52 1.52 1.52 1.52 1.52 1.45 1.45 1.45 1.17 1.16 1.16 1.33 1.42 1.48 1.48 1.20 1.48 1.58 1.58 1.58 1.58 1.62 1.62 1.62 1.62 1.61 1.61 1.61 1.61 1.55 1.55 1.55 1.55 1.42 1.42 1.42 1.42
1.57 1.19 1.19 1.19 1.57 1.57 1.57 1.57 1.56 1.56 1.56 1.56 1.48 1.48 0.00 0.00 0.00 0.00 0.00 0.00 0.00 0.00 0.00 0.00 0.00 0.00 0.00 0.00 0.00 0.00 0.00 0.00 0.00 0.00 1.17 1.47 1.51 1.51 1.51 1.51 1.49 1.49 1.49 1.49 1.21 0.00 1.21 1.52 1.52 1.52 1.52 1.52 1.45 1.45 1.45 1.45 0.00 0.00 1.42 1.42 1.48 1.38 1.20 1.48 1.22 1.52 1.52 1.52 1.62 1.62 1.62 1.62 1.61 1.61 1.61 1.61 1.30 1.55 1.55 1.55 1.42 1.42 1.42 1.35
1.57 1.57 1.57 1.57 1.57 1.57 1.57 1.57 1.56 1.56 1.18 1.56 1.48 1.36 0.00 0.00 0.00 0.00 0.00 0.00 0.00 0.00 0.00 0.00 0.00 0.00 0.00 0.00 0.00 0.00 0.00 0.00 0.00 0.00 0.00 1.36 1.51 1.51 1.51 1.19 1.49 1.49 1.18 1.49 1.52 0.00 1.21 1.52 1.52 1.52 1.52 1.21 1.17 1.45 1.45 1.17 0.00 1.16 1.42 1.42 1.48 1.38 1.20 1.20 1.22 1.52 1.52 1.52 1.56 1.56 1.56 1.62 1.61 1.61 1.61 1.61 1.55 1.55 1.55 1.55 1.42 1.42 1.42 1.24
1.57 1.57 1.57 1.19 1.19 1.19 1.57 1.57 1.18 1.56 1.56 1.56 1.16 0.00 0.00 0.00 0.00 0.00 0.00 0.00 0.00 0.00 0.00 0.00 0.00 0.00 0.00 0.00 0.00 0.00 0.00 0.00 0.00 0.00 0.00 1.36 1.51 1.19 1.39 1.51 1.49 1.18 0.00 0.00 1.40 0.00 1.40 1.52 1.52 1.52 1.52 1.21 1.17 1.45 1.35 0.00 0.00 1.42 1.42 1.42 1.48 1.20 1.20 1.20 1.22 1.52 1.52 1.52 1.24 1.56 1.56 1.56 1.55 1.55 1.61 1.61 1.55 1.55 1.55 1.55 1.42 1.42 1.42 1.24
1.56 1.56 1.56 1.18 0.00 1.19 1.58 1.58 1.58 1.19 1.19 0.00 0.00 0.00 0.00 0.00 0.00 0.00 0.00 0.00 0.00 0.00 0.00 0.00 0.00 0.00 0.00 0.00 0.00 0.00 0.00 0.00 0.00 0.00 0.50 1.52 1.42 1.42 1.55 1.55 1.51 1.19 0.00 0.00 0.00 1.41 1.53 1.53 1.53 1.53 1.53 1.41 1.18 1.46 1.18 0.51 0.00 1.46 1.46 1.46 1.52 1.52 1.22 1.41 1.22 1.22 1.53 1.53 1.54 1.54 1.54 1.54 1.55 1.55 1.55 1.55 1.53 1.53 1.58 1.58 1.49 1.49 1.49 1.40
1.56 1.56 1.56 1.56 0.00 0.00 1.58 1.58 1.58 1.58 1.19 0.00 0.00 0.00 0.00 0.00 0.00 0.00 0.00 0.00 0.00 0.00 0.00 0.00 0.00 0.00 0.00 0.00 0.00 0.00 0.00 0.00 0.00 1.52 0.00 0.00 1.42 1.55 1.55 1.55 1.51 1.51 1.39 0.50 1.53 1.53 1.53 1.53 1.53 1.53 1.53 1.41 0.00 1.46 1.46 0.51 0.00 1.46 1.46 1.46 1.52 1.52 1.41 1.41 1.22 1.22 1.53 1.53 1.54 1.54 1.54 1.54 1.55 1.55 1.55 1.55 1.53 1.53 1.53 1.53 1.44 1.49 1.49 1.49
