New_Model_Runs/9_Future_Present_Scn2_out/post_prcessed_with_MFR/Monthly_summaries/interception_monthly_MAY.asc
NCOLS 700
NROWS 400
XLLCENTER 515000.000000
YLLCENTER 8409000.000000
CELLSIZE 50.000000
NODATA_value -999.000000
[rows 228 to 265 of 400, columns 168 to 251 of 700]
1.42 1.42 1.42 1.42 1.38 1.04 1.04 1.04 1.06 1.06 1.06 1.06 0.00 0.00 0.00 0.00 0.00 0.00 0.00 0.00 0.00 0.00 0.00 0.00 0.00 0.00 0.00 0.00 0.00 0.00 0.00 0.00 0.00 0.00 0.00 0.00 0.00 0.00 0.00 0.00 0.00 0.00 0.00 1.45 1.84 1.47 1.47 0.00 0.00 0.00 0.00 1.47 1.45 1.45 1.45 0.78 1.72 1.72 1.76 1.76 1.70 1.70 1.70 1.70 0.00 1.65 1.65 1.65 1.66 1.66 1.66 1.66 1.67 1.67 1.67 1.67 1.76 1.76 1.76 1.76 1.84 1.84 1.42 1.84
1.42 1.42 1.42 1.42 1.38 1.38 1.04 1.04 1.40 1.06 0.00 0.00 0.00 0.00 0.00 0.00 0.00 0.00 0.00 0.00 0.00 0.00 0.00 0.00 0.00 0.00 0.00 0.00 0.00 0.00 0.00 0.00 0.00 0.00 0.00 0.00 0.00 0.00 0.00 0.00 0.00 1.45 1.45 1.45 1.47 1.47 0.00 0.00 0.00 0.00 0.00 1.47 1.80 1.80 1.80 1.80 1.72 1.72 1.76 1.76 1.70 1.70 1.36 1.70 1.65 0.65 1.65 1.65 1.66 1.66 1.66 1.34 0.00 1.34 1.34 1.67 1.76 1.76 1.76 1.76 1.84 1.42 1.42 1.84
1.42 1.42 1.42 1.42 1.38 1.38 1.38 1.38 1.40 1.06 1.06 1.06 0.00 0.00 0.00 0.00 0.00 0.00 0.00 0.00 0.00 0.00 0.00 0.00 0.00 0.00 0.00 0.00 0.00 0.00 0.00 0.00 0.00 0.00 0.00 0.00 0.00 0.00 0.00 0.00 0.00 0.00 0.00 1.45 0.00 0.00 0.00 0.00 0.00 0.78 1.47 1.47 1.45 1.80 1.80 1.80 1.72 1.76 1.76 1.76 1.70 1.70 1.70 1.70 1.65 1.65 1.65 1.65 1.66 1.66 1.51 1.51 0.00 1.34 1.67 1.67 1.76 1.76 1.76 1.76 1.84 1.42 1.42 1.84
1.42 1.42 1.42 1.42 1.38 1.38 1.38 1.38 1.40 1.40 1.40 1.06 0.00 0.00 0.00 0.00 0.00 0.00 0.00 0.00 0.00 0.00 0.00 0.00 0.00 0.00 0.00 0.00 0.00 0.00 0.00 0.00 0.00 0.00 0.00 0.00 0.00 0.58 0.00 0.00 0.00 0.00 0.00 1.11 0.59 0.00 0.78 0.78 1.84 1.84 1.84 1.84 1.80 1.80 1.80 1.80 1.72 1.76 1.76 1.76 1.70 1.70 1.70 1.36 1.33 1.33 1.65 1.65 1.34 1.34 1.66 1.34 1.34 1.67 1.67 1.67 1.76 1.76 1.76 1.76 1.42 1.42 1.84 1.84
1.32 1.32 1.32 1.32 1.31 1.31 1.31 1.31 1.35 1.03 1.35 1.03 1.06 1.06 1.06 0.00 0.00 0.00 0.00 0.00 0.00 0.00 0.00 0.00 0.00 0.59 1.39 0.00 0.00 0.00 0.00 0.00 0.00 0.00 0.00 1.13 0.59 1.14 0.00 0.00 0.00 0.00 0.00 0.00 0.00 1.54 1.54 1.54 1.43 1.73 1.73 1.73 1.69 1.69 1.69 1.69 1.65 1.69 1.69 1.69 1.65 1.65 1.65 1.33 1.30 0.00 0.00 1.30 1.61 1.61 1.31 1.31 1.65 1.65 1.65 1.65 1.77 1.77 1.77 1.77 1.82 1.82 1.82 1.82
1.32 1.32 1.32 1.32 1.31 1.31 1.31 1.31 1.35 1.35 1.35 1.03 1.06 1.40 1.40 1.06 0.00 0.00 0.00 0.00 0.00 0.00 0.00 0.00 0.00 0.59 0.00 0.00 0.00 0.00 0.00 0.00 0.00 0.59 1.13 0.59 0.59 1.56 1.56 1.14 1.15 0.59 1.59 0.59 0.00 1.54 1.54 1.54 1.43 0.58 1.08 1.43 1.39 1.69 1.69 1.69 1.69 1.69 1.69 1.69 1.65 1.65 1.65 1.65 1.30 0.00 0.00 0.00 1.31 1.31 0.00 0.00 1.33 1.65 1.65 1.65 1.77 1.77 1.77 1.77 1.82 1.82 1.82 1.82
1.32 1.32 1.32 1.32 1.31 1.31 1.31 1.31 1.35 1.35 1.35 1.35 1.40 1.40 1.40 1.06 1.08 1.08 1.08 0.00 0.00 0.00 0.00 0.00 0.00 0.00 0.00 0.00 0.00 0.59 0.59 1.12 1.53 1.53 1.53 0.59 0.00 0.00 1.56 1.44 1.59 1.59 1.59 1.59 0.58 1.54 1.13 0.58 0.58 1.08 1.08 1.08 1.06 1.39 1.39 1.39 1.69 1.69 1.69 1.69 1.65 1.65 1.65 1.65 1.30 1.30 0.00 0.00 0.00 0.00 0.00 0.00 1.33 1.65 1.65 1.65 1.77 1.38 1.77 1.77 1.82 1.82 1.82 1.82
1.32 1.32 1.32 1.32 1.31 1.31 1.31 1.31 1.35 1.35 1.35 1.35 1.40 1.40 1.40 1.40 1.08 1.44 1.08 0.00 0.00 0.00 0.00 0.00 0.00 0.00 1.11 1.11 1.12 0.00 1.12 1.12 1.53 1.53 1.53 1.13 0.00 0.00 0.00 1.44 1.59 1.59 1.59 1.15 1.54 1.54 1.54 1.13 0.58 1.08 1.08 0.00 0.00 0.57 1.06 1.06 1.35 1.35 1.35 1.69 1.65 1.65 1.65 1.65 1.59 1.46 0.00 0.00 0.00 1.47 1.61 1.31 1.65 1.65 1.65 1.65 1.38 1.77 1.77 1.77 1.82 1.82 1.82 1.82
1.24 1.24 1.24 1.24 1.23 1.23 1.23 1.23 1.29 1.29 1.29 1.29 1.37 1.37 1.37 1.37 1.45 1.45 1.08 0.00 0.00 0.00 0.00 0.00 0.00 1.12 1.50 1.50 1.13 0.00 0.00 1.13 1.56 1.56 1.56 1.14 1.17 1.17 0.59 1.17 0.59 1.54 1.54 1.54 1.40 1.40 1.40 1.40 1.04 1.35 1.28 0.00 0.00 0.00 0.00 0.00 0.00 1.33 1.64 1.33 1.62 1.62 1.49 1.49 1.46 0.00 0.00 0.00 0.00 1.32 1.63 1.63 1.70 1.70 1.35 1.35 1.80 1.80 1.80 1.80 1.77 1.77 1.77 1.77
1.24 1.24 1.24 1.24 1.23 1.23 1.23 1.23 1.29 1.29 1.29 1.29 1.37 1.37 1.37 1.37 1.45 1.45 1.45 1.08 0.00 0.00 0.00 0.00 0.00 1.12 1.12 1.50 1.13 1.42 0.00 0.59 1.14 1.14 1.56 1.56 1.17 0.59 1.17 1.17 1.54 1.54 1.54 1.54 1.40 1.40 1.40 1.40 1.04 1.35 1.35 1.28 0.00 0.00 0.00 0.00 0.00 0.00 1.33 0.00 1.32 1.32 0.00 0.00 0.00 0.00 0.00 0.64 0.00 1.49 0.65 1.63 1.70 1.70 1.70 1.70 1.80 1.80 1.80 1.80 1.77 1.77 1.77 1.77
1.24 1.24 1.24 1.24 1.23 1.23 1.23 1.23 1.29 1.29 1.29 1.29 1.37 1.37 1.37 1.37 1.45 1.45 1.45 1.08 0.00 0.00 0.00 0.00 0.00 1.40 1.50 1.50 1.13 1.13 1.13 1.53 1.14 1.14 1.14 1.14 1.61 0.59 1.17 1.17 1.54 1.54 1.54 1.54 1.40 1.40 1.40 1.40 1.35 1.04 1.04 1.28 0.00 0.00 0.00 0.00 0.00 0.00 0.00 0.00 0.00 0.00 0.00 0.00 0.00 0.00 0.00 0.00 0.00 0.00 1.32 1.63 1.35 1.70 1.70 1.70 1.80 1.80 1.80 1.80 1.77 1.77 1.77 1.77
1.24 1.24 1.24 1.24 1.23 1.23 1.23 1.23 1.29 1.29 1.29 1.29 1.37 1.37 1.37 1.37 1.45 1.08 0.00 0.00 0.00 1.10 1.10 1.10 0.00 1.12 1.50 1.50 1.53 1.53 1.53 1.53 1.56 1.56 1.56 1.14 1.61 1.17 0.00 1.61 1.54 1.54 1.54 1.54 1.40 1.40 1.06 1.06 1.04 1.04 0.57 1.35 1.27 0.00 0.00 0.00 0.00 0.00 0.00 0.00 0.00 0.00 0.00 0.00 0.00 0.00 0.00 0.00 0.00 0.00 0.00 1.32 1.35 1.70 1.70 1.70 1.80 1.80 1.80 1.80 1.77 1.77 1.77 1.77
1.20 1.20 1.20 1.20 1.22 1.22 1.22 1.22 1.30 1.30 1.30 1.30 1.39 1.39 1.39 1.39 1.09 1.36 0.00 1.36 1.36 1.46 1.46 1.09 1.10 1.10 1.47 1.47 1.50 1.50 1.50 1.50 0.59 0.59 0.59 1.56 1.56 1.15 1.15 1.56 1.44 1.44 1.44 1.44 1.36 1.04 1.36 1.04 0.00 0.57 0.57 1.30 0.00 0.00 0.00 0.00 0.00 0.00 0.00 0.00 0.00 0.00 0.00 0.00 0.00 0.00 0.00 0.00 0.00 0.00 0.00 1.35 1.72 1.72 1.72 1.72 1.76 1.76 1.76 1.76 1.70 1.70 1.70 1.70
1.20 1.20 1.20 1.20 1.22 1.22 1.22 1.22 1.30 1.30 1.30 1.30 1.39 1.39 1.39 1.39 1.46 1.09 1.09 1.36 1.09 1.46 1.46 1.46 1.47 1.47 1.47 1.47 1.50 1.50 1.50 1.50 1.56 1.56 1.14 1.56 1.56 1.56 1.15 1.56 1.44 1.44 1.44 1.44 1.36 1.04 1.04 0.00 0.00 0.00 0.00 0.00 0.00 0.00 0.00 0.00 0.00 0.00 0.00 0.00 0.00 0.00 0.00 0.00 0.00 0.00 0.00 0.00 0.00 0.00 1.35 1.68 1.72 1.72 1.72 1.72 1.76 1.76 1.76 1.76 1.70 1.70 1.70 1.70
1.18 1.18 1.18 1.18 1.20 1.20 1.20 1.20 1.27 1.27 1.27 1.27 1.35 1.35 1.35 1.35 1.42 1.42 1.28 1.42 1.42 1.42 1.42 1.42 1.43 1.43 1.43 1.43 1.46 1.46 1.46 1.46 1.51 1.51 1.51 1.51 1.51 1.51 1.51 1.51 1.40 1.40 1.40 1.40 1.22 0.00 0.00 0.00 0.00 0.56 1.24 1.02 1.02 0.00 0.00 0.00 0.00 0.00 0.00 0.00 0.00 0.00 0.00 0.00 0.00 0.00 0.00 0.00 1.50 1.50 1.32 1.64 1.68 1.68 1.68 1.68 1.71 1.71 1.71 1.71 1.65 1.65 1.65 1.65
1.18 1.18 1.18 1.18 1.20 1.20 1.20 1.20 1.27 1.27 1.27 1.27 1.35 1.35 1.35 1.35 1.42 1.42 1.42 1.42 1.42 1.42 1.42 1.42 1.43 1.43 1.43 1.43 1.46 1.46 1.46 1.46 1.51 1.51 1.51 1.51 1.51 1.51 1.51 1.51 1.40 1.40 1.40 1.04 0.00 0.00 0.00 0.00 1.24 1.36 1.36 1.24 1.02 1.02 1.35 0.00 0.00 0.00 0.00 0.00 0.00 0.00 0.00 0.00 0.00 0.00 0.00 0.00 1.50 1.50 1.64 1.64 1.68 1.68 1.68 1.68 1.71 1.71 1.71 1.35 1.65 1.65 1.65 1.32
1.20 1.20 1.20 1.20 1.28 1.28 1.28 1.28 1.36 1.36 1.36 1.36 1.40 1.40 1.40 1.40 1.42 1.42 1.42 1.42 1.40 1.40 1.40 1.40 1.37 1.37 1.37 1.37 1.40 1.40 1.40 1.40 1.47 1.47 1.47 1.47 1.45 1.45 1.45 1.45 1.39 1.39 1.39 1.04 1.04 0.00 0.56 1.04 1.41 1.41 1.41 1.41 1.36 1.36 1.35 0.00 0.00 0.00 0.00 0.00 0.00 1.60 1.31 1.60 0.00 0.00 0.00 0.00 1.51 1.51 1.65 1.65 1.65 1.65 1.65 1.65 1.67 1.67 1.33 1.33 1.63 1.63 1.63 1.31
1.20 1.20 1.20 1.20 1.28 1.28 1.28 1.28 1.36 1.36 1.36 1.36 1.40 1.40 1.40 1.40 1.42 1.42 1.42 1.42 1.40 1.40 1.40 1.40 1.37 1.37 1.37 1.37 1.40 1.40 1.40 1.40 1.47 1.47 1.47 1.47 1.45 1.45 1.45 1.07 1.39 1.39 1.39 1.04 1.04 0.56 1.40 1.40 1.41 0.56 1.41 1.41 0.56 0.00 1.35 0.00 0.00 0.00 0.00 0.00 0.00 0.00 0.00 0.00 0.00 0.00 0.00 1.48 1.51 1.65 1.65 1.51 1.65 1.65 1.65 1.65 1.67 1.33 1.33 1.33 1.31 1.63 1.63 1.31
1.20 1.20 1.20 1.20 1.28 1.28 1.28 1.28 1.36 1.36 1.36 1.01 1.04 1.40 1.40 1.40 1.42 1.05 1.05 1.42 1.40 1.40 1.40 1.40 1.37 1.37 1.37 1.37 1.40 1.40 1.40 1.40 1.47 1.47 1.47 1.47 1.45 1.45 1.45 1.45 1.39 1.39 1.39 1.39 1.04 1.40 1.40 0.56 0.00 0.56 0.56 1.41 1.36 0.00 0.65 1.35 1.31 0.00 0.00 0.00 0.62 0.00 0.00 0.00 0.00 0.00 1.48 1.61 1.33 0.63 1.65 1.33 0.61 1.32 1.65 1.65 1.67 1.67 1.67 1.67 1.63 1.63 1.31 0.00
1.20 1.20 1.20 1.20 1.28 1.28 1.28 1.28 1.36 1.36 1.36 1.01 1.04 1.40 1.40 1.40 1.42 0.00 1.42 1.42 1.40 1.40 1.40 1.40 1.37 1.37 1.37 1.37 1.40 1.40 1.40 1.40 1.47 1.47 1.47 1.47 1.45 1.45 1.45 1.45 1.39 1.39 1.39 1.04 1.04 1.40 1.04 0.56 0.00 0.56 1.41 1.41 0.00 0.00 1.35 1.35 1.31 0.00 0.00 1.48 1.31 1.47 0.00 0.00 0.00 0.00 1.48 1.48 1.65 1.65 0.00 0.00 1.65 1.65 1.65 1.65 1.52 1.67 1.67 1.67 1.63 1.63 1.31 0.00
1.25 1.25 1.25 1.25 1.32 1.32 1.32 1.32 1.40 1.40 1.03 1.03 1.41 1.41 1.41 1.41 1.04 0.00 1.04 1.42 1.39 1.39 1.39 1.39 1.35 1.35 1.35 1.35 1.38 1.38 1.38 1.38 1.41 1.41 1.41 1.41 1.40 1.40 1.40 1.40 1.42 1.42 1.42 1.42 1.45 1.45 1.45 0.56 0.00 0.56 1.40 1.40 0.00 0.00 1.35 1.35 1.32 0.00 0.00 0.00 0.00 0.00 0.00 0.00 0.00 0.00 0.00 0.00 1.68 1.34 0.00 0.00 1.49 1.63 1.63 1.49 0.00 1.47 1.47 1.30 1.59 1.59 1.29 0.00
1.25 1.25 1.25 1.25 1.32 1.32 1.32 1.32 1.40 1.40 1.03 1.03 1.41 1.41 1.41 1.41 1.04 1.04 1.04 1.42 1.39 1.39 1.39 1.39 1.35 1.35 1.35 1.35 1.38 1.38 1.38 1.38 1.41 1.41 1.41 1.41 1.40 1.40 1.40 1.40 1.42 0.56 0.56 0.56 1.45 1.45 0.56 0.00 0.00 0.00 1.04 1.40 0.56 1.35 0.00 1.35 1.49 0.00 0.00 0.00 0.00 0.00 0.00 0.00 0.00 0.00 0.00 0.00 0.00 0.00 0.00 0.00 0.00 0.60 1.63 1.31 0.00 0.00 0.00 0.00 1.46 1.59 1.29 0.00
1.25 1.25 1.25 1.25 1.32 1.32 1.32 1.32 1.40 1.40 1.40 1.03 1.04 1.41 1.41 1.04 1.42 1.42 1.04 1.04 1.39 1.39 1.39 1.39 1.35 1.35 1.35 1.35 1.38 1.38 1.38 1.38 1.41 1.41 1.41 1.41 1.40 1.40 1.40 1.40 1.42 0.56 0.00 0.00 0.56 0.56 0.56 0.56 0.00 0.56 1.40 1.40 1.02 1.35 0.00 0.00 1.32 1.49 0.00 0.00 0.00 0.00 0.00 0.00 0.00 0.00 0.00 0.00 0.00 0.00 0.00 0.00 0.00 0.60 1.49 0.60 0.00 0.00 0.00 0.00 0.00 0.60 0.00 0.00
1.25 1.25 1.25 1.25 1.32 1.32 1.32 1.32 1.40 1.40 1.40 1.03 1.04 1.41 0.54 1.04 1.42 1.04 1.04 1.04 1.39 1.39 1.39 1.39 1.35 1.35 1.35 1.35 1.38 1.38 1.38 1.38 1.41 1.41 1.41 1.41 1.40 1.40 1.40 1.40 1.42 0.56 0.00 0.00 0.00 0.00 0.00 0.00 0.56 1.40 1.40 1.04 1.02 0.00 0.00 1.35 1.62 1.49 1.62 0.00 0.00 0.00 0.00 0.00 0.00 0.00 0.00 0.00 0.00 0.00 0.00 0.00 0.00 1.63 1.49 0.60 0.00 0.00 0.00 0.00 0.00 0.00 0.00 0.60
1.21 1.21 1.21 1.21 1.28 1.28 1.28 1.28 1.39 1.39 1.39 1.39 1.43 1.43 1.05 1.43 1.44 1.05 1.05 1.44 1.38 1.38 1.38 1.38 1.31 1.31 1.31 1.31 1.32 1.32 1.32 1.32 1.34 1.34 1.34 1.34 1.36 1.36 1.36 1.36 1.45 0.56 0.00 0.00 0.00 0.00 0.00 0.00 1.39 1.39 1.39 1.04 1.01 0.00 0.00 1.34 0.00 0.00 0.00 0.00 0.00 0.00 0.00 0.00 0.00 0.00 0.00 0.00 0.00 0.00 0.00 0.00 0.00 1.31 0.00 0.00 0.00 0.00 0.00 0.00 0.00 0.00 0.00 0.60
1.21 1.21 1.21 1.21 1.28 1.28 1.28 1.28 1.39 1.39 1.39 1.39 1.05 1.05 0.54 0.00 1.05 1.05 1.05 1.44 1.38 1.38 1.38 1.38 1.31 1.31 1.31 1.31 1.32 1.32 1.32 1.32 1.34 1.34 1.34 1.34 1.36 1.36 1.36 1.36 1.45 1.45 0.00 0.00 0.57 1.47 1.47 1.07 1.39 1.39 1.26 1.26 1.22 0.00 0.65 1.34 0.00 0.00 0.00 0.00 0.00 0.00 0.00 0.00 0.00 0.00 0.00 0.00 0.00 0.00 0.00 0.00 0.00 0.00 0.00 0.00 0.00 0.00 0.00 0.00 0.00 0.00 0.00 0.00
1.21 1.21 1.21 1.21 1.28 1.28 1.28 1.28 1.39 1.39 1.39 1.39 1.05 0.00 0.00 1.05 1.05 1.44 1.05 1.44 1.38 1.38 1.38 1.38 1.31 1.31 1.31 1.31 1.32 1.32 1.32 1.32 1.34 1.34 1.34 1.34 1.36 1.36 1.36 1.36 1.45 1.45 0.00 0.00 1.47 1.47 1.47 1.47 1.39 1.39 1.04 0.00 0.00 0.00 0.00 0.00 0.00 0.00 0.00 0.00 0.00 0.00 0.00 0.00 0.00 0.00 0.00 0.00 0.00 0.00 0.00 0.00 0.00 0.00 0.00 0.00 0.00 0.00 0.00 0.00 0.00 0.00 0.00 0.00
1.21 1.21 1.21 1.21 1.28 1.28 1.28 1.28 1.39 1.39 1.39 1.39 1.05 0.00 0.00 0.00 1.05 1.05 1.44 1.44 1.38 1.38 1.38 1.38 1.31 1.31 1.31 1.31 1.32 1.32 1.32 1.32 1.34 1.34 1.34 1.34 1.36 1.36 1.36 1.36 1.45 1.45 0.56 0.56 1.07 1.47 1.47 1.47 1.39 1.04 1.04 0.00 0.00 0.00 0.00 0.00 0.00 0.00 0.00 0.00 0.00 0.00 0.00 0.00 0.00 0.00 0.00 0.00 0.00 0.00 0.00 1.35 1.49 0.60 0.00 0.00 0.00 0.00 0.00 0.00 0.00 0.00 0.00 0.00
0.51 1.18 1.18 1.18 1.27 1.27 1.27 1.27 1.42 1.42 1.42 0.00 0.00 0.00 0.00 0.00 0.00 1.06 1.46 1.46 1.35 1.35 1.35 1.35 1.27 1.27 1.27 1.27 1.25 1.25 1.25 1.25 1.25 1.25 1.25 1.25 1.31 1.31 1.31 1.31 1.48 1.48 1.48 1.48 1.50 1.50 1.50 1.50 1.03 1.26 0.00 0.00 0.00 0.00 0.00 0.00 0.00 0.00 0.00 0.00 0.00 0.00 0.00 0.00 0.00 0.00 0.00 0.00 0.00 0.00 0.00 0.00 0.00 0.00 0.00 0.00 0.00 0.00 0.00 0.00 0.00 0.00 0.00 0.00
1.18 1.18 1.18 1.18 1.27 1.27 1.27 1.27 1.42 1.42 1.42 0.54 0.00 0.00 0.54 0.54 1.31 1.06 1.46 1.46 1.35 1.35 1.35 1.35 1.27 1.27 1.27 1.27 1.25 1.25 1.25 1.25 1.25 1.25 1.25 1.25 1.31 1.31 1.31 1.31 1.48 1.48 1.48 1.48 1.50 1.50 1.50 1.50 1.03 1.26 0.00 0.00 0.00 0.00 0.00 0.00 0.00 0.00 0.00 0.00 0.00 0.00 0.00 0.00 0.00 0.00 0.00 0.00 0.00 0.00 0.00 0.00 0.00 0.00 0.00 0.00 0.00 0.00 0.00 0.00 0.00 0.00 0.00 0.00
0.00 1.03 1.15 1.15 1.24 1.24 1.24 1.24 1.36 1.36 1.36 0.99 0.49 0.49 1.41 1.41 1.40 1.40 1.40 1.40 1.30 1.30 1.30 1.30 1.23 1.23 1.23 1.23 1.21 1.21 1.21 1.21 1.21 1.21 1.21 1.21 1.26 1.26 1.26 1.26 1.41 1.41 1.41 1.41 1.43 1.43 1.43 1.03 0.00 0.00 0.00 0.00 0.00 0.00 0.00 0.00 0.00 0.00 0.00 0.00 0.00 0.00 0.00 0.00 0.00 0.00 0.00 0.00 0.00 0.00 0.00 0.00 0.00 0.00 0.00 0.00 1.44 1.44 1.44 0.00 0.00 0.00 0.00 0.00
0.47 0.00 1.15 1.15 1.24 1.24 1.24 1.24 1.36 1.36 1.36 1.36 1.41 1.41 1.41 1.41 1.40 1.40 1.40 1.40 1.30 1.30 1.30 1.30 1.23 1.23 1.23 1.23 1.21 1.21 1.21 1.21 1.21 1.21 1.21 1.21 1.26 1.26 1.26 1.26 1.41 1.41 1.41 1.41 1.43 1.43 1.43 1.43 0.98 0.00 0.00 0.00 0.00 0.00 0.00 0.00 0.00 0.00 0.00 0.00 0.00 0.00 0.00 0.00 0.00 0.00 0.00 0.00 0.00 0.00 0.00 0.00 0.00 0.00 0.00 0.00 0.00 0.00 0.00 0.00 0.00 0.00 0.00 0.00
1.17 1.17 1.17 1.17 1.26 1.26 1.26 1.26 1.38 1.38 1.38 1.38 1.43 1.43 1.43 1.43 1.40 1.40 1.40 1.40 1.32 1.32 1.32 1.32 1.24 1.24 1.24 1.24 1.18 1.18 1.18 1.18 1.18 1.18 1.18 1.18 1.27 1.27 1.27 1.27 1.42 1.42 1.42 1.42 1.46 1.04 1.46 1.46 1.38 1.00 1.00 1.32 1.29 0.00 0.00 0.00 0.00 0.00 0.00 0.00 0.00 0.00 0.00 0.00 0.00 0.00 0.00 0.00 0.00 0.00 0.00 0.00 0.00 0.00 0.00 0.00 0.00 0.00 0.00 0.00 0.00 0.00 0.00 0.00
1.17 0.47 1.17 1.04 1.26 1.26 1.26 1.26 1.38 1.38 1.38 1.38 1.43 1.02 1.43 1.43 1.40 1.40 1.40 1.40 1.32 1.32 1.32 1.32 1.24 1.24 1.24 1.24 1.18 1.18 1.18 1.18 1.18 1.18 1.18 1.18 1.27 1.27 1.27 1.27 1.42 1.42 1.42 1.42 1.46 1.46 1.46 1.46 1.38 1.38 1.38 1.66 1.59 1.59 0.00 0.00 0.00 0.00 0.00 0.00 0.00 0.00 0.00 0.00 0.00 0.00 0.00 0.00 0.00 0.00 0.00 0.00 0.00 0.00 0.00 0.00 0.00 0.00 0.00 0.00 0.00 0.00 0.00 0.00
0.89 1.04 0.89 1.04 1.26 1.26 1.26 1.26 1.38 1.38 1.38 1.38 1.02 1.02 1.43 1.43 1.40 1.40 1.40 1.40 1.32 1.32 1.32 1.32 1.24 1.24 1.24 1.24 1.18 1.18 1.18 1.18 1.18 1.18 1.18 1.18 1.27 1.27 1.27 1.27 1.42 1.42 1.42 1.42 1.46 1.46 1.46 1.46 1.38 1.38 1.38 1.66 1.59 1.46 0.00 0.00 0.00 0.00 0.00 0.00 0.00 0.00 0.00 0.00 0.00 0.00 0.00 0.00 0.00 1.49 1.49 0.00 0.00 0.00 0.00 0.00 0.00 0.00 0.00 0.00 0.00 0.00 0.00 0.00
0.00 0.89 0.47 1.17 1.26 1.26 1.26 1.26 1.38 1.38 1.38 0.49 1.43 1.43 1.43 1.43 1.40 1.40 1.40 1.40 1.32 1.32 1.32 1.32 1.24 1.24 1.24 1.24 1.18 1.18 1.18 1.18 1.18 1.18 1.18 1.18 1.27 1.27 1.27 1.27 1.42 1.42 1.42 1.42 1.46 1.46 1.04 1.04 1.00 1.00 1.38 1.66 1.59 1.46 0.00 0.00 0.00 0.00 0.00 0.00 0.00 0.00 0.00 0.00 0.00 0.00 0.00 0.00 0.00 0.00 0.00 0.00 0.00 0.00 0.00 0.00 0.00 0.00 0.00 0.00 0.00 0.00 0.00 0.00
0.00 0.00 0.00 1.19 1.25 1.25 1.25 1.25 1.42 1.42 1.42 1.42 1.45 1.45 1.45 1.45 1.39 1.39 1.39 1.39 1.34 1.34 1.34 1.34 1.27 1.27 1.27 1.27 1.19 1.19 1.19 1.19 1.19 1.19 1.19 1.19 1.32 1.32 1.32 1.32 1.43 1.43 1.43 1.43 1.45 1.45 1.45 1.04 1.02 1.02 1.42 1.34 1.31 0.00 0.00 0.00 0.00 0.00 0.00 0.00 0.00 0.00 0.00 0.00 0.00 0.00 0.00 0.00 0.00 0.00 0.00 0.00 0.00 0.00 0.00 0.00 0.00 0.00 0.00 0.00 0.00 0.00 0.00 0.00
0.00 0.00 0.00 0.00 1.10 1.25 1.25 1.25 1.42 1.42 1.42 1.42 1.45 1.45 1.45 1.45 1.39 1.39 1.39 1.39 1.34 1.34 1.34 1.34 1.27 1.27 1.27 1.27 1.19 1.19 1.19 1.19 1.19 1.19 1.19 1.19 1.32 1.32 1.32 1.32 1.43 1.43 1.43 1.03 1.45 1.45 1.45 1.04 0.00 0.00 1.34 1.34 1.31 0.00 0.00 0.00 0.00 0.00 0.00 0.00 0.00 0.00 0.00 0.00 0.00 0.00 0.00 0.00 0.00 0.00 0.00 0.00 0.00 0.00 0.00 0.00 0.00 0.00 0.00 0.00 0.00 0.00 0.00 0.00
