New_Model_Runs/9_Future_Present_Scn2_out/post_prcessed_with_MFR/Monthly_summaries/interception_monthly_MAR.asc
NCOLS 700
NROWS 400
XLLCENTER 515000.000000
YLLCENTER 8409000.000000
CELLSIZE 50.000000
NODATA_value -999.000000
[rows 190 to 227 of 400, columns 84 to 167 of 700]
0.00 0.00 0.00 0.00 0.00 0.00 0.00 0.00 0.00 0.00 0.00 0.00 0.00 0.00 0.00 0.00 0.00 0.00 0.00 0.00 0.00 0.00 0.00 0.00 0.00 1.24 1.24 1.24 1.28 1.28 1.28 1.28 1.36 1.36 1.36 1.36 1.43 1.43 1.43 1.43 1.40 1.40 1.40 1.40 1.32 1.32 1.32 1.32 1.30 1.30 1.30 1.30 1.33 1.33 1.33 1.33 1.40 1.40 1.40 1.40 1.53 1.53 1.53 1.53 1.60 1.60 1.60 1.60 1.50 1.50 1.50 1.50 1.55 1.55 1.55 1.55 1.52 1.52 1.52 1.52 1.17 1.17 1.17 1.17
0.00 0.00 0.00 0.00 0.00 0.00 0.00 0.00 0.00 0.00 0.00 0.00 0.00 0.00 0.00 0.00 0.00 0.00 0.00 0.00 0.00 0.00 0.00 0.00 0.00 1.24 1.24 0.99 1.01 1.28 1.28 1.28 1.36 1.36 1.36 1.36 1.43 1.43 1.43 1.43 1.40 1.40 1.40 1.40 1.32 1.32 1.32 1.32 1.30 1.30 1.30 1.30 1.33 1.33 1.33 1.33 1.40 1.40 1.40 1.40 1.53 1.53 1.53 1.53 1.60 1.60 1.60 1.60 1.50 1.50 1.50 1.50 1.55 1.55 1.55 1.55 1.52 1.52 1.52 1.52 1.17 1.17 1.17 1.17
0.00 0.00 0.00 0.00 0.00 0.00 0.00 0.00 0.00 0.00 0.00 0.00 0.00 0.00 0.00 0.00 0.00 0.00 0.00 0.00 0.00 0.00 0.00 0.00 0.00 0.00 1.16 1.16 0.97 0.97 1.21 1.21 1.32 1.32 1.32 1.32 1.45 1.45 1.45 1.45 1.47 1.47 1.47 1.47 1.37 1.37 1.37 1.37 1.31 1.31 1.31 1.31 1.38 1.38 1.38 1.38 1.45 1.45 1.45 1.45 1.58 1.58 1.58 1.58 1.59 1.59 1.59 1.59 1.52 1.52 1.52 1.52 1.52 1.52 1.52 1.52 1.24 1.24 1.24 1.24 1.01 1.01 1.01 1.01
0.00 0.00 0.00 0.00 0.00 0.00 0.00 0.00 0.00 0.00 0.00 0.00 0.00 0.00 0.00 0.00 0.00 0.00 0.00 0.00 0.00 0.00 0.00 0.00 0.00 0.00 0.00 1.16 0.97 0.97 1.21 1.21 1.32 1.32 1.32 1.32 1.45 1.45 1.45 1.45 1.47 1.47 1.47 1.47 1.37 1.37 1.37 1.37 1.31 1.31 1.31 1.31 1.38 1.38 1.38 1.38 1.45 1.45 1.45 1.45 1.58 1.58 1.58 1.58 1.59 1.59 1.59 1.59 1.52 1.52 1.52 1.52 1.52 1.52 1.52 1.52 1.24 1.24 1.24 1.24 1.01 1.01 1.01 1.01
0.00 0.00 0.00 0.00 0.00 0.00 0.00 0.00 0.00 0.00 0.00 0.00 0.00 0.00 0.00 0.00 0.00 0.00 0.00 0.00 0.00 0.00 0.00 0.00 0.00 0.00 0.00 1.00 1.30 1.30 1.30 1.30 1.44 1.44 1.44 1.44 1.60 1.60 1.60 1.60 1.62 1.62 1.62 1.62 1.51 1.51 1.51 1.51 1.44 1.44 1.44 1.44 1.53 1.53 1.53 1.53 1.61 1.61 1.61 1.61 1.79 1.79 1.79 1.79 1.79 1.79 1.79 1.79 1.71 1.71 1.71 1.71 1.71 1.71 1.71 1.71 1.36 1.36 1.36 1.36 1.08 1.08 1.08 1.08
0.00 0.00 0.00 0.00 0.00 0.00 0.00 0.00 0.00 0.00 0.00 0.00 0.00 0.00 0.00 0.00 0.00 0.00 0.00 0.00 0.00 0.00 0.00 0.00 0.00 0.00 0.70 1.00 1.30 1.30 1.30 1.30 1.44 1.44 1.44 1.44 1.60 1.60 1.60 1.60 1.62 1.62 1.62 1.62 1.51 1.51 1.51 1.51 1.44 1.44 1.44 1.44 1.53 1.53 1.53 1.53 1.61 1.61 1.61 1.61 1.79 1.79 1.79 1.79 1.79 1.79 1.79 1.79 1.71 1.71 1.71 1.71 1.71 1.71 1.71 1.71 1.36 1.36 1.36 1.36 1.08 1.08 1.08 1.08
0.00 0.00 0.00 0.00 0.00 0.00 0.00 0.00 0.00 0.00 0.00 0.00 0.00 0.00 0.00 0.00 0.00 0.00 0.00 0.00 0.00 1.37 1.37 1.37 1.24 0.00 1.24 1.24 1.27 1.27 1.27 1.27 1.40 1.40 1.40 1.40 1.54 1.54 1.54 1.54 1.61 1.61 1.61 1.61 1.59 1.59 1.59 1.59 1.54 1.54 1.54 1.54 1.67 1.67 1.67 1.67 1.72 1.72 1.72 1.72 1.78 1.78 1.78 1.78 1.75 1.75 1.75 1.75 1.68 1.68 1.68 1.68 1.38 1.38 1.38 1.38 1.06 1.06 1.06 1.06 1.03 1.03 1.03 1.03
0.00 0.00 0.00 0.00 0.00 0.00 0.00 0.00 0.00 0.00 0.00 0.00 0.00 0.00 0.00 0.00 0.00 0.00 0.00 0.00 1.37 1.37 1.37 1.37 1.00 1.00 0.00 1.14 1.27 1.27 1.27 1.27 1.40 1.40 1.40 1.40 1.54 1.54 1.54 1.54 1.61 1.61 1.61 1.61 1.59 1.59 1.59 1.59 1.54 1.54 1.54 1.54 1.67 1.67 1.67 1.67 1.72 1.72 1.72 1.72 1.78 1.78 1.78 1.78 1.75 1.75 1.75 1.75 1.68 1.68 1.68 1.68 1.38 1.38 1.38 1.38 1.06 1.06 1.06 1.06 1.03 1.03 1.03 1.03
0.00 0.00 0.00 0.00 0.00 0.00 0.00 0.00 0.00 0.00 0.00 0.00 0.00 0.00 0.00 0.00 0.00 0.00 0.00 1.38 1.37 1.37 1.37 1.07 1.00 1.14 1.14 1.24 1.16 1.27 1.27 1.27 1.40 1.40 1.40 1.40 1.54 1.54 1.54 1.54 1.61 1.61 1.61 1.61 1.59 1.59 1.59 1.59 1.54 1.54 1.54 1.54 1.67 1.67 1.67 1.67 1.72 1.72 1.72 1.72 1.78 1.78 1.78 1.78 1.75 1.75 1.75 1.75 1.68 1.68 1.68 1.68 1.38 1.38 1.38 1.38 1.06 1.06 1.06 1.06 1.03 1.03 1.03 1.03
0.00 0.00 0.00 0.00 0.00 0.00 0.00 0.00 0.00 0.00 0.00 0.00 0.00 0.00 0.00 0.00 0.00 0.00 1.38 1.38 1.37 1.37 1.37 1.37 1.24 1.24 1.24 1.14 1.27 1.27 1.27 1.27 1.40 1.40 1.40 1.40 1.54 1.54 1.54 1.54 1.61 1.61 1.61 1.61 1.59 1.59 1.59 1.59 1.54 1.54 1.54 1.54 1.67 1.67 1.67 1.67 1.72 1.72 1.72 1.72 1.78 1.78 1.78 1.78 1.75 1.75 1.75 1.75 1.68 1.68 1.68 1.68 1.38 1.38 1.38 1.38 1.06 1.06 1.06 1.06 1.03 1.03 1.03 1.03
0.00 2.24 2.24 2.24 0.00 0.00 0.00 0.00 0.00 0.00 0.00 0.00 0.00 0.00 0.00 1.96 2.06 2.06 2.06 1.44 1.47 1.47 1.47 1.47 1.35 1.35 1.35 1.23 1.33 1.33 1.33 1.33 1.41 1.41 1.41 1.41 1.46 1.46 1.46 1.46 1.50 1.50 1.50 1.50 1.66 1.66 1.66 1.66 1.73 1.73 1.73 1.73 1.75 1.75 1.75 1.75 1.71 1.71 1.71 1.71 1.69 1.69 1.69 1.69 1.69 1.69 1.69 1.69 1.50 1.50 1.50 1.50 1.11 1.11 1.11 1.11 1.01 1.01 1.01 1.01 1.13 1.13 1.13 1.13
0.00 0.00 2.24 2.24 2.13 0.00 0.00 0.00 0.00 0.00 0.00 0.00 0.00 0.00 1.96 1.96 2.06 2.06 2.06 2.06 2.09 2.09 2.09 1.47 1.35 1.35 1.35 1.35 1.33 1.33 1.33 1.33 1.41 1.41 1.41 1.41 1.46 1.46 1.46 1.46 1.50 1.50 1.50 1.50 1.66 1.66 1.66 1.66 1.73 1.73 1.73 1.73 1.75 1.75 1.75 1.75 1.71 1.71 1.71 1.71 1.69 1.69 1.69 1.69 1.69 1.69 1.69 1.69 1.50 1.50 1.50 1.50 1.11 1.11 1.11 1.11 1.01 1.01 1.01 1.01 1.13 1.13 1.13 1.13
0.00 0.00 2.24 2.24 2.13 2.13 0.00 0.00 0.00 0.00 0.00 0.00 0.00 1.96 1.96 1.96 2.06 2.06 2.06 1.74 2.09 2.09 2.09 2.09 1.98 1.98 1.98 1.35 1.33 1.33 1.33 1.33 1.41 1.41 1.41 1.41 1.46 1.46 1.46 1.46 1.50 1.50 1.50 1.50 1.66 1.66 1.66 1.66 1.73 1.73 1.73 1.73 1.75 1.75 1.75 1.75 1.71 1.71 1.71 1.71 1.69 1.69 1.69 1.69 1.69 1.69 1.69 1.69 1.50 1.50 1.50 1.50 1.11 1.11 1.11 1.11 1.01 1.01 1.01 1.01 1.13 1.13 1.13 1.13
2.24 2.24 2.24 2.24 2.13 2.13 0.00 0.00 0.00 0.00 0.00 0.00 0.00 0.00 1.96 1.96 2.06 2.06 2.06 2.06 2.09 2.09 2.09 2.09 1.98 1.98 1.98 1.98 1.96 1.96 1.33 1.33 1.41 1.41 1.41 1.41 1.46 1.46 1.46 1.46 1.50 1.50 1.50 1.50 1.66 1.66 1.66 1.66 1.73 1.73 1.73 1.73 1.75 1.75 1.75 1.75 1.71 1.71 1.71 1.71 1.69 1.69 1.69 1.69 1.69 1.69 1.69 1.69 1.50 1.50 1.50 1.50 1.11 1.11 1.11 1.11 1.01 1.01 1.01 1.01 1.13 1.13 1.13 1.13
2.32 2.32 2.32 2.32 2.17 2.17 2.17 0.00 0.00 0.00 0.00 0.00 0.00 0.00 1.90 1.90 2.02 2.02 2.02 2.02 2.13 2.13 2.13 2.13 2.14 2.14 2.14 2.14 2.16 2.16 2.16 2.16 2.16 2.16 1.53 1.53 1.49 1.49 1.49 1.49 1.50 1.50 1.50 1.50 1.70 1.70 1.70 1.70 1.80 1.80 1.80 1.80 1.74 1.74 1.74 1.74 1.65 1.65 1.65 1.65 1.64 1.64 1.64 1.64 1.62 1.62 1.62 1.62 1.33 1.33 1.33 1.33 1.02 1.02 1.02 1.02 1.01 1.01 1.01 1.01 1.23 1.23 1.23 1.23
2.32 2.32 2.32 2.32 2.17 2.17 2.17 2.17 0.00 0.00 0.00 0.00 0.00 0.00 1.90 1.90 2.02 2.02 2.02 2.02 2.13 2.13 2.13 2.13 2.14 2.14 2.14 2.14 2.16 2.16 2.16 2.16 2.16 2.16 2.16 2.16 2.11 1.49 1.49 1.49 1.50 1.50 1.50 1.50 1.70 1.70 1.70 1.70 1.80 1.80 1.80 1.80 1.74 1.74 1.74 1.74 1.65 1.65 1.65 1.65 1.64 1.64 1.64 1.64 1.62 1.62 1.62 1.62 1.33 1.33 1.33 1.33 1.02 1.02 1.02 1.02 1.01 1.01 1.01 1.01 1.23 1.23 1.23 1.23
2.32 2.32 2.32 2.32 2.17 2.17 2.17 2.17 0.00 0.00 0.00 0.00 0.00 0.00 1.90 1.90 2.02 2.02 2.02 2.02 2.13 2.13 2.13 2.13 2.14 2.14 2.14 2.14 2.16 2.16 2.16 2.16 2.16 2.16 2.16 2.16 2.11 2.11 2.11 2.11 2.13 1.50 1.50 1.50 1.70 1.70 1.70 1.70 1.80 1.80 1.80 1.80 1.74 1.74 1.74 1.74 1.65 1.65 1.65 1.65 1.64 1.64 1.21 1.64 1.62 1.62 1.62 1.62 1.33 1.33 1.33 1.33 1.02 1.02 1.02 1.02 1.01 1.01 1.01 1.01 1.23 1.23 1.23 1.23
2.32 2.32 2.32 2.32 2.17 2.17 2.17 2.17 1.66 1.92 0.95 0.00 0.00 0.97 1.79 1.90 2.02 0.98 2.02 2.02 2.13 2.13 2.13 2.13 2.14 2.14 2.14 2.14 2.16 2.16 2.16 2.16 2.16 2.16 2.16 2.16 2.11 2.11 2.11 2.11 2.13 2.13 2.13 2.13 1.70 1.70 1.70 1.70 1.80 1.80 1.80 1.80 1.74 1.74 1.74 1.74 1.65 1.65 1.65 1.65 1.64 1.64 1.64 1.64 1.62 1.62 1.62 1.62 1.33 1.33 1.33 1.33 1.02 1.02 1.02 1.02 1.01 1.01 1.01 1.01 1.23 1.23 1.23 1.23
2.34 2.34 2.34 2.34 2.22 2.22 2.22 2.22 1.95 1.95 1.83 1.83 0.00 0.00 1.66 1.79 1.83 1.95 1.95 1.95 2.06 2.06 2.06 2.06 2.13 2.13 2.13 2.13 2.20 2.20 2.20 2.20 2.17 2.17 2.17 2.17 2.17 2.17 2.17 2.17 2.24 2.24 2.24 2.24 2.36 2.36 2.36 2.36 1.67 1.67 1.67 1.67 1.60 1.60 1.60 1.60 1.59 1.59 1.59 1.59 1.63 1.63 1.63 1.63 1.51 1.51 1.51 1.51 1.25 1.25 1.25 1.25 1.01 1.01 1.01 1.01 1.00 1.00 1.00 1.00 1.27 1.27 1.27 1.27
2.34 2.34 2.34 2.34 2.22 2.22 2.22 2.22 1.95 0.00 1.95 1.95 0.00 0.00 1.66 1.90 1.83 1.83 1.95 1.95 2.06 2.06 2.06 2.06 2.13 2.13 2.13 2.13 2.20 2.20 2.20 2.20 2.17 2.17 2.17 2.17 2.17 2.17 2.17 2.17 2.24 2.24 2.24 2.24 2.36 2.36 2.36 2.36 2.29 2.29 2.29 1.67 1.60 1.60 1.60 1.60 1.59 1.59 1.59 1.59 1.63 1.63 1.63 1.63 1.51 1.51 1.51 1.51 1.25 1.25 1.25 1.25 1.01 1.01 1.01 1.01 1.00 1.00 1.00 1.00 1.27 1.27 1.27 1.27
2.48 2.48 2.48 2.48 2.35 2.35 2.35 2.35 2.04 0.00 2.04 2.04 1.99 1.99 1.71 1.99 2.05 2.05 2.05 2.05 2.17 2.17 2.17 2.17 2.26 2.26 2.26 2.26 2.33 2.33 2.33 2.33 2.30 2.30 2.30 2.30 2.30 2.30 2.30 2.30 2.38 2.38 2.38 2.38 2.50 2.50 2.50 2.50 2.43 2.43 2.43 2.43 2.35 2.35 2.35 1.72 1.71 1.71 1.71 1.71 1.76 1.76 1.76 1.76 1.63 1.63 1.63 1.63 1.32 1.32 1.32 1.32 1.05 1.05 1.05 1.05 1.05 0.91 1.05 1.05 1.37 1.37 1.37 1.37
2.48 2.48 2.48 2.48 2.35 2.35 2.35 2.35 2.04 2.04 2.04 2.04 1.99 1.99 1.99 1.99 1.91 2.05 2.05 1.74 2.17 2.17 2.17 2.17 2.26 2.26 2.26 2.26 2.33 2.33 2.33 2.33 2.30 2.30 2.30 2.30 2.30 2.30 2.30 2.30 2.38 2.38 2.38 2.38 2.50 2.50 2.50 2.50 2.43 2.43 2.43 2.43 2.35 2.35 2.35 2.35 2.34 2.34 2.34 1.71 1.76 1.76 1.76 1.76 1.63 1.63 1.63 1.63 1.32 1.32 1.32 1.32 1.05 1.05 1.05 1.05 1.05 1.05 1.05 1.05 1.37 1.37 1.37 1.37
2.35 2.35 2.35 2.35 2.42 2.42 2.42 2.42 2.26 2.26 0.00 2.26 2.08 2.08 2.08 2.08 1.86 1.86 1.98 1.98 2.01 2.01 2.01 2.01 2.07 2.07 2.07 2.07 2.10 2.10 2.10 2.10 2.09 2.09 2.09 2.09 2.20 2.20 2.20 2.20 2.30 2.30 2.30 2.30 2.29 2.29 2.29 2.29 2.18 2.18 2.18 2.18 2.17 2.17 2.17 2.17 2.27 2.27 2.27 2.27 2.36 2.36 1.73 1.73 1.61 1.61 1.61 1.61 1.38 1.38 1.38 1.38 1.14 1.14 1.14 1.14 1.17 1.17 1.17 1.17 1.45 1.45 1.45 1.45
2.35 2.35 2.35 2.35 2.42 2.42 2.42 2.42 2.26 2.26 2.26 2.26 2.08 2.08 1.75 1.93 1.86 1.86 1.70 1.70 2.01 2.01 2.01 2.01 2.07 2.07 2.07 2.07 2.10 2.10 2.10 2.10 2.09 2.09 2.09 2.09 2.20 2.20 2.20 2.20 2.30 2.30 2.30 2.30 2.29 2.29 2.29 2.29 2.18 2.18 2.18 2.18 2.17 2.17 2.17 2.17 2.27 2.27 2.27 2.27 2.36 2.36 2.36 2.36 2.24 2.24 1.61 1.61 1.38 1.38 1.38 1.38 1.14 1.14 1.14 1.14 1.17 1.17 1.17 1.17 1.45 1.45 1.45 1.45
2.35 2.35 2.35 2.35 2.42 2.42 2.42 2.42 2.26 2.26 2.26 2.26 2.08 2.08 2.08 2.08 1.70 1.98 1.98 1.98 2.01 1.72 2.01 2.01 2.07 2.07 2.07 2.07 2.10 2.10 2.10 2.10 2.09 2.09 2.09 2.09 2.20 2.20 2.20 2.20 2.30 2.30 2.30 2.30 2.29 2.29 2.29 2.29 2.18 2.18 2.18 2.18 2.17 2.17 2.17 2.17 2.27 2.27 2.27 2.27 2.36 2.36 2.36 2.36 2.24 2.24 2.24 2.24 2.02 1.38 1.38 1.38 1.14 1.14 1.14 1.14 1.17 1.17 1.17 1.17 1.45 1.45 1.45 1.45
2.35 2.35 2.35 2.35 2.42 2.42 2.42 2.42 2.26 2.26 2.26 2.26 2.08 2.08 2.08 2.08 1.98 1.98 1.98 1.98 1.72 1.72 2.01 2.01 2.07 2.07 2.07 2.07 2.10 2.10 2.10 2.10 2.09 2.09 2.09 2.09 2.20 2.20 2.20 2.20 2.30 2.30 2.30 2.30 2.29 2.29 2.29 2.29 2.18 2.18 2.18 2.18 2.17 2.17 2.17 2.17 2.27 2.27 2.27 2.27 2.36 2.36 2.36 2.36 2.24 2.24 2.24 2.24 2.02 2.02 2.02 2.02 1.78 1.14 1.14 1.14 1.17 1.17 1.17 1.17 1.45 1.45 1.45 1.45
2.16 2.16 2.16 2.16 2.31 2.31 2.31 2.31 2.39 2.39 2.39 2.39 2.21 2.21 2.21 2.21 2.03 2.03 2.03 2.03 2.05 2.05 2.05 2.05 2.08 2.08 2.08 2.08 2.00 2.00 2.00 2.00 1.95 1.95 1.95 1.95 2.05 2.05 2.05 2.05 2.13 2.13 2.13 2.13 2.09 2.09 2.09 2.09 2.01 2.01 2.01 2.01 2.07 2.07 2.07 2.07 2.24 2.24 2.24 2.24 2.38 2.38 2.38 2.38 2.33 2.33 2.33 2.33 2.19 2.19 2.19 2.19 2.09 2.09 2.09 2.09 1.53 1.53 1.53 1.53 1.62 1.62 1.62 1.62
2.16 2.16 2.16 2.16 2.31 2.31 2.31 2.31 2.39 2.39 2.39 2.39 2.21 2.21 2.21 2.21 2.03 2.03 2.03 2.03 2.05 2.05 2.05 2.05 2.08 2.08 2.08 2.08 2.00 2.00 2.00 2.00 1.95 1.95 1.95 1.95 2.05 2.05 2.05 2.05 2.13 2.13 2.13 2.13 2.09 2.09 2.09 2.09 2.01 2.01 2.01 2.01 2.07 2.07 2.07 2.07 2.24 2.24 2.24 2.24 2.38 2.38 2.38 2.38 2.33 2.33 2.33 2.33 2.19 2.19 2.19 2.19 2.09 2.09 2.09 2.09 2.17 2.17 2.17 2.17 1.62 1.62 1.62 1.62
2.16 2.16 2.16 2.16 2.31 2.31 2.31 2.31 2.39 2.39 2.39 2.39 2.21 2.21 2.21 2.21 2.03 2.03 2.03 2.03 2.05 2.05 2.05 2.05 2.08 2.08 2.08 2.08 2.00 2.00 2.00 2.00 1.95 1.95 1.95 1.95 2.05 2.05 2.05 2.05 2.13 2.13 2.13 2.13 2.09 2.09 2.09 2.09 2.01 2.01 2.01 2.01 2.07 2.07 2.07 2.07 2.24 2.24 2.24 2.24 2.38 2.38 2.38 2.38 2.33 2.33 2.33 2.33 2.19 2.19 2.19 2.19 2.09 2.09 2.09 2.09 2.17 2.17 2.17 2.17 2.25 2.25 2.25 1.62
2.16 2.16 2.16 2.16 2.31 2.31 2.31 2.31 2.39 2.39 2.39 2.39 2.21 2.21 2.21 2.21 2.03 2.03 2.03 2.03 2.05 2.05 2.05 2.05 2.08 2.08 2.08 2.08 2.00 2.00 2.00 2.00 1.95 1.95 1.95 1.95 2.05 2.05 2.05 2.05 2.13 2.13 2.13 2.13 2.09 2.09 2.09 2.09 2.01 2.01 2.01 2.01 2.07 2.07 2.07 2.07 2.24 2.24 2.24 2.24 2.38 2.38 2.38 2.38 2.33 2.33 2.33 2.33 2.19 2.19 2.19 2.19 2.09 2.09 2.09 2.09 2.17 2.17 2.17 2.17 2.25 2.25 2.25 2.25
1.97 2.12 2.12 2.12 2.16 2.16 2.16 2.16 2.29 2.29 2.29 2.29 2.35 2.35 2.35 2.35 2.21 2.21 2.21 2.21 2.23 2.23 2.23 2.23 2.19 2.19 2.19 2.19 2.05 2.05 2.05 2.05 2.02 2.02 2.02 2.02 2.00 2.00 2.00 2.00 2.01 2.01 2.01 2.01 2.03 2.03 2.03 2.03 2.06 2.06 2.06 2.06 2.18 2.18 2.18 2.18 2.32 2.32 2.32 2.32 2.38 2.38 2.38 2.38 2.32 2.32 2.32 2.32 2.32 2.32 2.32 2.32 2.35 2.35 2.35 2.35 2.36 2.36 2.36 2.36 2.31 2.31 2.31 2.31
0.00 1.97 1.97 2.12 2.16 2.16 2.16 2.16 2.29 2.29 2.29 2.29 2.35 2.35 2.35 2.35 2.21 2.21 2.21 2.21 2.23 2.23 2.23 2.23 2.19 2.19 2.19 2.19 2.05 2.05 2.05 2.05 2.02 2.02 2.02 2.02 2.00 2.00 2.00 2.00 2.01 2.01 2.01 2.01 2.03 2.03 2.03 2.03 2.06 2.06 2.06 2.06 2.18 2.18 2.18 2.18 2.32 2.32 2.32 2.32 2.38 2.38 2.38 2.38 2.32 2.32 2.32 2.32 2.32 2.32 2.32 2.32 2.35 2.35 2.35 2.35 2.36 2.36 2.36 2.36 2.31 2.31 2.31 2.31
1.77 1.77 1.77 2.12 2.16 2.16 2.16 2.16 2.29 2.29 2.29 2.29 2.35 2.35 2.35 2.35 2.21 2.21 2.21 2.21 2.23 2.23 2.23 2.23 2.19 2.19 2.19 2.19 2.05 2.05 2.05 2.05 2.02 2.02 2.02 2.02 2.00 2.00 2.00 2.00 2.01 2.01 2.01 2.01 2.03 2.03 2.03 2.03 2.06 2.06 2.06 2.06 2.18 2.18 2.18 2.18 2.32 2.32 2.32 2.32 2.38 2.38 2.38 2.38 2.32 2.32 2.32 2.32 2.32 2.32 2.32 2.32 2.35 2.35 2.35 2.35 2.36 2.36 2.36 2.36 2.31 2.31 2.31 2.31
2.12 2.12 2.12 2.12 2.16 2.16 2.16 2.16 2.29 2.29 2.29 2.29 2.35 2.35 2.35 2.35 2.21 2.21 2.21 2.21 2.23 2.23 2.23 2.23 2.19 2.19 2.19 2.19 2.05 2.05 2.05 2.05 2.02 2.02 2.02 2.02 2.00 2.00 2.00 2.00 2.01 2.01 2.01 2.01 2.03 2.03 2.03 2.03 2.06 2.06 2.06 2.06 2.18 2.18 2.18 2.18 2.32 2.32 2.32 2.32 2.38 2.38 2.38 2.38 2.32 2.32 2.32 2.32 2.32 2.32 2.32 1.88 2.35 2.35 2.35 2.35 2.36 2.36 2.36 2.36 2.31 2.31 2.31 2.31
2.16 2.16 2.16 2.16 2.12 2.12 2.12 2.12 2.17 2.17 2.17 2.17 2.34 2.34 2.34 2.34 2.42 2.42 2.42 2.42 2.43 2.43 2.43 2.43 2.28 2.28 2.28 2.28 2.16 2.16 2.16 2.16 2.18 2.18 2.18 2.18 2.10 2.10 2.10 2.10 2.05 2.05 2.05 2.05 2.14 2.14 2.14 2.14 2.21 2.21 2.21 2.21 2.34 2.34 2.34 2.34 2.39 2.39 2.39 2.39 2.34 2.34 2.34 2.34 2.31 2.31 2.31 2.31 2.38 2.38 2.38 2.38 2.40 2.40 2.40 2.40 2.37 2.37 2.37 2.37 2.37 2.37 2.37 2.37
2.16 2.16 2.16 2.16 2.12 2.12 2.12 2.12 2.17 2.17 2.17 2.17 2.34 2.34 2.34 2.34 2.42 2.42 2.42 2.42 2.43 2.43 2.43 2.43 2.28 2.28 2.28 2.28 2.16 2.16 2.16 2.16 2.18 2.18 2.18 2.18 2.10 2.10 2.10 2.10 2.05 2.05 2.05 2.05 2.14 2.14 2.14 2.14 2.21 2.21 2.21 2.21 2.34 2.34 2.34 2.34 2.39 2.39 2.39 2.39 2.34 2.34 2.34 2.34 2.31 2.31 2.31 2.31 2.38 2.38 2.38 2.38 2.40 2.40 2.40 2.40 2.37 2.37 2.37 2.37 2.37 2.37 2.37 2.37
2.21 2.21 2.21 2.21 2.17 2.17 2.17 2.17 2.21 2.21 2.21 2.21 2.39 2.39 2.39 2.39 2.47 2.47 2.47 2.47 2.48 2.48 2.48 2.48 2.32 2.32 2.32 2.32 2.19 2.19 2.19 2.19 2.22 2.22 2.22 2.22 2.13 2.13 2.13 2.13 2.08 2.08 2.08 2.08 2.16 2.16 2.16 2.16 2.23 2.23 2.23 2.23 2.36 2.36 2.36 2.36 2.42 2.42 2.42 2.42 2.36 2.36 2.36 2.36 2.33 2.33 2.33 2.33 2.40 2.40 2.40 2.40 2.42 2.42 2.42 2.42 2.42 2.42 1.93 2.42 2.42 2.42 2.42 2.42
2.21 2.21 2.21 2.21 2.17 2.17 2.17 2.17 2.21 2.21 2.21 2.21 2.39 2.39 2.39 2.39 2.47 2.47 2.47 2.47 2.48 2.48 2.48 2.48 2.32 2.32 2.32 2.32 2.19 2.19 2.19 2.19 2.22 2.22 2.22 2.22 2.13 2.13 2.13 2.13 2.08 2.08 2.08 2.08 2.16 2.16 2.16 2.16 2.23 2.23 2.23 2.23 2.36 2.36 2.36 2.36 2.42 2.42 2.42 2.42 2.36 2.36 2.36 2.36 2.33 2.33 2.33 2.33 2.40 2.40 2.40 2.40 2.42 2.42 2.42 2.42 2.42 2.42 2.42 2.42 2.42 2.42 2.42 2.42
