New_Model_Runs/9_Future_Present_Scn2_out/post_prcessed_with_MFR/Monthly_summaries/interception_monthly_FEB.asc
NCOLS 700
NROWS 400
XLLCENTER 515000.000000
YLLCENTER 8409000.000000
CELLSIZE 50.000000
NODATA_value -999.000000
[rows 190 to 227 of 400, columns 168 to 251 of 700]
1.22 1.22 0.54 0.54 0.54 1.22 1.22 1.22 1.29 1.29 1.29 1.29 1.35 1.35 1.35 1.35 1.34 1.34 1.34 1.34 1.32 1.32 1.32 1.32 1.36 1.36 1.36 1.36 1.41 1.41 1.41 1.41 1.47 1.47 1.47 1.47 1.47 1.47 1.47 1.47 1.45 1.45 1.45 1.45 1.41 1.41 1.41 1.41 1.35 1.35 1.35 1.35 1.37 1.37 1.37 1.37 1.42 1.42 1.42 1.42 1.38 1.38 1.38 1.38 1.33 1.33 1.16 1.33 1.34 1.34 1.34 1.12 1.15 1.15 1.15 1.15 1.20 1.20 1.20 1.36 1.38 1.38 1.38 1.38
1.22 1.22 1.22 1.09 1.22 1.22 1.22 1.22 1.29 1.29 1.29 1.29 1.35 1.35 1.35 1.35 1.34 1.34 1.34 1.34 1.32 1.32 1.32 1.32 1.36 1.36 1.36 1.36 1.41 1.41 1.41 1.41 1.47 1.47 1.47 1.47 1.47 1.47 1.47 1.47 1.45 1.45 1.45 1.45 1.41 1.41 1.41 1.41 1.35 1.35 1.35 1.35 1.37 1.37 1.37 1.37 1.42 1.42 1.42 1.42 1.38 1.38 1.38 1.38 1.33 1.33 1.33 1.33 1.34 1.34 1.34 1.12 1.15 1.15 1.15 1.15 1.20 1.20 1.20 1.36 1.38 1.38 1.38 1.38
1.22 1.22 1.22 1.09 1.24 1.24 1.24 1.24 1.31 1.31 1.31 1.31 1.37 1.37 1.37 1.37 1.35 1.35 1.35 1.35 1.33 1.33 1.33 1.33 1.37 1.37 1.37 1.37 1.41 1.41 1.41 1.41 1.46 1.46 1.46 1.46 1.49 1.49 1.49 1.49 1.49 1.49 1.49 1.49 1.42 1.42 1.42 1.42 1.33 1.33 1.33 1.33 1.36 1.36 1.36 1.36 1.44 1.44 1.44 1.44 1.42 1.42 1.42 1.42 1.34 1.34 1.34 1.34 1.33 1.33 1.11 1.11 1.16 1.16 1.16 1.16 1.20 1.20 1.20 1.36 1.39 1.39 1.39 1.39
1.22 1.22 1.22 1.22 1.24 1.24 1.24 1.24 1.31 1.31 1.31 1.31 1.37 1.37 1.37 1.37 1.35 1.35 1.35 1.35 1.33 1.33 1.33 1.33 1.37 1.37 1.37 1.37 1.41 1.41 1.41 1.41 1.46 1.46 1.46 1.46 1.49 1.49 1.49 1.49 1.49 1.49 1.49 1.49 1.42 1.42 1.42 1.42 1.33 1.33 1.33 1.33 1.36 1.36 1.36 1.36 1.44 1.44 1.44 1.44 1.42 1.42 1.42 1.42 1.34 1.34 1.34 1.34 1.33 1.33 1.11 1.11 1.16 1.16 1.16 1.16 1.20 1.20 1.20 1.20 1.39 1.39 1.39 1.39
1.27 1.27 1.27 1.27 1.30 1.30 1.30 1.30 1.37 1.37 1.37 1.37 1.45 1.45 1.45 1.45 1.43 1.43 1.43 1.43 1.40 1.40 1.40 1.40 1.44 1.44 1.44 1.44 1.48 1.48 1.48 1.48 1.54 1.54 1.54 1.54 1.58 1.58 1.58 1.58 1.57 1.57 1.57 1.57 1.48 1.48 1.48 1.48 1.38 1.38 1.38 1.38 1.41 1.41 1.41 1.41 1.49 1.49 1.49 1.49 1.47 1.47 1.47 1.47 1.38 1.38 1.38 1.38 1.37 1.37 1.14 1.14 1.20 1.20 1.20 1.20 1.24 1.24 1.24 1.24 1.43 1.43 1.43 1.43
1.27 1.27 1.27 1.27 1.30 1.30 1.30 1.30 1.37 1.37 1.37 1.37 1.45 1.45 1.45 1.45 1.43 1.43 1.43 1.43 1.40 1.40 1.40 1.40 1.44 1.44 1.44 1.44 1.48 1.48 1.48 1.48 1.54 1.54 1.54 1.54 1.58 1.58 1.58 1.58 1.57 1.57 1.57 1.57 1.48 1.48 1.48 1.48 1.38 1.38 1.38 1.38 1.41 1.41 1.41 1.41 1.49 1.49 1.49 1.49 1.47 1.47 1.47 1.47 1.38 1.38 1.38 1.38 1.37 1.14 1.14 1.14 1.20 1.20 1.20 1.20 1.24 1.24 1.24 1.24 1.27 1.43 1.43 1.43
1.30 1.30 1.30 1.30 1.32 1.32 1.32 1.32 1.38 1.38 1.38 1.38 1.45 1.45 1.45 1.45 1.44 1.44 1.44 1.44 1.41 1.41 1.41 1.41 1.46 1.46 1.46 1.46 1.51 1.51 1.51 1.51 1.57 1.57 1.57 1.57 1.62 1.62 1.62 1.62 1.57 1.57 1.57 1.57 1.47 1.47 1.47 1.47 1.39 1.39 1.39 1.39 1.43 1.43 1.43 1.43 1.51 1.51 1.51 1.51 1.46 1.46 1.46 1.46 1.35 1.35 1.35 1.35 1.34 1.11 1.11 1.11 1.19 1.19 1.19 1.19 1.25 1.25 1.25 1.25 1.26 1.43 1.43 1.43
1.30 1.30 1.30 1.30 1.32 1.32 1.32 1.32 1.38 1.38 1.38 1.38 1.45 1.45 1.45 1.45 1.44 1.44 1.44 1.44 1.41 1.41 1.41 1.41 1.46 1.46 1.46 1.46 1.51 1.51 1.51 1.51 1.57 1.57 1.57 1.57 1.62 1.62 1.62 1.62 1.57 1.57 1.57 1.57 1.47 1.47 1.47 1.47 1.39 1.39 1.39 1.39 1.43 1.43 1.43 1.43 1.51 1.51 1.51 1.51 1.46 1.46 1.46 1.46 1.35 1.35 1.35 1.35 1.34 1.11 1.11 1.11 1.19 1.19 1.19 1.19 1.25 1.25 1.25 1.25 1.26 1.43 1.43 1.43
1.30 1.30 1.30 1.30 1.32 1.32 1.32 1.32 1.38 1.38 1.38 1.38 1.45 1.45 1.45 1.45 1.44 1.44 1.44 1.44 1.41 1.41 1.41 1.41 1.46 1.46 1.46 1.46 1.51 1.51 1.51 1.51 1.57 1.57 1.57 1.57 1.62 1.62 1.62 1.62 1.57 1.57 1.57 1.57 1.47 1.47 1.47 1.47 1.39 1.39 1.39 1.39 1.43 1.43 1.43 1.43 1.51 1.51 1.51 1.51 1.46 1.46 1.46 1.46 1.35 1.35 1.35 1.35 1.11 1.11 1.11 1.11 1.19 1.19 1.19 1.19 1.25 1.25 1.25 1.25 1.26 1.26 1.43 1.43
1.30 1.30 1.30 1.30 1.32 1.32 1.32 1.32 1.38 1.38 1.38 1.38 1.45 1.45 1.45 1.45 1.44 1.44 1.44 1.44 1.41 1.41 1.41 1.41 1.46 1.46 1.46 1.46 1.51 1.51 1.51 1.51 1.57 1.57 1.57 1.57 1.62 1.62 1.62 1.62 1.57 1.57 1.57 1.57 1.47 1.47 1.47 1.47 1.39 1.39 1.39 1.39 1.43 1.43 1.43 1.43 1.51 1.51 1.51 1.51 1.46 1.46 1.46 1.46 1.35 1.35 1.35 1.35 1.11 1.11 1.11 1.11 1.19 1.19 1.19 1.19 1.25 1.25 1.25 1.25 1.26 1.26 1.43 1.43
1.35 1.35 1.35 1.35 1.34 1.34 1.34 1.34 1.38 1.38 1.38 1.38 1.45 1.45 1.45 1.45 1.46 1.46 1.46 1.46 1.45 1.45 1.45 1.45 1.49 1.49 1.49 1.49 1.57 1.57 1.57 1.57 1.63 1.63 1.63 1.63 1.57 1.57 1.57 1.57 1.48 1.48 1.48 1.48 1.42 1.42 1.42 1.42 1.38 1.38 1.38 1.38 1.44 1.44 1.44 1.44 1.51 1.51 1.51 1.51 1.41 1.41 1.41 1.41 1.31 1.31 1.31 1.31 1.08 1.08 1.08 1.08 1.16 1.16 1.16 1.16 1.23 1.23 1.23 1.23 1.26 1.26 1.26 1.42
1.35 1.35 1.35 1.35 1.34 1.34 1.34 1.34 1.38 1.38 1.38 1.38 1.45 1.45 1.45 1.45 1.46 1.46 1.46 1.46 1.45 1.45 1.45 1.45 1.49 1.49 1.49 1.49 1.57 1.57 1.57 1.57 1.63 1.63 1.63 1.63 1.57 1.57 1.57 1.57 1.48 1.48 1.48 1.48 1.42 1.42 1.42 1.42 1.38 1.38 1.38 1.38 1.44 1.44 1.44 1.44 1.51 1.51 1.51 1.51 1.41 1.41 1.41 1.41 1.31 1.31 1.31 1.08 1.08 1.08 1.08 1.08 1.16 1.16 1.16 1.16 1.23 1.23 1.23 1.23 1.26 1.26 1.26 1.42
1.35 1.35 1.35 1.35 1.34 1.34 1.34 1.34 1.38 1.38 1.38 1.38 1.45 1.45 1.45 1.45 1.46 1.46 1.46 1.46 1.45 1.45 1.45 1.45 1.49 1.49 1.49 1.49 1.57 1.57 1.57 1.57 1.63 1.63 1.63 1.63 1.57 1.57 1.57 1.57 1.48 1.48 1.48 1.48 1.42 1.42 1.42 1.42 1.38 1.38 1.38 1.38 1.44 1.44 1.44 1.44 1.51 1.51 1.51 1.51 1.41 1.41 1.41 1.41 1.31 1.31 1.31 1.08 1.08 1.08 1.08 1.08 1.16 1.16 1.16 1.16 1.23 1.23 1.23 1.23 1.26 1.26 1.26 1.42
1.35 1.35 1.35 1.35 1.34 1.34 1.34 1.34 1.38 1.38 1.38 1.38 1.45 1.45 1.45 1.45 1.46 1.46 1.46 1.46 1.45 1.45 1.45 1.45 1.49 1.49 1.49 1.49 1.57 1.57 1.57 1.57 1.63 1.63 1.63 1.63 1.57 1.57 1.57 1.57 1.48 1.48 1.48 1.48 1.42 1.42 1.42 1.42 1.38 1.38 1.38 1.38 1.44 1.44 1.44 1.44 1.51 1.51 1.51 1.51 1.41 1.41 1.41 1.41 1.31 1.31 1.31 1.08 1.08 1.08 1.08 1.08 1.16 1.16 1.16 1.16 1.23 1.23 1.23 1.23 1.26 1.26 1.26 1.26
1.41 1.41 1.41 1.41 1.40 1.40 1.40 1.40 1.42 1.42 1.42 1.42 1.46 1.46 1.46 1.46 1.49 1.49 1.49 1.49 1.49 1.49 1.49 1.49 1.52 1.52 1.52 1.52 1.61 1.61 1.61 1.61 1.59 1.59 1.59 1.59 1.45 1.45 1.45 1.45 1.37 1.37 1.37 1.37 1.34 1.34 1.34 1.34 1.36 1.36 1.36 1.36 1.48 1.48 1.48 1.48 1.50 1.50 1.50 1.50 1.35 1.35 1.35 1.35 1.29 1.29 1.06 1.06 1.10 1.10 1.10 1.10 1.18 1.18 1.18 1.18 1.24 1.24 1.24 1.24 1.28 1.28 1.28 1.28
1.41 1.41 1.41 1.41 1.40 1.40 1.40 1.40 1.42 1.42 1.42 1.42 1.46 1.46 1.46 1.46 1.49 1.49 1.49 1.49 1.49 1.49 1.49 1.49 1.52 1.52 1.52 1.52 1.61 1.61 1.61 1.61 1.59 1.59 1.59 1.59 1.45 1.45 1.45 1.45 1.37 1.37 1.37 1.37 1.34 1.34 1.34 1.34 1.36 1.36 1.36 1.36 1.48 1.48 1.48 1.48 1.50 1.50 1.50 1.50 1.35 1.35 1.35 1.35 1.29 1.29 1.06 1.06 1.10 1.10 1.10 1.10 1.18 1.18 1.18 1.18 1.24 1.24 1.24 1.24 1.28 1.28 1.28 1.28
1.41 1.41 1.41 1.41 1.40 1.40 1.40 1.40 1.42 1.42 1.42 1.42 1.46 1.46 1.46 1.46 1.49 1.49 1.49 1.49 1.49 1.49 1.49 1.49 1.52 1.52 1.52 1.52 1.61 1.61 1.61 1.61 1.59 1.59 1.59 1.59 1.45 1.45 1.45 1.45 1.37 1.37 1.37 1.37 1.34 1.34 1.34 1.34 1.36 1.36 1.36 1.36 1.48 1.48 1.48 1.48 1.50 1.50 1.50 1.50 1.35 1.35 1.35 1.35 1.29 1.29 1.06 1.06 1.10 1.10 1.10 1.10 1.18 1.18 1.18 1.18 1.24 1.24 1.24 1.24 1.28 1.28 1.28 1.28
1.41 1.41 1.41 1.41 1.40 1.40 1.40 1.40 1.42 1.42 1.42 1.42 1.46 1.46 1.46 1.46 1.49 1.49 1.49 1.49 1.49 1.49 1.49 1.49 1.52 1.52 1.52 1.52 1.61 1.61 1.61 1.61 1.59 1.59 1.59 1.59 1.45 1.45 1.45 1.45 1.37 1.37 1.37 1.37 1.34 1.34 1.34 1.34 1.36 1.36 1.36 1.36 1.48 1.48 1.48 1.48 1.50 1.50 1.50 1.50 1.35 1.35 1.35 1.35 1.29 1.06 1.06 1.06 1.10 1.10 1.10 1.10 1.18 1.18 1.18 1.18 1.24 1.24 1.24 1.24 1.28 1.28 1.28 1.28
1.47 1.47 1.47 1.47 1.48 1.48 1.48 1.48 1.47 1.47 1.47 1.47 1.49 1.49 1.49 1.49 1.52 1.52 1.52 1.52 1.52 1.26 1.52 1.52 1.55 1.55 1.55 1.55 1.58 1.58 1.58 0.62 1.51 1.51 1.51 1.51 1.39 1.39 1.39 1.39 1.33 1.33 1.33 1.33 1.33 1.33 1.33 1.33 1.42 1.42 1.42 1.42 1.53 1.53 1.53 1.53 1.43 1.43 1.43 1.43 1.30 1.30 1.30 1.30 1.31 1.08 1.08 1.08 1.16 1.16 1.16 1.16 1.22 1.22 1.22 1.22 1.25 1.25 1.25 1.25 1.30 1.30 1.30 1.30
1.47 1.47 1.47 1.47 1.48 1.48 1.48 1.48 1.47 1.47 1.47 1.47 1.49 1.49 1.49 1.49 1.52 1.52 1.26 1.26 1.26 1.52 1.52 1.52 1.55 1.55 1.55 1.55 1.58 1.58 1.58 1.58 1.51 1.51 1.51 1.51 1.39 1.39 1.39 1.39 1.33 1.33 1.33 1.33 1.33 1.33 1.33 1.33 1.42 1.42 1.42 1.42 1.53 1.53 1.53 1.53 1.43 1.43 1.43 1.43 1.30 1.30 1.30 1.30 1.31 1.08 1.08 1.08 1.16 1.16 1.16 1.16 1.22 1.22 1.22 1.22 1.25 1.25 1.25 1.25 1.30 1.30 1.30 1.30
1.57 1.57 1.57 1.57 1.58 1.58 1.58 1.58 1.56 1.56 1.56 1.56 1.59 1.59 1.59 1.59 1.63 1.63 1.33 1.33 1.34 1.63 1.63 1.63 1.64 1.64 1.64 1.64 1.68 1.68 1.68 1.36 1.60 1.60 1.60 1.60 1.46 1.46 1.46 1.46 1.37 1.37 1.37 1.37 1.36 1.36 1.36 1.36 1.47 1.47 1.47 1.47 1.60 1.60 1.60 1.60 1.47 1.47 1.47 1.47 1.33 1.33 1.33 1.33 1.10 1.10 1.10 1.10 1.20 1.20 1.20 1.20 1.25 1.25 1.25 1.25 1.29 1.29 1.29 1.29 1.33 1.33 1.33 1.33
1.57 1.57 1.57 1.57 1.58 1.58 1.58 1.58 1.56 1.56 1.56 1.56 1.59 1.59 1.59 1.59 1.63 1.33 1.33 1.33 1.63 1.63 1.63 1.63 1.64 1.64 1.34 1.34 1.36 1.68 1.68 1.68 1.60 1.60 1.60 1.60 1.46 1.46 1.46 1.46 1.37 1.37 1.37 1.37 1.36 1.36 1.36 1.36 1.47 1.47 1.47 1.47 1.60 1.60 1.60 1.60 1.47 1.47 1.47 1.47 1.33 1.33 1.33 1.33 1.10 1.10 1.10 1.10 1.20 1.20 1.20 1.20 1.25 1.25 1.25 1.25 1.29 1.29 1.29 1.29 1.33 1.33 1.33 1.33
1.58 1.58 1.58 1.58 1.61 1.61 1.61 1.61 1.60 1.60 1.60 1.60 1.62 1.62 1.33 1.62 1.65 1.65 0.00 0.00 1.34 1.64 1.64 1.64 1.61 1.33 0.00 0.00 0.00 0.68 1.32 1.60 1.55 1.55 1.55 1.55 1.45 1.45 1.45 1.45 1.37 1.37 1.37 1.37 1.41 1.41 1.41 1.41 1.56 1.56 1.56 1.56 1.55 1.55 1.55 1.55 1.39 1.39 1.39 1.39 1.34 1.34 1.34 1.34 1.16 1.16 1.16 1.16 1.24 1.24 1.24 1.24 1.26 1.26 1.26 1.26 1.30 1.30 1.30 1.30 1.39 1.39 1.39 1.39
1.58 1.58 1.58 1.58 1.61 1.61 1.61 1.61 1.60 1.60 1.60 1.60 1.62 1.62 1.33 1.33 1.51 0.00 0.00 0.00 0.00 1.34 1.64 1.64 1.33 0.00 0.00 0.00 0.00 0.00 0.00 1.32 1.55 1.55 1.55 1.55 1.45 1.45 1.45 1.45 1.37 1.37 1.37 1.37 1.41 1.41 1.41 1.41 1.56 1.56 1.56 1.56 1.55 1.55 1.55 1.55 1.39 1.39 1.39 1.39 1.34 1.34 1.34 1.10 1.16 1.16 1.16 1.16 1.24 1.24 1.24 1.24 1.26 1.26 1.26 1.26 1.30 1.30 1.30 1.30 1.39 1.39 1.39 1.39
1.58 1.58 1.58 1.58 1.61 1.61 1.61 1.61 1.60 1.60 1.60 1.60 1.33 1.33 1.33 0.00 0.00 0.00 0.00 1.34 1.34 1.34 1.64 1.34 0.00 0.00 0.00 0.00 1.32 0.00 0.00 1.48 1.55 1.55 1.55 1.55 1.45 1.45 1.45 1.45 1.37 1.37 1.37 1.37 1.41 1.41 1.41 1.41 1.56 1.56 1.56 1.56 1.55 1.55 1.55 1.55 1.39 1.39 1.39 1.39 1.34 1.34 1.34 1.10 1.16 1.16 1.16 1.16 1.24 1.24 1.24 1.24 1.26 1.26 1.26 1.26 1.30 1.30 1.30 1.30 1.39 1.39 1.39 1.39
1.58 1.58 1.58 1.58 1.61 1.61 1.61 1.61 1.60 1.60 1.60 1.32 0.00 0.00 0.00 0.00 0.00 0.00 0.00 1.34 1.34 1.64 1.64 1.34 0.00 0.00 0.00 0.00 0.00 0.00 1.32 1.32 1.55 1.55 1.55 1.55 1.45 1.45 1.45 1.45 1.37 1.37 1.37 1.37 1.41 1.41 1.41 1.41 1.56 1.56 1.56 1.56 1.55 1.55 1.55 1.55 1.39 1.39 1.39 1.39 1.34 1.34 1.34 1.10 1.16 1.16 1.16 1.16 1.24 1.24 1.24 1.24 1.26 1.26 1.26 1.26 1.30 1.30 1.30 1.30 1.39 1.39 1.39 1.39
1.57 1.57 1.57 1.57 1.57 1.57 1.57 1.57 1.59 1.59 1.59 1.31 1.33 0.00 0.00 0.00 0.00 0.00 0.00 0.00 1.31 1.31 1.31 0.00 0.00 0.00 0.00 0.00 0.00 0.67 1.54 1.54 1.50 1.50 1.50 1.50 1.43 1.43 1.43 1.43 1.44 1.44 1.44 1.44 1.54 1.54 1.54 1.54 1.57 1.57 1.57 1.57 1.46 1.46 1.46 1.46 1.39 1.39 1.39 1.39 1.42 1.42 1.18 1.18 1.24 1.24 1.24 1.24 1.23 0.00 1.23 1.23 1.25 1.25 1.25 1.25 1.31 1.31 1.31 1.31 1.45 1.45 1.45 1.45
1.57 1.57 1.57 1.57 1.57 1.57 1.57 1.57 1.59 1.59 1.59 1.59 1.33 0.00 0.00 0.00 0.00 0.00 1.50 1.33 1.31 0.00 0.00 0.00 0.00 0.00 0.00 0.67 0.67 1.54 1.54 1.54 1.50 1.50 1.50 1.50 1.43 1.43 1.43 1.43 1.44 1.44 1.44 1.44 1.54 1.54 1.54 1.54 1.57 1.57 1.57 1.57 1.46 1.46 1.46 1.46 1.39 1.39 1.39 1.39 1.42 1.42 1.18 1.18 1.24 1.24 1.24 1.24 1.23 1.23 1.23 1.23 1.25 1.25 1.25 1.25 1.31 1.31 1.31 1.31 1.45 1.45 1.45 1.45
1.57 1.57 1.57 1.57 1.57 1.57 1.57 1.57 1.59 1.59 1.59 1.31 1.33 0.00 0.00 0.00 0.00 1.33 1.33 1.33 1.31 1.31 1.31 0.00 0.00 0.00 0.00 0.67 1.54 0.67 1.54 1.54 1.50 1.50 1.50 1.50 1.43 1.43 1.43 1.43 1.44 1.44 1.44 1.44 1.54 1.54 1.54 1.54 1.57 1.57 1.57 1.57 1.46 1.46 1.46 1.46 1.39 1.39 1.39 1.39 1.42 1.42 1.18 1.18 1.24 1.24 1.24 1.24 1.23 1.23 1.23 1.23 1.25 1.25 1.25 1.25 1.31 1.31 1.31 1.31 1.45 1.45 1.45 1.45
1.34 1.34 1.34 1.57 1.57 1.57 1.57 1.57 1.59 1.59 1.31 1.31 0.00 0.00 0.00 0.00 0.00 0.00 1.33 0.00 1.31 1.58 0.68 0.00 0.00 0.00 0.00 1.55 1.54 1.54 1.54 1.54 1.50 1.50 1.50 1.50 1.43 1.43 1.24 1.43 1.44 1.44 1.44 1.44 1.54 1.54 1.54 1.54 1.57 1.57 1.57 1.57 1.46 1.46 1.46 1.46 1.39 1.39 1.39 1.39 1.42 1.18 1.18 1.18 1.24 1.24 1.24 1.24 1.23 1.23 1.23 1.23 1.25 1.25 1.25 1.25 1.31 1.31 1.31 1.31 1.45 1.45 1.45 1.45
1.35 1.35 1.35 1.35 1.34 1.34 1.56 1.56 1.57 1.57 1.57 1.31 0.00 0.00 0.00 0.00 0.00 0.00 0.00 0.68 0.68 1.55 0.68 0.00 0.00 0.00 0.00 1.28 1.51 1.51 1.51 1.51 1.50 1.50 1.50 1.50 1.50 1.50 1.50 1.27 1.55 1.55 1.55 1.55 1.59 1.31 1.31 1.59 1.53 1.53 1.53 1.53 1.50 1.50 1.50 1.50 1.49 1.49 1.49 1.49 1.52 1.29 1.29 1.29 1.29 1.29 1.29 1.29 1.26 1.26 1.26 1.26 1.26 1.26 1.26 1.26 1.35 1.35 1.35 1.35 1.48 1.48 1.48 1.48
1.35 1.35 1.35 1.35 1.34 1.34 1.34 1.34 1.35 1.35 1.57 1.57 1.32 0.00 0.00 0.00 0.00 0.00 0.00 0.00 1.55 1.55 1.55 0.68 0.00 0.00 0.00 1.28 1.28 1.28 1.51 1.28 1.50 1.50 1.50 1.50 1.50 1.50 1.27 1.27 1.55 1.55 1.55 1.55 0.00 0.00 1.31 1.59 1.53 1.53 1.53 1.53 1.50 1.50 1.50 1.50 1.49 1.49 1.49 1.49 1.29 1.29 1.29 1.29 1.29 1.29 1.29 1.29 1.26 1.26 1.26 1.26 1.26 1.26 1.26 1.26 1.35 1.35 1.35 1.35 1.48 1.48 1.48 1.48
1.35 1.35 1.35 1.35 1.34 1.34 1.34 1.34 1.35 1.35 1.35 1.35 1.08 0.00 0.00 0.00 0.00 0.00 0.00 0.00 1.44 1.55 1.30 0.00 0.00 0.00 1.28 1.28 1.51 1.28 1.28 1.51 1.50 1.50 1.50 1.27 1.27 1.50 1.27 1.27 1.55 1.29 1.29 0.00 0.00 1.31 1.31 1.59 1.53 1.53 1.53 1.53 1.50 1.50 1.50 1.50 1.49 1.49 1.49 1.49 1.29 1.29 1.29 1.29 1.29 1.29 1.29 0.00 0.00 1.26 1.26 1.26 1.26 1.26 1.26 1.26 1.35 1.35 1.35 1.35 1.48 1.48 1.48 1.48
1.35 1.35 1.35 1.35 1.34 1.34 1.34 1.34 1.35 1.35 1.35 1.06 1.08 0.00 0.00 0.00 0.00 0.00 0.00 0.00 0.00 0.00 0.00 0.00 0.00 0.00 1.28 0.00 1.28 1.28 1.28 1.28 1.27 1.27 1.50 1.27 1.27 1.27 1.27 1.27 0.00 0.00 0.00 1.29 1.31 1.31 1.59 1.59 1.53 1.53 1.53 1.53 1.50 1.50 1.50 1.50 1.49 1.49 1.49 1.49 1.29 1.29 1.29 0.00 0.00 0.00 0.00 0.00 0.00 0.00 0.00 0.00 0.00 0.00 0.00 1.26 1.35 1.35 1.35 1.35 1.48 1.48 1.48 1.48
1.38 1.38 1.38 1.38 1.35 1.35 1.35 1.35 1.34 1.34 1.34 1.34 1.06 0.00 0.00 0.00 0.00 0.00 0.00 0.00 0.00 0.00 0.00 0.00 0.00 1.29 1.29 1.29 1.54 1.54 1.29 1.44 1.30 1.30 1.30 0.00 1.31 1.31 1.31 0.00 0.00 0.00 0.00 1.31 1.58 1.58 1.58 1.58 1.60 1.60 1.60 1.60 1.62 1.62 1.62 1.62 1.58 1.58 1.58 1.35 1.33 1.33 1.33 0.00 0.00 0.00 0.00 0.00 0.00 0.00 0.00 0.00 1.28 1.28 1.28 1.28 1.38 1.38 1.38 1.38 1.44 1.44 1.44 1.44
1.38 1.38 1.38 1.38 1.35 1.35 1.35 1.35 1.34 1.34 1.34 1.34 1.06 0.00 0.00 0.00 0.00 0.00 0.00 0.00 0.00 0.00 0.00 0.00 0.00 0.00 1.29 1.29 1.29 1.29 0.00 0.00 0.00 0.00 0.00 0.00 0.00 1.31 1.31 0.00 0.00 1.31 1.31 1.31 1.31 1.31 1.31 1.31 1.32 1.32 1.32 1.32 1.33 0.00 1.33 1.62 1.58 1.58 1.58 1.35 1.33 1.33 1.33 0.00 0.00 0.00 0.00 1.28 1.26 0.00 1.26 1.26 1.28 1.28 1.28 1.28 1.38 1.38 1.38 1.38 1.44 1.44 1.44 1.44
1.41 1.41 1.41 1.41 1.38 1.38 1.38 1.38 1.38 1.38 1.38 1.09 1.10 0.00 0.00 0.00 0.00 0.00 1.10 1.10 0.00 0.00 1.09 1.09 0.00 0.00 0.00 1.36 1.33 0.00 0.00 0.00 0.00 0.00 0.00 0.00 0.00 0.00 1.34 0.00 1.34 1.34 1.34 1.34 1.35 1.35 1.35 0.00 0.00 0.00 0.00 0.00 0.00 0.00 0.00 0.70 1.63 1.63 1.63 1.39 1.36 1.36 1.36 0.69 0.00 1.32 1.32 1.32 0.00 0.68 0.00 0.00 1.29 1.29 1.29 1.29 1.39 1.39 1.39 1.39 1.46 1.46 1.46 1.46
1.41 1.41 1.41 1.41 1.38 1.38 1.38 1.38 1.38 1.09 1.09 1.29 1.30 0.00 0.00 0.00 0.00 1.10 1.39 1.10 0.00 0.00 1.28 0.59 0.00 0.00 0.00 0.00 0.00 0.00 0.00 0.00 0.00 0.00 0.00 0.00 0.00 0.00 0.00 0.00 0.00 0.00 0.00 1.34 1.35 1.35 1.35 1.35 0.00 0.00 0.00 0.00 0.00 0.00 0.70 0.70 1.33 0.00 1.39 1.39 1.36 1.13 1.36 1.36 0.68 1.32 1.32 1.32 0.68 1.30 1.30 1.30 1.29 1.29 1.29 1.29 1.39 1.39 1.39 1.39 1.46 1.46 1.46 1.46
