New_Model_Runs/9_Future_Present_Scn2_out/post_prcessed_with_MFR/Monthly_summaries/net_infiltration_monthly_OCT.asc
NCOLS 700
NROWS 400
XLLCENTER 515000.000000
YLLCENTER 8409000.000000
CELLSIZE 50.000000
NODATA_value -999.000000
[rows 74 to 110 of 400, columns 336 to 419 of 700]
0.00 0.00 0.00 0.00 0.00 0.00 0.00 0.00 0.00 0.00 0.00 0.00 0.00 0.00 0.00 0.00 0.00 0.00 0.00 0.00 0.00 0.00 0.00 0.00 0.00 0.00 0.00 0.00 0.00 0.00 0.00 0.00 0.00 0.00 0.00 0.00 0.00 0.00 0.00 0.00 0.00 0.00 0.00 0.00 0.00 0.00 0.00 0.00 0.00 0.00 0.00 0.00 0.00 0.00 0.00 0.00 0.00 0.00 0.00 5.16 5.68 5.68 5.09 5.09 5.21 5.21 5.21 5.21 5.72 6.62 6.88 5.58 0.00 0.00 0.00 0.00 0.00 0.00 0.00 0.00 0.00 0.00 0.00 0.00
0.00 0.00 0.00 0.00 0.00 0.00 0.00 0.00 0.00 0.00 0.00 0.00 0.00 0.00 0.00 0.00 0.00 0.00 0.00 0.00 0.00 0.00 0.00 0.00 0.00 0.00 0.00 0.00 0.00 0.00 0.00 0.00 0.00 0.00 0.00 0.00 0.00 0.00 0.00 0.00 0.00 0.00 0.00 0.00 0.00 0.00 0.00 0.00 0.00 0.00 0.00 0.00 0.00 0.00 0.00 0.00 0.00 0.00 5.16 5.74 6.45 5.09 5.09 5.09 5.21 5.21 5.21 5.21 5.72 6.77 6.92 6.77 0.00 0.00 0.00 0.00 0.00 0.00 0.00 0.00 0.00 0.00 0.00 0.00
0.00 0.00 0.00 0.00 0.00 0.00 0.00 0.00 0.00 0.00 0.00 0.00 0.00 0.00 0.00 0.00 0.00 0.00 0.00 0.00 0.00 0.00 0.00 0.00 0.00 0.00 0.00 0.00 0.00 0.00 0.00 0.00 0.00 0.00 0.00 0.00 0.00 0.00 0.00 0.00 0.00 0.00 0.00 0.00 0.00 0.00 0.00 0.00 1.64 3.72 0.00 0.00 0.00 0.00 0.00 0.00 0.00 5.93 5.65 5.38 5.07 5.07 6.31 6.31 5.36 6.68 6.68 6.83 7.67 2.93 7.07 0.00 0.00 0.00 0.00 0.00 0.00 0.00 0.00 0.00 0.00 0.00 0.00 0.00
0.00 0.00 0.00 0.00 0.00 0.00 0.00 0.00 0.00 0.00 0.00 0.00 0.00 0.00 0.00 0.00 0.00 0.00 0.00 0.00 0.00 0.00 0.00 0.00 0.00 0.00 0.00 0.00 0.00 0.00 0.00 0.00 0.00 0.00 0.00 0.00 0.00 0.00 0.00 0.00 0.00 0.00 0.00 0.00 0.00 0.00 0.00 0.00 5.65 5.22 5.22 0.00 0.00 0.00 0.00 5.15 5.06 5.06 5.93 5.06 5.07 6.31 6.31 6.31 6.68 6.42 7.01 2.32 3.08 5.93 0.00 0.00 0.00 0.00 0.00 0.00 0.00 0.00 0.00 0.00 0.00 0.00 0.00 0.00
0.00 0.00 0.00 0.00 0.00 0.00 0.00 0.00 0.00 0.00 0.00 0.00 0.00 0.00 0.00 0.00 0.00 0.00 0.00 0.00 0.00 0.00 0.00 0.00 0.00 0.00 0.00 0.00 0.00 0.00 0.00 0.00 0.00 0.00 0.00 0.00 0.00 0.00 0.00 0.00 0.00 0.00 0.00 0.00 0.00 0.00 0.00 0.00 5.22 5.22 5.22 5.22 5.15 5.15 5.15 5.15 5.06 6.18 5.65 5.06 5.07 6.44 6.44 5.99 6.68 1.71 1.71 1.71 8.13 0.00 0.00 0.00 0.00 0.00 0.00 0.00 0.00 0.00 0.00 0.00 0.00 0.00 0.00 0.00
0.00 0.00 0.00 0.00 0.00 0.00 0.00 0.00 0.00 0.00 0.00 0.00 0.00 0.00 0.00 0.00 0.00 0.00 0.00 0.00 0.00 0.00 0.00 0.00 0.00 0.00 0.00 0.00 0.00 0.00 0.00 0.00 0.00 0.00 0.00 0.00 0.00 0.00 0.00 0.00 0.00 0.00 0.00 0.00 0.00 0.00 0.00 3.12 5.22 5.22 5.22 5.22 5.15 5.49 5.15 5.15 5.06 3.72 5.06 5.06 5.17 5.17 6.31 7.04 6.68 2.01 2.01 5.34 0.00 0.00 0.00 0.00 0.00 0.00 0.00 0.00 0.00 0.00 0.00 0.00 0.00 0.00 0.00 0.00
0.00 0.00 0.00 0.00 0.00 0.00 0.00 0.00 0.00 0.00 0.00 0.00 0.00 0.00 0.00 0.00 0.00 0.00 0.00 0.00 0.00 0.00 0.00 0.00 0.00 0.00 0.00 0.00 0.00 0.00 0.00 0.00 0.00 0.00 0.00 0.00 0.00 0.00 0.00 0.00 0.00 0.00 0.00 0.00 0.00 0.00 0.00 5.74 5.19 5.19 5.19 5.19 5.05 5.37 5.05 5.05 5.11 5.11 5.11 5.11 5.25 5.38 5.40 7.20 2.01 5.69 3.93 0.00 0.00 0.00 0.00 0.00 0.00 0.00 0.00 0.00 0.00 0.00 0.00 0.00 0.00 0.00 0.00 0.00
0.00 0.00 0.00 0.00 0.00 0.00 0.00 0.00 0.00 0.00 0.00 0.00 0.00 0.00 0.00 0.00 0.00 0.00 0.00 0.00 0.00 0.00 0.00 0.00 0.00 0.00 0.00 0.00 0.00 0.00 0.00 0.00 0.00 0.00 0.00 0.00 0.00 0.00 4.14 0.00 0.00 0.00 0.00 0.00 0.00 0.00 0.00 5.74 5.19 5.19 5.19 5.19 5.05 5.80 5.05 5.05 5.68 3.72 5.11 5.11 5.25 5.61 5.40 4.21 1.85 5.33 0.00 0.00 0.00 0.00 0.00 0.00 0.00 0.00 0.00 0.00 0.00 0.00 0.00 0.00 0.00 0.00 0.00 0.00
0.00 0.00 0.00 0.00 0.00 0.00 0.00 0.00 0.00 0.00 0.00 0.00 0.00 0.00 0.00 0.00 0.00 0.00 0.00 0.00 0.00 0.00 0.00 0.00 0.00 0.00 0.00 0.00 0.00 0.00 0.00 0.00 0.00 0.00 0.00 0.00 0.00 6.86 6.86 6.86 6.87 0.00 0.00 0.00 0.00 0.00 0.00 6.10 6.05 6.05 6.05 6.05 5.91 5.91 5.91 5.91 4.87 4.87 5.96 6.53 6.73 6.12 7.92 2.40 8.54 0.00 0.00 0.00 0.00 0.00 0.00 0.00 0.00 0.00 0.00 0.00 0.00 0.00 0.00 0.00 0.00 0.00 0.00 6.02
0.00 0.00 0.00 0.00 0.00 0.00 0.00 0.00 0.00 0.00 0.00 0.00 0.00 0.00 0.00 0.00 0.00 0.00 0.00 0.00 0.00 0.00 0.00 0.00 0.00 0.00 0.00 0.00 0.00 0.00 0.00 0.00 0.00 0.00 0.00 0.00 6.86 6.86 6.86 6.86 7.30 7.88 7.88 4.28 6.45 6.10 6.10 6.10 6.05 6.05 6.05 6.05 5.91 4.87 5.91 5.91 5.96 5.96 5.96 6.53 7.72 7.92 6.45 2.40 6.10 0.00 0.00 0.00 0.00 0.00 0.00 0.00 0.00 0.00 0.00 0.00 0.00 0.00 0.00 0.00 6.02 7.22 6.02 6.02
0.00 0.00 0.00 0.00 0.00 0.00 0.00 0.00 0.00 0.00 0.00 0.00 0.00 0.00 0.00 0.00 0.00 0.00 0.00 0.00 0.00 0.00 0.00 0.00 0.00 0.00 0.00 0.00 0.00 0.00 0.00 0.00 0.00 0.00 3.47 6.89 6.83 6.83 6.83 6.83 6.85 8.17 7.85 7.85 6.79 5.99 5.99 6.67 5.93 5.93 5.93 5.93 5.96 5.96 5.96 5.96 6.16 6.16 6.16 6.16 7.87 6.45 5.92 2.34 3.78 0.00 0.00 0.00 0.00 0.00 0.00 0.00 0.00 0.00 0.00 0.00 0.00 0.00 0.00 6.19 6.04 6.04 6.04 6.04
0.00 0.00 0.00 0.00 0.00 0.00 0.00 0.00 0.00 0.00 0.00 0.00 0.00 0.00 0.00 0.00 0.00 0.00 0.00 0.00 0.00 0.00 0.00 0.00 0.00 0.00 0.00 0.00 0.00 0.00 0.00 0.00 0.00 6.89 6.89 6.89 6.83 6.83 6.83 6.83 6.85 7.85 7.85 7.85 6.79 7.21 5.99 5.99 5.93 5.93 5.93 5.93 5.96 5.96 5.96 5.96 7.78 7.78 7.78 7.85 6.45 5.77 6.53 2.38 3.63 0.00 0.00 0.00 0.00 0.00 0.00 0.00 0.00 0.00 0.00 0.00 0.00 0.00 0.00 6.19 6.04 6.11 6.04 6.04
0.00 0.00 0.00 0.00 0.00 0.00 0.00 0.00 0.00 0.00 0.00 0.00 0.00 0.00 0.00 0.00 0.00 0.00 0.00 0.00 0.00 0.00 0.00 0.00 0.00 0.00 0.00 0.00 0.00 0.00 0.00 0.00 0.00 7.32 6.89 6.89 6.83 6.83 7.26 6.83 6.85 7.85 7.85 8.79 6.79 6.79 6.79 5.99 5.93 6.94 5.93 5.93 5.96 6.53 5.96 5.96 7.78 7.59 7.85 6.32 5.77 5.77 2.32 6.12 0.00 0.00 0.00 0.00 0.00 0.00 0.00 0.00 0.00 0.00 0.00 0.00 0.00 0.00 6.19 6.82 6.04 6.04 6.04 6.04
0.00 0.00 0.00 0.00 0.00 0.00 0.00 0.00 0.00 0.00 0.00 0.00 0.00 0.00 0.00 0.00 0.00 0.00 0.00 0.00 0.00 0.00 0.00 0.00 0.00 0.00 0.00 0.00 0.00 0.00 0.00 0.00 0.00 6.89 6.89 6.89 6.83 6.83 6.83 6.83 6.85 7.27 7.85 7.85 6.79 6.79 6.79 6.79 5.93 6.65 5.93 4.87 5.96 5.96 5.96 5.96 6.16 7.77 7.85 6.45 6.45 5.77 5.30 5.70 0.00 0.00 0.00 0.00 0.00 0.00 0.00 0.00 0.00 0.00 0.00 0.00 0.00 6.24 6.19 6.19 6.04 6.04 6.73 6.04
0.00 0.00 0.00 0.00 0.00 0.00 0.00 0.00 0.00 0.00 0.00 0.00 0.00 0.00 0.00 0.00 0.00 0.00 0.00 0.00 0.00 0.00 0.00 0.00 0.00 0.00 0.00 0.00 0.00 0.00 0.00 0.00 0.00 0.00 6.99 6.99 6.88 6.88 6.88 6.88 6.80 6.80 7.79 7.79 7.69 6.72 5.33 5.33 7.14 6.21 4.87 6.02 6.76 6.14 6.14 6.14 6.24 6.24 7.84 7.84 6.47 10.68 6.25 5.70 0.00 0.00 0.00 0.00 0.00 0.00 0.00 0.00 0.00 0.00 0.00 0.00 6.31 6.21 6.21 6.21 6.73 6.05 6.05 6.05
0.00 0.00 0.00 0.00 0.00 0.00 0.00 0.00 0.00 0.00 0.00 0.00 0.00 0.00 0.00 0.00 0.00 0.00 0.00 0.00 0.00 0.00 0.00 0.00 0.00 0.00 0.00 0.00 0.00 0.00 0.00 0.00 0.00 0.00 0.00 6.99 6.88 6.88 6.88 6.88 6.80 6.80 6.80 7.23 7.69 6.72 5.33 5.33 5.49 7.24 6.60 6.02 6.14 6.14 6.14 6.14 6.24 7.90 7.92 6.60 6.62 7.38 6.17 6.31 5.27 0.00 0.00 0.00 0.00 0.00 0.00 0.00 0.00 0.00 0.00 6.27 6.91 6.21 6.21 6.21 6.05 6.05 6.73 6.05
0.00 0.00 0.00 0.00 0.00 0.00 0.00 0.00 0.00 0.00 0.00 0.00 0.00 0.00 0.00 0.00 0.00 0.00 0.00 0.00 0.00 0.00 0.00 2.98 0.00 0.00 0.00 0.00 0.00 0.00 0.00 0.00 0.00 0.00 0.00 7.41 6.88 6.88 7.31 6.88 6.80 6.80 6.80 6.80 6.72 6.72 5.67 7.11 6.82 7.24 6.82 6.02 6.14 7.76 7.76 11.38 11.52 11.52 11.72 9.37 9.22 10.01 2.47 2.50 1.26 5.69 5.27 4.23 0.00 0.00 0.00 0.00 3.63 4.48 9.97 6.27 6.21 6.21 6.21 6.21 6.05 6.05 6.05 6.05
0.00 0.00 0.00 0.00 0.00 0.00 0.00 0.00 0.00 0.00 0.00 0.00 0.00 0.00 0.00 0.00 0.00 0.00 0.00 0.00 0.00 0.00 0.00 6.82 6.81 6.81 0.00 0.00 0.00 0.00 0.00 0.00 0.00 0.00 0.00 0.00 6.88 6.88 6.88 6.88 6.80 6.80 6.80 7.53 6.72 6.72 6.72 6.72 6.87 6.82 6.82 6.82 7.76 11.38 11.38 8.38 8.54 6.24 7.94 1.47 5.14 5.14 6.23 9.58 4.58 5.57 6.18 2.96 8.50 8.35 9.63 8.54 10.21 5.84 6.34 6.42 6.21 6.21 6.21 6.21 6.05 6.05 6.05 6.05
0.00 0.00 0.00 0.00 0.00 0.00 0.00 0.00 0.00 0.00 0.00 0.00 0.00 0.00 0.00 0.00 0.00 0.00 0.00 0.00 0.00 0.00 0.00 6.83 6.82 6.82 6.82 0.00 0.00 0.00 0.00 0.00 0.00 0.00 0.00 0.00 6.92 6.92 6.92 6.92 6.77 6.77 6.77 7.20 7.18 6.76 6.76 6.76 6.95 6.95 6.95 6.95 7.01 6.79 6.16 6.16 6.24 6.24 6.24 6.32 5.92 5.77 7.81 7.81 5.84 2.41 6.25 9.47 8.48 1.01 5.89 7.20 9.62 2.43 7.50 6.47 6.49 6.92 7.01 6.26 6.10 6.10 6.10 6.10
0.00 0.00 0.00 0.00 0.00 0.00 0.00 0.00 0.00 0.00 0.00 0.00 0.00 0.00 0.00 0.00 0.00 0.00 0.00 0.00 0.00 0.00 0.00 6.83 6.82 6.82 6.82 7.25 0.00 0.00 0.00 0.00 0.00 0.00 0.00 0.00 0.00 6.92 6.92 6.92 6.77 6.77 6.77 6.77 6.76 6.76 6.76 7.18 6.95 7.86 6.95 7.86 7.01 7.01 6.16 6.16 6.24 6.24 6.32 8.00 8.09 9.10 9.87 7.01 5.83 5.50 6.81 6.75 7.09 2.17 6.41 6.26 8.50 6.90 6.50 7.98 6.92 7.01 7.86 7.91 6.69 6.10 6.10 6.10
0.00 0.00 0.00 0.00 0.00 0.00 0.00 0.00 0.00 0.00 0.00 0.00 0.00 0.00 0.00 0.00 0.00 0.00 0.00 0.00 0.00 0.00 7.34 6.83 6.82 6.82 6.82 6.82 6.87 0.00 0.00 0.00 0.00 0.00 0.00 0.00 0.00 6.92 6.92 6.92 6.77 6.77 6.77 6.77 7.19 6.76 6.76 6.76 6.95 6.95 7.38 6.95 7.01 7.01 7.01 6.16 6.24 6.24 7.84 7.84 8.62 6.27 8.28 6.93 6.30 6.66 7.51 8.02 6.28 7.93 7.93 6.28 9.92 9.47 9.46 10.13 12.43 7.75 7.75 7.91 6.69 6.10 6.10 6.76
0.00 0.00 0.00 0.00 0.00 0.00 0.00 0.00 0.00 0.00 0.00 0.00 0.00 0.00 0.00 0.00 0.00 0.00 0.00 0.00 0.00 0.00 8.06 6.83 6.82 6.82 6.82 6.82 7.29 6.87 0.00 0.00 0.00 0.00 0.00 0.00 6.92 6.92 6.92 6.92 7.20 6.77 6.77 6.77 7.19 6.76 6.76 6.76 6.95 6.95 6.95 6.95 7.01 7.01 7.01 7.01 6.24 7.89 7.72 8.00 8.98 6.93 6.93 6.27 6.30 7.80 9.84 6.30 6.31 7.82 7.93 6.28 6.95 7.03 6.63 6.51 11.37 7.75 7.75 7.75 6.10 6.10 6.10 6.10
0.00 0.00 0.00 0.00 0.00 0.00 0.00 0.00 0.00 0.00 0.00 0.00 0.00 0.00 0.00 0.00 7.33 0.00 0.00 7.33 7.31 7.31 7.31 7.31 6.78 6.78 6.78 6.78 6.85 6.85 6.85 0.00 0.00 0.00 0.00 0.00 6.90 6.90 6.90 6.90 6.82 6.82 6.82 6.82 6.82 6.82 6.82 6.82 6.93 6.93 6.93 6.93 6.99 6.99 6.99 6.99 7.11 7.66 7.89 8.00 6.54 6.24 6.27 6.24 6.28 7.72 7.89 6.25 6.29 7.95 8.25 8.64 6.98 6.98 7.01 8.05 11.67 8.11 8.11 7.98 7.14 6.79 6.79 6.18
0.00 0.00 0.00 0.00 0.00 0.00 0.00 0.00 7.71 7.71 0.00 0.00 0.00 7.72 7.72 8.54 7.33 7.33 7.33 8.33 7.31 7.31 7.31 7.31 6.78 7.83 6.78 6.78 6.85 6.85 6.85 6.85 7.00 7.00 7.00 7.00 6.90 6.90 6.90 6.90 6.82 6.82 6.82 6.82 6.82 6.82 6.82 7.25 7.92 6.93 6.93 6.93 6.99 6.99 6.99 6.99 7.11 7.66 8.16 9.19 6.24 6.24 6.27 6.32 7.00 7.85 6.90 6.25 6.29 9.97 8.11 8.36 7.98 6.34 7.86 7.98 7.90 11.45 7.82 7.82 7.75 6.90 6.79 6.83
0.00 0.00 0.00 0.00 0.00 0.00 0.00 8.18 8.16 8.16 8.16 8.16 8.17 8.17 8.17 9.06 8.46 8.46 8.46 8.46 9.18 9.17 8.44 8.44 7.96 8.58 7.96 7.96 8.64 7.92 7.92 7.92 8.10 8.10 8.10 8.93 8.00 8.00 8.00 8.00 8.02 8.02 8.64 8.02 8.03 8.03 8.65 8.03 8.53 7.93 7.93 7.93 7.98 7.98 7.98 7.98 8.72 10.79 9.61 8.01 6.09 6.09 6.17 6.17 7.73 8.64 9.23 7.65 6.86 9.30 8.09 6.60 5.17 8.09 8.69 8.74 8.76 12.43 12.39 12.39 8.78 8.65 6.38 6.86
0.00 0.00 0.00 0.00 0.00 0.00 0.00 0.00 8.16 8.16 8.16 8.16 9.01 9.01 8.17 8.17 9.19 8.46 8.46 8.46 8.44 9.17 8.44 8.44 9.57 7.96 7.96 7.96 7.92 7.92 7.92 7.92 8.10 8.10 8.10 8.10 8.00 8.00 8.00 8.73 8.64 8.02 8.02 8.02 8.03 8.03 8.65 8.03 7.93 7.93 7.93 7.93 7.98 7.98 7.98 7.98 8.01 9.42 9.30 8.01 8.49 6.09 6.09 6.93 6.82 6.82 6.85 6.82 6.86 7.74 8.74 6.60 8.77 8.77 8.69 8.74 8.76 6.60 6.48 10.30 8.78 8.65 6.86 6.86
0.00 0.00 0.00 0.00 0.00 0.00 0.00 0.00 9.02 8.14 8.14 8.14 8.14 8.14 8.14 8.94 8.41 9.14 8.41 8.41 8.42 9.15 8.42 8.42 8.40 7.93 8.55 7.93 7.95 7.95 7.95 7.95 8.72 8.80 7.99 7.99 7.96 7.96 7.96 9.37 8.06 8.06 8.06 8.06 8.03 8.03 8.03 8.03 7.89 7.89 7.89 7.89 7.98 7.98 7.98 7.98 8.08 8.08 8.08 8.08 8.05 8.05 7.01 7.01 7.62 6.32 6.32 6.79 6.86 6.86 8.69 9.74 8.81 9.33 8.70 6.89 8.76 10.50 8.76 8.09 8.60 8.15 8.62 8.69
0.00 0.00 0.00 0.00 0.00 0.00 0.00 0.00 8.14 8.14 8.14 8.14 8.14 8.14 8.14 8.14 8.41 8.41 9.14 8.41 8.42 9.15 8.42 8.42 8.40 7.93 7.93 7.93 7.95 7.95 7.95 7.95 7.99 7.99 7.99 7.99 7.96 7.96 7.96 7.96 8.68 8.06 8.68 8.06 8.03 8.03 8.03 8.03 7.89 7.89 7.89 7.89 7.98 8.59 7.98 7.98 8.08 8.08 8.70 8.08 8.05 8.05 8.05 7.01 6.79 6.79 6.79 6.79 6.86 6.86 8.09 8.65 8.75 8.77 8.09 6.89 8.68 8.76 8.09 8.76 8.62 8.62 8.15 8.69
0.00 0.00 0.00 0.00 0.00 0.00 0.00 0.00 9.02 9.38 9.02 8.14 8.14 8.14 8.14 8.14 8.41 8.41 8.41 8.41 8.42 8.42 9.15 8.42 8.40 8.40 7.93 8.55 7.95 7.95 7.95 8.57 9.09 7.99 7.99 7.99 8.77 7.96 7.96 7.96 8.06 8.06 8.06 8.06 8.03 8.03 8.03 8.03 7.89 7.89 7.89 7.89 7.98 7.98 7.98 7.98 8.08 8.08 9.37 8.08 8.05 8.05 8.05 8.05 6.79 6.79 6.79 6.79 6.86 6.86 9.83 8.65 8.70 8.75 9.25 8.94 6.88 8.68 8.76 8.68 8.69 6.84 7.68 6.84
0.00 0.00 0.00 0.00 0.00 0.00 0.00 8.26 8.14 8.14 9.02 8.98 8.14 8.14 8.14 8.14 8.41 8.41 8.41 10.28 8.42 8.42 8.42 8.42 8.40 8.40 7.93 7.93 7.95 7.95 7.95 7.95 8.71 8.99 7.99 7.99 7.96 7.96 7.96 9.09 8.06 8.06 8.06 8.06 8.03 8.03 8.03 8.03 8.49 7.89 7.89 7.89 7.98 7.98 7.98 7.98 8.08 8.69 8.69 8.08 8.05 8.05 8.05 8.05 7.78 6.79 6.79 6.79 6.86 7.70 7.70 8.70 8.70 8.78 8.73 9.40 7.73 6.88 8.76 8.09 8.69 6.84 6.84 6.84
0.00 0.00 0.00 0.00 0.00 0.00 8.26 8.26 8.11 8.11 8.11 8.11 8.90 8.10 8.10 8.10 8.36 8.36 8.36 9.08 8.39 8.39 8.39 8.39 8.39 8.39 7.92 7.92 7.92 7.92 7.92 7.92 8.68 7.96 9.05 8.68 8.04 8.04 8.04 8.04 8.05 8.05 8.05 8.05 8.01 8.01 8.63 8.59 8.48 7.87 7.87 7.87 7.98 7.98 7.98 7.98 8.02 8.02 8.02 8.02 7.99 7.99 7.99 7.99 7.72 7.72 7.62 6.75 6.81 6.81 6.33 6.81 6.84 7.68 8.73 8.73 8.71 6.82 6.34 6.82 8.56 6.75 6.75 6.75
0.00 0.00 0.00 0.00 0.00 5.14 8.26 8.26 8.11 8.11 8.11 8.11 8.10 8.10 8.10 8.10 9.18 8.36 8.36 9.08 9.11 8.39 8.39 9.55 9.11 8.39 8.39 7.92 7.92 7.92 7.92 7.92 7.96 7.96 7.96 7.96 8.04 8.04 8.04 8.04 8.05 8.05 8.05 8.05 8.01 8.01 8.01 8.01 7.87 7.87 7.87 7.87 7.98 7.98 7.98 7.98 8.63 8.02 8.63 8.02 7.99 7.99 8.61 7.99 7.72 7.72 7.72 6.75 6.81 6.81 6.81 6.33 6.84 6.84 6.97 9.32 8.79 6.82 6.82 7.65 6.75 6.28 6.75 6.75
0.00 0.00 0.00 0.00 0.00 5.14 9.16 8.26 8.11 8.99 8.11 8.11 8.10 8.10 8.10 8.10 8.36 8.36 8.36 8.36 8.39 9.11 8.39 8.39 8.39 8.39 8.39 7.92 10.22 7.92 7.92 8.93 8.76 7.96 7.96 7.96 8.04 8.04 8.04 8.04 8.05 8.05 8.05 8.05 8.01 8.63 8.01 8.01 7.87 7.87 7.87 7.87 8.57 7.98 7.98 7.98 8.02 8.02 8.02 8.02 7.99 7.99 10.26 9.22 7.72 7.72 8.32 7.72 6.81 6.81 6.81 6.81 6.84 6.84 6.84 8.68 8.64 6.82 6.82 6.82 6.75 6.75 6.75 6.75
0.00 0.00 0.00 0.00 0.00 8.26 9.16 8.26 8.11 8.11 8.11 8.11 8.10 8.90 8.10 8.10 8.36 8.36 8.36 8.36 8.39 8.39 8.39 8.39 8.39 8.39 8.39 8.39 8.54 7.92 7.92 7.92 7.96 8.68 7.96 7.96 8.04 8.04 8.04 8.04 8.05 8.05 8.67 8.05 8.01 8.01 8.01 8.01 7.87 7.87 7.87 7.87 8.56 7.98 7.98 7.98 8.02 8.63 8.02 8.02 8.59 7.99 7.99 8.59 7.72 7.72 7.72 7.72 7.80 6.81 6.81 6.81 6.35 6.84 6.70 6.84 8.64 6.82 6.82 6.82 6.75 6.75 6.75 6.75
0.00 0.00 0.00 0.00 0.00 8.77 8.23 8.23 8.12 8.12 8.12 8.12 8.08 8.08 8.88 8.08 8.33 8.33 8.33 8.33 8.38 8.38 9.10 8.38 8.40 9.12 8.40 8.40 7.91 9.08 7.91 7.91 8.04 8.04 8.66 8.04 8.02 8.02 8.02 8.02 8.02 8.02 8.65 8.02 7.96 7.96 8.58 7.96 7.84 7.84 7.84 7.84 7.92 7.92 7.92 7.92 7.91 7.91 7.91 7.91 7.91 7.91 7.91 7.91 7.65 7.65 8.23 8.24 7.68 7.68 7.52 6.72 6.73 6.73 6.73 6.73 6.70 6.70 6.70 10.33 6.66 6.66 6.66 6.66
0.00 0.00 0.00 5.14 0.00 10.15 9.13 8.23 8.12 8.58 8.12 8.12 8.08 8.08 8.08 8.08 8.33 8.33 8.33 8.33 8.38 8.38 8.38 8.38 8.40 9.12 8.40 8.40 7.91 9.39 8.53 7.91 8.04 8.04 9.33 8.04 8.64 8.02 8.02 8.02 8.64 8.02 8.65 8.02 7.96 7.96 7.96 7.96 7.84 7.84 7.84 8.82 7.92 8.52 7.92 8.52 7.91 7.91 7.91 7.91 7.91 7.91 7.91 7.91 7.65 7.65 8.23 7.65 7.68 7.68 7.98 6.72 6.73 6.73 10.39 5.02 5.00 5.00 5.00 5.00 4.96 4.96 5.54 4.96
0.00 0.00 0.00 0.00 5.14 8.77 8.23 8.23 8.12 8.12 8.12 8.12 8.08 8.08 8.08 8.08 10.71 8.33 8.33 8.33 8.38 8.38 9.88 8.38 8.40 8.40 9.12 8.40 8.38 7.91 7.91 7.91 8.04 8.66 8.04 8.66 8.64 8.02 8.02 8.02 8.64 8.02 8.02 8.02 7.96 7.96 7.96 8.55 7.84 7.84 7.84 7.84 7.92 7.92 7.92 7.92 7.91 7.91 7.91 7.91 7.91 7.91 7.91 7.91 8.27 7.65 7.65 8.23 7.68 7.68 7.68 7.68 5.02 5.02 5.02 5.02 5.00 5.00 5.00 5.00 4.96 5.54 4.96 4.96
