New_Model_Runs/9_Future_Present_Scn2_out/post_prcessed_with_MFR/Monthly_summaries/net_infiltration_monthly_NOV.asc
NCOLS 700
NROWS 400
XLLCENTER 515000.000000
YLLCENTER 8409000.000000
CELLSIZE 50.000000
NODATA_value -999.000000
[rows 190 to 227 of 400, columns 168 to 251 of 700]
8.83 8.53 8.97 8.97 8.97 8.53 9.26 8.83 8.79 8.79 7.33 7.33 8.18 7.25 7.25 7.25 7.26 7.26 7.26 7.26 7.29 9.46 8.23 7.29 7.47 7.47 7.47 8.42 7.40 7.40 7.40 7.40 8.28 7.33 7.33 7.33 7.33 7.33 7.33 7.33 7.61 7.61 7.61 7.61 7.66 7.66 7.66 7.66 7.73 7.73 7.73 9.28 7.71 7.71 7.71 8.70 7.59 7.59 7.59 7.59 7.64 7.64 7.64 9.20 8.99 8.99 9.16 8.34 8.32 7.68 7.68 6.32 6.51 6.51 6.51 7.06 6.46 6.46 6.46 7.28 7.26 7.26 7.26 7.26
8.53 8.83 9.26 8.63 8.53 8.53 8.53 8.83 8.79 7.33 7.33 7.33 7.25 8.18 7.25 7.25 7.26 8.19 7.26 7.26 7.29 7.29 7.29 7.29 7.47 7.47 7.47 7.47 7.40 7.40 7.40 7.40 7.33 9.13 7.33 7.33 7.33 8.27 8.27 7.33 7.61 7.61 7.61 7.61 7.66 7.66 7.66 7.66 7.73 7.73 7.73 9.28 8.70 7.71 7.71 7.71 7.59 7.59 7.59 7.59 7.64 7.64 7.64 7.64 9.28 9.28 9.28 7.69 8.32 7.68 7.68 6.32 6.51 6.51 7.33 6.51 7.01 6.46 8.88 7.28 7.26 7.26 7.26 7.26
8.54 9.04 8.84 8.64 8.50 8.80 8.80 8.80 7.31 7.31 7.31 7.31 7.23 8.16 7.23 7.23 7.25 7.25 7.25 7.25 7.28 7.28 7.28 7.28 7.46 7.46 7.46 7.46 8.36 7.41 7.41 7.41 7.35 7.35 7.35 7.35 7.31 8.24 7.31 7.31 7.56 8.52 8.52 7.56 7.65 7.65 7.65 7.65 7.75 7.75 9.31 9.31 8.96 8.71 7.72 9.58 7.56 7.56 7.56 7.56 7.58 8.57 7.58 7.58 7.68 8.96 9.25 9.25 7.69 7.69 6.33 6.33 6.49 6.49 7.05 7.04 6.46 6.46 6.46 7.28 7.25 7.25 7.25 7.25
8.54 8.84 7.39 8.84 10.73 7.36 7.36 7.36 7.31 7.31 7.31 7.31 7.23 7.23 7.23 7.23 7.25 7.25 7.25 7.25 7.28 7.28 7.28 7.28 7.46 7.46 7.46 7.46 7.41 7.41 7.41 7.41 7.35 7.35 7.35 7.35 7.31 7.31 7.31 7.31 7.56 7.56 7.56 7.56 7.65 7.65 7.65 7.65 7.75 7.75 7.75 7.75 11.01 7.72 7.72 7.72 7.56 7.56 7.56 7.56 9.73 7.58 7.58 7.58 7.68 8.32 9.25 9.25 7.69 7.69 6.87 6.33 6.49 6.49 6.49 6.49 6.46 6.83 6.99 6.46 7.25 7.25 7.25 7.25
12.16 8.42 8.42 8.42 11.00 8.39 8.39 8.39 8.54 8.54 8.54 8.54 8.46 8.46 8.46 8.46 8.48 11.50 8.48 8.48 8.51 9.66 8.51 8.51 8.78 8.78 8.78 8.78 8.73 9.97 9.97 8.73 8.66 8.66 8.66 8.66 8.62 10.87 8.62 8.62 8.67 9.90 8.67 8.67 8.77 8.77 8.77 8.77 8.88 8.88 8.88 10.15 11.16 11.16 8.84 8.84 8.55 8.55 9.51 8.55 8.57 8.57 8.57 8.57 8.67 8.67 10.66 10.66 8.69 8.69 7.24 7.24 7.31 7.31 7.31 7.31 7.28 8.15 9.34 7.28 8.01 8.01 8.01 8.01
8.42 8.42 8.42 8.42 8.39 9.52 8.39 8.39 8.54 8.54 8.54 9.46 8.46 8.46 8.46 8.46 8.48 8.48 8.48 8.48 8.51 8.51 8.51 8.51 8.78 8.78 8.78 8.78 8.73 8.73 8.73 8.73 8.66 10.92 8.66 8.66 8.62 8.62 8.62 8.62 10.89 9.90 8.67 8.67 8.77 8.77 8.77 8.77 8.88 8.88 8.88 8.88 8.84 8.84 8.84 8.84 8.55 8.55 8.55 8.55 8.57 8.57 8.57 8.57 8.67 8.67 10.66 10.51 15.14 7.24 7.24 7.24 7.31 7.31 7.31 7.31 7.28 7.28 7.28 7.28 7.25 8.01 8.01 8.01
8.39 8.39 8.39 8.39 8.36 9.24 8.36 8.36 8.53 8.53 8.53 9.45 9.34 8.45 8.45 8.45 9.60 9.61 8.46 8.46 8.50 8.50 8.50 9.65 8.76 8.76 8.76 8.76 8.70 8.70 8.70 8.70 8.63 8.63 8.63 8.63 8.61 8.61 8.61 8.61 8.67 8.67 8.67 8.67 8.78 8.78 8.78 10.04 8.87 8.87 8.87 8.87 8.82 8.82 10.08 8.82 8.52 8.52 8.52 8.52 8.58 8.58 8.58 8.58 8.71 8.71 10.72 10.72 15.59 7.89 7.27 7.27 7.33 7.33 7.33 7.33 7.26 7.26 7.26 7.26 7.86 9.05 8.01 9.46
8.39 8.39 8.39 8.39 8.36 8.36 8.36 8.36 9.69 8.53 8.53 8.53 9.34 8.45 8.45 8.45 8.46 8.46 8.46 8.46 8.50 8.50 8.50 8.50 10.01 8.76 8.76 8.76 8.70 8.70 8.70 8.70 8.63 8.63 8.63 8.63 8.61 8.61 8.61 8.61 9.89 8.67 8.67 8.67 8.78 8.78 8.78 8.78 8.87 8.87 8.87 8.87 8.82 9.88 8.82 8.82 8.52 8.52 8.52 8.52 8.58 8.58 8.58 8.58 8.71 8.71 10.72 10.72 8.72 7.27 7.27 7.90 7.95 7.33 7.33 7.33 7.26 7.26 7.26 7.26 7.25 8.01 8.01 8.01
8.39 8.39 8.39 8.39 8.36 8.36 8.36 8.36 8.53 8.53 8.53 9.67 8.45 8.45 8.45 8.45 8.46 8.46 8.46 8.46 8.50 10.64 8.50 8.50 8.76 8.76 8.76 8.76 8.70 9.94 9.94 8.70 8.63 9.85 8.63 9.85 8.61 8.61 8.61 8.61 8.67 8.67 8.67 8.67 8.78 8.78 8.78 8.78 8.87 8.87 8.87 8.87 8.82 8.82 8.82 8.82 8.52 8.52 8.52 8.52 8.58 8.58 8.58 8.58 8.71 8.71 10.72 14.15 7.27 7.27 7.27 7.27 7.33 7.33 7.33 7.33 7.26 7.26 7.26 7.26 7.25 7.25 8.01 8.01
8.39 9.50 8.39 8.39 8.36 8.36 8.36 8.36 8.53 8.53 9.69 9.67 8.45 8.45 8.45 8.45 10.59 8.46 8.46 8.46 8.50 8.50 9.63 8.50 10.00 8.76 8.76 8.76 8.70 9.92 8.70 8.70 8.63 8.63 8.63 8.63 8.61 8.61 8.61 8.61 8.67 8.67 8.67 8.67 8.78 8.78 8.78 8.78 8.87 8.87 8.87 8.87 10.07 10.08 8.82 8.82 8.52 8.52 8.52 8.52 8.58 8.58 8.58 8.58 8.71 8.71 8.71 8.71 7.27 7.27 7.27 7.27 7.33 7.33 7.33 7.33 7.26 7.26 7.26 7.26 7.25 7.25 8.01 8.01
8.33 8.33 8.33 8.33 8.34 8.34 9.46 8.34 8.53 8.53 8.53 8.53 8.45 8.45 8.45 8.45 9.59 8.44 8.44 8.44 8.45 8.45 8.45 11.22 8.72 8.72 8.72 8.72 8.64 9.86 8.64 8.64 8.60 10.31 8.60 8.60 9.85 8.63 8.63 8.63 8.76 8.76 8.76 8.76 8.84 8.84 8.84 8.84 8.88 8.88 8.88 8.88 8.81 8.81 8.81 8.81 8.52 8.52 8.52 8.52 8.64 8.64 8.64 8.64 8.75 8.75 8.75 8.75 7.30 7.91 7.30 7.30 7.35 7.35 7.35 7.35 7.28 8.16 7.28 7.28 7.25 7.25 7.25 8.01
8.33 8.33 8.33 8.33 8.34 8.34 8.34 10.64 10.68 8.53 8.53 8.53 9.59 8.45 8.45 8.45 8.44 8.44 9.58 8.44 8.45 8.45 8.45 9.59 9.96 8.72 8.72 8.72 8.64 8.64 8.64 8.64 8.60 8.60 9.75 8.60 8.63 8.63 8.63 8.63 8.76 8.76 8.76 8.76 8.84 8.84 8.84 8.84 8.88 8.88 8.88 8.88 8.81 8.81 8.81 10.02 8.52 8.52 8.52 8.52 8.64 8.64 8.64 9.89 8.75 8.75 8.75 7.92 7.30 8.18 7.91 7.93 8.36 9.44 7.35 7.35 7.28 7.28 7.28 7.28 7.25 7.25 7.25 8.01
9.45 8.33 8.33 8.33 8.34 8.34 8.34 8.34 8.53 8.53 8.53 8.53 8.45 8.45 8.45 8.45 9.58 8.44 8.44 8.44 8.45 8.45 8.45 8.45 8.72 9.96 9.96 8.72 8.64 8.64 8.64 8.64 8.60 8.60 8.60 8.60 8.63 8.63 8.63 8.63 8.76 8.76 8.76 8.76 8.84 8.84 8.84 8.84 8.88 8.88 8.88 11.89 8.81 8.81 10.07 8.81 8.52 8.52 8.52 8.52 8.64 8.64 8.64 8.64 8.75 8.75 8.75 7.30 7.30 7.30 7.30 7.30 7.35 7.35 7.98 8.62 7.90 7.28 7.28 7.28 7.25 7.25 7.25 8.01
8.33 8.33 8.33 9.42 8.34 8.34 8.34 8.34 8.53 8.53 8.53 8.53 8.45 8.45 8.45 8.45 8.44 8.44 9.57 8.44 8.45 8.45 9.58 8.45 8.72 8.72 8.72 9.94 8.64 8.64 8.64 8.64 8.60 8.60 8.60 8.60 8.63 8.63 8.63 8.63 8.76 8.76 8.76 8.76 8.84 8.84 8.84 8.84 8.88 8.88 8.88 8.88 8.81 10.05 8.81 8.81 10.77 8.52 8.52 8.52 8.64 8.64 8.64 8.64 8.75 8.75 8.75 7.30 7.30 7.30 8.18 7.30 7.35 7.97 7.35 7.97 7.28 7.90 7.28 7.90 7.25 7.87 7.25 7.25
8.27 8.27 8.27 8.27 8.28 8.28 8.28 8.28 8.49 8.49 8.49 8.49 8.44 8.44 8.44 9.33 8.41 8.41 8.41 9.55 8.41 8.41 9.55 8.41 9.93 8.69 9.93 8.69 9.78 8.63 8.63 8.63 8.61 8.61 8.61 8.61 8.77 8.77 8.77 8.77 8.89 8.89 8.89 8.89 8.92 8.92 8.92 8.92 8.90 8.90 8.90 8.90 8.77 8.77 8.77 8.77 8.54 8.54 8.54 8.54 8.70 8.70 9.71 8.70 8.77 8.77 8.77 8.38 7.90 7.28 8.17 7.28 7.33 7.33 7.33 7.33 7.27 7.89 7.89 7.27 7.23 7.23 7.23 10.19
8.27 9.36 8.27 8.27 8.28 8.28 8.28 8.28 8.49 8.49 8.49 9.64 9.58 8.44 8.44 8.44 8.41 8.41 8.41 9.55 8.41 8.41 8.41 9.55 8.69 8.69 8.69 8.69 8.63 8.63 8.63 8.63 8.61 8.61 8.61 8.61 8.77 8.77 8.77 8.77 8.89 8.89 8.89 8.89 8.92 8.92 8.92 8.92 8.90 8.90 10.74 8.90 8.77 8.77 8.77 8.77 8.54 8.54 8.54 8.54 8.70 8.70 8.70 8.70 8.77 10.05 7.32 7.32 7.28 7.28 8.34 7.28 7.33 7.33 7.33 7.33 7.27 7.27 7.89 7.27 7.23 7.23 7.23 7.85
8.27 8.27 8.27 8.27 9.37 8.28 8.28 8.28 8.49 8.49 8.49 8.49 8.44 11.08 8.44 8.44 8.41 8.41 8.41 8.41 8.41 8.41 8.41 8.41 10.88 8.69 8.69 8.69 9.78 8.63 8.63 8.63 8.61 8.61 8.61 8.61 9.98 10.02 8.77 8.77 10.13 8.89 8.89 8.89 8.92 8.92 8.92 10.20 11.25 10.18 10.18 8.90 8.77 8.77 8.77 8.77 8.54 8.54 8.54 8.54 8.70 8.70 8.70 8.70 8.77 8.77 8.39 7.32 7.28 7.28 7.28 7.28 7.33 8.21 7.33 7.33 7.27 7.27 7.27 7.27 7.23 7.23 7.23 7.23
8.27 8.27 8.27 8.27 8.28 8.28 8.28 8.28 8.49 8.49 8.49 8.49 8.44 9.57 8.44 9.33 8.41 8.41 8.41 8.41 8.41 9.29 8.41 8.41 8.69 8.69 8.69 8.69 9.78 8.63 9.59 8.63 8.61 9.86 8.61 8.61 8.77 8.77 8.77 8.77 8.89 8.89 8.89 8.89 8.92 8.92 8.92 8.92 8.90 8.90 8.90 8.90 8.77 8.77 8.77 8.77 8.54 8.54 8.54 8.54 8.70 8.70 8.70 8.70 9.81 7.32 7.32 7.32 7.28 7.28 7.28 7.28 7.95 7.33 7.33 7.94 7.27 7.27 7.27 7.27 7.23 7.23 7.23 7.23
8.21 8.21 8.21 8.21 8.19 8.19 8.19 8.19 8.43 9.57 8.43 9.57 8.41 8.41 8.41 8.41 8.38 8.38 8.38 8.38 8.37 9.50 8.37 8.37 8.66 9.89 8.66 8.66 8.62 8.62 9.62 9.26 8.70 8.70 8.70 8.70 8.83 8.83 8.83 8.83 8.93 8.93 8.93 8.93 10.22 8.94 10.22 8.94 10.09 8.83 8.83 8.83 8.71 8.71 8.71 8.71 8.62 8.62 8.62 8.62 8.76 9.79 8.76 8.76 9.77 7.30 7.92 7.30 7.22 7.22 7.22 7.22 7.29 7.29 7.91 7.29 7.26 7.26 7.26 7.26 7.22 7.22 7.22 7.22
8.21 8.21 8.21 8.21 8.19 8.19 8.19 10.41 8.43 8.43 8.43 8.43 8.41 8.41 8.41 8.41 8.38 8.38 9.51 8.55 9.50 8.37 8.37 8.37 8.66 8.66 8.66 8.66 8.62 8.62 10.56 8.62 8.70 8.70 8.70 8.70 8.83 8.83 8.83 8.83 8.93 8.93 10.21 10.57 8.94 8.94 8.94 8.94 8.83 8.83 8.83 8.83 8.71 8.71 9.94 8.71 8.62 8.62 8.62 8.62 8.76 8.76 8.76 8.76 8.75 9.52 7.30 7.30 7.22 7.22 7.22 7.22 7.29 7.29 8.00 7.91 7.26 7.88 7.88 8.38 7.83 7.22 7.22 7.22
9.48 9.48 9.48 9.48 9.47 10.83 9.47 10.83 9.84 9.84 9.84 11.28 11.25 9.82 11.25 12.10 9.78 11.17 9.99 9.99 12.10 11.20 9.77 9.77 10.08 10.08 10.84 10.08 10.04 10.04 10.71 11.86 10.12 10.12 10.12 10.12 13.56 10.26 10.26 11.77 11.57 10.09 10.09 10.09 10.09 10.09 10.09 10.09 9.98 9.98 9.98 9.98 9.85 9.85 9.85 9.85 9.69 9.69 9.69 9.69 9.85 9.85 12.26 11.00 8.29 8.29 7.81 8.29 8.21 8.21 7.72 8.21 8.00 8.00 8.00 8.00 7.96 7.96 7.96 7.96 7.92 8.57 7.92 7.92
9.48 9.48 9.48 9.48 9.47 9.47 9.47 9.47 9.84 9.84 9.84 9.84 9.82 9.82 9.82 10.54 11.17 12.58 12.51 9.99 11.26 9.77 9.77 9.77 12.10 12.04 13.07 12.94 10.28 10.04 11.53 10.04 10.12 10.12 10.12 11.61 10.26 10.26 10.26 10.26 10.09 10.09 10.09 10.09 10.09 10.09 11.58 10.09 9.98 9.98 9.98 9.98 9.85 11.30 9.85 9.85 9.69 9.69 9.69 10.38 11.27 11.28 11.28 9.85 8.29 8.29 8.29 8.29 8.21 8.57 8.21 8.21 8.00 8.00 8.00 8.00 7.96 7.96 7.96 7.96 7.92 7.92 7.92 8.96
9.46 9.46 9.46 9.46 9.44 9.44 9.44 9.44 9.81 9.81 9.81 9.81 9.79 11.19 11.47 9.79 11.15 12.17 11.78 11.93 9.99 9.77 11.16 10.25 10.11 12.96 12.41 12.41 11.75 10.68 10.32 10.12 10.17 10.17 10.17 10.17 10.27 10.27 10.27 10.27 10.08 11.56 10.08 10.08 10.04 10.04 10.04 10.04 9.89 9.89 9.89 9.89 9.89 9.89 9.89 9.89 9.78 9.78 11.17 9.78 9.83 9.83 9.83 9.83 8.24 8.24 8.24 8.24 8.16 8.16 9.28 9.28 7.99 7.99 7.99 7.99 7.95 7.95 7.95 7.95 8.52 7.86 7.86 7.86
9.46 9.46 9.46 9.46 9.44 9.44 9.44 9.44 9.81 9.81 9.81 9.81 11.19 11.19 10.00 10.00 9.86 12.76 12.07 11.36 11.93 12.50 12.19 9.77 13.09 13.01 12.41 12.41 11.75 10.81 11.89 11.92 10.17 10.17 10.17 10.17 10.27 10.27 10.27 11.78 10.08 10.08 10.08 10.08 10.04 10.04 10.04 10.04 11.32 11.32 9.89 9.89 9.89 9.89 9.89 9.89 9.78 9.78 9.78 9.78 9.83 9.83 9.83 7.98 7.75 8.24 9.37 8.24 8.16 8.16 9.28 9.28 7.99 7.99 7.99 7.99 7.95 7.95 7.95 7.95 8.52 7.86 7.86 7.86
9.46 9.46 10.75 9.46 9.44 9.44 9.44 9.44 9.81 9.81 9.81 9.81 10.00 10.64 15.14 11.97 11.97 12.12 11.51 12.56 12.57 12.57 12.22 12.57 12.41 12.41 12.41 12.41 13.10 11.89 11.78 11.76 11.71 10.17 10.17 10.17 10.27 10.27 10.27 10.27 10.08 10.08 10.08 10.08 10.04 10.04 11.51 10.04 9.89 11.33 11.33 9.89 9.89 9.89 9.89 9.89 9.78 9.78 9.78 9.78 9.83 9.83 9.83 10.15 8.24 8.24 8.24 8.24 8.16 8.16 9.28 9.28 7.99 7.99 7.99 7.99 7.95 7.95 7.95 7.95 7.86 7.86 7.86 7.86
9.46 9.46 9.46 9.46 9.44 9.44 9.44 9.44 9.81 9.81 9.81 13.62 11.07 11.15 11.97 11.97 12.86 3.52 11.93 12.56 12.57 12.22 12.22 12.57 12.41 12.41 12.41 12.41 12.41 12.58 12.06 11.92 10.17 10.17 10.17 10.17 10.27 10.27 10.27 10.27 10.08 10.08 10.08 10.08 10.04 10.04 10.04 10.04 9.89 9.89 9.89 9.89 9.89 9.89 9.89 9.89 9.78 9.78 9.78 9.78 9.83 9.83 11.56 8.29 8.24 8.24 7.75 8.24 8.16 9.28 10.05 9.28 9.05 7.99 7.99 7.99 7.95 7.95 7.95 7.95 7.86 7.86 7.86 7.86
9.48 9.48 9.48 9.48 9.47 9.47 10.76 13.06 9.82 9.82 9.82 10.01 9.99 11.15 11.78 11.93 15.73 7.32 11.93 11.78 12.61 12.54 12.54 11.78 12.41 12.41 12.41 11.88 10.95 13.60 12.87 11.72 10.22 10.22 10.22 10.22 10.29 10.29 10.29 10.29 10.02 10.02 10.02 10.02 9.91 11.36 9.91 9.91 11.31 9.88 9.88 9.88 10.00 10.00 10.00 10.00 9.79 9.79 9.79 9.79 12.40 11.17 8.22 8.22 8.17 8.17 8.17 8.17 8.53 5.09 9.28 9.28 8.00 8.66 8.00 8.00 8.99 7.94 7.94 7.94 7.81 7.81 7.81 8.92
10.77 9.48 9.48 9.48 9.47 9.47 9.47 9.47 11.23 11.23 9.82 9.82 9.99 11.15 11.78 11.93 15.58 9.22 12.39 12.58 12.54 11.78 11.78 11.78 12.41 12.41 11.88 13.44 13.44 12.87 12.87 10.18 10.22 10.22 10.22 10.22 10.29 10.29 10.29 10.29 11.55 10.02 10.02 11.49 11.35 9.91 9.91 9.91 9.88 9.88 9.88 9.88 10.00 10.00 10.00 10.00 9.79 9.79 11.21 13.44 11.17 9.75 8.22 8.22 8.17 8.17 8.17 8.17 8.17 8.17 8.17 7.67 8.00 8.00 8.00 8.00 7.94 8.89 8.60 7.94 7.81 8.45 7.81 7.81
9.48 9.48 9.48 9.48 9.47 10.76 9.47 10.76 11.23 9.82 14.02 12.54 13.08 11.97 11.97 12.07 14.70 12.72 12.58 12.58 12.54 12.54 12.61 11.22 11.88 15.92 11.88 13.44 12.87 13.60 12.76 10.18 10.22 11.78 10.22 10.22 10.29 10.29 10.29 11.88 11.49 10.02 10.02 10.02 9.91 9.91 9.91 9.91 9.88 9.88 9.88 9.88 10.00 10.00 10.00 10.00 11.27 9.79 9.79 9.79 9.75 9.75 8.22 8.22 8.17 8.17 8.17 8.17 8.17 8.17 8.17 8.17 8.00 8.00 8.00 8.00 7.94 8.60 8.60 7.94 7.81 7.81 7.81 7.81
10.64 8.98 8.98 9.48 9.47 10.84 9.47 11.81 10.51 12.26 13.44 12.54 11.97 12.61 11.97 12.88 15.17 12.12 12.58 10.42 14.38 12.26 13.84 11.22 11.88 15.39 11.88 12.75 12.76 12.76 10.18 10.18 10.22 10.22 10.22 10.22 10.29 10.29 12.04 11.88 10.02 11.49 10.02 10.02 9.91 9.91 9.91 9.91 9.88 9.88 9.88 9.88 10.00 10.00 10.00 10.00 9.79 9.79 9.79 9.79 9.75 8.22 8.22 8.22 8.17 8.17 8.17 8.17 8.17 8.30 7.68 8.17 8.00 8.00 8.00 8.00 7.94 7.94 7.94 7.94 8.45 7.81 7.81 7.81
10.12 8.98 8.98 8.98 10.13 10.13 9.48 9.48 9.83 11.25 12.28 12.55 11.97 12.12 10.90 14.55 12.12 11.78 11.78 13.09 13.10 12.31 13.00 11.22 15.39 15.39 11.88 13.17 14.21 14.17 10.21 10.21 10.22 10.22 10.22 10.22 14.18 11.78 11.78 11.99 11.33 9.90 9.90 9.90 12.93 12.70 10.06 9.86 9.92 11.37 9.92 9.92 11.40 9.95 9.95 9.95 9.67 9.67 9.67 9.67 9.64 8.11 8.11 8.11 8.11 8.11 8.11 8.11 8.81 8.14 8.14 8.14 8.65 8.65 7.98 7.98 7.90 7.90 7.90 7.90 7.77 7.77 7.77 7.77
8.98 8.98 8.98 8.98 8.99 8.99 8.99 8.99 10.59 9.34 11.25 12.28 12.53 11.93 11.48 14.70 11.97 11.78 11.78 11.97 12.31 12.31 12.31 13.00 15.39 11.88 12.58 13.17 13.18 13.04 10.72 10.37 12.94 10.22 10.22 10.22 11.78 11.78 13.17 11.99 11.33 11.33 12.37 12.42 11.89 11.89 10.06 9.86 9.92 9.92 9.92 9.92 9.95 9.95 9.95 9.95 9.67 9.67 9.67 9.67 8.78 8.11 8.11 8.78 8.11 8.11 8.11 8.11 8.14 8.14 8.14 8.14 7.98 7.98 7.98 7.98 7.90 7.90 7.90 7.90 7.77 7.77 8.42 7.77
8.98 8.98 8.98 8.98 8.99 8.99 10.13 8.99 10.59 9.34 9.34 11.66 11.96 11.21 11.19 14.55 11.78 11.78 11.78 11.97 12.42 12.31 12.56 11.97 16.09 12.03 13.32 13.99 12.80 13.04 13.04 12.92 12.94 12.94 12.82 11.32 11.99 10.73 11.99 11.99 11.33 12.64 13.55 11.89 11.89 12.62 10.06 9.86 9.92 9.92 9.92 9.92 9.95 9.95 9.95 9.95 9.67 9.67 9.67 11.08 8.11 8.78 8.11 8.05 8.11 8.11 8.78 5.62 5.09 8.14 8.14 8.14 7.98 7.98 7.98 8.63 7.90 7.90 7.90 7.90 7.77 7.77 7.77 7.77
9.37 11.15 8.98 8.98 10.13 8.99 8.99 8.99 9.34 10.59 11.36 11.92 12.81 11.21 10.62 13.99 11.21 11.78 11.78 11.97 11.97 11.78 11.97 15.95 16.06 12.41 13.18 12.41 13.94 13.04 13.04 13.18 13.19 13.05 12.82 13.56 13.05 13.05 14.00 13.05 12.46 11.89 11.89 12.64 12.62 12.62 9.86 9.86 11.35 12.55 13.63 11.35 9.95 9.95 9.95 9.95 9.67 9.67 9.67 9.67 8.11 8.11 8.11 5.09 5.09 5.09 5.09 5.09 5.09 5.09 5.09 5.09 4.80 4.80 4.80 7.98 7.90 7.90 7.90 7.90 8.42 7.77 7.77 7.77
11.12 11.12 11.12 8.96 8.98 8.98 8.98 8.98 10.55 9.35 11.68 11.68 11.92 11.21 11.12 14.78 11.36 11.06 11.06 11.06 11.14 11.97 14.51 15.91 12.73 13.02 13.97 13.02 12.76 12.76 13.61 13.00 13.14 13.01 13.01 12.41 12.99 12.99 12.99 12.41 11.89 11.89 11.89 12.62 12.37 12.32 9.86 12.10 9.84 9.84 9.84 9.84 9.83 9.83 9.83 10.34 9.57 9.57 9.57 8.06 8.74 8.08 8.08 5.09 5.09 5.09 5.09 5.09 5.09 5.09 5.09 5.09 9.02 9.02 9.02 7.97 8.53 7.87 7.87 8.00 8.16 8.16 7.81 7.81
11.12 11.12 11.12 11.12 11.15 11.94 11.14 11.15 11.72 11.68 11.72 11.68 11.92 11.06 11.65 7.30 11.12 11.21 11.06 11.06 11.06 12.16 14.65 11.06 12.58 12.41 13.02 13.02 13.01 13.01 12.41 12.58 12.58 12.41 12.58 12.58 12.41 12.99 12.99 12.41 11.89 12.62 12.62 12.70 14.28 13.07 13.71 12.62 12.60 12.60 12.60 12.60 12.74 12.19 12.59 13.01 9.57 9.57 9.57 8.06 8.78 8.08 8.22 5.24 5.09 5.09 5.09 9.22 9.25 5.58 8.12 8.14 8.33 9.02 7.97 7.97 7.87 7.87 7.87 7.87 7.81 8.83 8.83 8.83
12.39 12.39 12.39 12.39 12.43 12.43 12.43 12.43 12.79 12.79 12.79 13.06 13.22 12.05 12.34 12.78 14.90 12.16 13.06 13.06 12.02 12.19 13.22 16.58 12.74 12.74 12.60 13.28 14.21 13.78 13.78 13.93 13.78 13.78 13.78 13.93 13.93 13.78 14.18 13.78 13.70 13.93 13.70 13.70 14.76 13.69 13.69 13.33 13.33 14.16 13.33 13.33 13.28 13.76 13.33 14.40 12.95 9.85 9.85 8.31 8.33 8.33 8.33 9.46 5.33 9.54 8.37 8.37 5.33 9.32 5.52 5.33 7.79 7.79 7.79 7.79 7.69 7.69 7.69 7.69 7.63 7.63 7.63 7.63
12.39 12.39 12.50 12.39 12.43 13.75 13.37 12.43 12.79 13.06 13.06 13.06 13.04 12.05 12.05 12.16 15.72 16.86 12.93 18.12 12.02 12.19 12.92 13.05 16.25 12.74 13.89 12.60 12.60 12.60 12.60 13.93 13.93 13.93 13.78 13.78 13.78 13.78 13.78 13.93 13.33 14.58 13.33 13.70 13.69 13.69 13.69 13.69 13.47 13.47 13.33 13.33 13.47 13.62 14.14 14.40 12.69 10.50 7.82 8.31 8.33 8.80 8.33 8.33 9.31 8.37 8.37 8.83 9.32 8.39 8.39 8.39 7.79 7.79 7.79 7.79 8.34 7.69 7.69 7.69 7.63 7.63 7.63 7.63
