New_Model_Runs/9_Future_Present_Scn2_out/post_prcessed_with_MFR/Monthly_summaries/net_infiltration_monthly_MAY.asc
NCOLS 700
NROWS 400
XLLCENTER 515000.000000
YLLCENTER 8409000.000000
CELLSIZE 50.000000
NODATA_value -999.000000
[rows 259 to 295 of 400, columns 252 to 335 of 700]
15.78 15.78 9.01 9.13 9.58 10.08 2.83 9.83 2.68 9.09 9.95 9.81 9.38 12.57 12.57 12.57 13.56 10.08 13.15 6.54 9.34 10.57 9.60 9.75 9.58 9.58 9.58 9.06 14.11 7.42 11.05 11.05 5.95 5.55 10.90 6.99 2.24 6.48 8.25 8.25 8.41 8.56 8.72 2.70 2.71 2.71 6.34 6.34 10.53 9.01 2.41 2.56 2.56 6.04 8.03 8.03 8.03 8.03 8.03 8.03 8.03 8.03 8.03 8.03 11.66 2.09 2.09 2.09 2.19 8.35 0.00 0.00 0.00 0.00 0.00 0.00 0.00 0.00 0.00 0.00 0.00 0.00 0.00 0.00
15.93 9.01 8.34 9.13 9.58 8.94 9.09 2.68 9.09 9.09 9.91 9.76 9.77 9.93 9.50 9.09 13.56 9.93 8.94 12.57 3.17 9.32 9.57 9.57 9.54 9.54 9.54 9.54 13.17 11.38 7.76 7.76 7.76 7.27 7.27 11.63 5.86 6.10 11.88 2.48 8.25 8.41 8.41 2.70 9.16 6.34 2.56 2.56 2.81 9.37 9.16 2.71 8.48 8.61 12.08 8.03 8.03 8.03 8.03 8.03 8.03 2.24 2.39 2.56 11.66 2.09 2.24 2.24 2.19 2.19 0.00 0.00 0.00 0.00 0.00 0.00 0.00 0.00 0.00 0.00 0.00 0.00 0.00 0.00
16.09 9.28 9.13 8.34 9.35 8.94 8.94 9.58 9.89 2.98 3.58 10.33 8.94 9.53 9.09 12.57 13.51 9.69 12.57 13.32 9.32 9.32 9.57 9.57 9.54 9.54 9.54 9.54 13.17 11.38 7.76 7.76 7.76 7.27 11.95 11.63 12.20 11.88 8.41 6.26 11.88 8.25 2.62 8.72 6.04 2.41 9.52 9.37 9.37 9.37 9.37 10.25 10.21 2.56 5.89 2.24 8.18 8.03 8.03 11.66 11.66 6.34 12.27 6.02 5.72 5.87 2.39 2.39 2.19 2.19 2.19 0.00 0.00 0.00 0.00 0.00 0.00 0.00 0.00 0.00 0.00 0.00 0.00 0.00
15.93 9.28 8.34 8.14 8.94 8.94 8.94 2.38 2.38 8.94 10.18 9.58 2.38 9.77 9.72 12.57 9.69 13.32 13.77 10.93 9.32 9.32 9.32 9.57 9.54 9.54 9.54 9.54 13.17 6.00 11.20 6.00 11.20 11.95 8.33 2.15 8.25 11.88 8.41 8.41 8.25 12.20 12.35 6.55 2.92 2.41 2.56 2.56 9.37 8.57 8.72 8.34 2.41 6.04 5.87 2.39 8.49 8.34 11.51 11.66 8.34 2.54 2.71 2.56 2.09 6.32 2.85 2.24 2.19 2.43 2.19 0.00 0.00 0.00 0.00 0.00 0.00 0.00 0.00 0.00 0.00 0.00 8.35 8.35
9.32 9.16 8.50 10.56 8.94 8.94 8.94 8.94 9.79 9.79 9.76 9.68 9.53 9.88 9.24 13.35 13.32 13.32 9.88 10.93 9.32 9.32 9.32 9.57 9.54 9.54 9.54 9.54 6.77 2.53 7.72 7.76 2.63 2.30 2.15 2.15 2.48 11.88 8.25 2.48 2.54 8.41 2.41 6.19 2.77 8.72 9.31 8.87 8.72 8.72 8.87 2.69 2.41 12.08 8.34 2.54 2.70 12.12 8.18 8.03 8.34 2.39 8.18 8.03 2.09 5.87 6.78 2.70 2.19 2.19 2.19 2.19 0.00 0.00 0.00 0.00 0.00 0.00 0.00 0.00 8.35 9.80 2.19 2.19
9.32 8.65 9.12 10.71 9.93 9.58 8.94 9.58 9.58 9.53 9.91 9.78 9.76 10.84 6.61 12.57 6.50 3.28 9.67 9.67 9.31 8.94 9.31 9.31 9.53 9.53 9.53 10.48 5.72 7.11 2.38 2.55 2.48 9.26 8.49 8.49 8.72 12.35 12.90 8.72 2.62 8.87 9.03 6.40 8.87 9.72 7.75 8.87 8.72 8.72 8.57 8.72 5.72 11.81 8.18 2.86 3.30 8.49 8.18 2.39 6.02 8.18 8.03 8.39 11.66 5.87 2.86 8.49 2.19 8.35 0.00 2.19 2.19 0.00 0.00 0.00 0.00 0.00 0.00 8.35 2.19 2.19 2.19 8.35
8.97 9.12 10.54 10.54 9.74 9.58 9.58 9.58 9.58 9.93 9.53 9.78 9.93 2.53 6.46 8.94 12.57 8.94 9.67 9.82 9.46 2.81 2.81 2.81 9.53 8.83 9.68 8.68 5.73 10.90 8.15 8.90 8.74 8.49 8.79 8.49 12.35 12.35 6.24 12.35 12.35 12.35 12.90 12.35 13.08 9.11 9.11 8.72 8.57 8.57 8.72 9.02 12.12 8.03 8.18 2.70 2.85 2.54 7.88 8.49 6.17 8.03 11.66 11.66 11.66 8.03 8.03 8.03 2.19 0.00 0.00 0.00 2.19 2.19 0.00 0.00 0.00 9.80 2.19 2.19 2.19 8.35 8.35 0.00
8.50 8.24 10.39 10.54 9.80 9.58 9.58 9.58 9.84 9.78 2.38 8.94 8.94 9.09 12.87 8.94 12.72 9.35 9.35 9.82 10.86 2.26 8.40 8.40 10.90 10.77 10.62 5.73 10.62 6.18 6.18 5.77 6.03 11.78 12.57 12.11 2.92 12.65 8.72 8.72 8.72 8.72 8.72 2.62 13.08 9.46 8.96 8.06 8.57 9.49 9.64 8.87 8.34 6.04 8.34 8.18 2.24 7.12 8.49 12.42 6.19 11.81 11.81 8.03 8.03 8.03 8.03 8.03 2.19 0.00 0.00 0.00 0.00 2.19 2.19 8.35 8.35 2.19 2.19 2.19 8.35 0.00 0.00 0.00
8.24 10.39 10.16 10.39 9.80 9.58 9.58 9.58 9.58 9.58 8.94 9.35 12.57 13.98 12.72 13.10 12.72 8.94 8.94 9.09 8.91 2.11 8.03 8.40 12.03 2.10 2.10 6.99 6.18 2.55 8.00 8.67 8.00 9.26 8.94 8.49 8.87 6.55 2.62 8.72 8.72 8.72 8.72 2.62 6.04 9.46 8.65 9.57 9.56 8.48 8.48 8.90 8.03 6.04 2.39 8.34 2.09 8.03 8.18 11.81 11.66 11.81 8.18 8.03 8.18 8.18 8.03 8.03 2.19 0.00 0.00 0.00 0.00 8.35 2.19 2.19 2.19 2.19 8.35 0.00 0.00 0.00 0.00 0.00
8.04 10.37 10.51 9.87 9.58 9.58 9.58 9.58 10.08 9.74 8.94 12.57 13.56 10.08 10.54 14.16 6.31 12.57 9.35 9.24 8.33 2.11 2.26 2.26 2.11 2.10 1.93 2.40 6.03 8.00 8.65 8.65 3.32 2.85 8.79 8.79 8.72 8.72 2.62 8.72 8.72 2.62 8.72 6.24 11.88 12.10 8.62 9.10 8.44 8.44 8.44 8.46 8.03 8.03 11.81 2.09 8.03 11.66 5.72 2.09 2.09 8.18 11.81 8.03 8.18 8.03 8.03 2.09 8.35 0.00 0.00 0.00 8.35 2.19 2.19 2.19 8.35 8.35 0.00 0.00 0.00 0.00 0.00 0.00
10.65 10.56 10.86 10.90 9.93 9.93 11.10 13.13 11.70 13.51 11.56 13.21 9.99 10.08 10.69 10.38 8.94 9.09 9.24 9.74 8.77 8.95 3.87 8.40 8.03 2.41 8.00 8.00 6.03 8.00 8.90 8.65 2.70 8.64 2.85 6.48 2.62 8.72 8.72 8.72 2.62 6.10 6.10 6.10 5.86 3.15 9.10 8.95 8.93 8.44 8.44 8.93 8.03 8.03 11.66 5.72 5.72 2.09 2.09 2.09 2.09 2.24 2.24 8.03 8.03 8.03 8.03 2.09 8.35 0.00 8.35 2.19 2.19 2.19 7.32 8.35 8.35 0.00 0.00 0.00 0.00 0.00 0.00 0.00
10.65 10.56 10.56 10.56 11.65 11.25 12.06 8.59 8.59 8.94 9.47 9.95 9.39 9.50 9.80 2.53 11.52 11.08 9.39 10.04 8.77 8.03 8.40 8.40 8.45 8.03 8.00 2.40 11.63 8.33 8.90 8.00 8.49 8.49 8.49 12.11 8.72 8.72 8.72 2.62 6.10 6.10 5.86 11.88 9.49 8.78 9.25 9.80 8.21 8.44 8.94 8.93 9.22 8.03 11.66 5.72 2.09 2.09 2.09 2.41 8.03 2.09 2.09 8.03 8.03 2.09 2.09 8.03 8.35 8.35 2.19 2.19 2.19 8.35 0.00 0.00 8.51 8.51 0.00 0.00 0.00 0.00 0.00 0.00
10.32 10.56 10.56 8.14 11.65 8.44 8.44 8.44 7.62 8.94 9.50 2.99 9.95 9.35 8.94 8.94 9.65 9.65 9.65 9.80 8.73 8.03 8.18 8.55 8.03 7.31 2.65 5.87 8.00 8.33 8.00 8.49 8.49 2.55 8.49 6.17 6.24 6.24 11.88 6.10 6.10 11.88 7.45 8.25 9.56 8.47 2.85 8.72 8.72 9.49 8.44 8.93 12.85 5.72 2.24 2.09 2.09 8.03 8.03 2.09 2.09 8.03 8.03 2.09 2.09 8.03 8.03 8.03 2.19 2.19 2.19 8.35 0.00 0.00 0.00 0.00 0.00 0.00 0.00 0.00 0.00 0.00 0.00 0.00
10.10 10.36 12.51 12.13 8.44 8.44 8.44 8.44 9.58 9.09 2.38 2.53 2.38 2.38 9.09 10.27 9.72 9.24 9.62 9.62 7.03 8.40 8.55 2.41 8.92 7.46 2.30 6.03 2.24 8.75 2.40 8.00 9.11 2.33 9.44 12.41 6.24 2.48 8.41 8.41 8.25 8.94 9.49 9.49 9.64 8.72 8.57 8.57 8.57 8.57 13.12 13.12 6.97 2.24 2.39 2.24 8.03 8.03 2.09 2.09 2.09 8.03 2.09 2.09 8.03 8.03 2.09 2.09 2.43 8.35 2.19 0.00 0.00 0.00 0.00 0.00 0.00 0.00 0.00 0.00 0.00 0.00 0.00 0.00
10.36 12.51 12.59 8.97 8.59 8.59 8.44 9.58 9.58 9.24 9.24 9.90 8.94 9.39 9.24 9.89 9.24 9.62 3.28 8.92 9.38 8.55 8.70 8.40 9.73 8.48 8.33 13.20 9.57 8.00 8.00 8.90 9.11 2.33 9.44 9.44 12.90 8.92 8.72 8.41 2.85 8.90 8.46 8.46 8.61 8.72 8.57 2.54 12.50 11.08 8.57 8.87 6.17 2.09 2.09 2.09 8.03 8.03 2.09 8.03 2.09 2.09 8.03 8.03 2.09 2.09 2.09 8.03 8.35 0.00 0.00 0.00 0.00 0.00 0.00 0.00 0.00 0.00 0.00 0.00 0.00 0.00 0.00 0.00
8.99 12.32 8.69 8.54 7.60 8.55 9.50 9.68 9.68 8.87 9.40 9.40 8.87 9.02 9.02 8.71 8.71 2.61 10.66 8.31 8.52 8.89 3.27 9.34 8.63 9.00 8.32 12.11 8.45 12.36 7.85 7.85 7.85 8.32 9.25 8.32 12.29 12.12 8.64 7.64 9.12 8.13 8.13 8.13 8.51 9.12 7.93 6.00 11.32 7.54 7.69 6.41 7.22 2.40 7.22 2.40 2.40 8.97 2.40 2.40 8.97 8.97 8.97 2.40 2.40 2.40 8.97 8.97 0.00 0.00 0.00 0.00 0.00 0.00 0.00 0.00 0.00 0.00 0.00 0.00 0.00 0.00 0.00 0.00
12.06 11.66 12.32 11.46 7.45 7.45 9.25 9.10 9.35 8.71 9.25 9.10 9.10 9.10 12.88 12.88 12.34 12.34 13.09 12.09 8.67 8.97 8.49 9.68 9.00 9.15 12.25 6.59 6.59 8.00 8.16 8.76 2.12 7.85 9.25 9.93 8.98 11.86 8.08 8.54 8.13 8.52 8.52 8.53 8.49 12.12 11.16 7.54 7.54 6.10 6.10 6.10 7.22 2.40 2.40 8.97 8.97 2.40 8.97 8.97 8.97 2.40 2.40 2.40 8.97 8.97 8.11 8.82 0.00 0.00 0.00 0.00 0.00 0.00 0.00 0.00 0.00 0.00 0.00 0.00 0.00 0.00 0.00 0.00
11.52 7.74 7.83 10.27 11.87 11.87 12.65 12.95 12.65 12.34 12.49 12.49 12.73 12.88 9.56 9.02 8.87 8.13 8.13 12.06 12.42 11.81 7.64 7.88 12.09 12.40 12.08 10.98 2.42 2.66 7.85 8.00 8.00 7.85 7.85 8.92 8.08 8.08 11.26 9.13 9.12 9.28 8.65 11.96 9.73 6.10 7.54 6.10 6.10 6.10 6.10 6.10 8.37 8.97 8.97 2.40 2.40 8.97 8.97 2.40 2.40 2.40 8.97 8.97 8.10 8.82 8.82 7.22 0.00 0.00 0.00 0.00 0.00 0.00 0.00 0.00 0.00 0.00 0.00 0.00 0.00 0.00 0.00 0.00
12.17 8.12 1.99 9.67 8.55 12.14 13.10 13.92 10.29 8.71 8.87 9.02 12.49 13.13 9.32 9.37 9.70 9.68 8.71 8.71 7.88 7.88 12.36 11.48 11.48 11.78 11.78 5.90 2.12 2.27 2.12 8.00 7.85 7.85 8.16 7.85 8.38 8.23 8.08 11.26 11.41 8.23 10.68 5.70 6.10 6.10 6.10 6.10 6.10 6.10 7.93 2.07 2.40 2.40 2.40 2.40 8.97 2.40 2.40 2.40 8.97 8.97 8.82 8.82 7.22 7.22 7.22 0.00 0.00 0.00 0.00 0.00 0.00 0.00 0.00 0.00 0.00 0.00 0.00 0.00 0.00 0.00 0.00 0.00
12.17 8.54 8.27 8.42 7.85 12.44 8.21 12.18 11.68 8.71 8.71 9.55 9.52 9.37 12.80 3.35 9.84 8.71 8.71 8.71 8.44 8.32 8.92 12.47 7.85 2.36 11.48 5.83 5.83 5.74 5.74 5.74 8.16 8.16 8.16 8.16 2.37 2.37 8.08 8.33 11.41 5.85 7.93 6.90 6.10 6.10 6.10 6.10 7.93 2.07 2.07 7.93 8.97 8.97 8.97 2.40 2.40 2.40 2.40 8.97 8.82 8.82 7.22 0.00 0.00 0.00 0.00 0.00 0.00 0.00 0.00 0.00 0.00 0.00 0.00 0.00 0.00 0.00 0.00 0.00 0.00 0.00 0.00 0.00
7.74 11.37 11.67 8.85 12.33 7.75 10.29 10.59 13.55 9.95 9.35 9.86 9.37 9.85 9.84 12.49 8.71 9.35 9.35 8.71 8.74 9.55 9.25 13.96 11.94 5.98 7.85 2.36 11.94 11.94 11.48 7.85 11.48 11.79 8.16 8.16 8.08 2.07 5.70 11.26 7.64 2.07 7.54 6.10 6.10 6.10 7.93 2.07 2.07 7.93 7.93 7.93 8.97 8.97 2.40 2.40 2.40 8.97 8.82 8.82 8.82 7.22 0.00 0.00 0.00 0.00 0.00 0.00 0.00 0.00 0.00 0.00 0.00 0.00 0.00 0.00 0.00 0.00 0.00 0.00 0.00 0.00 0.00 0.00
5.70 7.74 11.37 12.17 11.68 8.55 10.29 3.83 7.45 8.85 7.45 9.86 9.85 11.08 8.71 2.61 13.90 9.46 9.35 8.71 8.62 9.70 9.25 2.49 8.32 11.94 8.47 2.29 8.92 8.92 9.25 2.49 2.65 6.05 8.16 8.16 11.71 5.85 2.29 7.64 2.07 2.07 2.07 6.10 6.10 7.93 2.07 2.07 7.93 7.93 7.93 7.93 2.40 2.40 2.40 2.40 8.00 7.22 8.37 7.22 7.22 0.00 0.00 0.00 0.00 0.00 0.00 0.00 0.00 0.00 0.00 0.00 0.00 0.00 0.00 0.00 0.00 0.00 0.00 0.00 0.00 0.00 0.00 0.00
5.58 5.70 8.12 8.12 12.65 8.71 8.71 9.35 6.24 2.23 7.45 8.71 7.60 11.23 12.34 12.34 13.08 9.46 9.35 9.10 8.32 2.44 2.49 8.32 11.94 12.10 2.59 2.44 2.29 9.40 9.40 2.29 8.62 2.59 10.68 11.79 12.08 8.87 7.64 7.64 2.07 2.07 2.07 7.93 2.07 2.07 7.93 7.93 7.93 7.93 2.07 2.07 2.40 2.40 8.00 7.22 0.00 0.00 0.00 0.00 0.00 0.00 0.00 0.00 0.00 0.00 0.00 0.00 0.00 0.00 0.00 0.00 0.00 0.00 0.00 0.00 0.00 0.00 0.00 0.00 0.00 0.00 0.00 0.00
6.45 6.00 8.04 7.83 9.68 13.90 12.34 7.45 5.55 11.08 7.45 2.23 7.60 7.60 7.60 8.71 12.34 2.33 8.71 8.60 11.94 6.07 11.94 8.32 6.12 8.32 9.07 2.29 9.07 9.07 8.75 8.32 2.65 6.07 11.63 8.30 2.52 8.33 7.64 7.64 8.21 7.93 7.93 7.93 2.07 2.07 2.07 7.93 7.93 2.07 2.07 2.07 8.97 7.22 0.00 0.00 0.00 0.00 0.00 0.00 0.00 0.00 0.00 0.00 0.00 0.00 0.00 0.00 0.00 0.00 0.00 0.00 0.00 0.00 0.00 0.00 0.00 0.00 0.00 0.00 0.00 0.00 0.00 0.00
8.12 8.12 8.13 7.74 7.54 9.84 12.49 10.89 11.17 11.17 11.08 7.54 7.39 4.16 9.68 9.02 12.34 13.03 12.34 5.98 11.94 8.32 8.32 8.32 11.94 2.49 8.32 8.32 7.78 9.40 9.25 12.87 11.94 7.85 2.51 8.15 8.46 8.33 8.64 7.64 8.21 9.13 7.93 7.93 7.93 2.07 2.07 2.07 2.07 2.07 7.93 7.93 7.22 0.00 0.00 0.00 0.00 0.00 0.00 0.00 0.00 0.00 0.00 0.00 0.00 0.00 0.00 0.00 0.00 0.00 0.00 0.00 0.00 0.00 0.00 0.00 0.00 0.00 0.00 0.00 0.00 0.00 0.00 0.00
8.27 11.90 11.90 11.37 11.08 11.17 11.32 7.54 7.54 7.54 6.30 10.87 7.45 4.16 9.99 9.02 6.85 3.54 2.96 2.51 9.25 8.32 8.32 8.32 8.32 5.97 12.10 8.62 8.47 11.94 5.92 7.85 7.85 7.85 7.85 7.85 7.64 7.64 8.27 7.79 7.93 7.93 7.93 7.93 7.93 2.07 2.07 2.07 7.93 7.93 7.95 0.00 0.00 0.00 0.00 0.00 0.00 0.00 0.00 0.00 0.00 0.00 0.00 0.00 0.00 0.00 0.00 0.00 0.00 0.00 0.00 0.00 0.00 0.00 0.00 0.00 0.00 0.00 0.00 0.00 0.00 0.00 0.00 0.00
8.04 8.04 8.27 12.17 11.08 7.54 7.54 7.54 7.54 4.16 7.54 7.54 11.38 11.68 11.08 12.65 9.32 13.34 9.21 9.37 9.55 8.47 8.32 8.32 8.32 8.32 9.04 6.22 12.10 11.94 7.05 2.12 7.85 7.85 7.85 7.85 2.07 7.93 7.93 7.93 2.07 2.07 7.93 2.07 2.07 2.07 7.93 7.93 7.95 6.10 0.00 0.00 0.00 0.00 0.00 0.00 0.00 0.00 0.00 0.00 0.00 0.00 0.00 0.00 0.00 0.00 0.00 0.00 0.00 0.00 0.00 0.00 0.00 0.00 0.00 0.00 0.00 0.00 0.00 0.00 0.00 0.00 0.00 0.00
8.32 11.37 11.46 7.83 7.54 7.54 7.54 7.54 7.54 8.33 7.54 7.54 11.47 12.48 7.75 2.92 8.71 8.60 12.53 9.37 9.55 9.40 8.92 8.92 8.92 8.32 11.94 11.26 2.29 7.85 8.73 2.27 2.27 7.85 8.16 8.16 7.93 7.93 7.93 2.07 2.07 2.07 2.07 2.07 2.07 7.93 8.08 8.11 0.00 0.00 0.00 0.00 0.00 0.00 0.00 0.00 0.00 0.00 0.00 0.00 0.00 0.00 0.00 0.00 0.00 0.00 0.00 0.00 0.00 0.00 0.00 0.00 0.00 0.00 0.00 0.00 0.00 0.00 0.00 0.00 0.00 0.00 0.00 0.00
11.79 8.17 7.83 7.83 7.54 7.54 7.54 7.54 7.54 7.54 7.54 7.54 7.54 11.93 8.55 7.45 8.71 9.55 9.55 12.38 9.07 8.92 8.92 8.92 12.55 11.94 9.25 2.50 8.32 8.73 8.73 8.32 8.32 8.16 8.16 8.16 7.93 7.93 7.93 2.31 2.07 2.07 2.07 7.93 7.93 7.93 2.22 7.95 0.00 0.00 0.00 0.00 0.00 0.00 0.00 0.00 0.00 0.00 0.00 0.00 0.00 0.00 0.00 0.00 0.00 0.00 0.00 0.00 0.00 0.00 0.00 0.00 0.00 0.00 0.00 0.00 0.00 0.00 0.00 0.00 0.00 0.00 0.00 0.00
8.17 8.17 7.83 7.83 7.54 7.54 7.54 7.54 7.54 7.54 7.54 7.54 7.54 11.17 11.78 8.55 7.97 9.55 9.55 9.70 12.10 6.12 12.55 12.55 11.94 9.40 8.92 2.29 2.65 8.75 8.16 8.16 8.16 8.16 8.16 8.16 7.93 7.93 2.07 2.07 2.07 7.93 7.93 7.93 7.93 12.74 12.11 8.62 7.36 0.00 0.00 0.00 0.00 0.00 0.00 0.00 0.00 0.00 0.00 0.00 0.00 0.00 0.00 0.00 0.00 0.00 0.00 0.00 0.00 0.00 0.00 0.00 0.00 0.00 0.00 0.00 0.00 0.00 0.00 0.00 0.00 0.00 0.00 0.00
7.83 7.83 7.83 7.83 7.54 7.54 7.54 7.54 7.54 7.54 7.54 7.54 7.54 7.54 8.09 7.99 9.55 9.55 9.55 8.90 12.56 11.94 13.09 12.10 13.02 2.90 9.23 8.77 9.85 8.91 8.16 8.16 8.16 8.16 8.16 8.16 7.93 7.93 7.93 6.90 7.93 7.93 7.93 7.93 11.41 7.93 10.15 2.39 7.36 0.00 0.00 0.00 0.00 0.00 0.00 0.00 0.00 0.00 0.00 0.00 0.00 0.00 0.00 0.00 0.00 0.00 0.00 0.00 0.00 0.00 0.00 0.00 0.00 0.00 0.00 0.00 0.00 0.00 0.00 0.00 0.00 0.00 0.00 0.00
7.82 7.82 7.82 7.82 7.59 7.59 7.59 7.89 8.19 7.59 7.59 4.21 7.59 7.59 9.02 12.43 9.59 8.65 8.95 11.41 12.80 9.17 9.37 9.93 9.76 13.22 12.94 13.38 9.72 10.68 8.53 8.10 8.10 8.10 8.10 8.10 7.75 8.08 7.75 8.92 8.92 7.75 5.66 6.17 8.34 8.71 8.14 8.29 7.20 0.00 0.00 0.00 0.00 0.00 0.00 0.00 0.00 0.00 0.00 0.00 0.00 0.00 0.00 0.00 0.00 0.00 0.00 0.00 0.00 0.00 0.00 0.00 0.00 0.00 0.00 0.00 0.00 0.00 0.00 0.00 0.00 0.00 0.00 0.00
7.82 7.82 7.82 7.82 7.59 7.59 7.59 7.80 8.19 7.59 7.59 8.32 7.59 7.59 7.59 12.28 12.28 12.58 5.89 1.99 4.16 9.17 9.32 10.23 9.61 9.31 3.84 7.28 13.35 9.11 9.11 8.10 8.10 8.10 8.10 8.10 7.75 7.75 7.75 7.75 7.75 11.38 5.81 11.82 11.97 11.82 8.29 8.14 7.20 0.00 0.00 0.00 0.00 0.00 0.00 0.00 0.00 0.00 0.00 0.00 0.00 0.00 0.00 0.00 0.00 0.00 0.00 0.00 0.00 0.00 0.00 0.00 0.00 0.00 0.00 0.00 0.00 0.00 0.00 0.00 0.00 0.00 0.00 0.00
7.82 7.82 7.82 7.82 7.59 7.59 7.59 7.59 11.22 7.59 7.59 7.59 7.59 7.59 7.63 11.17 11.32 2.57 2.26 7.63 7.22 8.25 9.17 9.00 8.71 3.23 10.38 10.05 9.87 13.95 13.80 14.20 8.10 8.10 8.10 8.10 7.75 7.75 11.38 11.38 11.38 11.25 12.37 12.83 11.97 12.53 9.02 8.04 7.35 0.00 0.00 0.00 0.00 0.00 0.00 0.00 0.00 0.00 0.00 0.00 0.00 0.00 0.00 0.00 0.00 0.00 0.00 0.00 0.00 0.00 0.00 0.00 0.00 0.00 0.00 0.00 0.00 0.00 0.00 0.00 0.00 0.00 0.00 0.00
7.82 7.82 6.43 7.81 6.31 7.59 6.31 5.43 6.31 11.22 7.59 7.59 7.59 11.22 11.17 11.48 8.64 8.16 7.54 7.63 7.22 7.22 8.85 8.85 9.33 9.47 9.32 6.16 6.19 3.98 3.54 12.46 12.16 11.73 11.73 11.73 11.38 11.38 7.75 7.62 8.19 10.22 12.22 12.67 13.85 8.86 8.86 10.22 7.61 0.00 0.00 0.00 0.00 0.00 0.00 0.00 0.00 0.00 0.00 0.00 0.00 0.00 0.00 0.00 0.00 0.00 0.00 0.00 0.00 0.00 0.00 0.00 0.00 0.00 0.00 0.00 0.00 0.00 0.00 0.00 0.00 0.00 0.00 0.00
7.82 7.82 7.82 6.43 7.59 7.59 4.21 6.31 6.31 11.22 7.59 7.59 11.13 11.17 11.64 11.78 11.71 11.41 5.89 7.54 7.99 7.99 7.85 9.17 8.85 9.00 7.70 7.99 8.06 8.14 7.99 8.68 8.40 8.10 8.10 8.10 7.75 7.75 7.62 8.19 8.64 13.55 8.59 8.59 8.71 8.56 8.56 8.71 9.54 0.00 0.00 0.00 0.00 0.00 0.00 0.00 0.00 0.00 0.00 0.00 0.00 0.00 0.00 0.00 0.00 0.00 0.00 0.00 0.00 0.00 0.00 0.00 0.00 0.00 0.00 0.00 0.00 0.00 0.00 0.00 0.00 0.00 0.00 0.00
7.82 7.82 7.82 7.82 7.59 7.59 7.59 7.59 7.59 11.22 11.22 11.13 8.29 6.21 11.64 7.85 8.47 7.78 7.93 11.48 12.53 11.30 8.00 8.00 7.85 8.15 8.15 8.00 8.14 7.70 7.99 7.85 8.20 8.53 8.10 8.10 7.75 7.38 8.04 8.34 9.18 12.07 8.29 3.08 8.56 8.56 8.56 8.56 8.85 0.00 0.00 0.00 0.00 0.00 0.00 0.00 0.00 0.00 0.00 0.00 0.00 0.00 0.00 0.00 0.00 0.00 0.00 0.00 0.00 0.00 0.00 0.00 0.00 0.00 0.00 0.00 0.00 0.00 0.00 0.00 0.00 0.00 0.00 0.00
