New_Model_Runs/9_Future_Present_Scn2_out/post_prcessed_with_MFR/Monthly_summaries/net_infiltration_monthly_NOV.asc
NCOLS 700
NROWS 400
XLLCENTER 515000.000000
YLLCENTER 8409000.000000
CELLSIZE 50.000000
NODATA_value -999.000000
[rows 152 to 189 of 400, columns 252 to 335 of 700]
0.00 0.00 0.00 0.00 0.00 0.00 0.00 0.00 0.00 0.00 0.00 0.00 0.00 0.00 0.00 0.00 0.00 0.00 0.00 0.00 0.00 0.00 0.00 0.00 0.00 0.00 0.00 0.00 0.00 0.00 0.00 0.00 0.00 0.00 0.00 0.00 0.00 0.00 0.00 0.00 0.00 0.00 0.00 0.00 0.00 0.00 0.00 4.31 4.26 4.55 4.26 4.26 4.01 4.01 4.01 4.01 4.27 3.98 3.98 3.98 4.00 4.00 4.00 4.00 4.07 4.07 4.07 4.07 4.43 4.43 4.43 4.43 4.48 4.48 4.81 3.59 9.13 9.11 5.46 3.74 4.42 3.59 3.74 4.23
0.00 0.00 0.00 0.00 0.00 0.00 0.00 0.00 0.00 0.00 0.00 0.00 0.00 0.00 0.00 0.00 0.00 0.00 0.00 0.00 0.00 0.00 0.00 0.00 0.00 0.00 0.00 0.00 0.00 0.00 0.00 0.00 0.00 0.00 0.00 0.00 0.00 0.00 0.00 0.00 0.00 0.00 0.00 0.00 0.00 0.00 4.31 4.31 4.26 4.26 4.26 4.26 4.01 4.01 4.01 4.01 3.98 3.98 3.98 3.98 4.00 4.00 4.00 4.00 4.07 4.07 4.07 4.07 4.43 4.43 5.23 4.43 4.52 4.67 3.88 3.88 9.42 5.90 5.31 3.59 7.10 7.95 3.59 3.59
0.00 0.00 0.00 0.00 0.00 0.00 0.00 0.00 0.00 0.00 0.00 0.00 0.00 0.00 0.00 0.00 0.00 0.00 0.00 0.00 0.00 0.00 0.00 0.00 0.00 0.00 0.00 0.00 0.00 0.00 0.00 0.00 0.00 0.00 0.00 0.00 0.00 0.00 0.00 0.00 0.00 0.00 0.00 0.00 0.00 4.60 4.31 4.31 4.26 4.26 4.26 4.26 4.01 4.01 4.01 4.01 3.98 3.98 3.98 3.98 4.00 4.00 4.00 4.00 4.07 4.07 4.07 4.07 4.43 5.23 5.04 5.26 5.34 3.88 4.03 4.17 5.17 7.69 7.87 7.80 4.67 1.56 4.07 4.88
0.00 0.00 0.00 0.00 0.00 0.00 0.00 0.00 0.00 0.00 0.00 0.00 0.00 0.00 0.00 0.00 0.00 0.00 0.00 0.00 0.00 0.00 0.00 0.00 0.00 0.00 0.00 0.00 0.00 0.00 0.00 0.00 0.00 0.00 0.00 0.00 0.00 0.00 0.00 0.00 0.00 0.00 0.00 0.00 0.00 4.31 4.31 4.31 4.26 4.26 4.26 4.26 4.01 4.01 4.01 4.01 3.98 3.98 3.98 3.98 4.00 4.00 4.00 4.00 4.07 4.07 4.07 4.07 4.43 5.23 5.23 5.23 5.34 5.63 3.88 1.37 7.69 5.75 4.22 4.51 4.64 4.64 4.52 4.75
0.00 0.00 0.00 0.00 0.00 0.00 0.00 0.00 0.00 0.00 0.00 0.00 0.00 0.00 0.00 0.00 0.00 0.00 0.00 0.00 0.00 0.00 0.00 0.00 0.00 0.00 0.00 0.00 0.00 0.00 0.00 0.00 0.00 0.00 0.00 0.00 0.00 0.00 0.00 0.00 0.00 0.00 0.00 0.00 2.59 4.30 4.30 4.30 4.29 4.29 4.29 4.29 4.07 4.07 4.07 4.07 4.06 4.06 4.06 4.06 4.06 4.06 4.06 4.06 4.08 4.08 4.38 4.08 4.72 5.23 5.23 5.23 5.30 5.30 5.59 4.89 5.73 4.63 4.63 4.50 4.47 4.51 4.51 4.69
0.00 0.00 0.00 0.00 0.00 0.00 0.00 0.00 0.00 0.00 0.00 0.00 0.00 0.00 0.00 0.00 0.00 0.00 0.00 0.00 0.00 0.00 0.00 0.00 0.00 0.00 0.00 0.00 0.00 0.00 0.00 0.00 0.00 0.00 0.00 0.00 0.00 0.00 0.00 0.00 0.00 0.00 0.00 0.00 4.39 4.30 4.30 4.30 4.29 4.29 4.29 4.29 4.07 4.07 4.07 4.07 4.06 4.06 4.06 4.06 4.06 4.06 4.06 4.36 4.08 4.08 4.08 4.08 4.43 4.43 5.23 5.30 5.30 5.44 5.59 7.25 5.78 5.29 4.52 4.48 4.51 4.51 4.47 4.69
0.00 0.00 0.00 0.00 0.00 0.00 0.00 0.00 0.00 0.00 0.00 0.00 0.00 0.00 0.00 0.00 0.00 0.00 0.00 0.00 0.00 0.00 0.00 0.00 0.00 0.00 0.00 2.65 0.00 0.00 0.00 0.00 0.00 0.00 0.00 0.00 0.00 0.00 0.00 0.00 0.00 0.00 0.00 0.00 4.30 4.30 4.30 4.30 4.29 4.29 4.29 4.29 4.07 4.07 4.07 4.07 4.06 4.06 4.06 4.06 4.06 4.06 4.06 4.06 4.08 4.08 4.08 4.08 4.43 4.43 5.23 5.30 5.32 5.59 9.10 3.74 5.59 5.29 4.48 4.48 4.47 4.47 4.47 4.47
0.00 0.00 0.00 0.00 0.00 0.00 0.00 0.00 0.00 0.00 0.00 0.00 0.00 0.00 0.00 0.00 0.00 0.00 0.00 0.00 0.00 0.00 0.00 0.00 0.00 0.00 4.44 4.16 0.00 0.00 0.00 0.00 0.00 0.00 0.00 0.00 0.00 0.00 0.00 0.00 0.00 0.00 0.00 0.00 0.00 0.00 4.30 4.30 4.29 4.29 4.29 4.29 4.07 4.07 4.07 4.07 4.06 4.06 4.06 4.06 4.06 4.60 4.06 4.06 4.08 4.08 4.08 4.08 4.43 4.43 5.23 5.26 4.44 7.39 7.10 3.88 3.88 5.63 5.34 4.48 4.47 4.47 4.47 4.47
0.00 0.00 0.00 0.00 0.00 0.00 0.00 0.00 0.00 0.00 0.00 0.00 0.00 0.00 0.00 0.00 0.00 0.00 0.00 0.00 0.00 0.00 0.00 0.00 0.00 4.17 4.17 4.17 4.16 0.00 0.00 0.00 0.00 0.00 0.00 0.00 0.00 0.00 0.00 0.00 0.00 0.00 0.00 0.00 0.00 0.00 0.00 0.00 4.36 4.36 4.36 4.62 4.15 4.15 4.15 4.15 4.14 4.14 4.14 4.14 4.10 4.10 4.10 4.10 4.08 4.08 4.08 4.08 4.41 4.41 5.29 5.29 7.10 7.25 4.59 1.08 4.44 5.51 5.43 4.62 4.44 4.44 4.44 4.44
0.00 0.00 0.00 0.00 0.00 0.00 0.00 0.00 0.00 0.00 0.00 0.00 0.00 0.00 0.00 0.00 0.00 0.00 0.00 0.00 0.00 0.00 0.00 0.00 0.00 4.17 4.17 4.17 4.16 4.16 4.16 0.00 0.00 0.00 0.00 0.00 0.00 0.00 0.00 0.00 0.00 0.00 0.00 0.00 0.00 0.00 0.00 0.00 0.00 0.00 5.61 5.05 4.46 4.15 4.15 4.15 4.14 4.14 4.14 4.14 4.10 4.10 4.10 4.10 4.81 4.08 4.08 4.08 4.41 5.24 4.29 3.59 4.44 4.59 7.10 8.98 5.12 4.29 5.45 5.28 4.44 4.44 4.44 4.44
0.00 0.00 0.00 0.00 0.00 0.00 0.00 0.00 0.00 0.00 0.00 0.00 0.00 0.00 0.00 0.00 0.00 0.00 0.00 0.00 0.00 0.00 0.00 0.00 0.00 4.33 4.66 4.33 4.31 4.31 4.31 0.00 0.00 0.00 0.00 0.00 0.00 0.00 0.00 0.00 0.00 0.00 0.00 0.00 0.00 0.00 0.00 0.00 0.00 0.00 9.33 4.61 4.38 4.38 4.38 4.38 4.37 4.37 4.37 4.37 5.30 4.33 4.33 5.30 5.27 4.31 4.58 4.31 8.08 5.70 4.76 4.76 4.76 4.76 5.77 9.31 4.02 4.90 5.91 5.74 4.57 4.57 4.57 4.57
0.00 0.00 0.00 0.00 0.00 0.00 0.00 0.00 0.00 0.00 0.00 0.00 0.00 0.00 0.00 0.00 0.00 0.00 0.00 0.00 0.00 0.00 0.00 0.00 4.33 4.33 4.33 4.33 4.31 4.63 4.48 4.48 4.32 0.00 4.32 4.32 0.00 0.00 0.00 0.00 0.00 0.00 0.00 0.00 0.00 0.00 0.00 0.00 0.00 0.00 5.36 4.76 4.53 4.53 4.68 4.38 4.37 4.37 4.37 5.35 5.30 6.12 5.30 5.30 4.31 4.82 4.61 4.31 8.05 4.57 4.76 4.76 4.90 4.90 5.79 9.25 4.02 4.17 6.04 6.16 4.57 5.03 4.57 4.57
0.00 0.00 0.00 0.00 0.00 0.00 0.00 0.00 0.00 0.00 0.00 0.00 0.00 0.00 0.00 0.00 0.00 0.00 0.00 0.00 0.00 0.00 0.00 4.37 4.61 4.29 4.29 4.29 4.26 4.26 4.26 4.59 4.49 4.49 4.32 4.32 4.42 4.85 0.00 0.00 0.00 0.00 0.00 0.00 0.00 0.00 0.00 0.00 0.00 0.00 0.00 7.72 5.87 2.27 5.75 5.47 5.25 5.43 5.43 5.43 5.37 5.37 5.37 4.38 4.31 4.31 4.41 4.31 4.51 8.02 7.81 7.81 4.90 7.82 8.38 10.16 5.88 5.73 5.93 5.73 4.63 4.58 4.58 4.58
0.00 0.00 0.00 0.00 0.00 0.00 0.00 0.00 0.00 0.00 0.00 0.00 0.00 0.00 0.00 0.00 0.00 0.00 0.00 0.00 4.37 4.37 4.37 4.37 4.29 4.29 4.29 4.29 4.26 4.58 4.26 4.58 2.26 4.52 2.26 4.32 4.42 4.42 4.42 0.00 0.00 0.00 0.00 0.00 0.00 0.00 0.00 0.00 0.00 0.00 0.00 5.10 2.09 4.25 4.39 5.72 5.58 5.27 5.25 5.43 5.37 5.37 5.37 4.38 4.31 4.31 4.31 4.31 4.51 4.51 8.02 4.59 7.81 7.84 4.24 6.80 5.08 4.60 4.60 4.60 5.05 4.58 5.00 4.58
0.00 0.00 0.00 0.00 0.00 0.00 0.00 0.00 0.00 0.00 0.00 0.00 0.00 0.00 0.00 0.00 1.51 4.15 0.00 0.00 4.37 4.37 4.37 4.37 4.61 4.61 4.29 4.29 4.59 4.26 4.26 4.58 4.32 4.44 4.32 4.32 4.42 4.86 4.86 4.22 4.87 0.00 0.00 0.00 0.00 0.00 0.00 0.00 0.00 0.00 0.00 5.39 5.74 7.76 8.05 8.05 4.53 4.38 5.43 5.43 5.37 4.75 5.06 4.38 4.31 4.31 4.62 4.31 4.51 4.96 4.51 4.51 4.63 4.30 4.45 6.00 5.06 4.60 4.60 4.60 4.58 4.58 4.58 4.58
0.00 0.00 0.00 0.00 0.00 0.00 0.00 0.00 0.00 0.00 0.00 0.00 0.00 0.00 0.00 0.00 4.15 4.15 4.15 4.15 4.37 4.69 4.51 4.55 4.46 4.29 4.29 4.29 4.26 4.26 4.26 4.26 4.32 4.32 4.32 4.32 4.42 4.76 4.76 4.86 4.79 0.00 0.00 0.00 0.00 0.00 0.00 0.00 0.00 0.00 0.00 5.64 2.52 2.42 7.76 7.46 4.46 3.95 4.40 4.43 4.68 4.68 4.68 4.68 4.31 4.31 4.62 4.31 4.51 4.51 4.51 4.51 4.63 4.30 4.30 4.57 4.60 4.60 4.60 5.03 5.00 4.58 5.03 4.58
0.00 0.00 0.00 0.00 0.00 0.00 0.00 0.00 0.00 0.00 0.00 0.00 0.00 1.51 4.15 1.51 4.13 4.13 4.13 4.13 4.32 4.32 4.32 4.32 4.23 4.23 4.23 4.23 4.58 4.26 4.26 4.26 4.36 4.36 4.36 4.36 4.47 4.47 4.96 4.96 5.01 0.00 0.00 0.00 0.00 0.00 0.00 0.00 0.00 0.00 6.04 6.53 6.24 6.07 7.90 4.97 4.61 3.95 4.45 4.45 4.41 4.41 4.41 4.41 4.33 4.33 4.33 4.33 4.48 4.48 4.48 4.48 5.04 4.60 4.60 4.52 4.57 4.57 4.57 4.57 5.00 5.00 4.57 4.57
0.00 0.00 0.00 0.00 0.00 0.00 0.00 0.00 0.00 0.00 0.00 0.00 1.51 4.15 4.15 4.15 4.13 4.13 4.13 4.13 4.32 4.32 4.32 4.32 4.92 4.66 4.23 4.23 4.26 4.26 4.26 4.26 4.36 4.36 4.36 4.54 5.04 5.31 5.61 5.73 0.29 0.00 0.00 0.00 0.00 0.00 0.00 0.00 0.00 5.21 4.51 4.66 8.35 7.61 7.96 3.95 4.61 3.98 4.53 4.59 4.53 4.76 4.41 4.41 4.33 4.33 4.33 4.33 4.48 4.48 4.48 4.48 4.52 4.52 4.60 4.52 4.57 4.57 4.57 4.99 4.57 5.03 4.57 5.03
0.00 0.00 0.00 0.00 0.00 0.00 0.00 0.00 0.00 0.00 0.00 0.00 4.15 4.15 4.29 4.15 4.13 4.13 4.13 4.27 4.49 4.32 4.32 4.32 4.55 4.23 4.55 4.23 4.26 4.26 4.26 4.26 4.36 4.54 4.54 4.54 5.04 5.39 6.03 2.43 7.86 0.00 0.00 0.00 0.00 0.00 0.00 0.00 5.36 4.51 4.51 4.51 4.40 3.95 7.89 7.46 8.95 4.32 4.53 4.82 4.53 4.41 4.41 4.41 4.33 4.33 4.33 4.33 4.48 4.48 4.48 4.48 4.52 4.52 4.52 4.52 4.57 4.57 4.57 4.57 4.57 4.57 4.57 4.57
0.00 0.00 0.00 0.00 0.00 0.00 0.00 0.00 0.00 0.00 0.00 1.51 4.15 4.15 4.29 4.15 4.13 4.13 4.44 4.13 4.32 4.32 4.32 4.32 4.23 4.23 4.23 4.23 4.26 4.26 4.26 4.26 4.54 4.54 4.70 4.54 5.31 5.69 4.15 1.98 4.21 7.42 0.00 0.00 0.00 0.00 0.00 4.98 5.79 4.51 4.51 4.51 4.44 4.40 5.54 4.10 4.10 3.81 4.38 1.59 5.36 4.39 4.41 4.71 4.33 4.33 4.33 5.00 5.09 4.48 4.48 4.48 4.52 4.52 4.52 5.45 4.57 4.57 4.57 4.57 4.57 4.57 4.57 4.57
0.00 0.00 0.00 0.00 0.00 0.00 0.00 0.00 0.00 0.00 4.17 4.17 4.44 4.13 4.27 4.13 4.08 4.38 4.08 4.08 4.24 4.24 4.24 4.24 4.23 4.23 4.23 4.23 4.36 4.36 4.36 4.36 4.44 4.63 4.44 4.44 4.51 5.57 5.06 5.04 5.85 1.30 4.81 4.66 0.00 3.66 5.12 1.74 6.11 4.51 4.51 4.51 4.42 4.42 5.47 4.05 4.67 4.38 5.96 5.77 4.69 4.54 4.73 4.42 4.36 4.36 4.36 4.74 4.46 4.90 4.46 4.46 4.90 4.46 4.90 4.91 4.52 4.52 4.52 4.52 4.51 4.51 4.51 4.51
0.00 0.00 0.00 0.00 0.00 0.00 0.00 0.00 0.00 0.00 4.92 4.55 4.13 4.13 4.44 4.13 4.08 4.08 4.08 4.08 4.24 4.24 4.24 4.24 4.23 4.23 4.23 4.23 4.36 4.36 4.36 4.36 4.44 4.44 4.44 4.44 4.51 5.50 5.42 4.91 7.89 5.27 2.49 5.83 2.03 2.30 1.91 6.00 5.52 5.50 4.87 4.51 4.42 4.42 4.42 4.44 5.47 5.47 5.58 5.58 5.42 4.39 4.42 4.42 4.36 4.67 4.36 4.36 4.46 4.46 4.46 4.46 4.46 4.46 4.46 4.46 4.52 4.52 4.52 4.52 4.51 4.51 4.51 4.51
0.00 0.00 0.00 0.00 0.00 0.00 0.00 0.00 0.00 0.00 0.00 4.55 4.51 4.13 4.13 4.13 4.08 4.08 4.08 4.08 4.24 4.24 4.24 4.24 4.23 4.23 4.23 4.23 4.36 4.36 4.36 4.36 4.44 4.44 4.44 4.44 4.51 4.87 5.50 5.56 5.02 4.94 5.86 5.98 2.54 5.51 4.78 4.63 5.52 5.40 4.22 4.53 4.42 4.42 4.42 4.42 4.40 4.40 5.47 5.43 5.42 4.73 4.42 4.42 4.36 4.36 4.36 4.36 4.46 4.46 4.46 4.46 4.46 4.46 4.46 4.46 4.52 4.52 4.52 4.52 4.51 4.51 4.51 4.51
0.00 0.00 0.00 0.00 0.00 0.00 0.00 0.00 0.00 0.00 0.00 4.55 4.51 4.51 4.51 4.13 4.08 4.08 4.08 4.08 4.24 4.24 4.24 4.24 4.23 4.23 4.23 4.23 4.36 4.36 4.36 4.36 4.44 4.44 4.44 4.44 4.51 4.51 5.37 9.03 4.37 4.35 4.50 3.88 4.51 4.37 5.12 5.56 5.50 5.54 4.63 4.55 4.42 4.42 4.42 4.42 4.43 4.40 5.47 5.47 5.42 5.80 4.42 4.42 4.36 4.36 4.36 4.74 4.46 4.46 4.46 4.46 4.46 4.46 4.46 4.46 4.52 4.52 4.52 4.52 4.51 4.51 4.51 4.51
0.00 0.00 0.00 0.00 0.00 0.00 0.00 0.00 0.00 0.00 0.00 0.00 4.51 4.51 4.51 4.51 4.04 4.04 4.04 4.04 4.54 4.22 4.22 4.22 4.31 4.31 5.11 5.11 5.26 5.26 4.44 4.44 4.48 4.48 5.20 5.32 5.53 5.53 5.53 8.06 4.22 3.91 4.06 3.73 4.22 4.22 4.22 5.56 5.50 5.54 5.54 5.50 4.41 4.41 4.41 4.41 4.39 4.39 5.37 5.37 5.45 5.38 5.38 4.39 4.34 4.34 4.34 4.34 4.42 4.42 4.42 4.42 4.42 4.42 4.42 4.42 4.49 4.49 4.49 4.49 4.49 4.49 4.49 4.49
0.00 0.00 0.00 0.00 0.00 0.00 0.00 0.00 0.00 0.00 0.00 4.55 4.51 4.51 4.51 4.51 4.41 4.34 4.04 4.04 4.75 4.22 4.22 4.22 4.31 5.11 5.11 5.11 5.26 5.26 4.44 4.44 4.48 5.09 5.20 5.32 3.91 5.56 5.98 8.58 5.57 4.53 4.06 3.73 4.22 4.22 4.54 4.53 4.51 4.51 5.50 4.51 4.41 4.41 4.41 4.41 4.39 4.39 4.39 4.39 4.39 4.39 4.39 4.39 4.34 4.34 4.34 4.34 4.42 4.42 4.42 4.42 4.42 4.42 4.42 4.42 4.49 4.49 4.49 4.99 4.49 4.49 4.49 4.49
0.00 0.00 0.00 0.00 5.13 0.00 0.00 0.00 0.00 0.00 5.11 5.11 5.07 5.07 5.07 5.07 4.97 4.97 4.97 4.34 4.43 4.43 4.43 4.43 4.44 5.52 5.52 5.52 5.68 6.09 5.68 5.55 5.74 5.74 5.61 5.66 5.94 6.17 6.47 10.14 5.26 5.11 5.11 5.11 6.32 4.83 4.82 4.82 4.80 4.80 4.80 4.80 4.84 4.84 5.33 4.84 4.82 4.82 4.82 4.82 4.83 4.83 4.83 4.83 5.25 4.78 4.78 4.78 5.38 4.90 4.90 4.90 4.90 4.56 4.90 4.90 4.97 5.53 4.97 4.97 4.97 4.97 4.97 4.97
0.00 0.00 0.00 4.79 5.13 5.13 0.00 0.00 0.00 5.36 5.36 5.11 5.07 5.07 5.07 5.07 4.97 4.97 4.97 4.97 4.43 4.43 4.43 4.43 4.44 5.52 5.52 5.52 5.68 5.68 5.68 6.09 5.74 5.74 5.61 4.60 4.83 5.94 6.12 9.68 5.11 5.11 5.11 5.11 5.11 5.11 4.82 4.82 4.80 4.80 4.80 4.80 4.84 4.84 5.32 4.84 4.82 4.82 4.82 5.29 4.83 4.83 4.83 4.83 4.78 4.78 4.78 4.78 4.90 4.90 4.90 4.90 4.90 4.56 4.90 4.90 4.97 4.97 4.97 4.97 4.97 4.97 4.97 4.97
4.79 4.79 4.79 4.94 5.12 5.12 5.57 5.57 5.13 5.38 5.46 5.13 5.10 5.10 5.10 5.10 5.01 5.43 5.01 5.01 5.12 5.12 4.47 4.47 4.47 5.55 5.55 5.55 5.69 6.09 5.69 5.69 5.75 5.75 4.62 4.62 4.84 6.05 6.19 9.72 5.26 6.14 5.11 5.11 5.11 5.11 4.83 5.30 4.79 5.26 5.26 4.79 4.80 4.80 4.80 4.80 4.72 4.72 4.72 4.72 4.69 4.69 4.69 4.69 5.12 4.66 4.66 5.14 5.34 4.87 4.56 4.87 4.92 4.92 4.92 4.92 4.94 4.94 4.94 4.94 4.96 5.45 4.96 4.96
4.79 4.79 4.79 5.25 5.12 5.12 5.12 5.12 5.13 6.04 5.13 5.38 5.10 5.10 5.10 5.10 5.01 5.01 5.01 5.01 5.12 5.12 5.12 4.47 4.47 4.47 5.55 5.55 5.69 5.69 5.69 5.69 4.62 4.62 4.62 4.62 6.06 5.11 5.11 5.67 8.77 5.26 6.33 5.11 5.53 5.11 4.83 4.83 4.79 4.79 4.79 4.79 4.80 4.80 5.28 5.45 5.19 4.72 4.72 4.72 4.69 4.69 4.69 4.69 4.66 4.66 4.66 4.66 4.87 4.87 4.87 4.87 4.92 4.56 4.92 4.92 4.94 4.94 4.94 4.94 4.96 4.96 4.96 4.56
4.79 4.79 5.20 4.79 5.12 5.12 5.12 5.12 5.13 5.13 5.64 5.38 5.10 5.10 5.10 5.10 5.01 5.01 5.01 5.01 5.12 5.12 5.12 5.12 5.20 4.47 5.55 5.55 4.57 4.57 4.57 4.57 4.62 4.62 4.62 5.75 6.05 6.06 6.05 5.11 7.88 5.36 4.85 4.86 5.11 5.11 4.85 5.33 4.79 4.79 4.79 4.79 4.80 4.80 4.80 4.80 4.72 4.72 4.72 4.72 4.69 4.69 4.69 4.69 4.66 4.66 4.66 5.12 4.87 4.87 4.87 4.87 4.92 5.47 4.92 4.92 4.94 4.94 4.94 4.94 4.96 4.96 4.56 5.05
4.79 4.79 4.79 4.79 5.12 5.12 5.12 5.12 5.13 5.13 5.13 5.13 5.10 5.34 5.10 5.10 5.01 5.01 5.01 5.01 5.12 5.12 5.12 5.12 5.20 5.20 4.47 4.47 4.57 4.57 4.57 4.57 4.62 4.62 4.62 5.75 4.84 4.84 6.59 4.37 6.15 4.84 4.84 4.86 4.65 5.11 6.05 5.33 4.79 4.79 4.79 4.79 5.26 4.80 4.80 4.80 4.72 4.72 4.72 4.72 4.69 4.69 4.69 4.69 4.66 4.66 4.66 4.66 4.87 4.87 4.87 4.87 4.92 5.47 5.47 4.92 4.94 5.50 4.56 4.94 4.96 4.96 4.56 4.56
4.77 4.77 5.18 4.77 5.10 5.10 5.10 5.10 5.11 5.11 5.11 5.35 5.10 5.99 5.34 5.10 5.05 5.05 5.05 5.05 5.16 5.16 5.16 5.16 5.16 5.16 5.16 5.16 4.55 4.55 4.55 4.55 4.61 4.61 5.75 6.50 5.31 4.83 5.46 5.08 6.15 5.32 4.84 4.86 4.65 5.11 6.03 6.02 6.32 5.90 4.74 4.74 4.69 4.69 4.69 4.69 4.62 4.62 4.62 4.62 4.63 4.63 4.63 4.63 4.66 4.66 4.66 4.66 4.94 4.94 4.94 4.94 4.97 4.97 4.97 5.54 6.35 4.95 4.95 4.95 4.56 4.56 4.56 4.56
4.77 4.77 4.77 4.77 5.10 5.54 5.10 5.10 5.11 5.11 5.11 5.35 5.34 5.10 5.10 5.53 5.05 5.05 5.05 5.05 5.16 5.16 5.16 5.16 5.16 5.16 5.16 5.16 5.29 4.55 4.55 4.55 4.61 5.75 5.75 4.61 4.83 4.83 4.83 4.37 6.06 6.04 4.84 4.86 4.65 4.85 4.85 6.02 5.90 4.74 4.74 4.74 4.69 4.69 4.69 4.69 4.62 4.62 4.62 4.62 4.63 4.63 4.63 4.63 4.66 4.66 4.66 4.66 4.94 4.94 4.94 4.94 4.97 4.97 4.97 4.97 4.95 6.35 4.95 4.95 4.56 4.56 4.56 4.56
4.77 4.77 4.77 4.77 5.10 5.10 5.10 5.10 5.11 5.11 5.11 5.11 5.10 5.10 5.10 5.10 5.05 5.05 5.05 5.05 5.16 5.16 5.16 5.61 5.16 5.16 5.16 5.16 5.29 5.29 4.55 4.55 5.06 5.75 5.75 5.60 5.31 4.83 6.03 6.49 6.49 6.05 5.32 4.86 4.82 5.30 4.82 4.82 4.74 4.74 4.74 4.74 4.69 4.69 4.69 5.50 4.62 4.62 4.62 4.62 4.63 4.63 4.63 4.63 4.66 4.66 4.66 4.66 4.94 4.94 4.94 4.94 4.97 4.97 4.97 4.97 4.95 4.95 4.95 4.95 4.56 4.56 4.56 4.56
4.77 4.77 4.77 4.77 5.10 5.92 5.10 5.10 5.11 5.11 5.11 5.11 5.10 5.10 5.10 5.10 5.05 5.05 5.05 5.05 5.16 5.16 5.16 5.16 5.16 5.16 5.16 5.16 5.29 5.29 5.29 5.75 4.61 5.75 4.61 5.10 4.83 4.83 6.03 6.06 6.05 6.06 6.04 5.32 4.82 4.82 4.82 4.82 4.74 4.74 5.21 4.74 5.24 4.69 4.69 5.00 4.62 4.62 4.62 4.62 4.63 4.63 4.63 4.63 4.66 4.66 4.66 4.66 4.94 4.94 4.94 4.94 4.97 5.46 4.97 4.97 4.95 4.95 4.95 4.95 4.56 4.56 4.56 4.56
4.73 4.73 4.73 5.13 5.07 5.07 5.51 5.07 5.05 5.05 5.05 5.62 5.00 5.00 5.00 5.00 4.96 4.96 4.96 4.96 5.13 5.13 5.13 5.13 5.15 5.15 5.15 5.15 5.23 6.19 5.23 5.23 5.31 4.56 5.01 4.56 4.79 4.79 5.26 4.79 4.80 5.98 5.98 4.80 5.22 4.75 4.75 5.22 4.63 4.63 4.63 4.63 4.61 6.40 4.09 6.02 4.65 4.65 4.65 4.65 4.71 4.71 4.71 4.71 4.75 4.75 4.75 4.75 5.00 5.00 5.00 5.00 5.00 5.00 5.00 5.00 4.98 4.98 4.98 4.98 4.56 4.56 4.56 4.56
4.73 4.73 4.73 4.73 5.07 5.51 5.07 5.07 5.05 5.05 5.05 5.05 5.43 5.00 5.00 5.00 4.96 4.96 5.38 4.96 5.13 5.13 5.13 5.13 5.15 5.15 5.15 5.15 5.68 5.23 5.23 5.23 5.31 5.31 5.31 4.56 4.79 4.79 4.79 4.79 4.80 4.80 4.80 4.80 4.75 4.75 4.75 4.75 4.63 4.63 4.63 4.63 4.61 6.02 6.02 6.02 4.65 4.65 4.65 4.65 4.71 4.71 4.71 4.71 4.75 4.75 4.75 4.75 5.00 5.00 5.00 5.00 5.00 5.48 5.00 5.00 4.98 4.98 4.98 4.98 4.94 4.56 4.56 4.56
