New_Model_Runs/9_Future_Present_Scn2_out/post_prcessed_with_MFR/Monthly_summaries/net_infiltration_monthly_AUG.asc
NCOLS 700
NROWS 400
XLLCENTER 515000.000000
YLLCENTER 8409000.000000
CELLSIZE 50.000000
NODATA_value -999.000000
[rows 228 to 265 of 400, columns 252 to 335 of 700]
5.18 5.18 5.18 5.18 4.96 4.93 4.96 4.96 5.17 9.57 9.90 5.24 7.58 7.17 7.41 7.24 7.21 7.21 7.37 7.62 6.70 8.95 5.32 4.67 4.56 5.04 5.04 4.50 4.79 4.44 4.36 3.37 3.37 3.37 3.37 3.37 4.43 4.43 4.43 5.12 3.58 3.25 8.08 5.04 5.15 4.57 2.95 4.42 4.37 5.16 4.79 3.43 4.34 7.66 4.49 4.42 0.80 0.80 2.63 2.63 3.22 2.35 2.35 7.44 7.30 2.88 0.71 0.00 1.56 0.00 0.00 0.00 0.00 0.00 0.00 0.00 0.00 0.00 0.00 0.00 0.00 0.00 0.00 0.00
5.18 5.18 5.18 5.18 4.96 4.96 5.20 5.16 5.54 5.38 9.57 7.44 7.57 7.57 7.41 7.24 7.21 7.21 7.52 7.44 9.22 4.67 4.67 4.67 4.56 4.56 5.04 5.04 4.79 4.44 4.44 4.44 4.50 4.50 4.50 4.50 4.43 4.43 4.43 5.31 4.49 4.52 7.01 6.95 3.66 5.12 4.67 4.57 4.41 5.44 1.49 3.12 4.64 4.39 6.35 2.57 0.73 2.93 1.25 3.02 2.63 2.63 3.31 3.09 0.71 0.00 0.00 0.00 0.00 0.00 0.00 0.00 0.00 0.00 0.00 0.00 0.00 0.00 0.00 0.00 0.00 0.00 0.00 0.00
5.18 5.18 5.18 5.18 4.96 4.96 4.96 4.96 5.03 5.54 9.57 7.29 7.28 7.28 7.24 7.24 7.00 7.38 8.20 8.87 8.37 4.63 4.67 4.67 4.56 4.56 4.56 4.90 4.44 4.44 4.44 4.44 4.50 4.50 4.50 4.50 4.43 4.43 4.43 5.46 4.34 4.04 1.17 4.60 6.88 3.27 5.15 5.00 4.41 5.64 5.06 6.90 4.96 4.66 1.07 3.35 2.35 3.35 4.27 3.02 2.67 2.67 1.24 1.01 1.01 0.00 0.00 0.00 0.00 0.00 0.00 0.00 0.00 0.00 0.00 0.00 0.00 0.00 0.00 0.00 0.00 0.00 0.00 0.00
5.18 5.18 5.18 5.18 4.96 4.96 4.96 4.96 5.03 5.03 9.17 6.81 7.32 7.24 7.24 7.42 7.27 5.09 7.27 10.90 4.67 4.67 4.67 4.67 4.56 4.56 4.56 4.56 4.44 4.44 4.44 4.44 4.50 4.50 4.50 4.97 4.51 4.43 4.43 5.01 3.43 3.40 3.40 0.99 6.88 6.75 0.94 4.61 8.82 4.66 3.88 4.00 3.65 2.42 6.05 3.02 3.02 2.42 2.42 2.35 2.67 2.67 2.96 0.00 0.00 0.00 0.00 0.00 0.00 0.00 0.00 1.56 0.00 0.00 0.00 0.00 0.00 0.00 0.00 0.00 0.00 0.00 0.00 0.00
5.20 5.20 5.20 5.20 4.95 4.95 4.95 4.95 5.01 5.22 9.15 6.81 6.78 7.00 7.00 6.81 7.55 6.51 7.41 9.22 5.07 4.60 4.96 4.60 4.49 4.49 4.49 4.49 4.47 4.47 4.47 4.47 4.55 4.55 4.55 5.03 4.98 4.98 4.92 4.88 4.01 3.25 3.25 1.24 4.77 4.61 4.61 4.56 3.27 1.09 3.88 2.95 2.42 0.76 6.05 2.42 2.42 2.42 2.61 3.17 2.35 2.87 3.38 3.32 0.00 0.00 0.00 0.00 0.00 0.00 0.00 1.56 0.00 0.00 0.00 0.00 0.00 0.00 0.00 0.00 0.00 0.00 0.00 0.00
5.20 5.20 5.20 5.20 4.95 4.95 4.95 4.95 5.01 5.01 9.15 7.01 7.25 7.21 7.00 6.63 6.19 7.41 5.99 8.96 4.60 4.96 4.60 4.60 4.49 4.49 4.49 4.49 4.47 4.39 4.47 4.47 4.55 4.55 4.55 4.55 4.41 4.92 4.92 4.01 4.77 3.30 3.30 4.77 7.87 0.99 3.12 3.12 3.57 1.32 4.04 3.27 0.73 0.73 4.35 4.35 3.17 2.57 2.57 3.17 3.68 3.63 3.76 3.32 0.00 0.86 0.00 0.00 0.00 0.00 1.56 1.56 1.56 0.00 0.00 0.00 0.00 0.00 0.00 0.00 0.00 0.00 0.00 0.00
5.20 5.20 5.20 5.20 4.95 4.92 4.95 4.95 5.01 5.01 8.97 6.81 7.36 7.21 7.36 6.30 6.15 6.58 9.68 5.68 4.69 4.60 4.60 4.60 4.49 4.49 4.49 4.49 4.47 4.73 4.47 4.47 4.55 4.55 4.55 4.91 4.44 4.88 4.92 5.53 4.77 6.26 4.61 0.98 3.25 3.25 3.25 3.88 4.04 2.95 2.95 2.95 3.20 2.42 0.91 4.51 3.17 2.42 3.20 3.65 4.13 3.12 3.95 2.66 0.86 0.71 0.71 0.00 0.00 0.00 0.00 0.00 0.00 0.00 0.00 0.00 0.00 0.00 0.00 0.00 0.00 0.00 0.00 0.00
5.20 5.20 5.20 5.20 4.95 4.95 4.95 4.95 5.01 5.35 10.46 6.81 7.21 7.36 7.31 7.59 7.55 6.58 11.11 5.52 4.75 4.75 3.42 5.01 4.49 4.49 4.49 4.49 4.47 4.47 4.47 4.47 4.55 4.55 4.55 4.55 4.88 4.88 6.09 6.09 6.21 8.40 5.53 5.53 5.53 3.88 3.92 4.04 4.48 3.88 3.70 3.70 3.35 2.57 2.42 2.42 4.51 3.35 3.53 1.00 3.72 3.71 2.81 0.71 0.71 0.71 0.71 0.00 0.00 0.00 0.00 0.00 0.00 0.00 0.00 0.00 0.00 0.00 0.00 0.00 0.00 0.00 0.00 0.00
5.27 5.27 5.27 5.27 4.93 4.93 4.96 4.96 4.98 5.51 10.45 6.63 6.61 7.14 3.45 3.45 7.13 7.33 10.80 10.75 6.55 2.97 5.11 6.52 4.68 4.53 4.68 4.53 4.52 4.87 4.52 4.52 4.54 4.54 4.54 4.54 4.98 6.06 6.06 9.84 9.64 8.69 5.84 5.69 5.69 5.67 3.78 3.94 4.58 2.95 3.78 2.95 3.32 2.93 2.78 2.46 6.32 3.68 3.75 0.00 0.00 0.00 0.71 2.64 0.00 0.71 0.71 0.00 0.00 0.00 0.00 0.00 0.00 0.00 0.00 0.00 0.00 0.00 0.00 0.00 0.00 0.00 0.00 0.00
5.27 5.27 5.27 5.27 4.96 4.96 4.96 4.96 4.98 6.82 10.45 10.26 10.24 7.17 3.45 3.01 3.29 7.13 10.21 10.76 6.16 2.81 2.66 6.70 4.88 4.53 4.68 4.68 4.52 4.52 4.52 4.52 4.54 4.54 4.48 4.54 5.35 9.84 10.00 4.92 4.92 2.63 6.56 2.89 5.22 5.12 4.77 3.25 3.25 4.47 4.72 3.78 3.37 2.72 4.44 4.04 4.19 7.76 1.00 0.00 0.00 0.00 0.00 0.00 0.00 0.00 0.00 0.00 0.00 0.00 0.00 0.00 0.00 0.00 0.00 0.00 0.00 0.00 0.00 0.00 0.00 0.00 0.00 0.00
5.27 5.27 5.27 5.27 4.96 4.96 4.96 4.96 5.51 10.70 11.30 10.46 6.61 7.17 7.17 3.45 6.92 6.92 9.47 5.85 8.21 6.14 6.14 7.37 4.53 4.53 5.08 5.23 5.17 4.99 4.52 4.52 4.48 4.54 4.54 4.95 4.82 6.26 4.92 2.78 4.77 4.92 4.77 8.40 2.78 5.07 5.22 4.92 1.09 3.70 3.88 3.70 3.02 4.06 4.04 4.93 3.67 0.96 6.70 0.00 0.00 0.00 0.00 0.00 0.00 0.00 0.00 0.00 0.00 0.00 0.00 0.00 0.00 0.00 0.00 0.00 0.00 0.00 0.00 0.00 0.00 0.00 0.00 0.00
5.27 5.27 5.27 5.24 4.96 4.96 5.11 6.06 5.49 10.29 7.21 3.73 6.96 10.24 8.72 6.49 9.47 5.85 7.13 7.17 6.22 6.73 8.28 10.33 8.63 8.63 7.19 7.19 3.41 4.99 1.63 5.58 5.32 4.54 4.54 10.32 6.37 6.26 5.07 5.07 2.74 2.74 4.77 6.21 6.21 3.04 6.28 3.65 5.38 3.27 3.12 3.88 3.93 4.29 3.39 3.97 1.41 1.32 7.16 3.20 0.00 0.00 0.00 0.00 0.00 0.00 0.00 0.00 0.00 0.00 0.00 0.00 0.00 0.00 0.00 0.00 0.00 0.00 0.00 0.00 0.00 0.00 0.00 0.00
5.32 5.29 5.29 5.32 4.98 4.98 5.66 6.22 5.65 6.92 6.90 3.58 6.75 7.24 6.63 2.91 5.85 7.15 7.10 7.10 6.27 6.70 6.70 6.37 6.20 6.20 7.83 8.36 8.36 8.21 8.21 6.16 8.51 9.83 9.83 4.74 2.78 8.97 4.92 4.92 4.77 4.77 2.59 2.59 6.26 3.08 5.53 5.65 5.22 5.53 3.70 4.89 3.00 2.99 7.81 7.56 3.80 3.50 7.24 6.83 0.00 0.00 0.00 0.00 0.00 0.00 0.00 0.00 0.00 0.00 0.00 0.00 0.00 0.00 0.00 0.00 0.00 0.00 0.00 0.00 0.00 0.00 0.00 0.00
5.29 5.32 5.32 5.32 4.98 5.13 6.68 5.37 5.31 6.92 10.70 6.90 6.74 3.56 7.53 6.73 7.10 7.10 7.10 7.10 6.22 6.23 6.22 6.22 6.54 5.14 9.83 6.35 6.36 4.58 4.82 1.04 4.89 4.89 4.58 4.74 2.74 8.55 4.77 4.77 4.83 4.77 4.77 6.01 9.58 3.37 6.31 4.60 6.10 5.53 4.87 1.77 6.78 7.26 3.80 3.80 7.16 7.31 3.53 7.01 7.01 0.00 0.00 0.00 0.00 0.00 0.00 0.00 0.00 0.00 0.00 0.00 0.00 0.00 0.00 0.00 0.00 0.00 0.00 0.00 0.00 0.00 0.00 0.00
4.89 4.89 4.95 4.95 4.46 4.85 1.97 4.75 5.00 5.00 6.62 8.86 8.83 9.43 3.17 6.01 6.45 6.45 6.45 5.30 4.64 4.64 4.64 5.05 5.05 4.62 9.42 5.80 5.80 3.63 3.63 3.07 3.84 4.57 5.04 5.04 4.76 2.81 9.28 5.73 5.73 4.87 4.30 5.74 5.92 6.58 5.58 5.72 4.30 4.24 3.45 4.59 4.67 6.89 7.05 7.20 3.73 7.20 6.89 6.91 6.74 3.13 0.00 0.00 0.00 0.00 0.00 0.00 0.00 0.00 0.00 0.00 0.00 0.00 0.00 0.00 0.00 0.00 0.00 0.00 0.00 0.00 0.00 0.00
4.94 4.89 4.95 4.95 4.54 1.80 5.80 6.60 4.44 9.72 6.62 6.18 6.03 9.96 10.41 5.21 5.56 5.41 5.41 5.41 4.79 4.64 4.64 5.05 4.78 4.78 8.68 5.92 3.54 3.54 3.63 3.63 3.63 3.54 3.63 3.63 3.75 4.76 8.23 5.73 5.92 6.07 4.87 4.49 5.99 6.63 5.73 5.99 3.45 4.54 3.43 4.31 3.37 6.89 7.02 7.36 7.51 7.51 7.21 7.06 6.91 6.76 3.28 0.00 0.00 0.00 0.00 0.00 0.00 0.00 0.00 0.00 0.00 0.00 0.00 0.00 0.00 0.00 0.00 0.00 0.00 0.00 0.00 0.00
4.81 4.81 4.78 4.91 6.46 9.43 3.00 5.63 10.49 10.49 5.38 6.03 6.03 6.33 9.83 6.36 5.41 5.41 5.41 5.55 5.93 4.64 4.64 4.64 4.77 8.32 6.70 4.88 3.54 3.54 3.54 3.63 3.63 3.07 3.63 3.63 4.87 5.17 7.93 9.55 5.71 4.49 5.37 4.45 4.30 7.93 6.07 4.46 3.43 3.43 5.09 4.82 3.98 1.42 6.91 7.68 7.21 7.20 7.05 3.62 6.91 7.06 4.59 2.71 0.00 0.00 0.00 0.00 0.00 0.00 0.00 0.00 0.00 0.00 0.00 0.00 0.00 0.00 0.00 0.00 0.00 0.00 0.00 0.00
4.81 4.81 4.89 5.10 7.23 3.33 9.13 6.47 8.83 5.38 5.38 6.05 6.48 6.63 10.29 10.56 6.02 5.55 5.41 5.55 4.79 4.64 4.64 4.64 4.84 8.47 7.26 3.78 4.54 3.69 3.63 3.54 3.07 3.54 3.63 3.63 5.63 7.59 8.69 4.87 5.06 5.78 5.86 5.72 4.30 7.93 5.83 2.96 4.58 5.54 5.40 5.13 4.96 4.98 6.34 7.68 7.11 7.11 7.50 7.20 6.91 7.25 4.44 0.81 0.00 0.00 0.00 0.00 0.00 0.00 0.00 0.00 0.00 0.00 0.00 0.00 0.00 0.00 0.00 0.00 0.00 0.00 0.00 1.54
4.95 5.04 8.58 7.00 5.38 5.83 6.93 8.83 6.05 6.36 6.20 5.53 6.36 6.48 6.51 5.80 9.43 5.56 4.17 4.29 3.63 4.64 4.64 4.64 3.63 8.02 7.17 3.22 3.22 3.22 0.92 3.07 3.54 0.92 3.63 3.54 5.19 7.64 5.82 5.06 5.06 5.72 5.72 5.77 4.70 6.28 2.81 5.86 2.83 4.09 4.62 4.62 8.71 4.82 0.96 7.09 7.24 7.06 7.35 7.21 6.74 6.91 6.91 6.76 0.00 0.00 0.00 0.00 0.00 0.00 0.00 0.00 0.00 0.00 0.00 0.00 0.00 0.00 0.00 0.00 0.00 0.00 0.00 1.54
5.26 5.65 7.15 5.99 5.23 9.01 8.83 5.35 6.00 5.65 5.50 3.15 3.15 6.18 6.18 6.33 9.96 5.41 4.17 4.29 4.79 4.64 4.64 4.94 3.78 7.26 7.17 4.24 4.23 3.07 3.07 3.07 3.07 6.70 6.70 4.59 4.83 1.35 3.71 5.06 5.06 5.99 5.72 2.95 2.45 6.13 2.81 3.13 1.32 1.01 7.79 4.64 0.89 0.96 0.96 4.21 7.24 7.24 7.20 7.05 6.91 7.05 4.89 4.86 3.65 3.43 0.00 0.00 0.00 0.00 0.00 0.00 0.00 0.00 0.00 0.00 0.00 0.00 0.00 0.00 0.00 0.00 0.00 1.54
3.44 7.06 3.28 5.95 6.47 5.35 6.33 5.35 5.50 5.65 5.90 4.67 6.18 6.18 5.35 6.18 6.18 6.35 4.76 4.17 4.78 4.62 4.62 4.93 3.78 7.26 6.70 4.69 4.68 3.69 3.93 3.07 3.07 3.54 6.70 6.70 2.99 3.15 4.45 5.06 5.06 5.76 5.96 2.81 2.66 6.13 4.91 1.47 1.17 4.64 4.64 0.93 0.96 0.96 0.96 5.05 7.06 7.30 7.39 7.46 7.36 7.20 1.42 1.27 4.74 3.43 0.00 0.00 0.00 0.00 0.00 0.00 0.00 0.00 0.00 0.00 0.00 0.00 0.00 0.00 0.00 0.00 0.00 0.00
6.87 3.13 3.13 6.61 8.83 5.38 6.18 3.02 5.50 5.50 6.05 5.90 5.90 6.18 5.38 5.50 6.01 5.96 4.83 4.29 4.78 4.62 4.69 3.63 3.07 7.26 6.71 3.63 3.63 3.78 3.52 3.37 0.92 3.07 3.07 6.70 2.99 2.99 2.60 2.45 4.30 4.87 4.52 2.65 3.35 7.48 7.48 1.32 4.79 1.78 1.08 1.08 2.86 1.27 6.64 4.74 3.43 7.24 7.09 7.05 8.76 5.12 5.05 1.57 4.74 6.76 0.00 0.00 0.00 0.00 0.00 0.00 0.00 0.00 0.00 0.00 0.00 0.00 0.00 0.00 0.00 0.00 0.00 0.00
10.07 9.58 6.57 5.95 9.53 9.65 6.42 6.51 5.20 6.05 6.05 5.49 4.25 4.25 3.99 6.03 5.35 5.96 4.90 4.29 3.63 3.63 3.63 4.69 3.63 7.26 3.08 4.69 4.22 3.07 3.07 3.22 3.07 3.08 3.08 6.71 2.99 2.99 3.60 4.30 2.62 4.30 7.93 7.18 7.87 7.74 5.03 7.01 3.71 1.23 1.38 5.20 1.90 7.21 7.21 3.27 3.27 1.12 6.34 7.57 7.81 1.27 5.20 1.57 4.74 6.76 0.00 0.00 0.00 0.00 0.00 0.00 0.00 0.00 0.00 0.00 0.00 0.00 0.00 0.00 0.00 0.00 0.00 0.00
10.36 9.58 6.60 6.60 6.03 6.03 10.05 5.86 5.98 5.90 5.90 5.49 3.84 4.99 4.99 3.84 4.40 4.31 5.55 4.29 3.63 3.54 3.54 4.17 4.74 6.86 3.08 3.47 3.63 8.22 6.70 6.70 6.70 4.59 4.59 6.70 6.62 6.62 6.62 6.62 6.63 6.62 8.44 8.17 4.79 4.94 4.94 4.56 3.71 1.32 1.53 4.86 4.89 4.74 6.76 4.59 6.74 4.74 4.44 4.74 5.05 4.74 4.59 4.89 6.91 3.13 3.13 0.00 0.00 0.00 0.00 0.00 0.00 0.00 0.00 0.00 0.00 0.00 0.00 0.00 0.00 0.00 0.00 0.00
6.56 6.56 6.60 6.60 6.05 6.03 5.21 10.49 9.51 6.03 6.03 6.03 3.84 3.84 4.21 4.21 4.30 4.25 4.58 3.91 3.69 3.63 3.54 1.51 8.67 6.97 4.70 4.59 4.59 4.70 3.54 1.22 0.92 1.11 1.07 3.22 3.15 2.99 2.99 2.99 2.99 1.10 4.54 5.03 1.55 1.17 1.17 1.32 6.72 4.56 4.86 1.38 1.42 1.12 1.27 1.27 1.12 4.74 4.59 4.59 4.74 6.76 6.76 6.76 3.13 3.13 3.13 0.00 0.00 0.00 0.00 0.00 0.00 0.00 0.00 0.00 0.00 0.00 0.00 0.00 0.00 0.00 0.00 0.00
6.56 6.56 7.38 6.75 6.05 4.25 4.44 4.33 4.32 9.65 9.65 6.03 4.25 4.38 4.38 4.21 4.20 4.58 4.32 4.71 2.94 3.78 4.78 6.71 4.59 4.59 3.22 0.96 0.96 3.22 3.39 3.37 3.07 1.22 1.07 3.07 0.90 3.15 6.77 3.16 2.99 1.50 1.92 1.77 1.62 1.47 1.47 1.47 4.79 7.19 3.56 1.47 1.49 1.12 1.42 1.27 5.05 4.89 4.59 4.74 4.74 6.91 6.91 6.76 6.76 3.13 3.13 3.13 0.00 0.00 0.00 0.00 0.00 0.00 0.00 0.00 0.00 0.00 0.00 0.00 0.00 0.00 0.00 0.00
5.95 3.37 5.95 5.95 5.20 4.53 4.56 3.67 4.25 4.25 7.88 7.88 4.25 4.25 3.84 4.38 3.84 4.12 4.32 4.32 0.99 3.22 8.32 8.24 1.51 4.59 0.96 1.11 1.22 1.07 3.07 3.07 3.07 3.22 1.22 1.08 2.99 6.62 2.99 3.15 3.81 3.66 1.55 3.97 1.32 1.47 1.32 1.32 1.01 7.29 3.56 1.08 1.19 0.96 1.27 5.05 4.89 1.12 0.96 3.07 6.70 4.74 1.12 4.45 7.06 3.28 3.13 3.13 2.45 2.45 0.00 0.00 0.00 0.00 0.00 0.00 0.00 0.00 0.00 0.00 0.00 0.00 0.00 0.00
5.95 6.60 5.95 4.39 3.67 4.56 4.53 4.25 4.38 3.70 4.25 8.00 4.35 4.38 4.25 4.38 3.84 4.32 4.31 4.31 8.67 8.67 4.62 4.62 4.60 1.38 5.14 0.96 1.23 0.96 3.08 3.07 3.08 3.07 3.08 3.07 2.99 7.07 2.99 3.15 3.81 3.66 1.17 1.17 3.81 1.17 1.01 1.10 1.01 3.66 6.72 3.56 6.74 6.76 6.76 6.76 6.76 6.76 6.76 6.76 6.76 3.13 3.13 3.28 7.06 3.13 3.13 3.13 4.17 2.61 2.45 2.45 2.45 2.45 2.45 2.61 2.45 2.45 2.45 2.61 2.45 2.61 2.45 2.61
9.62 6.46 6.07 4.52 4.53 4.35 4.25 4.49 4.49 4.53 4.53 5.36 8.21 4.40 4.13 4.32 4.11 4.19 4.30 9.19 8.22 4.13 4.31 4.13 4.58 4.58 5.14 6.70 0.92 3.07 3.07 3.07 3.07 3.07 3.07 3.07 2.99 6.62 2.99 3.85 4.31 4.31 4.09 4.17 4.64 4.64 4.49 4.49 4.94 1.01 1.01 6.72 3.28 3.28 3.13 3.13 3.13 3.13 3.13 3.13 3.13 3.13 3.13 3.13 6.76 0.81 0.81 0.81 1.24 1.24 1.09 1.09 1.09 1.09 1.09 1.09 1.09 1.09 1.09 1.09 1.09 1.09 1.09 1.09
6.46 10.09 5.95 4.95 4.53 4.40 4.49 4.33 4.64 1.47 4.72 4.57 4.47 8.18 4.40 4.40 4.47 4.66 8.01 8.29 3.83 4.59 4.13 3.47 4.74 1.66 1.51 8.67 0.92 4.59 6.70 6.70 4.55 4.52 4.52 4.52 0.87 6.54 7.01 7.01 3.39 3.54 4.09 4.17 4.49 4.39 4.64 1.88 1.87 1.01 4.64 7.48 6.76 3.13 3.13 3.13 3.13 3.13 3.13 3.13 3.13 3.13 3.13 3.13 6.76 3.13 3.13 0.81 1.09 4.02 4.02 4.02 4.02 4.02 4.02 4.02 4.02 4.02 4.02 4.02 4.02 4.02 4.02 4.02
6.00 5.87 5.87 3.70 3.71 3.94 3.94 3.94 0.97 1.38 3.53 3.92 3.37 8.77 3.90 3.96 4.09 7.00 6.85 3.88 3.51 4.21 4.21 4.36 4.35 4.35 3.75 4.20 5.02 3.74 2.69 2.69 0.85 2.61 0.78 2.61 4.45 6.76 3.13 3.13 1.39 3.59 3.13 0.95 1.32 1.10 1.40 1.55 4.73 4.57 4.57 4.57 4.64 2.99 2.99 2.99 2.99 2.99 2.99 2.99 2.99 2.99 2.99 2.99 6.62 2.99 2.99 0.78 0.84 3.18 3.18 3.18 3.18 3.18 3.18 3.18 3.18 3.18 3.18 3.18 3.18 3.18 3.18 3.18
6.00 6.00 4.35 4.22 3.77 4.09 1.12 3.82 0.97 3.37 4.07 3.81 3.64 6.85 6.85 6.85 7.57 4.09 7.32 4.79 3.51 4.58 4.21 4.36 4.20 4.20 4.20 3.75 8.28 2.69 6.32 6.32 4.44 4.43 6.27 2.61 0.87 4.94 3.13 3.13 3.28 3.43 3.44 1.06 1.25 1.25 4.88 4.88 4.42 3.55 0.95 1.10 1.16 4.64 2.99 2.99 2.99 2.99 2.99 2.99 2.99 2.99 2.99 2.99 6.62 0.78 0.78 0.78 0.84 3.18 0.00 0.00 0.00 0.00 0.00 0.00 0.00 0.00 0.00 0.00 0.00 0.00 0.00 0.00
6.15 4.35 3.70 4.22 3.77 3.22 3.37 0.97 3.37 3.37 4.05 3.90 3.79 3.94 3.37 3.37 7.57 3.94 3.22 6.85 1.37 3.50 4.19 4.19 4.18 4.18 4.18 4.18 7.81 6.33 2.70 2.70 2.70 2.64 2.64 6.68 4.49 4.57 6.76 0.94 3.13 3.28 3.28 1.06 3.70 4.88 1.10 1.10 1.16 3.88 3.70 1.25 3.38 3.39 6.86 2.99 2.99 2.99 2.99 2.99 2.99 0.93 1.08 1.05 6.62 0.78 0.93 0.93 0.84 0.84 0.00 0.00 0.00 0.00 0.00 0.00 0.00 0.00 0.00 0.00 0.00 0.00 0.00 0.00
6.30 4.38 4.22 3.70 3.22 3.22 3.22 3.77 4.07 1.27 1.80 4.28 3.22 3.69 3.37 6.85 7.57 3.87 6.85 7.49 3.50 3.50 4.19 4.19 4.18 4.18 4.18 4.18 7.81 6.33 2.70 2.70 2.70 2.64 6.86 6.68 6.92 6.76 3.28 4.72 6.76 3.13 1.02 3.38 4.57 0.95 4.03 3.88 3.88 3.88 3.88 4.79 4.92 1.16 4.49 0.93 3.14 2.99 2.99 6.62 6.62 4.83 7.22 4.71 4.41 4.56 1.08 1.08 0.84 0.84 0.84 0.00 0.00 0.00 0.00 0.00 0.00 0.00 0.00 0.00 0.00 0.00 0.00 0.00
6.15 4.38 3.70 3.82 3.22 3.22 3.22 1.08 1.08 3.22 4.12 3.77 1.08 3.79 3.88 6.85 3.87 7.49 7.74 4.99 3.50 3.50 3.50 4.19 4.18 4.18 4.18 4.18 7.81 4.59 6.47 4.59 6.47 6.86 3.23 0.83 3.13 6.76 3.28 3.28 3.13 6.92 7.01 4.95 1.32 0.95 1.10 1.10 3.88 3.29 3.44 3.46 1.01 4.64 4.56 1.08 3.44 3.29 6.61 6.62 3.29 1.23 1.20 1.05 0.78 5.01 1.54 0.93 0.84 0.96 0.84 0.00 0.00 0.00 0.00 0.00 0.00 0.00 0.00 0.00 0.00 0.00 3.18 3.18
4.65 4.50 4.28 4.46 3.22 3.22 3.22 3.22 3.80 3.80 3.90 3.86 3.69 4.03 3.52 7.51 7.49 7.49 3.94 4.99 3.50 3.50 3.50 4.19 4.18 4.18 4.18 4.18 5.02 1.11 3.00 2.70 1.22 0.98 0.83 0.83 0.94 6.76 3.13 0.94 0.98 3.28 0.95 4.73 1.17 3.38 3.85 3.60 3.44 3.44 3.60 1.32 1.01 6.86 3.29 1.23 1.39 7.07 3.14 2.99 3.29 1.08 3.14 2.99 0.78 4.56 5.47 1.39 0.84 0.84 0.84 0.84 0.00 0.00 0.00 0.00 0.00 0.00 0.00 0.00 3.18 3.90 0.84 0.84
4.65 4.43 4.36 4.61 3.94 3.77 3.22 3.77 3.77 3.69 3.95 3.79 3.78 4.84 4.90 6.85 4.76 1.50 3.86 3.86 3.49 3.23 3.49 3.49 4.18 4.18 4.18 4.65 4.48 3.00 0.96 1.00 1.07 3.95 3.33 3.33 3.38 7.01 7.43 3.38 1.02 3.54 3.69 4.79 3.54 4.17 3.19 3.60 3.44 3.44 3.29 3.44 4.41 6.77 3.14 1.35 1.99 3.44 3.14 1.08 4.71 3.14 2.99 3.19 6.62 4.56 1.35 3.44 0.84 3.18 0.00 0.84 0.84 0.00 0.00 0.00 0.00 0.00 0.00 3.18 0.84 0.84 0.84 3.18
4.21 4.36 4.44 4.44 3.92 3.77 3.77 3.77 3.77 3.94 3.69 3.79 3.94 1.23 4.75 3.22 6.85 3.22 3.86 4.01 3.64 1.37 1.37 1.37 4.58 4.31 4.73 4.16 4.41 6.27 3.21 3.72 3.57 3.33 3.51 3.33 7.01 7.01 4.64 7.01 7.01 7.01 7.43 7.01 7.82 4.06 4.06 3.44 3.29 3.29 3.44 3.75 7.07 2.99 3.14 1.39 1.54 1.23 2.98 3.59 4.86 2.99 6.62 6.62 6.62 2.99 2.99 2.99 0.84 0.00 0.00 0.00 0.84 0.84 0.00 0.00 0.00 3.90 0.84 0.84 0.84 3.18 3.18 0.00
