New_Model_Runs/9_Future_Present_Scn2_out/post_prcessed_with_MFR/Monthly_summaries/net_infiltration_monthly_JUL.asc
NCOLS 700
NROWS 400
XLLCENTER 515000.000000
YLLCENTER 8409000.000000
CELLSIZE 50.000000
NODATA_value -999.000000
[rows 114 to 151 of 400, columns 420 to 503 of 700]
3.71 3.86 3.71 3.86 3.74 3.74 3.74 3.47 3.46 3.46 3.46 3.46 3.93 3.74 3.74 3.74 3.85 3.85 3.85 3.85 3.95 3.95 4.52 4.52 4.39 4.39 4.53 3.54 5.09 4.09 7.48 5.48 4.85 4.56 4.48 4.48 4.43 4.43 4.43 4.43 4.35 4.35 4.35 4.16 4.34 4.34 4.34 4.34 4.35 4.35 4.35 4.35 4.48 4.48 4.48 4.76 4.88 4.96 3.70 3.97 4.58 4.58 4.51 4.58 4.41 3.70 4.79 4.79 4.72 4.72 4.20 4.13 4.21 4.01 4.21 4.21 4.01 4.01 4.01 3.78 3.90 3.90 3.90 3.90
3.71 3.71 3.71 3.71 3.74 3.74 3.74 3.74 3.46 3.46 3.46 3.46 3.74 3.74 3.74 3.74 3.85 3.85 3.85 3.85 3.95 4.37 4.46 4.37 4.39 4.53 4.53 4.54 4.85 8.05 7.02 3.24 4.91 5.05 4.52 4.48 4.43 4.43 4.43 4.43 4.35 4.35 4.35 4.35 4.34 4.34 4.34 4.34 4.35 4.35 4.35 4.53 4.48 4.48 4.48 4.48 4.96 3.80 3.95 3.73 3.90 4.87 4.87 4.58 4.56 4.79 4.79 4.79 4.72 4.72 4.67 4.13 4.21 4.21 4.21 4.21 4.01 4.01 4.01 4.01 4.45 3.90 4.28 4.28
3.54 3.82 3.82 3.82 3.85 3.85 3.85 3.85 3.54 3.54 3.54 3.54 3.80 3.80 3.80 3.80 3.84 3.84 3.84 3.84 3.91 4.32 4.32 4.32 4.33 4.33 4.33 3.92 4.13 4.13 3.66 4.77 8.73 4.95 4.80 4.76 4.33 4.27 4.46 4.46 4.39 4.39 4.66 4.66 4.87 4.37 4.37 4.37 4.36 4.36 4.36 4.36 4.67 4.69 4.47 4.74 4.84 4.94 4.94 4.55 4.94 4.92 4.83 4.55 4.51 4.43 4.43 4.43 4.49 4.71 4.67 4.30 4.05 4.19 4.19 4.19 3.98 3.75 3.75 3.98 4.15 4.15 4.15 3.98
3.82 3.82 3.82 3.82 3.85 3.85 3.85 3.85 3.82 3.54 3.54 3.54 3.80 3.80 3.80 3.80 3.84 3.84 3.84 3.84 3.91 4.32 4.32 3.91 3.92 3.92 3.92 3.95 4.13 4.08 4.80 4.98 8.73 4.95 4.76 4.76 4.84 4.33 4.73 4.73 4.26 4.66 4.66 4.66 4.62 4.37 4.56 4.37 4.36 4.55 4.36 4.36 4.47 4.47 4.47 4.74 4.84 4.84 4.56 4.56 4.83 4.47 4.56 4.41 4.37 4.37 4.37 4.43 4.33 4.33 4.10 4.30 4.19 4.19 4.19 3.98 3.75 3.99 3.98 3.98 4.15 3.98 3.98 3.98
3.82 3.82 3.82 3.82 3.85 3.85 3.85 3.85 3.82 3.54 3.54 3.54 3.80 3.80 3.80 3.80 4.03 4.03 3.84 3.84 3.91 3.91 3.91 3.91 3.92 3.92 3.92 3.92 4.08 4.39 4.85 5.00 8.76 4.91 4.76 4.76 4.73 4.76 4.73 4.76 4.66 4.66 4.66 4.66 4.62 4.37 4.37 4.37 4.36 4.55 4.36 4.36 4.47 4.47 4.69 4.69 4.56 4.56 4.56 4.56 4.79 4.83 4.56 4.68 4.51 4.51 4.51 4.73 4.94 4.69 4.30 4.30 4.19 4.19 4.19 4.19 3.98 4.12 3.98 3.98 3.98 4.12 3.98 3.98
3.82 3.82 3.82 3.54 3.85 3.85 3.85 3.85 3.82 3.54 3.54 3.54 3.80 3.80 3.80 3.80 3.84 3.84 3.84 3.84 3.91 3.91 3.91 3.91 3.92 4.12 3.92 3.92 4.13 5.05 4.48 4.76 8.39 8.39 4.36 4.36 4.73 4.73 4.73 4.73 4.39 4.39 4.39 4.39 4.37 4.62 4.56 4.37 4.36 4.36 4.36 4.36 4.47 4.47 4.47 4.47 4.56 4.56 4.56 4.56 4.55 4.47 4.47 4.41 4.79 4.74 4.51 4.51 4.44 4.33 4.10 4.10 3.98 4.19 4.19 4.19 3.98 3.98 3.98 3.98 3.98 3.98 3.98 4.11
3.98 3.71 3.98 3.98 3.98 3.98 3.98 3.98 3.95 3.95 3.65 3.65 3.88 3.88 3.88 3.88 3.83 3.83 3.83 3.83 3.82 3.82 3.82 3.82 3.87 3.87 3.87 3.87 4.12 4.47 4.47 4.74 8.63 4.91 4.79 4.76 4.71 4.25 4.44 4.44 4.37 4.37 4.37 4.37 4.38 4.65 4.60 4.38 4.38 4.38 4.38 4.59 4.42 4.42 4.42 4.85 4.47 4.47 4.47 4.47 4.48 4.48 4.33 4.33 4.43 4.43 4.43 4.43 4.36 4.54 4.21 4.21 3.94 3.94 4.16 4.16 3.89 3.89 3.89 4.02 3.84 3.97 3.84 3.97
3.98 3.71 4.20 3.98 3.98 3.98 3.98 3.98 3.95 3.95 3.65 3.65 3.88 3.88 3.88 3.88 3.83 3.83 3.83 3.83 3.82 3.82 4.01 3.82 3.87 3.87 4.27 4.27 4.57 4.74 4.74 4.84 7.44 5.00 4.82 4.36 5.00 4.44 4.44 4.44 4.37 4.37 4.37 4.37 4.60 4.60 4.38 4.38 4.38 4.38 4.59 4.38 4.42 4.42 4.42 4.42 4.47 4.69 4.47 4.47 4.48 4.48 4.70 4.73 4.87 4.62 4.43 4.43 4.36 4.36 4.21 4.21 4.08 3.94 4.08 4.16 3.89 3.89 3.89 3.89 3.84 3.84 3.84 3.84
3.98 3.71 4.20 4.20 3.98 3.98 3.98 3.79 3.95 3.95 3.95 3.65 3.88 3.88 3.88 3.88 3.83 3.83 3.83 3.83 3.82 3.82 3.82 3.82 3.87 4.27 4.27 4.27 4.57 4.74 4.84 4.81 7.29 4.76 4.76 4.76 4.71 4.44 4.44 4.44 4.37 4.59 4.37 4.37 4.38 4.38 4.38 4.38 4.38 4.59 4.38 4.38 4.42 4.42 4.42 4.42 4.47 4.47 4.47 4.47 4.48 4.48 4.48 4.48 4.62 4.43 4.43 4.43 4.36 4.54 4.28 4.21 4.16 4.16 4.16 4.16 3.89 3.89 3.89 3.89 3.84 3.84 3.84 3.84
3.98 4.20 4.20 4.20 4.19 4.19 4.19 3.75 3.95 3.95 3.95 3.65 3.88 3.88 3.88 3.88 3.83 3.83 3.83 3.83 3.82 3.82 3.78 3.82 3.87 3.87 3.87 3.87 4.12 4.47 4.47 4.39 7.29 4.80 4.76 4.85 4.71 4.44 4.44 4.44 4.37 4.37 4.37 4.37 4.38 4.38 4.38 4.38 4.38 4.38 4.60 4.38 4.42 4.42 4.42 4.85 4.47 4.47 4.47 4.47 4.33 4.48 4.48 4.52 4.26 4.43 4.43 4.43 4.36 4.53 4.21 4.13 4.16 4.16 4.16 4.16 3.89 3.89 3.89 3.89 3.84 3.84 3.84 3.84
4.02 4.24 4.29 4.24 4.25 4.25 4.25 4.40 4.30 3.78 4.05 3.76 3.94 4.37 4.37 3.95 3.90 3.90 3.90 4.31 3.82 3.82 4.23 3.82 3.81 3.81 3.81 3.81 4.08 4.23 4.23 4.28 7.24 3.66 3.71 4.83 4.69 4.69 4.42 4.42 4.38 4.38 4.38 4.38 4.43 4.43 4.43 4.43 4.39 4.39 4.39 4.39 4.37 4.37 4.37 4.59 4.39 4.39 4.39 4.39 4.38 4.41 4.21 4.38 4.14 4.32 4.32 4.32 4.28 4.28 4.14 4.14 4.13 4.13 4.13 4.13 3.90 3.90 3.90 3.90 3.91 3.91 3.91 3.91
4.07 4.29 4.24 4.29 4.25 4.27 3.97 4.60 4.55 2.84 2.84 4.55 4.37 4.37 4.37 4.37 4.49 4.31 4.31 4.49 4.13 3.78 3.82 3.78 3.81 3.81 3.81 3.81 4.08 4.42 4.42 4.42 4.31 7.24 4.77 4.77 4.69 4.69 4.42 4.42 4.38 4.38 4.38 4.38 4.43 4.65 4.43 4.43 4.39 4.21 4.39 4.39 4.37 4.37 4.37 4.37 4.39 4.39 4.39 5.03 4.38 4.56 4.38 4.21 4.32 4.32 4.32 4.32 4.28 4.46 4.14 4.14 4.13 4.13 4.13 4.13 3.90 3.90 3.90 3.90 3.91 3.91 3.91 3.91
4.29 3.06 4.26 4.41 4.42 4.27 4.25 4.25 4.81 3.47 6.47 7.14 8.19 8.04 8.04 8.34 8.12 8.09 4.71 4.49 3.90 3.90 3.82 3.82 3.81 3.81 3.81 3.81 4.08 4.42 4.42 4.42 4.67 8.41 4.55 4.83 4.69 4.69 4.69 4.42 4.38 4.38 4.38 4.61 4.43 4.43 4.43 4.43 4.39 4.21 4.39 4.39 4.37 4.37 4.37 4.37 4.39 4.39 4.39 4.61 4.59 4.56 4.38 4.38 4.32 4.32 4.32 4.32 4.28 4.28 4.14 4.14 4.13 4.13 4.13 4.13 3.90 3.90 3.90 3.90 3.91 3.91 3.91 3.91
4.29 3.98 4.60 4.57 3.77 3.45 4.73 3.06 0.97 2.84 4.85 6.99 3.70 3.78 4.42 4.37 4.46 4.46 4.31 4.49 4.47 3.90 4.59 3.82 3.81 3.81 3.81 3.81 4.08 4.95 4.42 4.42 4.45 4.45 4.45 4.85 4.82 4.72 4.29 4.69 4.38 4.38 4.38 4.38 4.43 4.43 4.43 4.43 4.39 4.39 4.21 4.39 4.57 4.57 4.37 4.37 4.39 4.39 4.39 4.39 4.38 4.56 4.38 4.38 4.32 4.32 4.32 4.32 4.28 4.28 4.14 4.14 4.13 4.13 4.13 4.13 3.90 3.90 3.90 3.90 3.91 3.91 3.91 3.91
3.95 4.71 3.00 2.84 3.30 1.67 3.93 3.67 0.97 3.06 3.17 6.99 4.32 4.43 4.39 4.39 4.03 4.34 4.48 4.50 3.77 4.15 4.02 3.81 3.73 3.77 3.21 3.77 4.00 4.13 4.34 4.34 4.42 4.42 4.69 4.84 4.71 4.71 4.73 4.71 4.96 4.64 4.42 4.35 4.73 4.73 4.73 4.28 4.40 4.40 4.40 4.40 4.35 4.54 4.35 4.35 4.33 4.33 4.33 4.33 4.32 4.32 4.32 4.32 4.35 4.35 4.35 4.35 4.34 4.16 4.20 4.20 4.19 4.19 4.19 4.19 4.00 4.00 4.00 4.00 4.02 4.02 4.02 4.02
5.42 5.89 4.84 5.00 6.77 5.30 6.96 6.80 6.47 6.84 6.47 6.84 3.54 4.20 4.39 4.43 4.03 4.34 4.50 4.50 4.35 4.15 3.84 3.84 3.77 3.21 3.21 3.21 4.34 4.34 4.34 4.34 4.42 4.42 4.69 4.69 4.83 4.83 4.71 4.71 5.04 4.29 4.69 4.69 4.73 4.73 4.77 5.00 4.66 4.62 4.40 4.40 4.35 4.35 4.35 4.35 4.33 4.33 4.33 4.33 4.32 4.48 4.32 4.32 4.35 4.35 4.35 4.35 4.16 4.34 4.20 4.20 4.19 4.19 4.19 4.19 4.00 4.00 4.00 4.00 4.02 4.02 4.02 4.02
8.27 1.94 4.19 1.92 2.52 2.22 4.73 5.11 3.74 4.40 4.70 4.73 4.54 4.33 4.18 4.40 4.51 4.48 4.18 4.13 4.25 3.58 3.58 3.85 2.98 2.98 2.98 2.98 3.57 4.42 4.60 4.42 4.49 4.49 4.76 4.70 4.78 4.78 4.73 4.51 5.04 4.76 4.76 4.76 4.91 4.64 4.86 5.19 4.84 4.58 5.01 4.58 4.53 4.53 4.53 4.53 4.51 4.51 4.70 4.51 4.19 4.19 4.19 4.19 4.21 4.21 4.21 4.21 4.21 4.21 3.85 4.06 4.06 4.06 4.06 4.06 3.90 3.90 4.04 3.90 3.92 3.92 3.92 3.92
5.72 4.49 4.34 3.89 4.85 4.34 1.47 1.32 3.89 4.43 4.73 4.53 4.39 4.33 4.32 4.32 4.13 3.75 3.93 3.75 3.66 3.66 3.66 3.66 3.31 2.98 2.98 2.98 3.57 4.42 4.42 4.42 4.49 4.49 4.49 4.76 4.78 4.51 4.51 4.51 4.76 4.76 4.76 4.76 4.64 4.64 4.64 4.64 4.58 4.58 4.58 4.58 4.53 4.53 4.53 4.53 4.51 4.51 4.51 4.51 4.19 4.19 4.19 4.19 4.21 4.21 4.21 4.03 4.23 4.03 4.06 4.06 4.06 4.06 4.06 4.06 3.90 3.90 3.90 3.69 3.71 3.92 3.92 3.92
5.70 4.64 2.54 3.65 3.74 1.47 3.74 3.58 3.89 4.28 4.54 4.52 4.31 4.31 4.38 4.31 3.90 3.71 3.71 3.71 3.62 3.62 3.62 3.31 2.98 2.98 2.98 2.98 3.57 4.36 4.36 4.36 4.45 4.45 4.70 4.70 4.45 4.45 4.45 4.45 4.71 4.45 4.45 4.45 4.60 4.60 4.60 4.60 4.55 4.55 4.55 4.55 4.89 4.51 4.39 4.51 4.50 4.50 4.50 4.50 4.23 4.23 4.23 4.23 4.28 4.28 4.28 4.28 4.57 4.09 4.12 3.91 4.11 4.11 4.11 4.11 3.94 3.94 3.94 3.94 4.08 3.95 3.95 3.95
3.58 5.26 1.94 3.50 3.74 3.58 3.43 3.74 1.62 4.82 4.52 4.53 4.38 4.32 4.31 3.95 3.71 3.71 3.71 3.71 3.62 3.80 3.62 3.62 3.41 3.31 2.98 2.98 3.57 4.36 4.36 4.36 4.45 4.70 4.70 4.45 4.45 4.45 4.45 4.45 4.45 4.66 4.45 4.45 4.60 4.60 4.60 4.60 4.55 4.55 4.55 4.55 4.51 4.51 4.51 4.51 4.50 4.50 4.50 4.50 4.23 4.23 4.23 4.23 4.28 4.28 4.28 4.28 4.27 4.27 3.91 3.91 3.90 4.11 4.11 4.11 3.94 3.94 3.94 3.94 3.95 3.95 3.95 3.95
0.00 0.00 4.23 4.34 1.64 1.48 4.04 4.19 4.88 4.67 4.31 4.31 4.25 4.31 4.08 4.08 3.71 3.71 3.71 3.71 3.62 3.62 3.62 3.62 2.98 2.98 2.98 2.98 3.57 3.57 4.36 4.36 4.81 4.45 4.45 4.45 4.45 4.45 4.45 4.45 4.45 4.45 4.45 4.45 4.60 4.60 4.82 4.60 4.55 4.55 4.77 4.55 4.51 4.51 4.51 4.51 4.50 4.50 4.50 4.50 4.23 4.23 4.23 4.23 4.28 4.28 4.28 4.28 4.27 4.27 4.12 4.12 4.11 4.11 4.11 4.11 3.94 3.94 3.94 3.94 3.95 3.95 3.95 3.95
0.00 0.00 0.00 5.55 2.07 4.49 5.72 3.89 5.00 4.31 4.31 4.31 4.08 4.08 4.08 4.08 3.71 3.71 3.71 3.71 3.62 3.62 2.98 2.98 3.31 2.98 2.98 2.98 3.57 3.57 4.36 4.36 3.68 4.45 4.45 3.57 3.57 3.57 4.45 4.45 4.45 4.45 4.65 4.45 4.60 4.81 4.60 4.60 4.55 5.02 4.77 4.55 4.51 4.51 4.51 4.51 4.50 4.50 4.50 4.50 4.23 4.23 4.23 4.23 4.28 4.28 4.28 4.28 4.27 4.27 4.12 4.12 4.11 4.11 4.11 4.11 3.94 3.94 3.94 3.94 3.95 3.95 3.95 3.95
0.00 0.00 0.00 0.00 2.07 5.41 9.48 4.89 4.25 4.25 4.25 4.25 4.00 4.00 4.00 4.00 3.63 3.63 3.63 3.63 3.54 2.98 2.98 2.98 3.31 2.98 2.98 2.98 3.57 3.57 3.57 3.57 3.57 3.57 3.57 3.57 3.57 4.41 4.49 4.41 4.44 4.44 4.44 4.44 4.57 4.57 4.57 4.57 4.56 4.56 4.56 4.56 4.52 4.52 4.52 4.52 4.52 4.52 4.52 4.52 4.24 4.24 4.24 4.24 4.26 4.26 4.26 4.26 4.28 4.28 4.13 4.13 4.16 4.16 4.16 4.16 3.95 3.95 3.95 3.95 3.94 3.94 3.94 3.94
0.00 0.00 0.00 0.00 5.24 5.11 4.74 4.43 4.41 4.25 4.25 4.41 4.17 4.00 4.00 4.00 3.92 3.63 3.63 3.85 3.54 2.98 2.98 2.98 2.98 2.98 2.98 2.98 3.57 3.57 3.78 3.68 3.57 3.57 3.57 3.57 3.57 3.57 3.57 4.41 4.44 4.44 4.44 4.44 4.57 4.57 4.57 4.57 4.56 4.56 4.56 4.56 4.52 4.52 4.52 4.52 4.52 4.52 4.52 4.52 4.24 4.24 4.24 4.24 4.26 4.26 4.26 4.26 4.28 4.28 4.13 4.13 4.22 4.09 4.16 4.16 3.74 3.95 3.95 3.95 3.94 3.94 4.07 3.94
0.00 0.00 0.00 0.00 3.78 3.74 4.44 4.28 4.41 4.25 4.25 4.25 4.00 4.17 4.00 4.00 3.64 3.63 3.63 2.98 2.98 2.98 2.98 2.98 2.98 2.98 2.98 2.98 3.57 3.57 3.57 3.57 3.57 3.57 3.57 3.57 3.57 3.57 3.57 4.41 4.44 4.44 4.44 4.44 4.57 4.57 4.57 4.57 4.76 4.56 4.75 4.94 4.52 4.52 4.52 4.71 4.52 4.52 4.52 4.52 4.24 4.24 4.05 4.24 4.26 4.26 4.26 4.08 4.28 4.28 4.13 4.13 4.09 4.22 4.16 3.96 3.95 3.95 3.95 3.95 4.07 3.94 3.94 4.14
0.00 0.00 0.00 0.00 0.00 4.89 4.28 4.28 4.25 4.25 4.25 4.25 4.00 4.00 4.00 4.00 2.81 2.81 2.98 2.98 2.98 2.98 2.98 2.98 2.98 2.98 2.98 2.98 3.57 3.57 3.57 3.57 3.57 3.57 3.57 3.57 4.41 4.41 4.41 4.41 4.62 4.44 4.44 4.44 4.78 4.57 4.57 4.57 4.56 4.56 4.56 4.56 5.01 4.90 4.90 4.52 4.52 4.52 4.52 4.40 4.28 4.24 4.24 4.24 4.26 4.43 4.26 4.26 4.28 4.28 4.13 4.13 4.16 4.16 4.09 4.16 3.95 3.95 3.95 3.95 3.94 4.07 4.09 4.27
0.00 0.00 0.00 0.00 0.00 4.69 4.24 4.24 4.21 4.21 4.21 4.21 3.93 3.93 3.93 3.93 3.51 3.80 3.53 2.98 2.98 2.98 2.98 2.98 2.98 2.98 2.98 2.81 3.57 3.57 4.64 3.57 3.57 3.57 3.57 3.57 4.43 4.43 4.81 4.62 4.42 4.42 4.42 4.42 4.56 4.56 4.56 4.56 4.75 4.56 4.56 4.56 4.53 4.53 4.53 4.53 4.55 4.55 4.55 4.55 4.21 4.21 4.21 4.21 4.38 4.21 4.21 4.03 4.27 4.27 4.12 4.12 4.20 4.20 4.20 4.12 3.97 3.97 3.97 3.97 3.93 3.93 3.93 3.93
0.00 0.00 0.00 0.00 5.60 4.54 4.24 4.39 4.21 4.31 4.21 4.21 3.93 3.93 3.93 3.93 3.80 3.80 3.53 3.53 3.50 2.98 2.98 3.50 3.56 2.98 2.98 2.81 3.57 3.57 3.57 3.57 3.57 3.57 4.41 4.41 4.43 4.43 4.43 4.43 4.42 4.42 4.60 4.42 4.56 4.56 4.56 4.56 4.56 4.56 4.56 4.56 4.53 4.53 4.53 4.53 4.55 4.55 4.55 4.55 4.21 4.21 4.21 4.21 4.21 4.21 4.21 4.21 4.44 4.27 4.12 4.12 4.20 4.20 4.20 4.20 3.97 3.77 3.97 3.97 4.32 3.93 3.93 3.93
0.00 0.00 0.00 1.62 5.82 4.69 4.24 4.24 4.31 4.52 4.40 4.40 4.14 4.14 4.14 3.93 3.80 3.80 3.80 3.53 3.50 3.50 3.50 3.50 3.56 3.56 2.98 2.81 3.57 3.57 3.57 3.57 3.57 3.57 3.57 4.41 4.43 4.43 4.43 4.43 4.42 4.42 4.42 4.42 4.56 4.56 4.77 4.56 4.56 4.56 4.56 4.56 4.53 4.53 4.53 4.53 4.55 4.55 4.55 4.55 4.21 4.21 4.21 4.21 4.21 4.21 4.03 4.21 4.44 4.27 4.12 4.12 4.20 4.20 4.00 4.39 3.77 3.97 3.97 3.97 3.93 3.93 3.93 3.93
0.00 0.00 0.00 4.08 4.63 4.39 4.24 4.33 4.52 4.52 4.52 4.52 4.14 4.14 4.14 4.14 3.80 3.80 3.80 3.53 3.50 3.50 3.50 3.50 3.56 3.56 3.56 2.81 3.57 3.57 3.57 3.57 3.57 3.57 3.57 3.57 4.43 4.43 4.43 4.43 4.42 4.42 4.42 4.42 4.56 4.56 4.56 4.56 4.76 4.56 4.56 4.56 4.53 4.71 4.53 4.53 4.55 4.55 4.55 4.55 4.21 4.21 4.21 4.21 4.21 4.21 4.21 4.21 4.27 4.27 4.12 4.12 4.20 4.20 4.20 4.39 4.13 3.97 3.97 3.97 3.72 3.93 4.01 3.93
0.00 0.00 0.00 5.40 5.69 4.83 4.53 4.28 4.12 4.52 4.40 4.40 4.09 4.09 3.64 3.88 3.76 3.76 3.76 3.76 3.56 3.56 3.56 3.56 3.65 3.65 3.65 3.94 4.47 4.47 3.57 3.57 3.57 3.57 3.57 3.57 4.46 4.46 4.46 4.46 4.39 4.39 4.39 4.39 4.55 4.55 4.55 4.55 4.55 4.55 4.55 4.43 4.55 4.55 4.55 4.55 4.59 4.59 4.59 4.59 4.25 4.25 4.25 4.25 4.21 4.21 4.21 4.21 4.26 4.26 4.11 4.11 4.19 4.19 4.19 5.11 8.65 4.78 5.02 4.72 3.95 3.82 4.09 4.14
0.00 0.00 4.96 1.94 1.79 2.09 4.34 4.43 4.67 4.52 4.60 4.40 4.09 4.28 4.02 3.88 3.76 3.76 3.76 3.76 3.56 3.56 3.56 3.56 3.65 3.65 3.65 3.94 4.47 4.47 3.57 3.57 4.47 3.57 3.57 3.57 4.46 4.46 4.46 4.46 4.39 4.39 4.39 4.39 4.55 4.55 4.55 4.55 4.55 4.55 4.43 4.43 4.55 4.55 4.55 4.55 4.59 4.59 4.59 4.59 4.25 4.25 4.25 4.25 4.21 4.21 4.21 4.21 4.26 4.26 4.11 4.11 4.19 4.31 4.19 4.15 3.94 8.80 8.80 6.62 3.59 3.59 3.90 3.66
0.00 0.00 8.21 2.57 2.42 5.03 4.43 4.50 4.37 4.37 4.37 4.18 3.94 3.94 3.76 3.76 3.63 3.63 3.63 3.63 3.45 3.45 3.45 3.45 3.53 3.53 3.53 3.81 4.05 4.05 4.05 4.05 4.05 4.05 4.05 3.15 4.02 4.02 4.02 4.02 3.96 3.96 3.96 3.96 3.79 3.79 3.79 3.79 3.78 3.78 3.78 3.53 3.78 3.78 3.78 3.78 3.83 3.83 3.83 3.83 3.84 3.84 3.84 3.84 3.80 3.80 3.80 3.80 3.84 3.84 3.69 3.69 3.76 3.76 3.76 3.76 3.67 3.67 4.37 4.37 4.95 3.54 4.16 5.10
0.00 0.00 5.74 5.03 2.27 4.78 4.50 4.40 4.48 4.37 4.18 4.18 3.76 3.76 3.76 3.76 3.35 3.35 3.63 3.63 3.71 3.45 3.45 3.45 3.53 3.53 3.53 3.81 4.05 4.05 4.05 4.05 4.05 4.05 4.05 3.15 4.02 4.02 4.02 4.02 3.96 3.96 3.96 3.96 3.79 3.79 3.79 3.79 3.78 3.78 3.78 3.78 3.78 3.78 3.78 3.78 3.83 3.83 4.02 3.83 3.84 3.84 3.84 3.84 3.80 3.80 3.80 3.80 3.84 3.84 3.69 3.80 3.87 3.87 3.76 3.76 3.80 3.67 4.07 4.70 4.00 7.32 7.79 0.00
0.00 0.00 5.57 2.42 4.28 4.79 4.19 4.19 4.32 4.13 4.28 4.13 3.68 3.68 3.68 3.68 3.66 3.38 3.66 3.66 3.95 3.52 3.52 3.52 3.59 3.59 3.59 3.88 4.10 4.01 4.10 4.10 4.08 4.08 4.08 4.08 4.02 4.02 4.17 4.02 3.94 3.94 3.94 3.94 3.77 3.77 3.77 3.77 3.78 3.78 3.78 3.78 3.84 3.84 3.84 3.84 3.92 3.92 4.11 4.11 4.12 4.12 4.12 3.93 3.87 3.87 3.87 3.87 3.82 3.82 3.67 3.67 3.68 3.68 3.68 3.68 3.76 3.76 4.03 4.18 4.00 4.16 7.02 0.00
0.00 0.00 3.78 4.43 4.43 4.74 4.19 4.19 4.13 4.13 4.13 4.13 3.68 3.68 3.68 3.68 3.66 3.66 3.66 3.66 3.80 3.80 3.52 3.52 3.59 3.59 3.59 3.88 4.10 4.01 3.91 4.10 4.08 4.08 4.08 4.08 3.82 4.02 4.17 4.02 3.94 3.94 3.94 3.94 3.77 3.77 3.77 3.77 3.78 3.78 3.78 3.78 3.84 3.84 3.84 3.84 4.11 4.11 4.11 4.11 4.12 4.12 4.12 3.93 3.87 3.87 3.87 3.87 3.82 3.82 3.67 3.67 3.68 3.68 3.68 3.68 3.76 3.76 3.84 4.33 1.93 1.93 3.78 0.00
0.00 0.00 0.00 7.91 2.57 2.33 4.69 4.15 4.03 4.13 4.03 4.03 3.68 3.68 3.68 3.61 3.38 3.66 3.66 3.66 3.80 3.80 3.52 3.52 3.76 3.59 3.59 3.88 4.10 4.10 4.10 4.10 4.08 4.08 4.08 4.09 4.01 4.02 4.02 4.02 3.73 3.94 3.94 3.94 3.77 3.77 3.77 3.77 3.78 3.78 3.78 3.78 3.84 3.84 3.84 4.00 3.92 3.92 4.11 4.11 4.12 4.12 4.12 4.12 3.87 3.87 3.87 3.87 3.82 3.82 3.67 3.67 3.68 3.68 3.68 3.68 3.76 3.76 3.84 4.68 2.83 5.70 0.00 0.00
0.00 0.00 0.00 3.93 2.40 2.57 4.63 4.34 4.32 4.13 4.13 4.13 3.68 3.68 3.68 3.68 3.66 3.66 3.66 3.66 3.80 3.80 3.52 3.52 3.59 3.59 3.88 3.88 4.10 4.10 4.10 4.10 4.08 4.08 4.24 4.08 4.02 4.02 4.02 4.02 3.94 3.94 3.94 3.94 3.77 3.77 3.77 3.77 3.78 3.78 3.78 3.78 3.84 3.84 3.84 3.84 3.92 3.92 4.11 4.11 3.91 4.27 4.27 4.27 3.87 3.87 3.87 3.87 3.82 3.82 3.67 3.67 3.68 3.68 3.68 3.68 3.76 3.76 3.76 4.38 2.08 7.62 0.00 0.00
