New_Model_Runs/9_Future_Present_Scn2_out/post_prcessed_with_MFR/Monthly_summaries/net_infiltration_monthly_AUG.asc
NCOLS 700
NROWS 400
XLLCENTER 515000.000000
YLLCENTER 8409000.000000
CELLSIZE 50.000000
NODATA_value -999.000000
[rows 304 to 341 of 400, columns 168 to 251 of 700]
8.74 4.19 5.26 4.19 4.19 4.15 7.52 4.04 5.50 5.35 5.49 5.81 5.50 5.34 7.24 7.23 7.24 7.39 6.56 7.23 5.89 5.89 5.74 6.24 7.55 7.55 7.70 6.73 10.05 7.40 7.40 6.10 6.10 7.25 7.25 7.25 7.40 6.73 6.88 6.73 6.61 10.34 10.80 10.95 10.14 10.14 7.48 6.51 7.48 7.78 6.81 7.40 6.08 6.30 6.17 6.51 6.40 6.76 6.55 10.17 6.55 7.18 7.18 7.33 7.32 7.17 7.17 7.17 7.32 6.85 6.70 10.02 10.26 5.91 6.63 10.41 1.74 5.77 5.77 6.27 6.57 7.18 6.72 6.42
7.67 9.02 5.41 4.15 4.45 4.30 4.15 7.78 4.56 5.34 5.35 5.66 5.49 7.24 7.23 7.23 7.24 6.78 6.86 7.38 6.84 5.89 6.78 7.38 7.55 6.05 6.20 10.20 6.58 7.55 6.03 5.75 5.75 5.75 6.10 5.75 6.10 6.05 7.00 7.10 6.86 6.46 6.71 7.97 7.70 10.44 10.59 10.44 5.79 10.44 10.14 10.14 10.95 10.21 10.20 10.20 10.23 10.38 10.48 10.63 10.02 6.60 7.17 7.32 7.32 7.17 7.17 7.17 7.32 6.55 10.17 10.95 6.64 6.64 6.64 6.63 5.22 5.77 6.27 6.42 6.57 6.72 6.72 6.42
5.87 10.15 7.08 5.57 5.49 5.57 1.34 4.97 4.52 5.86 5.71 5.71 5.86 6.51 6.47 6.66 6.26 6.49 5.93 6.08 6.07 5.92 5.91 6.49 6.68 6.49 6.43 9.44 6.83 6.31 6.94 5.80 5.80 6.16 6.16 5.80 5.80 5.80 5.80 6.56 6.59 6.33 6.94 6.88 7.03 6.47 6.47 7.04 6.89 7.34 6.62 6.17 9.69 5.20 9.64 9.64 1.75 6.24 7.60 2.99 2.60 9.87 10.45 10.30 7.46 6.67 6.90 5.94 5.60 9.56 9.72 6.83 6.50 6.50 6.50 6.49 6.64 6.37 6.44 6.60 6.44 6.26 6.26 6.29
4.71 4.56 8.34 1.93 4.86 6.61 5.01 1.64 8.30 4.82 5.86 5.86 5.71 6.49 6.62 6.64 6.64 6.49 6.49 6.49 6.64 6.07 6.15 6.49 6.53 6.12 5.97 10.31 6.61 5.95 5.80 5.80 5.80 5.80 5.80 5.95 5.96 5.80 5.80 5.80 7.07 6.02 6.74 6.59 6.74 6.59 6.74 7.19 7.34 6.89 7.18 6.17 5.86 6.21 5.54 5.86 1.75 6.39 7.91 7.28 5.80 6.59 6.39 9.87 9.72 10.30 10.30 9.56 5.94 6.13 10.30 10.30 10.28 9.42 5.98 5.94 6.13 6.65 6.33 6.41 5.96 5.96 6.11 6.44
5.72 5.64 9.12 5.01 6.03 5.57 6.10 1.64 5.14 4.82 5.47 5.03 5.71 6.64 6.64 6.49 6.47 6.49 6.49 6.49 6.64 6.62 6.47 6.64 6.53 6.83 6.98 10.16 5.95 5.80 5.80 5.80 6.18 6.18 6.18 5.95 5.95 5.80 5.80 6.77 6.79 6.17 6.02 6.59 6.59 6.59 6.57 6.88 6.89 7.17 6.57 6.02 1.91 5.35 9.64 5.86 7.00 6.67 6.67 6.67 6.67 6.67 6.82 6.67 7.72 6.67 6.67 6.67 6.67 6.25 6.25 5.58 6.13 6.50 10.13 9.42 9.57 9.72 9.50 9.58 9.43 5.96 6.44 6.52
5.64 4.56 4.56 8.49 5.87 5.57 4.71 4.71 1.23 8.45 5.13 6.01 5.71 6.49 6.49 7.33 6.75 5.91 5.91 6.49 5.78 6.47 6.47 6.62 6.51 6.68 9.75 5.97 6.10 5.80 5.80 5.80 6.18 6.53 6.51 6.53 6.18 5.80 5.95 6.92 5.95 6.20 6.26 6.74 6.59 6.59 6.57 6.59 6.59 6.59 6.57 6.89 1.87 9.57 5.94 6.73 6.67 6.67 6.67 6.67 6.67 6.67 6.67 6.30 6.45 6.61 7.46 6.67 6.00 5.07 5.07 5.43 6.37 6.50 6.49 7.68 7.27 5.80 5.91 5.38 9.74 9.74 9.58 9.58
5.88 4.71 4.56 8.18 4.61 5.57 5.72 4.71 6.99 10.87 5.13 5.28 6.62 6.62 6.49 5.91 5.76 5.76 5.76 6.15 6.49 6.49 6.62 5.93 6.68 10.31 6.12 6.97 6.49 5.80 6.26 5.80 6.18 6.18 6.18 6.18 6.18 6.62 6.62 5.95 5.80 5.80 6.32 5.95 5.79 6.57 7.17 6.57 6.59 6.57 6.73 7.04 9.87 5.79 5.94 5.94 6.23 5.82 5.98 6.67 6.67 6.83 6.45 6.30 6.10 6.76 7.10 6.30 5.21 5.07 5.93 6.30 5.30 6.99 6.14 6.65 5.60 4.95 5.10 4.95 7.17 6.44 6.44 6.29
4.56 6.03 5.57 4.40 8.34 5.01 5.88 4.61 5.13 1.68 5.22 4.97 6.79 6.64 6.49 6.47 6.49 5.91 5.76 6.15 7.11 7.72 6.28 10.01 10.24 6.68 6.83 6.68 6.83 6.10 5.95 5.80 5.80 6.18 6.15 6.15 5.80 6.18 5.80 5.80 5.80 5.80 6.16 5.80 5.79 6.57 6.57 6.57 6.57 6.59 6.59 9.82 9.57 5.79 5.79 5.79 5.98 5.82 5.82 5.42 6.30 6.45 6.30 6.30 6.30 6.45 6.45 6.30 5.21 5.07 5.21 5.21 4.94 4.94 5.08 6.14 5.30 4.95 4.95 5.08 6.29 6.44 6.14 6.14
5.79 5.72 5.57 5.57 5.12 5.52 4.86 4.61 5.93 4.40 5.01 8.45 6.94 7.48 6.49 6.49 6.49 6.49 6.49 7.22 6.49 6.23 9.86 6.79 6.83 6.53 6.68 6.68 6.68 6.68 5.80 5.80 6.18 5.80 5.80 5.80 5.78 5.78 5.78 5.78 6.45 6.94 5.78 5.78 5.78 6.57 6.57 6.59 6.57 6.57 6.59 9.82 5.78 6.13 6.13 5.78 5.17 6.11 5.02 6.30 3.77 7.97 6.70 3.38 3.38 5.72 5.70 5.98 5.04 5.19 6.30 5.19 4.92 5.06 5.32 5.06 5.82 7.01 5.30 6.37 6.97 6.29 6.14 6.29
5.57 5.72 4.56 8.03 5.64 6.03 4.86 6.03 4.97 4.97 4.88 8.45 6.39 6.45 6.64 6.49 6.49 6.49 7.11 6.49 6.49 10.42 10.12 6.64 7.31 6.68 6.51 6.53 6.53 6.53 6.51 6.51 6.18 5.80 5.80 5.80 5.78 5.78 6.14 6.90 6.86 6.67 6.67 6.19 6.19 6.57 6.57 6.57 6.57 6.59 6.59 9.82 5.94 6.56 6.89 5.78 5.17 6.11 5.02 5.72 3.38 3.38 3.38 3.38 3.38 5.72 5.05 5.05 5.04 5.72 6.30 5.19 5.06 6.37 6.14 4.92 4.93 5.43 5.30 6.37 6.14 6.14 6.14 6.52
4.56 5.60 8.34 4.40 5.57 5.57 5.57 5.72 6.01 5.86 7.07 3.44 9.54 6.06 6.64 6.49 6.49 7.11 6.49 6.62 6.64 10.27 6.64 6.64 6.53 6.53 6.51 6.51 6.51 6.51 6.51 6.51 6.51 5.80 5.80 6.18 6.18 6.18 6.18 6.14 5.78 5.78 6.19 6.59 6.57 6.57 6.57 6.59 6.59 6.59 6.59 10.22 6.59 6.70 4.58 5.78 5.02 5.02 5.02 5.72 5.72 3.38 3.38 3.38 3.38 7.03 5.98 5.72 6.18 5.55 5.19 5.04 4.92 5.29 6.14 5.21 5.23 5.08 4.93 5.07 6.14 6.14 6.14 6.14
7.12 8.49 5.88 5.72 5.57 5.57 5.49 5.57 6.17 6.17 6.17 4.48 9.41 6.30 6.79 6.64 6.64 6.56 5.78 6.92 6.39 9.71 6.62 6.64 6.83 6.68 6.51 6.51 6.51 6.51 6.51 6.51 6.51 6.53 6.67 6.53 6.53 6.51 6.51 6.51 6.19 6.19 6.19 6.59 6.57 6.57 6.57 6.59 6.59 6.89 6.74 10.22 6.57 6.19 5.78 5.78 5.17 5.02 5.02 5.02 5.05 5.05 5.05 5.05 5.05 5.05 5.98 3.38 5.72 5.04 5.97 6.39 6.23 5.06 6.14 6.29 6.60 5.37 5.22 5.07 6.14 6.14 6.14 6.37
8.18 4.40 5.88 5.01 5.88 5.57 5.49 5.64 4.82 8.45 8.45 9.56 9.75 9.56 6.08 7.26 5.93 6.79 6.62 6.39 6.27 6.64 7.11 6.43 7.16 7.20 6.51 6.51 6.51 6.51 6.51 6.51 6.53 6.18 6.55 6.18 6.51 6.51 6.51 6.16 6.62 6.57 6.57 6.57 6.57 6.57 6.57 6.57 6.73 6.32 9.79 6.59 6.17 5.73 5.73 5.73 6.22 5.17 5.02 5.02 5.09 5.09 5.09 5.09 5.09 5.09 5.09 5.09 5.05 5.72 3.38 7.03 6.21 4.89 5.04 6.29 6.67 5.36 5.59 5.29 6.37 6.37 6.14 6.29
8.18 5.57 5.88 4.71 5.88 5.57 5.72 4.40 8.15 4.67 5.13 6.08 6.97 9.90 6.62 5.93 6.39 7.09 6.94 6.39 10.70 6.79 6.64 6.94 6.42 6.66 6.51 6.51 6.18 6.51 7.11 6.51 6.18 5.79 5.79 5.79 5.75 6.16 5.75 5.75 5.75 6.10 6.18 6.57 6.57 7.41 6.57 6.57 6.49 6.89 10.22 6.19 5.73 5.73 5.73 5.73 6.38 5.02 6.38 5.94 5.09 5.09 5.09 5.09 5.09 5.09 5.09 5.09 5.05 5.05 5.98 5.72 6.87 6.21 5.04 6.14 6.26 7.13 6.44 6.37 6.29 6.44 6.29 6.14
6.18 6.03 4.86 5.72 5.57 6.03 5.07 8.54 5.63 5.78 5.19 1.84 6.77 6.28 9.41 6.08 6.39 6.79 6.94 10.53 6.94 6.79 6.47 6.64 6.81 6.66 6.19 6.19 6.18 6.18 7.11 7.35 6.18 6.25 5.79 5.79 5.75 5.75 5.75 6.97 5.75 4.58 4.58 6.55 6.18 6.18 7.28 7.28 6.34 4.58 10.53 6.14 5.73 5.90 6.17 6.31 5.02 5.02 5.02 5.02 5.09 5.09 5.09 5.09 5.09 5.09 5.09 5.09 5.05 5.05 5.05 5.05 5.61 4.89 4.89 4.89 5.21 6.44 6.67 6.37 6.29 6.29 6.29 6.14
5.90 5.90 1.47 4.71 4.71 4.86 8.49 4.71 5.78 5.71 5.71 6.49 6.64 6.08 9.56 5.93 6.64 6.79 5.77 9.86 6.23 6.92 6.62 6.47 6.51 6.64 5.80 5.80 5.80 6.55 6.51 6.51 6.18 5.79 5.79 5.79 5.75 6.24 6.62 4.52 4.58 4.58 4.58 5.75 5.77 6.12 7.28 7.28 6.19 10.20 4.58 6.64 6.38 5.90 5.36 6.31 5.02 5.02 5.02 5.02 6.03 6.03 5.44 5.44 5.09 5.09 5.09 5.09 5.05 5.05 5.05 6.40 5.78 5.78 4.89 5.78 4.91 6.14 6.14 6.37 6.37 6.29 6.14 6.14
5.16 4.86 4.71 4.56 8.18 8.18 5.79 5.72 5.63 5.71 6.47 6.49 6.59 5.77 6.74 9.41 7.41 6.08 5.85 6.08 6.37 6.79 6.47 6.47 6.53 6.53 5.80 5.80 6.18 6.18 6.53 6.51 6.17 5.76 5.76 6.17 6.15 5.72 6.15 6.51 6.57 6.57 6.64 5.74 6.56 7.28 7.28 7.28 4.58 9.69 6.64 6.95 6.05 6.53 4.95 4.95 5.96 5.96 5.96 5.04 6.05 6.05 6.43 5.89 5.91 5.12 5.12 5.12 5.09 5.09 5.09 6.03 4.90 4.90 4.90 4.90 4.90 5.05 5.05 6.14 6.37 6.37 6.14 6.14
5.01 1.93 8.49 9.35 5.72 5.64 5.64 5.57 5.63 5.77 5.75 6.47 5.92 6.07 6.59 9.60 9.71 9.41 9.56 6.23 6.07 6.07 6.27 6.52 6.53 6.53 5.94 6.18 6.51 6.51 6.53 6.98 5.91 5.91 6.51 6.51 6.51 6.15 7.25 6.51 4.58 6.57 6.54 6.64 3.82 3.82 3.82 3.82 4.58 8.20 6.11 5.75 5.71 5.71 5.84 4.95 6.39 5.04 5.96 5.04 6.05 6.43 6.66 5.89 5.91 5.91 5.12 5.12 5.09 5.09 5.09 5.09 4.90 4.90 5.28 5.05 6.14 6.14 5.28 4.90 5.04 5.28 5.04 5.04
6.78 10.52 10.10 6.92 6.44 6.47 1.83 6.61 3.67 5.04 5.93 5.89 5.93 2.50 6.08 5.47 9.10 5.93 9.08 5.71 5.40 5.63 5.89 5.89 5.96 5.98 6.61 6.00 5.96 5.96 5.96 5.68 5.26 5.66 5.96 5.96 5.65 4.17 4.17 5.94 6.24 6.24 5.85 4.37 3.67 4.21 6.31 4.37 6.90 4.37 10.52 6.90 6.31 5.34 4.64 4.64 5.61 4.76 4.76 4.76 4.83 4.83 5.56 5.56 5.58 5.58 5.58 4.84 4.81 4.81 4.81 4.81 4.68 4.68 4.68 4.83 5.84 5.84 5.84 4.83 4.83 4.67 4.67 5.50
10.40 10.40 6.92 6.77 2.13 6.32 6.61 4.64 5.15 5.15 5.93 6.42 5.93 5.91 9.23 9.10 5.78 6.08 8.89 5.41 5.40 5.89 5.89 6.43 5.96 6.00 6.57 6.00 6.00 5.74 5.29 5.29 5.26 5.66 5.96 5.96 5.94 4.17 4.17 7.56 6.12 6.22 6.22 5.80 6.13 6.90 4.37 6.90 6.90 6.90 10.52 6.31 6.31 5.75 4.64 4.64 5.61 5.61 4.76 4.76 5.70 4.83 5.94 5.94 5.58 5.58 5.58 4.84 6.06 5.16 4.81 4.81 5.16 5.16 4.68 4.68 5.06 5.84 5.84 5.99 4.67 4.67 4.67 5.50
10.25 2.96 7.23 6.62 7.07 7.07 7.94 5.69 4.99 5.45 6.23 5.89 6.23 5.91 9.71 6.08 5.93 5.76 9.71 6.87 6.19 6.04 5.89 5.89 5.96 6.00 6.00 6.00 5.71 5.26 5.26 5.26 5.22 5.22 5.96 5.94 5.92 5.92 5.96 5.96 6.10 5.78 5.78 6.22 5.80 5.80 6.22 5.80 6.12 6.12 8.39 7.45 6.47 5.36 5.36 4.66 4.76 5.60 4.76 4.76 4.81 4.81 5.54 5.54 5.58 5.94 5.94 5.94 5.17 5.17 4.82 4.82 4.69 4.69 4.69 5.07 5.06 5.06 5.21 5.21 4.82 4.68 4.68 5.50
9.61 10.07 6.59 5.81 5.82 7.23 6.62 5.21 6.03 5.61 6.23 5.93 6.23 9.54 9.84 9.84 5.91 6.21 9.54 5.61 5.61 5.45 5.89 5.89 5.96 6.00 6.00 5.96 5.96 5.67 5.26 5.26 5.22 5.64 5.64 5.94 5.92 5.96 5.96 5.96 6.22 6.18 5.33 5.78 5.37 5.37 5.80 6.22 6.22 6.22 6.22 10.68 7.05 6.31 6.31 4.66 4.76 5.60 4.76 4.76 4.81 5.54 5.54 5.87 5.58 5.94 5.94 5.94 6.18 5.17 4.82 4.82 5.17 4.69 4.69 5.57 5.06 4.68 4.83 5.06 5.06 4.68 4.68 4.68
0.00 3.81 9.76 5.70 5.71 6.14 5.83 6.29 4.38 5.61 5.93 10.61 9.86 6.51 6.98 6.80 9.54 9.82 9.86 5.76 5.63 5.40 5.89 5.89 6.47 5.96 5.96 5.68 5.26 5.26 5.26 5.26 5.22 5.22 5.94 5.94 5.92 5.96 5.96 5.63 5.64 5.33 5.33 5.33 5.37 5.37 5.68 6.99 6.77 6.24 6.24 9.87 6.12 6.31 5.36 5.36 4.76 5.60 4.76 4.76 4.81 4.81 5.54 5.54 5.58 5.94 7.10 5.94 5.17 4.82 5.31 4.82 4.69 4.69 5.93 5.07 4.68 5.06 4.83 4.68 5.06 6.65 4.98 5.81
0.00 0.00 3.81 9.65 9.65 9.65 9.61 9.61 4.53 9.39 9.08 9.80 6.54 7.14 6.80 5.93 6.84 9.71 5.78 5.70 5.63 5.63 5.89 5.89 6.00 5.96 6.00 6.11 5.67 5.26 5.26 5.26 5.22 5.22 5.22 5.22 5.92 5.64 5.45 4.50 4.63 4.63 4.63 4.63 4.66 5.37 5.37 5.80 6.22 6.24 6.39 9.34 6.88 5.79 5.36 5.36 4.76 4.76 4.76 4.76 4.81 4.81 4.81 5.54 5.58 5.58 0.00 5.58 4.82 4.82 4.82 4.82 4.69 5.93 6.04 5.07 4.68 4.68 4.68 5.06 6.04 5.84 6.82 5.66
0.00 0.00 0.00 0.00 0.00 0.00 0.00 0.00 7.86 9.08 5.87 5.30 6.38 6.08 5.93 5.93 6.23 6.23 7.20 5.78 5.24 5.93 5.93 5.89 6.57 6.00 6.63 5.67 5.64 5.21 5.21 5.21 5.16 5.16 5.43 5.90 5.45 5.18 4.50 4.50 4.64 4.64 4.64 4.64 4.65 4.65 5.35 5.35 5.36 6.11 6.39 9.52 6.59 6.85 5.37 5.37 5.47 4.75 4.75 4.75 4.79 4.79 4.79 5.28 4.83 0.00 0.00 0.00 4.82 4.82 0.00 0.00 0.00 4.71 5.94 5.08 5.06 5.06 4.68 5.06 6.04 5.99 6.19 5.84
0.00 0.00 0.00 0.00 0.00 0.00 0.00 0.00 0.00 0.00 3.46 5.30 5.78 6.38 6.04 5.89 5.93 5.93 6.08 6.87 5.92 5.93 6.40 5.89 6.00 6.36 5.67 5.27 5.21 5.21 5.21 5.21 5.16 5.16 5.16 5.16 5.18 5.18 5.18 5.18 5.78 5.78 5.34 4.64 4.65 4.65 5.35 5.35 5.77 5.67 6.45 6.11 9.48 5.37 5.37 5.37 5.47 4.75 4.75 4.75 4.79 4.79 4.79 4.79 4.83 0.00 0.00 0.00 0.00 0.00 0.00 0.00 0.00 0.00 0.00 5.84 5.06 5.50 4.68 5.06 4.82 5.84 5.99 5.84
0.00 0.00 0.00 0.00 0.00 0.00 0.00 0.00 0.00 0.00 3.46 3.46 3.46 5.78 5.24 5.63 5.63 5.93 5.92 5.92 5.92 5.92 5.68 5.93 5.97 5.96 5.97 5.27 5.21 5.21 5.21 5.21 5.16 5.16 5.16 5.16 5.18 5.18 5.18 5.18 5.76 6.11 5.78 5.34 4.65 4.65 4.65 5.35 5.67 6.11 5.67 5.36 9.17 5.37 5.37 5.37 5.47 5.47 4.75 4.75 4.79 4.79 4.79 4.79 4.83 5.32 4.83 0.00 0.00 0.00 0.00 0.00 0.00 0.00 0.00 0.00 0.00 5.92 4.68 5.06 5.06 5.06 6.44 6.04
0.00 0.00 0.00 0.00 0.00 0.00 0.00 0.00 0.00 0.00 0.00 0.00 2.99 2.99 5.24 5.24 5.63 5.40 5.92 5.92 5.53 5.53 5.63 5.89 5.96 6.72 5.97 5.27 5.21 5.21 5.21 5.21 5.16 5.16 5.16 5.16 5.18 5.18 5.18 5.18 5.34 5.34 5.05 4.64 4.65 5.11 4.65 4.65 4.65 6.11 6.11 5.67 9.17 5.54 5.37 5.79 5.47 5.47 4.75 4.75 4.79 4.79 4.79 4.79 4.83 4.83 4.83 0.00 0.00 0.00 0.00 0.00 0.00 0.00 0.00 0.00 5.99 5.99 5.84 5.84 5.84 5.84 5.41 5.06
0.00 0.00 0.00 0.00 0.00 0.00 0.00 0.00 0.00 0.00 0.00 0.00 0.00 2.99 2.99 4.54 5.93 5.40 5.25 5.25 6.72 5.24 6.72 5.63 5.64 4.17 4.17 5.49 5.15 5.15 5.55 5.15 5.20 4.52 4.52 4.52 4.57 4.57 4.57 4.57 4.72 4.72 4.72 4.72 4.71 4.71 4.71 4.71 4.66 5.91 5.48 5.48 8.43 5.52 5.52 5.34 5.90 5.47 5.47 5.47 5.52 4.79 4.79 0.00 0.00 0.00 0.00 0.00 0.00 0.00 0.00 0.00 0.00 0.00 0.00 0.00 4.70 6.34 6.14 9.77 9.62 8.29 8.29 5.06
0.00 0.00 0.00 0.00 0.00 0.00 0.00 0.00 0.00 0.00 0.00 0.00 0.00 0.00 3.44 2.99 5.60 4.69 4.55 3.46 3.46 6.72 6.72 5.39 5.21 6.72 5.21 5.21 5.15 5.15 5.15 5.15 4.52 4.52 5.29 4.52 4.57 4.57 4.57 4.57 4.72 4.72 4.72 4.72 4.71 4.71 4.71 4.71 4.66 5.48 4.66 4.66 8.43 4.80 4.80 5.34 5.47 5.47 5.47 5.47 5.52 5.52 0.00 0.00 0.00 0.00 0.00 0.00 0.00 0.00 0.00 0.00 0.00 0.00 0.00 0.00 3.12 3.43 5.84 6.14 6.19 4.66 4.66 8.68
0.00 0.00 0.00 0.00 0.00 0.00 0.00 0.00 0.00 0.00 0.00 0.00 0.00 0.00 0.00 2.99 2.99 2.99 5.02 3.13 2.99 5.93 4.55 4.55 4.52 4.52 5.21 5.61 5.15 5.15 5.15 5.15 4.52 4.52 4.52 4.52 4.57 4.57 4.57 4.57 4.72 4.72 4.72 4.72 4.71 4.71 4.71 4.71 4.66 5.48 4.66 4.66 4.64 9.26 4.80 4.64 5.47 5.47 5.47 5.47 5.52 0.00 0.00 0.00 0.00 0.00 0.00 0.00 0.00 0.00 0.00 0.00 0.00 0.00 0.00 0.00 0.00 3.58 3.12 3.12 5.84 5.48 4.66 4.66
0.00 0.00 0.00 0.00 0.00 0.00 0.00 0.00 0.00 0.00 0.00 0.00 0.00 0.00 0.00 0.00 0.00 2.99 2.99 2.99 2.99 2.99 4.55 4.55 4.52 4.52 5.21 5.21 5.15 5.15 5.15 4.47 4.52 4.52 0.00 0.00 0.00 0.00 0.00 0.00 0.00 0.00 0.00 0.00 0.00 0.00 4.71 4.71 4.66 5.48 4.66 4.66 4.64 9.26 4.80 4.64 5.47 5.47 5.47 5.90 5.52 0.00 0.00 0.00 0.00 0.00 0.00 0.00 0.00 0.00 0.00 0.00 0.00 0.00 0.00 0.00 0.00 0.00 0.00 0.00 0.00 4.66 5.91 4.66
0.00 0.00 0.00 0.00 0.00 0.00 0.00 0.00 0.00 0.00 0.00 0.00 0.00 0.00 0.00 0.00 0.00 0.00 0.00 0.00 0.00 0.00 2.99 4.53 4.51 4.51 4.51 5.20 5.19 5.19 4.51 4.51 4.54 0.00 0.00 0.00 0.00 0.00 0.00 0.00 0.00 0.00 0.00 0.00 0.00 0.00 0.00 0.00 0.00 5.17 4.71 4.71 4.61 4.61 8.41 4.61 4.69 5.41 5.41 5.41 5.48 0.00 0.00 0.00 0.00 0.00 0.00 0.00 0.00 0.00 0.00 0.00 0.00 0.00 0.00 0.00 0.00 0.00 0.00 0.00 0.00 4.65 5.91 5.47
0.00 0.00 0.00 0.00 0.00 0.00 0.00 0.00 0.00 0.00 0.00 0.00 0.00 0.00 0.00 0.00 0.00 0.00 0.00 0.00 0.00 0.00 0.00 2.99 4.51 4.51 4.51 4.51 4.51 4.51 4.51 4.51 0.00 0.00 0.00 0.00 0.00 0.00 0.00 0.00 0.00 0.00 0.00 0.00 0.00 0.00 0.00 0.00 0.00 0.00 4.71 4.71 4.61 4.61 8.41 5.60 5.12 4.69 4.69 4.69 4.76 6.21 0.00 0.00 0.00 0.00 0.00 0.00 0.00 0.00 0.00 0.00 0.00 0.00 0.00 0.00 0.00 0.00 0.00 0.00 0.00 6.64 4.65 5.91
0.00 0.00 0.00 0.00 0.00 0.00 0.00 0.00 0.00 0.00 0.00 0.00 0.00 0.00 0.00 0.00 0.00 0.00 0.00 0.00 0.00 0.00 0.00 0.00 0.00 0.00 0.00 4.63 4.63 4.63 4.63 0.00 0.00 0.00 0.00 0.00 0.00 0.00 0.00 0.00 0.00 0.00 0.00 0.00 0.00 0.00 0.00 0.00 0.00 0.00 5.25 4.80 4.71 4.71 8.50 8.50 4.83 5.73 4.83 4.83 4.89 5.03 0.00 0.00 0.00 0.00 0.00 0.00 0.00 0.00 0.00 0.00 0.00 0.00 0.00 0.00 0.00 0.00 0.00 0.00 0.00 0.00 4.32 4.82
0.00 0.00 0.00 0.00 0.00 0.00 0.00 0.00 0.00 0.00 0.00 0.00 0.00 0.00 0.00 0.00 0.00 0.00 0.00 0.00 0.00 0.00 0.00 0.00 0.00 0.00 0.00 0.00 4.63 4.63 0.00 0.00 0.00 0.00 0.00 0.00 0.00 0.00 0.00 0.00 0.00 0.00 0.00 0.00 0.00 0.00 0.00 0.00 0.00 0.00 4.80 4.80 4.71 4.71 5.58 9.40 9.84 4.83 4.99 4.83 4.89 4.89 4.89 4.89 0.00 0.00 0.00 0.00 0.00 0.00 0.00 0.00 0.00 0.00 0.00 0.00 0.00 0.00 0.00 0.00 0.00 0.00 0.00 5.72
0.00 0.00 0.00 0.00 0.00 0.00 0.00 0.00 0.00 0.00 0.00 0.00 0.00 0.00 0.00 0.00 0.00 0.00 0.00 0.00 0.00 0.00 0.00 0.00 0.00 0.00 0.00 0.00 4.67 4.67 0.00 0.00 0.00 0.00 0.00 0.00 0.00 0.00 0.00 0.00 0.00 0.00 0.00 0.00 0.00 0.00 0.00 0.00 0.00 0.00 4.80 4.80 4.69 4.69 5.55 5.55 4.96 4.96 4.96 4.79 4.86 4.86 5.78 4.86 0.00 0.00 0.00 0.00 0.00 0.00 0.00 0.00 0.00 0.00 0.00 0.00 0.00 0.00 0.00 0.00 0.00 0.00 0.00 0.00
0.00 0.00 0.00 0.00 0.00 0.00 0.00 0.00 0.00 0.00 0.00 0.00 0.00 0.00 0.00 0.00 0.00 0.00 0.00 0.00 0.00 0.00 0.00 0.00 0.00 0.00 0.00 0.00 4.32 0.00 0.00 0.00 0.00 0.00 0.00 0.00 0.00 0.00 0.00 0.00 0.00 0.00 0.00 0.00 0.00 0.00 0.00 0.00 0.00 0.00 4.80 4.80 4.69 4.69 4.69 4.69 4.79 4.96 4.79 4.79 4.86 4.86 4.86 5.01 0.00 0.00 0.00 0.00 0.00 0.00 0.00 0.00 0.00 0.00 0.00 0.00 0.00 0.00 0.00 0.00 0.00 0.00 0.00 0.00
