New_Model_Runs/9_Future_Present_Scn2_out/post_prcessed_with_MFR/Monthly_summaries/net_infiltration_monthly_MAR.asc
NCOLS 700
NROWS 400
XLLCENTER 515000.000000
YLLCENTER 8409000.000000
CELLSIZE 50.000000
NODATA_value -999.000000
[rows 114 to 151 of 400, columns 504 to 587 of 700]
3.94 3.94 3.94 3.94 3.79 4.35 3.79 3.79 3.73 3.73 3.73 3.73 3.74 3.74 3.74 3.74 3.77 3.77 3.88 3.77 4.89 7.29 4.12 4.28 3.87 3.87 3.52 1.89 4.02 3.65 3.62 3.50 3.50 3.49 3.49 7.13 7.13 7.64 3.66 3.66 3.27 3.31 3.31 3.31 6.97 3.34 3.85 3.34 3.31 3.31 3.31 3.31 3.25 3.25 3.25 3.25 3.23 4.26 4.26 4.26 4.54 4.55 4.29 4.29 4.29 4.04 4.04 4.29 4.41 4.21 4.21 4.21 4.48 4.74 4.48 4.48 4.62 5.83 3.93 0.00 0.00 0.00 0.00 0.00
3.94 3.94 3.94 3.94 3.79 3.79 3.79 3.79 3.73 3.73 3.73 3.73 3.74 3.74 3.74 3.74 3.77 3.88 3.77 3.88 4.28 7.91 7.91 7.91 7.50 3.53 3.52 3.52 3.52 3.50 7.25 7.13 7.11 7.13 7.13 3.49 3.51 7.13 7.29 7.29 3.31 3.31 3.31 3.31 6.97 7.91 3.34 3.34 3.31 3.31 3.31 3.31 3.25 3.25 3.25 3.25 3.23 4.26 4.26 4.26 4.54 4.78 4.29 4.29 4.29 4.29 4.29 4.29 4.21 4.21 4.21 4.21 4.48 4.48 4.74 4.74 4.62 4.87 4.75 4.60 7.58 6.92 7.58 7.43
3.76 3.76 3.76 4.32 4.25 3.71 3.71 3.71 3.78 3.78 3.78 3.78 3.82 3.82 3.82 3.82 3.83 3.83 3.83 3.96 4.29 4.29 3.84 3.84 3.54 7.17 7.17 7.17 7.15 7.15 7.15 3.54 3.53 3.53 3.53 3.53 3.55 3.55 3.55 7.18 6.93 3.30 3.80 3.41 3.80 6.93 6.93 6.93 3.29 3.29 3.29 3.29 3.24 3.24 3.24 3.24 3.20 4.23 4.23 4.23 4.22 4.22 4.22 4.22 4.22 4.22 4.22 4.22 4.22 4.22 4.22 4.22 4.53 4.53 4.79 4.79 4.64 4.64 4.87 4.88 2.56 2.86 2.41 3.08
3.76 3.76 3.76 3.76 3.71 3.71 3.71 3.71 3.78 3.78 3.78 3.78 3.82 3.82 3.82 3.82 3.83 3.83 3.83 3.83 3.84 3.84 3.84 3.84 4.43 3.54 3.52 3.52 3.52 3.52 3.81 3.52 3.53 3.53 3.53 3.53 3.55 3.55 3.55 3.55 6.93 6.93 3.30 3.30 3.30 3.30 3.30 3.97 6.92 7.03 3.11 4.67 3.73 3.24 3.24 3.24 3.20 4.23 4.23 4.23 4.22 4.22 4.22 4.22 4.22 4.22 4.22 4.22 4.22 4.22 4.22 4.22 4.53 4.79 4.79 4.53 4.64 4.64 4.64 4.64 4.98 3.38 4.85 4.85
3.76 3.76 3.76 3.76 3.71 3.71 3.71 3.71 3.78 3.78 3.78 3.78 3.82 3.82 3.82 3.82 3.83 3.83 3.83 3.83 3.84 3.84 3.84 3.84 3.54 3.54 3.87 3.52 3.52 3.52 3.52 3.52 3.53 3.53 3.56 3.53 3.55 3.55 3.55 3.55 3.30 6.93 6.93 6.93 6.93 3.30 7.08 7.00 6.99 6.99 3.58 3.58 3.24 3.73 3.24 3.24 3.20 4.23 4.23 4.23 4.22 4.22 4.22 4.42 4.22 4.42 4.22 4.22 4.22 4.22 4.22 4.22 4.53 4.79 4.79 4.79 4.64 4.64 4.64 4.73 3.38 2.91 3.23 4.70
3.76 3.76 3.76 3.76 3.71 3.71 3.71 3.71 3.78 3.78 3.78 3.78 3.82 3.82 3.82 3.82 3.83 3.83 3.83 3.83 3.96 3.84 3.84 3.84 3.52 3.52 3.52 3.52 3.52 3.52 3.52 3.52 3.53 3.53 3.53 3.53 3.55 3.55 3.55 3.55 3.30 3.30 3.30 3.30 6.93 7.75 7.91 3.15 6.74 6.92 3.78 4.20 3.24 3.24 3.24 3.24 3.20 4.23 4.23 4.23 4.22 4.22 4.42 4.22 4.22 4.22 4.22 4.22 4.22 4.22 4.22 4.22 4.53 4.53 5.06 4.79 4.91 4.92 4.50 4.50 4.59 3.21 3.38 2.92
3.75 3.75 3.75 3.75 3.83 3.83 3.83 3.83 3.90 3.90 3.90 3.90 3.91 3.91 3.91 3.91 4.05 3.90 3.90 3.90 3.90 3.90 4.04 3.90 3.59 3.59 3.59 3.59 3.59 3.59 3.59 3.59 3.60 3.60 3.60 3.60 3.60 3.60 3.60 3.60 3.32 3.32 3.32 3.32 4.13 7.69 6.87 3.29 3.57 3.27 3.27 3.27 3.21 3.21 3.21 3.67 3.18 4.19 4.19 4.19 4.21 4.21 4.21 4.21 4.26 4.26 4.26 4.26 4.30 4.30 4.30 4.30 4.54 4.54 4.54 4.54 4.48 4.46 4.46 4.50 3.08 3.38 3.09 4.79
3.75 3.75 3.75 3.75 3.83 3.83 3.83 3.83 3.90 3.90 3.90 3.90 4.05 3.91 3.91 3.91 4.05 3.90 3.90 3.90 3.90 3.90 3.90 3.90 3.59 3.59 3.85 3.85 3.59 3.59 3.59 3.59 3.60 3.60 3.60 3.60 3.60 3.60 3.70 3.60 3.32 7.22 7.05 3.32 3.40 6.92 3.29 3.29 3.27 3.27 3.27 3.27 3.21 3.21 3.21 3.21 3.18 4.19 4.19 4.19 4.21 4.21 4.21 4.21 4.26 4.26 4.26 4.26 4.30 4.30 4.30 4.30 4.54 4.12 4.54 4.54 4.64 4.64 4.23 4.50 4.53 4.53 4.80 4.53
3.75 3.75 3.75 3.75 3.83 3.83 3.83 3.83 3.90 3.90 3.90 3.90 4.05 3.91 3.91 3.91 4.05 3.90 3.90 3.90 3.90 3.90 3.90 3.90 3.59 4.39 3.85 3.34 3.85 3.59 3.59 3.59 3.60 3.60 3.64 3.60 4.41 3.60 3.70 3.85 7.05 4.65 8.22 7.05 7.03 3.29 3.29 3.29 3.27 3.27 3.27 3.27 3.21 3.21 3.21 3.21 3.35 4.19 4.19 4.19 4.21 4.21 4.21 4.21 4.26 4.26 4.26 4.26 4.30 4.30 4.30 4.30 4.54 4.54 4.54 4.54 4.64 4.64 4.92 4.92 4.70 4.94 4.99 4.70
3.75 3.75 3.75 3.75 3.83 4.27 3.94 3.83 4.04 4.89 4.47 4.72 4.47 3.91 3.91 3.91 4.89 4.05 4.05 4.05 3.90 3.90 3.90 3.90 3.59 4.39 3.63 3.85 3.85 3.59 3.59 3.59 3.85 3.60 3.64 3.70 4.41 3.60 3.64 7.48 3.43 3.75 3.58 3.32 3.29 3.29 3.29 3.29 3.27 3.27 3.27 3.27 3.21 3.21 3.21 3.21 3.18 4.19 4.19 4.19 4.21 4.21 4.21 4.21 4.26 4.26 4.26 4.26 4.30 4.30 4.30 4.30 4.54 4.54 4.54 4.54 4.64 4.64 4.92 4.92 4.99 4.99 4.93 4.70
3.87 3.87 3.87 3.87 3.92 3.92 4.50 3.92 3.93 3.93 5.21 3.93 3.93 3.93 3.93 4.50 4.51 3.95 4.74 4.04 3.95 3.95 3.95 3.95 3.64 4.45 4.45 3.79 3.79 3.64 3.64 3.64 3.87 4.17 4.60 4.70 3.25 3.85 7.24 7.24 3.33 3.33 3.33 3.29 3.33 3.33 3.33 3.33 3.29 4.22 3.29 3.29 3.20 3.20 3.20 3.20 3.17 4.19 4.19 4.19 4.24 4.24 4.24 4.44 4.51 4.52 4.31 4.31 4.33 4.33 4.33 4.75 4.56 4.56 4.56 4.56 4.60 4.60 4.87 4.88 5.15 4.60 4.60 4.60
3.87 3.87 3.87 3.87 3.92 3.92 3.92 3.92 3.93 4.50 3.93 3.93 3.93 3.93 3.93 3.93 4.82 4.82 4.82 4.97 5.24 4.10 3.95 3.95 3.64 4.76 5.33 5.94 4.70 4.78 3.79 3.64 5.01 4.13 5.20 1.58 3.86 8.32 3.61 3.61 4.28 3.33 3.33 3.33 3.33 3.33 3.33 3.33 4.23 3.29 3.29 3.29 3.20 3.20 3.20 3.20 3.17 4.19 4.19 4.19 4.24 4.44 4.48 4.24 4.31 4.31 4.56 4.52 4.33 4.55 4.55 4.33 5.00 4.56 4.56 4.56 4.60 4.60 4.83 4.60 4.60 4.60 4.60 4.60
3.87 3.87 3.87 3.87 3.92 3.92 3.92 3.92 3.93 3.93 3.93 3.93 3.93 3.93 3.93 3.93 3.95 4.82 5.25 5.12 5.24 4.90 7.88 4.97 4.91 2.44 8.37 8.61 8.67 5.87 9.86 7.73 9.52 7.91 7.17 8.48 8.49 5.27 3.61 4.14 3.33 3.33 3.33 4.07 4.06 4.06 3.33 4.06 4.02 3.29 3.29 3.29 3.20 3.20 3.20 3.20 3.17 4.19 4.19 4.19 4.24 4.24 4.24 4.24 4.31 4.31 4.31 4.31 4.55 4.33 4.33 4.33 4.56 4.56 5.01 4.56 4.60 4.83 4.60 4.60 4.60 4.60 4.60 4.60
3.87 3.87 3.87 3.87 3.92 3.92 3.92 3.92 3.93 3.93 3.93 3.93 3.93 4.50 4.50 3.93 3.95 3.95 5.07 5.27 9.17 7.11 8.59 6.82 2.60 5.74 5.13 8.07 8.07 1.81 7.88 5.28 7.17 7.17 7.64 4.41 3.61 3.61 3.61 3.61 3.33 3.33 3.33 4.07 4.06 4.06 4.37 3.83 4.02 4.02 3.53 3.77 3.20 3.20 3.20 3.20 3.34 4.19 4.19 4.19 4.24 4.24 4.24 4.24 4.31 4.31 4.31 4.51 4.33 4.33 4.33 4.33 4.56 4.56 4.56 4.56 4.60 4.60 4.60 4.60 4.60 4.60 4.60 4.83
3.94 3.94 3.94 3.94 3.95 3.95 3.95 3.95 3.93 3.93 3.93 3.93 3.93 3.93 3.93 3.93 3.95 3.95 4.82 5.55 8.46 9.13 6.00 1.75 5.59 5.28 4.08 0.00 0.00 0.00 0.00 0.00 0.00 3.93 9.64 3.92 3.60 3.60 3.60 3.60 3.36 6.99 7.74 8.16 4.69 4.40 4.39 3.97 3.90 4.00 4.00 3.28 3.20 4.46 3.69 3.67 3.14 4.23 4.23 4.54 4.53 4.53 4.53 4.22 4.24 4.44 4.24 4.24 4.27 4.27 4.27 4.27 4.50 4.72 4.50 4.72 4.52 4.52 4.52 4.52 4.52 4.52 4.74 4.52
3.94 3.94 3.94 3.94 4.84 4.84 4.84 4.46 4.79 3.93 3.93 3.93 3.93 3.93 3.93 3.93 4.19 3.95 4.92 4.20 4.19 9.47 5.22 8.41 5.13 0.00 0.00 0.00 0.00 0.00 0.00 0.00 0.00 0.00 7.64 3.62 3.60 3.60 3.60 3.60 7.08 8.01 2.79 3.74 7.25 4.77 4.24 3.44 4.22 4.00 4.00 3.28 3.20 3.20 3.20 3.20 3.38 4.23 4.23 4.23 4.53 4.53 4.25 4.22 4.24 4.24 4.24 4.24 4.27 4.27 4.27 4.27 4.50 4.50 4.50 4.50 4.52 4.52 4.52 4.52 4.52 4.34 4.52 4.52
4.02 4.02 4.02 4.02 4.93 4.93 4.86 4.93 4.80 4.46 4.19 4.19 4.20 4.20 4.20 4.20 5.33 4.21 4.30 5.00 4.85 4.36 6.72 9.43 3.78 0.00 0.00 0.00 0.00 0.00 0.00 0.00 0.00 0.00 0.00 8.07 3.91 3.91 7.54 7.64 3.41 3.60 2.20 1.94 9.50 4.14 4.29 3.80 4.41 3.73 4.21 3.73 3.65 3.65 3.65 3.65 3.12 4.12 4.12 4.12 4.42 3.93 4.34 4.31 4.13 4.13 4.13 4.13 4.16 4.16 4.16 4.16 4.33 4.33 4.33 4.33 4.35 4.35 4.35 4.78 4.34 4.34 4.34 4.34
4.02 4.02 4.02 4.02 4.03 4.93 4.59 4.93 5.71 4.15 5.01 4.19 4.20 4.20 4.20 4.46 5.33 4.21 4.30 4.45 5.14 5.14 5.35 8.98 0.00 0.00 0.00 0.00 0.00 0.00 0.00 0.00 0.00 0.00 0.00 4.18 7.79 7.54 7.76 0.00 0.00 1.90 2.20 4.20 8.47 4.51 3.80 3.80 3.73 4.21 3.73 4.19 3.65 3.65 3.65 3.65 3.12 4.12 4.12 4.26 2.51 3.93 4.31 4.12 4.13 4.32 4.13 4.13 4.16 4.16 4.16 4.16 4.33 4.33 4.33 4.54 4.56 4.35 4.35 4.35 4.34 4.34 4.34 4.34
4.03 4.03 4.03 4.03 4.04 4.22 4.94 4.94 5.04 5.04 5.04 4.22 4.47 5.32 5.14 4.69 4.50 5.47 4.20 4.29 4.19 4.19 8.09 0.00 0.00 0.00 0.00 0.00 0.00 0.00 0.00 0.00 0.00 0.00 0.00 4.03 3.89 0.00 0.00 0.00 0.00 0.00 0.00 1.49 8.60 4.47 4.25 3.76 3.72 3.72 3.72 3.72 3.70 3.70 3.70 3.70 3.19 4.22 4.22 4.22 4.28 3.77 4.15 4.15 4.08 4.08 4.08 4.08 4.11 4.11 4.11 4.11 4.28 4.28 4.28 4.28 4.32 4.32 4.32 4.32 4.35 4.35 4.35 4.35
4.03 4.03 4.03 4.62 4.63 4.63 4.28 5.20 5.30 5.26 5.04 4.22 4.21 5.32 5.00 5.00 5.23 5.24 5.90 4.20 8.09 7.82 0.00 0.00 0.00 0.00 0.00 0.00 0.00 0.00 0.00 0.00 0.00 0.00 0.00 0.00 0.00 0.00 0.00 0.00 0.00 0.00 0.00 0.61 8.75 4.82 4.67 4.47 4.41 3.72 3.72 3.72 3.70 3.70 3.70 3.70 3.19 4.22 4.42 4.22 4.15 4.15 4.15 4.15 3.55 4.08 4.08 4.08 4.11 4.11 4.11 4.11 4.28 4.49 4.28 4.28 4.32 4.32 4.57 4.57 4.60 4.60 4.60 4.60
4.03 4.03 4.03 4.03 4.04 4.04 4.63 3.81 4.85 5.26 5.11 5.30 5.29 4.07 8.46 8.26 8.04 8.71 0.00 0.00 0.00 0.00 0.00 0.00 0.00 0.00 0.00 0.00 0.00 0.00 0.00 0.00 0.00 0.00 0.00 0.00 0.00 0.00 0.00 0.00 0.00 0.00 0.00 0.00 8.24 4.47 4.23 4.47 4.18 4.18 3.72 3.72 3.70 3.70 3.70 3.70 3.19 4.22 4.22 4.22 4.15 4.15 4.15 4.15 4.08 4.08 4.08 4.08 4.11 4.11 4.11 4.11 4.28 4.73 4.28 4.28 4.32 4.32 4.53 4.82 4.60 4.60 4.61 4.60
4.03 4.03 4.03 4.03 4.04 4.47 4.19 4.34 5.45 5.29 8.26 8.26 8.26 0.00 0.00 0.00 0.00 0.00 0.00 0.00 0.00 0.00 0.00 0.00 0.00 0.00 0.00 0.00 0.00 0.00 0.00 0.00 0.00 0.00 0.00 0.00 0.00 0.00 0.00 0.00 0.00 0.00 0.00 4.49 9.01 3.91 3.91 3.76 3.72 3.72 3.72 3.72 3.70 3.70 3.70 3.70 3.19 4.22 4.22 4.22 4.38 4.38 4.38 4.15 4.08 4.08 4.08 4.08 4.11 4.11 4.11 4.11 4.28 4.68 4.49 4.28 4.32 4.32 4.32 4.32 4.35 4.35 4.60 4.60
4.02 4.02 4.02 4.02 4.93 5.03 5.49 4.33 5.43 8.61 0.00 0.00 0.00 0.00 0.00 0.00 0.00 0.00 0.00 0.00 0.00 0.00 0.00 0.00 0.00 0.00 0.00 0.00 0.00 0.00 0.00 0.00 0.00 0.00 0.00 0.00 0.00 0.00 0.00 0.00 0.00 0.00 0.00 3.74 4.02 7.65 7.54 7.54 5.24 4.23 3.77 3.77 3.76 3.76 3.76 3.76 3.25 4.56 4.56 4.56 4.48 4.48 4.48 4.48 4.08 4.08 4.08 4.08 4.03 4.03 4.03 4.21 4.24 4.24 4.24 4.24 4.32 4.32 4.32 4.32 4.37 4.37 4.37 4.37
4.02 4.02 4.02 4.20 4.86 4.84 1.89 8.35 0.00 0.00 0.00 0.00 0.00 0.00 0.00 0.00 0.00 0.00 0.00 0.00 0.00 0.00 0.00 0.00 0.00 0.00 0.00 0.00 0.00 0.00 0.00 0.00 0.00 0.00 0.00 0.00 0.00 0.00 0.00 0.00 0.00 0.00 0.00 0.00 0.00 0.00 0.00 7.73 4.86 4.53 4.02 4.08 3.87 3.76 3.76 3.76 3.25 4.56 4.56 4.56 4.48 4.48 4.48 4.48 4.31 4.31 4.08 4.08 4.03 4.03 4.03 4.21 4.24 4.24 4.24 4.24 4.32 4.32 4.32 4.32 4.37 4.37 4.37 4.37
4.02 4.02 4.02 4.46 4.30 4.13 8.35 0.00 0.00 0.00 0.00 0.00 0.00 0.00 0.00 0.00 0.00 0.00 0.00 0.00 0.00 0.00 0.00 0.00 0.00 0.00 0.00 0.00 0.00 0.00 0.00 0.00 0.00 0.00 0.00 0.00 0.00 0.00 0.00 0.00 0.00 0.00 0.00 0.00 0.00 0.00 0.00 0.00 8.65 1.74 4.18 3.87 3.87 4.59 3.87 3.76 3.25 4.56 4.56 4.56 4.48 4.48 4.48 4.48 4.31 4.31 4.08 4.08 4.03 4.03 4.21 4.03 4.24 4.24 4.24 4.24 4.32 4.32 4.32 4.32 4.37 4.37 4.37 4.37
4.87 4.17 4.27 4.27 4.12 5.18 3.93 0.00 0.00 0.00 0.00 0.00 0.00 0.00 0.00 0.00 0.00 0.00 0.00 0.00 0.00 0.00 0.00 0.00 0.00 0.00 0.00 0.00 0.00 0.00 0.00 0.00 0.00 0.00 0.00 0.00 0.00 0.00 0.00 0.00 0.00 0.00 0.00 0.00 0.00 0.00 0.00 0.00 0.00 9.48 4.54 4.82 4.30 4.74 4.59 4.59 4.43 4.56 4.56 4.56 4.48 4.48 4.48 4.48 4.31 4.31 4.08 4.08 4.03 4.03 4.03 4.03 4.24 4.24 4.24 4.24 4.32 4.32 4.32 4.32 4.37 4.37 4.37 4.63
4.01 4.11 4.26 4.26 4.01 4.16 7.73 0.00 0.00 0.00 0.00 0.00 0.00 0.00 0.00 0.00 0.00 0.00 0.00 0.00 0.00 0.00 0.00 0.00 0.00 0.00 0.00 0.00 0.00 0.00 0.00 0.00 0.00 0.00 0.00 0.00 0.00 0.00 0.00 0.00 0.00 0.00 0.00 0.00 0.00 0.00 0.00 0.00 0.00 9.33 5.79 9.78 5.22 8.55 4.42 5.02 3.56 4.82 4.60 4.60 4.49 4.49 4.50 4.49 4.04 4.04 4.04 4.04 3.96 3.96 3.96 3.96 4.22 4.22 4.22 4.22 3.85 4.34 4.14 4.14 4.39 4.39 4.39 4.91
4.01 4.26 3.66 4.84 4.16 4.01 7.64 0.00 0.00 0.00 0.00 0.00 0.00 0.00 0.00 0.00 0.00 0.00 0.00 0.00 0.00 0.00 0.00 0.00 0.00 0.00 0.00 0.00 0.00 0.00 0.00 0.00 0.00 0.00 0.00 0.00 0.00 0.00 0.00 0.00 0.00 0.00 0.00 0.00 0.00 0.00 0.00 0.00 0.00 0.00 5.06 2.16 4.20 7.38 4.91 5.52 3.71 4.75 4.60 4.60 4.49 4.49 4.49 4.50 4.26 4.22 4.48 4.21 3.96 3.96 3.96 3.96 4.22 4.22 4.22 4.62 4.34 4.34 4.34 3.85 3.90 4.39 8.01 8.55
4.01 4.01 4.41 1.91 8.62 3.63 0.00 0.00 0.00 0.00 0.00 0.00 0.00 0.00 0.00 0.00 0.00 0.00 0.00 0.00 0.00 0.00 0.00 0.00 0.00 0.00 0.00 0.00 0.00 0.00 0.00 0.00 0.00 0.00 0.00 0.00 0.00 0.00 0.00 0.00 0.00 0.00 0.00 0.00 0.00 0.00 0.00 0.00 0.00 0.00 7.86 5.37 8.34 5.72 4.57 4.11 4.49 4.60 4.86 4.86 4.49 4.50 4.49 4.25 4.26 4.26 4.26 4.26 3.96 3.96 3.96 3.96 4.22 4.22 4.22 4.42 4.34 4.34 4.81 4.60 4.63 8.26 8.01 8.26
4.01 4.01 4.31 7.08 0.00 0.00 0.00 0.00 0.00 0.00 0.00 0.00 0.00 0.00 0.00 0.00 0.00 0.00 0.00 0.00 0.00 0.00 0.00 0.00 0.00 0.00 0.00 0.00 0.00 0.00 0.00 0.00 0.00 0.00 0.00 0.00 0.00 0.00 0.00 0.00 0.00 0.00 0.00 0.00 0.00 0.00 0.00 0.00 0.00 0.00 0.00 7.92 8.07 5.57 4.33 4.60 3.28 4.34 4.34 4.34 3.96 4.25 4.25 4.25 4.04 4.04 4.04 3.51 3.96 3.96 3.96 3.96 4.40 4.42 4.22 4.22 4.34 4.34 4.34 4.34 4.63 2.67 2.67 4.17
4.38 8.16 0.00 0.00 0.00 0.00 0.00 0.00 0.00 0.00 0.00 0.00 0.00 0.00 0.00 0.00 0.00 0.00 0.00 0.00 0.00 0.00 0.00 0.00 0.00 0.00 0.00 0.00 0.00 0.00 0.00 0.00 0.00 0.00 0.00 0.00 0.00 0.00 0.00 0.00 0.00 0.00 0.00 0.00 0.00 0.00 0.00 0.00 0.00 0.00 0.00 7.92 1.89 3.86 3.89 4.02 3.52 4.01 3.75 4.25 4.09 4.09 4.09 4.09 3.45 3.98 3.98 3.98 3.98 3.98 3.98 3.98 4.21 4.40 4.21 4.21 4.33 4.33 4.33 4.33 4.40 4.63 2.64 4.18
7.51 0.00 0.00 0.00 0.00 0.00 0.00 0.00 0.00 0.00 0.00 0.00 0.00 0.00 0.00 0.00 0.00 0.00 0.00 0.00 0.00 0.00 0.00 0.00 0.00 0.00 0.00 0.00 0.00 0.00 0.00 0.00 0.00 0.00 0.00 0.00 0.00 0.00 0.00 0.00 0.00 0.00 0.00 0.00 0.00 0.00 0.00 0.00 0.00 0.00 0.00 8.19 8.49 5.36 4.05 4.18 3.22 3.75 4.46 4.25 4.09 4.09 4.09 4.09 4.00 3.45 3.98 3.98 3.98 3.98 3.98 3.98 4.21 4.21 4.21 4.21 4.33 4.33 4.33 4.33 4.40 4.40 4.40 4.50
0.00 0.00 0.00 0.00 0.00 0.00 0.00 0.00 0.00 0.00 0.00 0.00 0.00 0.00 0.00 0.00 0.00 0.00 0.00 0.00 0.00 0.00 0.00 0.00 0.00 0.00 0.00 0.00 0.00 0.00 0.00 0.00 0.00 0.00 0.00 0.00 0.00 0.00 0.00 0.00 0.00 0.00 0.00 0.00 0.00 0.00 0.00 0.00 0.00 0.00 0.00 4.11 8.38 4.26 3.68 3.97 4.15 4.74 4.52 4.74 4.76 4.58 4.58 4.58 4.48 4.48 4.48 4.48 4.48 4.48 4.48 4.48 4.63 4.63 4.63 4.63 4.75 4.75 4.96 4.96 4.81 4.81 4.81 5.06
0.00 0.00 0.00 0.00 0.00 0.00 0.00 0.00 0.00 0.00 0.00 0.00 0.00 0.00 0.00 0.00 0.00 0.00 0.00 0.00 0.00 0.00 0.00 0.00 0.00 0.00 0.00 0.00 0.00 0.00 0.00 0.00 0.00 0.00 0.00 0.00 0.00 0.00 0.00 0.00 0.00 0.00 0.00 0.00 0.00 0.00 0.00 0.00 0.00 0.00 0.00 3.81 8.00 4.12 3.97 3.97 3.65 4.74 4.84 4.74 4.58 4.58 4.58 4.58 4.48 4.48 4.48 4.48 4.48 4.48 4.48 4.48 4.63 4.63 4.63 4.63 4.75 4.75 4.75 4.75 4.60 4.81 8.82 7.09
0.00 0.00 0.00 0.00 0.00 0.00 0.00 0.00 0.00 0.00 0.00 0.00 0.00 0.00 0.00 0.00 0.00 0.00 0.00 0.00 0.00 0.00 0.00 0.00 0.00 0.00 0.00 0.00 0.00 0.00 0.00 0.00 0.00 0.00 0.00 0.00 0.00 0.00 0.00 0.00 0.00 0.00 0.00 0.00 0.00 0.00 0.00 0.00 0.00 0.00 0.00 5.51 5.58 3.88 3.58 4.09 4.07 4.55 4.55 4.55 4.48 4.48 4.48 4.48 4.53 4.53 4.53 4.53 4.69 4.59 4.59 4.59 4.65 4.76 4.65 4.65 4.71 4.71 4.71 4.49 8.44 8.88 0.00 0.00
0.00 0.00 0.00 0.00 0.00 0.00 0.00 0.00 0.00 0.00 0.00 0.00 0.00 0.00 0.00 0.00 0.00 0.00 0.00 0.00 0.00 0.00 0.00 0.00 0.00 0.00 0.00 0.00 0.00 0.00 0.00 0.00 0.00 0.00 0.00 0.00 0.00 0.00 0.00 0.00 0.00 0.00 0.00 0.00 0.00 0.00 0.00 0.00 0.00 0.00 7.25 7.52 4.37 4.05 3.58 3.73 3.51 4.55 4.55 4.71 4.48 4.64 4.67 4.67 4.53 4.53 4.53 4.53 4.69 4.35 4.59 4.59 4.65 4.96 4.96 4.96 4.99 4.71 4.71 4.71 8.88 0.00 0.00 0.00
0.00 0.00 0.00 0.00 0.00 0.00 0.00 0.00 0.00 0.00 0.00 0.00 0.00 0.00 0.00 0.00 0.00 0.00 0.00 0.00 0.00 0.00 0.00 0.00 0.00 0.00 0.00 0.00 0.00 0.00 0.00 0.00 0.00 0.00 0.00 0.00 0.00 0.00 0.00 0.00 0.00 0.00 0.00 0.00 0.00 0.00 0.00 0.00 0.00 7.37 3.95 3.95 3.58 4.09 4.09 4.69 3.65 3.51 4.55 4.55 4.48 4.85 4.67 4.67 4.53 4.53 4.53 4.53 4.69 4.50 4.59 4.59 4.65 4.96 3.91 3.91 4.99 4.71 4.71 8.34 0.00 0.00 0.00 0.00
0.00 0.00 0.00 0.00 0.00 0.00 0.00 0.00 0.00 0.00 0.00 0.00 0.00 0.00 0.00 0.00 0.00 0.00 0.00 0.00 0.00 0.00 0.00 0.00 0.00 0.00 0.00 0.00 0.00 0.00 0.00 0.00 0.00 0.00 0.00 0.00 0.00 0.00 0.00 0.00 0.00 0.00 0.00 0.00 0.00 0.00 0.00 0.00 7.82 3.62 3.62 3.95 3.58 3.58 3.73 3.73 3.51 3.51 4.55 4.55 4.48 4.67 4.67 8.30 4.53 4.53 4.53 8.16 8.47 4.69 4.59 4.59 4.65 4.79 3.91 3.91 3.76 4.99 4.49 8.34 0.00 0.00 0.00 0.00
