New_Model_Runs/9_Future_Present_Scn2_out/post_prcessed_with_MFR/Monthly_summaries/net_infiltration_monthly_DEC.asc
NCOLS 700
NROWS 400
XLLCENTER 515000.000000
YLLCENTER 8409000.000000
CELLSIZE 50.000000
NODATA_value -999.000000
[rows 148 to 184 of 400, columns 249 to 331 of 700]
0.00 0.00 0.00 0.00 0.00 0.00 0.00 0.00 0.00 0.00 0.00 0.00 0.00 0.00 0.00 0.00 0.00 0.00 0.00 0.00 0.00 0.00 0.00 0.00 0.00 0.00 0.00 0.00 0.00 0.00 0.00 0.00 0.00 0.00 0.00 0.00 0.00 0.00 0.00 0.00 0.00 0.00 0.00 0.00 0.00 0.00 0.00 0.00 0.00 6.00 6.00 5.95 5.95 5.95 5.95 5.62 5.62 6.69 5.62 5.57 5.57 5.57 5.57 5.52 5.52 6.57 5.52 5.58 5.58 5.58 5.58 5.94 5.94 5.94 5.94 6.00 6.00 6.00 6.00 6.18 7.51 9.65 12.60
0.00 0.00 0.00 0.00 0.00 0.00 0.00 0.00 0.00 0.00 0.00 0.00 0.00 0.00 0.00 0.00 0.00 0.00 0.00 0.00 0.00 0.00 0.00 0.00 0.00 0.00 0.00 0.00 0.00 0.00 0.00 0.00 0.00 0.00 0.00 0.00 0.00 0.00 0.00 0.00 0.00 0.00 0.00 0.00 0.00 0.00 0.00 0.00 0.00 6.00 6.00 5.95 7.80 5.95 5.95 5.62 5.62 5.62 5.62 5.57 5.57 5.57 5.57 5.52 5.52 5.52 5.52 5.58 5.58 5.58 5.58 5.94 5.94 5.94 5.94 6.00 6.00 6.03 9.01 8.52 8.67 2.81 12.15
0.00 0.00 0.00 0.00 0.00 0.00 0.00 0.00 0.00 0.00 0.00 0.00 0.00 0.00 0.00 0.00 0.00 0.00 0.00 0.00 0.00 0.00 0.00 0.00 0.00 0.00 0.00 0.00 0.00 0.00 0.00 0.00 0.00 0.00 0.00 0.00 0.00 0.00 0.00 0.00 0.00 0.00 0.00 0.00 0.00 0.00 0.00 0.00 0.00 6.00 6.00 5.95 5.95 5.95 5.95 5.62 5.62 5.62 5.62 5.57 5.57 5.57 5.57 7.00 5.52 5.52 5.52 5.58 5.58 5.58 5.58 5.94 5.94 5.94 5.94 6.00 6.00 6.03 9.04 9.04 2.81 6.29 12.00
0.00 0.00 0.00 0.00 0.00 0.00 0.00 0.00 0.00 0.00 0.00 0.00 0.00 0.00 0.00 0.00 0.00 0.00 0.00 0.00 0.00 0.00 0.00 0.00 0.00 0.00 0.00 0.00 0.00 0.00 0.00 0.00 0.00 0.00 0.00 0.00 0.00 0.00 0.00 0.00 0.00 0.00 0.00 0.00 0.00 0.00 0.00 0.00 0.00 6.00 6.00 5.95 5.95 5.95 5.95 5.62 5.62 6.68 5.62 5.57 6.63 5.57 5.57 5.52 7.05 5.52 5.52 5.58 5.58 5.58 5.58 5.94 5.94 7.06 7.06 7.10 7.12 7.12 6.16 9.19 5.91 12.15 12.15
0.00 0.00 0.00 0.00 0.00 0.00 0.00 0.00 0.00 0.00 0.00 0.00 0.00 0.00 0.00 0.00 0.00 0.00 0.00 0.00 0.00 0.00 0.00 0.00 0.00 0.00 0.00 0.00 0.00 0.00 0.00 0.00 0.00 0.00 0.00 0.00 0.00 0.00 0.00 0.00 0.00 0.00 0.00 0.00 0.00 0.00 0.00 0.00 0.00 0.00 5.98 5.93 7.00 5.93 5.93 5.60 5.60 5.60 5.60 6.62 5.57 5.57 5.57 5.58 5.58 5.58 5.58 5.65 5.65 5.65 5.65 5.97 5.97 5.97 5.97 6.01 6.01 6.34 7.66 12.93 12.92 9.14 8.52
0.00 0.00 0.00 0.00 0.00 0.00 0.00 0.00 0.00 0.00 0.00 0.00 0.00 0.00 0.00 0.00 0.00 0.00 0.00 0.00 0.00 0.00 0.00 0.00 0.00 0.00 0.00 0.00 0.00 0.00 0.00 0.00 0.00 0.00 0.00 0.00 0.00 0.00 0.00 0.00 0.00 0.00 0.00 0.00 0.00 0.00 0.00 0.00 0.00 5.98 5.98 5.93 5.93 5.93 5.93 5.60 5.60 5.60 5.60 5.57 5.57 5.57 5.57 5.58 5.58 5.58 5.58 5.65 5.65 5.65 5.65 5.97 5.97 8.89 5.97 6.04 6.19 8.67 8.67 13.23 9.59 8.99 8.37
0.00 0.00 0.00 0.00 0.00 0.00 0.00 0.00 0.00 0.00 0.00 0.00 0.00 0.00 0.00 0.00 0.00 0.00 0.00 0.00 0.00 0.00 0.00 0.00 0.00 0.00 0.00 0.00 0.00 0.00 0.00 0.00 0.00 0.00 0.00 0.00 0.00 0.00 0.00 0.00 0.00 0.00 0.00 0.00 0.00 0.00 0.00 0.00 7.04 5.98 5.98 5.93 5.93 5.93 5.93 5.60 5.60 5.60 5.60 5.57 5.57 5.57 5.57 5.58 5.58 5.58 5.58 5.65 5.65 5.65 5.65 5.97 8.89 9.39 8.93 9.02 8.67 8.82 8.98 6.74 12.60 13.87 12.66
0.00 0.00 0.00 0.00 0.00 0.00 0.00 0.00 0.00 0.00 0.00 0.00 0.00 0.00 0.00 0.00 0.00 0.00 0.00 0.00 0.00 0.00 0.00 0.00 0.00 0.00 0.00 0.00 0.00 0.00 0.00 0.00 0.00 0.00 0.00 0.00 0.00 0.00 0.00 0.00 0.00 0.00 0.00 0.00 0.00 0.00 0.00 0.00 5.98 5.98 5.98 5.93 5.93 5.93 5.93 5.60 5.60 5.60 5.60 5.57 5.57 5.57 5.57 5.58 5.58 5.58 5.58 5.65 5.65 5.65 5.65 5.97 8.89 8.89 8.89 9.02 9.33 8.67 2.81 12.60 9.44 8.00 6.03
0.00 0.00 0.00 0.00 0.00 0.00 0.00 0.00 0.00 0.00 0.00 0.00 0.00 0.00 0.00 0.00 0.00 0.00 0.00 0.00 0.00 0.00 0.00 0.00 0.00 0.00 0.00 0.00 0.00 0.00 0.00 0.00 0.00 0.00 0.00 0.00 0.00 0.00 0.00 0.00 0.00 0.00 0.00 0.00 0.00 0.00 0.00 4.17 5.96 5.96 5.96 5.96 5.96 5.96 5.96 5.65 5.65 5.65 5.65 5.64 5.64 5.64 5.64 5.64 5.64 5.64 5.64 5.65 5.65 6.72 5.65 6.99 8.88 8.88 8.88 8.97 8.97 9.27 5.91 9.42 6.16 6.16 6.02
0.00 0.00 0.00 0.00 0.00 0.00 0.00 0.00 0.00 0.00 0.00 0.00 0.00 0.00 0.00 0.00 0.00 0.00 0.00 0.00 0.00 0.00 0.00 0.00 0.00 0.00 0.00 0.00 0.00 0.00 0.00 0.00 0.00 0.00 0.00 0.00 0.00 0.00 0.00 0.00 0.00 0.00 0.00 0.00 0.00 0.00 0.00 6.04 5.96 5.96 5.96 5.96 5.96 5.96 5.96 5.65 5.65 5.65 5.65 5.64 5.64 5.64 5.64 5.64 5.64 5.64 6.71 5.65 5.65 5.65 5.65 5.96 5.96 8.88 8.98 8.97 9.12 9.27 12.15 9.48 8.97 6.03 6.01
0.00 0.00 0.00 0.00 0.00 0.00 0.00 0.00 0.00 0.00 0.00 0.00 0.00 0.00 0.00 0.00 0.00 0.00 0.00 0.00 0.00 0.00 0.00 0.00 0.00 0.00 0.00 0.00 0.00 0.00 3.51 0.00 0.00 0.00 0.00 0.00 0.00 0.00 0.00 0.00 0.00 0.00 0.00 0.00 0.00 0.00 0.00 5.96 5.96 5.96 5.96 5.96 5.96 5.96 5.96 5.65 5.65 5.65 5.65 5.64 5.64 5.64 5.64 5.64 5.64 5.64 5.64 5.65 5.65 5.65 5.65 5.96 5.96 8.88 8.98 9.00 9.27 12.90 8.52 9.27 8.97 6.01 6.01
0.00 0.00 0.00 0.00 0.00 0.00 0.00 0.00 0.00 0.00 0.00 0.00 0.00 0.00 0.00 0.00 0.00 0.00 0.00 0.00 0.00 0.00 0.00 0.00 0.00 0.00 0.00 0.00 0.00 6.94 5.89 0.00 0.00 0.00 0.00 0.00 0.00 0.00 0.00 0.00 0.00 0.00 0.00 0.00 0.00 0.00 0.00 0.00 0.00 5.96 5.96 5.96 5.96 5.96 5.96 5.65 5.65 5.65 5.65 5.64 5.64 5.64 5.64 5.64 7.49 5.64 5.64 5.65 5.65 5.65 5.65 5.96 5.96 8.88 8.92 9.19 12.30 12.00 8.67 8.67 9.90 9.02 6.01
0.00 0.00 0.00 0.00 0.00 0.00 0.00 0.00 0.00 0.00 0.00 0.00 0.00 0.00 0.00 0.00 0.00 0.00 0.00 0.00 0.00 0.00 0.00 0.00 0.00 0.00 0.00 0.00 5.90 5.90 5.90 5.89 0.00 0.00 0.00 0.00 0.00 0.00 0.00 0.00 0.00 0.00 0.00 0.00 0.00 0.00 0.00 0.00 0.00 0.00 0.00 6.02 6.02 6.02 7.81 5.71 5.71 5.71 5.71 5.70 5.70 5.70 5.70 5.67 5.67 5.67 5.67 5.65 5.65 5.65 5.65 5.94 5.94 8.96 8.96 12.00 12.15 6.14 2.51 9.19 9.81 9.11 6.15
0.00 0.00 0.00 0.00 0.00 0.00 0.00 0.00 0.00 0.00 0.00 0.00 0.00 0.00 0.00 0.00 0.00 0.00 0.00 0.00 0.00 0.00 0.00 0.00 0.00 0.00 0.00 0.00 5.90 5.90 5.90 5.89 5.89 5.89 0.00 0.00 0.00 0.00 0.00 0.00 0.00 0.00 0.00 0.00 0.00 0.00 0.00 0.00 0.00 0.00 0.00 0.00 0.00 9.42 7.86 6.80 5.71 5.71 5.71 5.70 5.70 5.70 5.70 5.67 5.67 5.67 5.67 8.39 5.65 5.65 5.65 5.94 8.90 9.04 8.37 9.19 5.61 12.00 12.77 9.50 9.04 9.13 8.95
0.00 0.00 0.00 0.00 0.00 0.00 0.00 0.00 0.00 0.00 0.00 0.00 0.00 0.00 0.00 0.00 0.00 0.00 0.00 0.00 0.00 0.00 0.00 0.00 0.00 0.00 0.00 0.00 5.77 6.87 5.77 5.76 5.76 5.76 0.00 0.00 0.00 0.00 0.00 0.00 0.00 0.00 0.00 0.00 0.00 0.00 0.00 0.00 0.00 0.00 0.00 0.00 0.00 13.15 6.24 5.97 5.97 5.97 5.97 5.96 5.96 5.96 5.96 8.93 5.93 5.93 8.93 8.88 5.90 7.69 5.90 9.87 9.51 9.77 9.77 9.77 9.77 9.60 13.26 9.04 9.92 9.75 9.57
0.00 0.00 0.00 0.00 0.00 0.00 0.00 0.00 0.00 0.00 0.00 0.00 0.00 0.00 0.00 0.00 0.00 0.00 0.00 0.00 0.00 0.00 0.00 0.00 0.00 0.00 0.00 5.77 5.77 5.77 5.77 5.76 6.83 7.44 7.44 5.77 0.00 5.77 5.77 0.00 0.00 0.00 0.00 0.00 0.00 0.00 0.00 0.00 0.00 0.00 0.00 0.00 0.00 6.59 6.39 6.12 6.12 7.80 5.97 5.96 5.96 5.96 8.99 8.93 11.48 8.93 8.93 5.90 7.60 7.02 5.90 9.84 6.24 9.77 9.77 9.92 9.92 9.63 13.20 9.04 9.19 9.87 10.93
0.00 0.00 0.00 0.00 0.00 0.00 0.00 0.00 0.00 0.00 0.00 0.00 0.00 0.00 0.00 0.00 0.00 0.00 0.00 0.00 0.00 0.00 0.00 0.00 0.00 0.00 5.81 6.83 5.74 5.74 5.74 5.72 5.72 5.72 7.57 7.45 7.45 5.76 5.76 6.05 6.40 0.00 0.00 0.00 0.00 0.00 0.00 0.00 0.00 0.00 0.00 0.00 0.00 0.00 12.57 9.54 3.39 9.42 9.16 9.61 9.09 9.09 9.09 9.01 9.01 9.01 5.97 5.91 5.91 5.99 5.91 6.19 9.82 11.87 11.87 9.92 12.97 10.18 15.19 9.71 9.55 9.78 9.55
0.00 0.00 0.00 0.00 0.00 0.00 0.00 0.00 0.00 0.00 0.00 0.00 0.00 0.00 0.00 0.00 0.00 0.00 0.00 0.00 0.00 0.00 0.00 5.81 5.81 5.81 5.81 5.74 5.74 5.74 5.74 5.72 6.80 5.72 6.80 3.64 6.97 3.64 5.76 6.05 6.05 6.05 0.00 0.00 0.00 0.00 0.00 0.00 0.00 0.00 0.00 0.00 0.00 0.00 6.11 3.04 9.10 9.26 9.39 9.24 9.65 9.61 9.09 9.01 9.01 9.01 5.97 5.91 5.91 5.91 5.91 6.19 6.19 9.82 6.26 11.87 12.44 8.50 10.67 6.75 6.26 6.26 6.26
0.00 0.00 0.00 0.00 0.00 0.00 0.00 0.00 0.00 0.00 0.00 0.00 0.00 0.00 0.00 0.00 0.00 0.00 0.00 2.96 5.66 0.00 0.00 5.81 5.81 5.81 5.81 6.83 6.83 5.74 5.74 6.81 5.72 5.72 6.80 5.76 5.86 5.76 5.76 6.05 8.01 8.01 7.92 8.03 0.00 0.00 0.00 0.00 0.00 0.00 0.00 0.00 0.00 0.00 6.42 6.82 12.73 13.04 13.04 9.36 9.21 9.09 9.09 9.01 7.89 9.10 5.97 5.91 5.91 7.03 5.91 6.19 7.35 6.19 6.19 6.29 8.25 8.40 9.82 7.44 6.26 6.26 6.26
0.00 0.00 0.00 0.00 0.00 0.00 0.00 0.00 0.00 0.00 0.00 0.00 0.00 0.00 0.00 0.00 0.00 0.00 0.00 5.66 5.66 5.66 5.66 5.81 6.89 6.45 7.52 7.41 5.74 5.74 5.74 5.72 5.72 5.72 5.72 5.76 5.76 5.76 5.76 6.05 7.90 7.90 8.01 7.93 0.00 0.00 0.00 0.00 0.00 0.00 0.00 0.00 0.00 0.00 7.37 3.50 3.91 12.73 12.43 9.51 7.79 6.04 6.01 7.80 7.80 7.80 7.80 5.91 5.91 7.04 5.91 6.19 6.19 6.19 6.19 6.29 8.25 8.25 6.25 6.26 6.26 6.26 8.29
0.00 0.00 0.00 0.00 0.00 0.00 0.00 0.00 0.00 0.00 0.00 0.00 0.00 0.00 0.00 0.00 2.96 5.66 2.96 5.64 5.64 5.64 5.64 5.77 5.77 5.77 5.77 5.69 5.69 5.69 5.69 6.79 5.72 5.72 5.72 5.80 5.80 5.80 5.80 6.09 6.09 8.12 8.12 8.17 0.00 0.00 0.00 0.00 0.00 0.00 0.00 0.00 0.00 7.82 7.80 7.47 7.69 12.88 9.81 9.67 7.79 6.02 6.02 6.00 6.00 6.00 6.00 5.92 5.92 5.92 5.92 6.16 6.16 6.16 6.16 7.41 6.27 6.27 6.20 6.24 6.24 6.24 6.24
0.00 0.00 0.00 0.00 0.00 0.00 0.00 0.00 0.00 0.00 0.00 0.00 0.00 0.00 0.00 2.96 5.66 5.66 5.66 5.64 5.64 5.64 5.64 5.77 5.77 5.77 5.77 8.25 7.32 5.69 5.69 5.72 5.72 5.72 5.72 5.80 5.80 5.80 7.51 8.19 9.67 9.97 9.42 0.30 0.00 0.00 0.00 0.00 0.00 0.00 0.00 0.00 6.44 6.13 6.28 10.13 12.58 13.66 8.80 9.67 8.31 6.19 6.18 6.19 7.91 6.00 6.00 5.92 5.92 5.92 5.92 6.16 6.16 6.16 6.16 6.20 6.20 6.27 6.20 6.24 6.24 6.24 8.24
0.00 0.00 0.00 0.00 0.00 0.00 0.00 0.00 0.00 0.00 0.00 0.00 0.00 0.00 0.00 5.66 5.66 7.29 5.66 5.64 5.64 5.64 7.26 7.45 5.77 5.77 5.77 6.77 5.69 6.77 5.69 5.72 5.72 5.72 5.72 5.80 7.51 7.51 7.51 8.19 9.78 9.73 3.57 12.72 0.00 0.00 0.00 0.00 0.00 0.00 0.00 6.59 6.13 6.13 6.13 6.05 7.79 12.83 12.43 13.46 9.36 9.36 9.66 6.19 6.00 6.00 6.00 5.92 5.92 5.92 5.92 6.16 6.16 6.16 6.16 6.20 6.20 6.20 6.20 6.24 6.24 6.24 6.24
0.00 0.00 0.00 0.00 0.00 0.00 0.00 0.00 0.00 0.00 0.00 0.00 0.00 0.00 2.96 5.66 5.66 7.29 5.66 5.64 5.64 6.72 5.64 5.77 5.77 5.77 5.77 5.69 5.69 5.69 5.69 5.72 5.72 5.72 5.72 7.51 7.51 7.83 7.51 9.67 10.08 8.41 2.48 8.94 12.27 0.00 0.00 0.00 0.00 0.00 6.52 9.49 6.13 6.13 6.13 6.02 6.05 12.59 8.95 8.95 8.65 9.21 3.11 11.52 6.04 6.00 7.11 5.92 5.92 5.92 8.14 7.91 6.16 6.16 6.16 6.20 6.20 6.20 8.63 6.24 6.24 6.24 6.24
0.00 0.00 0.00 0.00 0.00 0.00 0.00 0.00 0.00 0.00 0.00 0.00 0.00 5.68 5.68 6.72 5.65 7.27 5.65 5.60 6.67 5.60 5.60 5.70 5.70 5.70 5.70 5.69 5.69 5.69 5.69 5.80 5.80 5.80 5.80 5.86 7.62 5.86 5.86 6.13 9.97 8.23 8.20 10.26 2.18 5.81 5.66 0.00 3.78 6.67 2.64 9.83 6.13 6.13 6.13 6.00 6.00 9.15 9.45 9.51 9.21 10.52 9.46 6.34 6.19 7.14 6.00 5.95 5.95 5.95 7.15 6.14 7.30 6.14 6.14 7.30 6.14 7.30 7.32 6.20 6.20 6.20 6.20
0.00 0.00 0.00 0.00 0.00 0.00 0.00 0.00 0.00 0.00 0.00 0.00 0.00 9.74 8.91 5.65 5.65 6.72 5.65 5.60 5.60 5.60 5.60 5.70 5.70 5.70 5.70 5.69 5.69 5.69 5.69 5.80 5.80 5.80 5.80 5.86 5.86 5.86 5.86 6.13 9.19 9.82 8.08 13.44 6.82 3.95 6.87 2.94 3.97 3.35 9.72 9.91 9.19 8.03 6.13 6.00 6.00 6.00 6.02 9.16 9.16 9.24 9.24 9.08 6.04 6.00 6.00 5.95 7.08 5.95 5.95 6.14 6.14 6.14 6.14 6.14 6.14 6.14 6.14 6.20 6.20 6.20 6.20
0.00 0.00 0.00 0.00 0.00 0.00 0.00 0.00 0.00 0.00 0.00 0.00 0.00 0.00 8.91 8.83 5.65 5.65 5.65 5.60 5.60 5.60 5.60 5.70 5.70 5.70 5.70 5.69 5.69 5.69 5.69 5.80 5.80 5.80 5.80 5.86 5.86 5.86 5.86 6.13 8.03 9.19 9.96 6.34 9.70 7.43 7.02 3.79 10.22 9.46 9.31 9.22 9.78 7.92 6.14 6.00 6.00 6.00 6.00 6.04 6.04 9.16 9.09 9.08 7.86 6.00 6.00 5.95 5.95 5.95 5.95 6.14 6.14 6.14 6.14 6.14 6.14 6.14 6.14 6.20 6.20 6.20 6.20
0.00 0.00 0.00 0.00 0.00 0.00 0.00 0.00 0.00 0.00 0.00 0.00 0.00 0.00 8.91 8.83 8.83 8.83 5.65 5.60 5.60 5.60 5.60 5.70 5.70 5.70 5.70 5.69 5.69 5.69 5.69 5.80 5.80 5.80 5.80 5.86 5.86 5.86 5.86 6.13 6.13 9.75 12.85 8.01 9.09 9.24 7.89 8.22 8.07 10.94 9.27 9.19 9.25 9.31 6.16 6.00 6.00 6.00 6.00 6.01 6.04 9.16 9.16 9.08 10.34 6.00 6.00 5.95 5.95 5.95 7.15 6.14 6.14 6.14 6.14 6.14 6.14 6.14 6.14 6.20 6.20 6.20 6.20
0.00 0.00 0.00 0.00 0.00 0.00 0.00 0.00 0.00 0.00 0.00 0.00 0.00 0.00 0.00 8.83 8.83 8.83 8.83 5.57 5.57 5.57 5.57 6.76 5.69 5.69 5.69 5.76 5.76 8.58 8.58 8.78 8.78 5.86 5.86 5.90 5.90 9.53 8.85 9.23 9.23 9.23 9.79 7.86 8.64 8.79 7.74 8.45 7.92 7.92 9.26 9.19 9.25 9.25 9.19 5.99 5.99 5.99 5.99 5.97 5.97 9.02 9.02 9.12 9.02 9.02 5.98 5.93 5.93 5.93 5.93 6.11 6.11 6.11 6.11 6.11 6.11 6.11 6.11 6.17 6.17 6.17 6.17
0.00 0.00 0.00 0.00 0.00 0.00 0.00 0.00 0.00 0.00 0.00 0.00 0.00 0.00 8.90 8.83 8.83 8.83 8.83 8.62 6.63 5.57 5.57 6.87 5.69 5.69 5.69 5.76 8.58 8.58 8.58 8.78 8.78 5.86 5.86 5.90 9.33 9.53 8.85 7.25 9.95 9.70 13.39 11.88 9.49 8.79 7.74 8.45 7.92 6.15 6.14 6.13 6.13 9.19 6.13 5.99 5.99 5.99 5.99 5.97 5.97 5.97 5.97 5.98 5.98 5.98 5.98 5.93 5.93 5.93 5.93 6.11 6.11 6.11 6.11 6.11 6.11 6.11 6.11 6.17 6.17 6.17 7.45
0.00 0.00 0.00 0.00 0.00 0.00 0.00 9.68 0.00 0.00 0.00 0.00 0.00 9.65 9.65 9.57 9.57 9.57 9.57 9.36 9.36 9.36 5.94 5.96 5.96 5.96 5.96 6.04 9.10 9.10 9.10 9.31 10.62 9.31 9.88 9.38 9.38 9.96 10.03 10.35 9.85 10.17 14.60 10.02 9.86 9.86 9.86 13.33 6.38 6.37 6.37 6.35 6.35 6.35 6.35 6.38 6.38 7.56 6.38 6.36 6.36 6.36 6.36 6.37 6.37 6.37 6.37 7.50 6.32 6.32 6.32 7.77 6.57 6.57 6.57 6.57 7.72 6.57 6.57 6.63 8.87 6.63 6.63
0.00 0.00 0.00 0.00 0.00 0.00 9.16 9.68 9.68 0.00 0.00 0.00 9.99 9.99 9.65 9.57 9.57 9.57 9.57 9.36 9.36 9.36 9.36 5.96 5.96 5.96 5.96 6.04 9.10 9.10 9.10 9.31 9.31 9.31 10.62 9.38 9.38 9.96 6.18 6.37 10.35 10.55 13.48 9.86 9.86 9.86 9.86 9.86 9.86 6.37 6.37 6.35 6.35 6.35 6.35 6.38 6.38 7.55 6.38 6.36 6.36 6.36 7.51 6.37 6.37 6.37 6.37 6.32 6.32 6.32 6.32 6.57 6.57 6.57 6.57 6.57 7.72 6.57 6.57 6.63 6.63 6.63 6.63
0.00 9.13 9.13 9.17 9.17 9.17 9.36 9.67 9.67 10.70 10.70 9.69 10.04 10.20 9.69 9.62 9.62 9.62 9.62 9.45 10.45 9.45 9.45 9.55 9.55 6.00 6.00 6.06 9.15 9.15 9.15 9.32 10.63 9.32 9.32 9.40 9.40 6.19 6.19 6.38 9.73 9.88 13.53 10.02 12.65 9.86 9.86 9.86 9.86 6.37 7.54 6.34 7.52 7.52 6.34 6.35 6.35 6.35 6.35 6.28 6.28 6.28 6.28 6.25 6.25 6.25 6.25 7.38 6.22 6.22 7.47 7.74 6.55 7.72 6.55 6.59 6.59 6.59 6.59 6.61 6.61 6.61 6.61
9.13 10.10 9.13 9.17 9.17 9.17 10.22 9.67 9.67 9.67 9.67 9.69 11.57 9.69 10.04 9.62 9.62 9.62 9.62 9.45 9.45 9.45 9.45 9.55 9.55 9.55 6.00 6.06 6.06 9.15 9.15 9.32 9.32 9.32 9.32 6.19 6.19 6.19 6.19 9.75 9.86 9.86 11.63 13.64 10.02 13.36 9.86 11.14 9.86 6.37 6.37 6.34 6.34 6.34 6.34 6.34 6.34 7.53 8.10 7.45 6.28 6.28 6.28 6.25 6.25 6.25 6.25 6.22 6.22 6.22 6.22 6.55 6.55 6.55 6.55 6.59 7.72 6.59 6.59 6.61 6.61 6.61 6.61
9.13 9.13 9.13 9.17 9.17 10.15 9.17 9.67 9.67 9.67 9.67 9.69 9.69 10.70 10.04 9.62 9.62 9.62 9.62 9.45 9.45 9.45 9.45 9.55 9.55 9.55 9.55 9.70 6.06 9.15 9.15 6.15 6.15 6.15 6.15 6.19 6.19 6.19 9.40 9.73 9.75 9.73 9.86 12.78 8.48 6.39 6.40 9.86 9.86 6.39 8.45 6.34 6.34 6.34 6.34 6.34 6.34 6.34 6.34 6.28 6.28 6.28 6.28 6.25 6.25 6.25 6.25 6.22 6.22 6.22 7.38 6.55 6.55 6.55 6.55 6.59 8.79 6.59 6.59 6.61 6.61 6.61 6.61
10.09 9.13 9.13 9.17 9.17 9.17 9.17 9.67 9.67 9.67 9.67 9.69 9.69 9.69 9.69 9.62 9.95 9.62 9.62 9.45 9.45 9.45 9.45 9.55 9.55 9.55 9.55 9.70 9.70 6.06 6.06 6.15 6.15 6.15 6.15 6.19 6.19 6.19 9.40 6.38 6.38 11.45 9.15 9.85 6.39 6.39 6.40 8.34 9.86 9.73 8.45 6.34 6.34 6.34 6.34 7.48 6.34 6.34 6.34 6.28 6.28 6.28 6.28 6.25 6.25 6.25 6.25 6.22 6.22 6.22 6.22 6.55 6.55 6.55 6.55 6.59 8.79 8.79 6.59 6.61 8.83 7.72 6.61
9.08 9.08 9.08 9.13 9.13 10.10 9.13 9.63 9.63 9.63 9.63 9.65 9.65 9.65 9.99 9.63 11.47 9.96 9.63 9.52 9.52 9.52 9.52 9.63 9.63 9.63 9.63 9.63 9.63 9.63 9.63 6.13 6.13 6.13 6.13 6.19 6.19 9.40 11.83 7.56 6.38 8.59 9.78 9.84 7.57 6.38 6.40 8.34 9.78 9.71 9.69 10.89 9.55 6.30 6.30 6.24 6.24 6.24 6.24 6.18 6.18 6.18 6.18 6.20 6.20 6.20 6.20 6.22 6.22 6.22 6.22 6.61 6.61 6.61 6.61 6.64 6.64 6.64 8.88 11.18 6.61 6.61 6.61
