New_Model_Runs/9_Future_Present_Scn2_out/post_prcessed_with_MFR/Monthly_summaries/net_infiltration_monthly_MAY.asc
NCOLS 700
NROWS 400
XLLCENTER 515000.000000
YLLCENTER 8409000.000000
CELLSIZE 50.000000
NODATA_value -999.000000
[rows 76 to 113 of 400, columns 420 to 503 of 700]
0.00 0.00 0.00 0.00 0.00 0.00 0.00 0.00 0.00 0.00 0.00 0.00 0.00 0.00 0.00 0.00 0.00 0.00 0.00 0.00 0.00 0.00 0.00 0.00 0.00 0.00 0.00 0.00 0.00 0.00 0.00 0.00 0.00 0.00 0.00 0.00 0.00 0.00 0.00 0.00 0.00 0.00 0.00 0.00 0.00 0.00 0.00 0.00 0.00 0.00 0.00 0.00 0.00 0.00 0.00 0.00 0.00 0.00 0.00 0.00 0.00 0.00 0.00 0.00 0.00 0.00 0.00 0.00 0.00 0.00 0.00 0.00 0.00 0.00 0.00 0.00 0.00 0.00 0.00 0.00 0.00 0.00 0.00 0.00
0.00 0.00 0.00 0.00 0.00 0.00 0.00 0.00 0.00 0.00 0.00 0.00 0.00 0.00 0.00 0.00 0.00 0.00 0.00 0.00 0.00 0.00 0.00 0.00 0.00 0.00 0.00 0.00 0.00 0.00 0.00 0.00 0.00 0.00 0.00 0.00 0.00 0.00 0.00 0.00 0.00 0.00 0.00 0.00 0.00 0.00 0.00 0.00 0.00 0.00 0.00 0.00 0.00 0.00 0.00 0.00 0.00 0.00 0.00 0.00 0.00 0.00 0.00 0.00 0.00 0.00 0.00 0.00 0.00 0.00 0.00 0.00 0.00 0.00 0.00 0.00 0.00 0.00 0.00 0.00 0.00 0.00 0.00 0.00
0.00 0.00 0.00 0.00 0.00 0.00 0.00 0.00 0.00 0.00 0.00 3.41 0.00 0.00 0.00 0.00 0.00 0.00 0.00 0.00 0.00 0.00 0.00 0.00 0.00 0.00 0.00 0.00 0.00 0.00 0.00 0.00 0.00 0.00 0.00 0.00 0.00 0.00 0.00 0.00 0.00 0.00 0.00 0.00 0.00 0.00 0.00 0.00 0.00 0.00 0.00 0.00 0.00 0.00 0.00 0.00 0.00 0.00 0.00 0.00 0.00 0.00 0.00 0.00 0.00 0.00 0.00 0.00 0.00 0.00 0.00 0.00 0.00 0.00 0.00 0.00 0.00 0.00 0.00 0.00 0.00 0.00 0.00 0.00
0.00 0.00 0.00 0.00 0.00 0.00 0.00 0.00 0.00 0.00 0.00 4.00 0.00 0.00 0.00 0.00 0.00 0.00 0.00 0.00 0.00 0.00 0.00 0.00 0.00 0.00 0.00 0.00 0.00 0.00 0.00 0.00 0.00 0.00 0.00 0.00 0.00 0.00 0.00 0.00 0.00 0.00 0.00 0.00 0.00 0.00 0.00 0.00 0.00 0.00 0.00 0.00 0.00 0.00 0.00 0.00 0.00 0.00 0.00 0.00 0.00 0.00 0.00 0.00 0.00 0.00 0.00 0.00 0.00 0.00 0.00 0.00 0.00 0.00 0.00 0.00 0.00 0.00 0.00 0.00 0.00 0.00 0.00 0.00
0.00 0.00 0.00 0.00 0.00 0.00 0.00 0.00 0.00 0.00 3.41 3.70 0.00 0.00 0.00 0.00 0.00 0.00 0.00 0.00 0.00 0.00 0.00 0.00 0.00 0.00 0.00 0.00 0.00 0.00 0.00 0.00 0.00 0.00 0.00 0.00 0.00 0.00 0.00 0.00 0.00 0.00 0.00 0.00 0.00 0.00 0.00 0.00 0.00 0.00 0.00 0.00 0.00 0.00 0.00 0.00 0.00 0.00 0.00 0.00 0.00 0.00 0.00 0.00 0.00 0.00 0.00 0.00 0.00 0.00 0.00 0.00 0.00 0.00 0.00 0.00 0.00 0.00 0.00 0.00 0.00 0.00 0.00 0.00
0.00 0.00 0.00 0.00 0.00 0.00 0.00 0.00 0.00 3.41 3.70 3.70 3.43 0.00 0.00 0.00 0.00 0.00 0.00 0.00 0.00 0.00 0.00 0.00 0.00 0.00 0.00 0.00 0.00 0.00 0.00 0.00 0.00 0.00 0.00 0.00 0.00 0.00 0.00 0.00 0.00 0.00 0.00 0.00 0.00 0.00 0.00 0.00 0.00 0.00 0.00 0.00 0.00 0.00 0.00 0.00 0.00 0.00 0.00 0.00 0.00 0.00 0.00 0.00 0.00 0.00 0.00 0.00 0.00 0.00 0.00 0.00 0.00 0.00 0.00 0.00 0.00 0.00 0.00 0.00 0.00 0.00 0.00 0.00
4.07 4.07 0.00 0.00 0.00 0.00 0.00 4.04 3.96 4.09 3.96 3.96 4.03 0.00 0.00 0.00 0.00 0.00 0.00 0.00 0.00 0.00 0.00 0.00 0.00 0.00 0.00 0.00 0.00 0.00 0.00 0.00 0.00 0.00 0.00 0.00 0.00 0.00 0.00 0.00 0.00 0.00 0.00 0.00 0.00 0.00 0.00 0.00 0.00 0.00 0.00 0.00 0.00 0.00 0.00 0.00 1.81 0.00 0.00 0.00 0.00 0.00 0.00 0.00 0.00 0.00 0.00 0.00 0.00 0.00 0.00 0.00 0.00 0.00 0.00 0.00 0.00 0.00 0.00 0.00 0.00 0.00 0.00 0.00
4.07 4.07 4.07 0.00 0.00 0.00 4.16 4.16 3.96 4.09 3.96 3.96 2.96 0.00 0.00 0.00 0.00 0.00 0.00 0.00 0.00 0.00 0.00 0.00 0.00 0.00 0.00 0.00 0.00 0.00 0.00 0.00 0.00 0.00 0.00 0.00 0.00 0.00 0.00 0.00 0.00 0.00 0.00 0.00 0.00 0.00 0.00 0.00 0.00 0.00 0.00 0.00 0.00 0.00 0.00 0.00 3.65 0.00 0.00 0.00 0.00 0.00 0.00 0.00 0.00 0.00 0.00 0.00 0.00 3.83 1.47 0.00 0.00 0.00 0.00 0.00 0.00 0.00 0.00 0.00 0.00 0.00 0.00 0.00
4.17 4.04 4.04 4.04 3.97 3.97 3.97 3.97 3.95 3.95 3.95 3.95 2.96 0.00 0.00 0.00 0.00 0.00 0.00 0.00 0.00 0.00 0.00 0.00 0.00 0.00 0.00 0.00 0.00 0.00 0.00 0.00 0.00 0.00 0.00 0.00 0.00 0.00 0.00 0.00 0.00 0.00 0.00 0.00 0.00 0.00 0.00 0.00 0.00 0.00 0.00 0.00 0.00 0.00 0.00 0.00 3.67 3.67 0.00 0.00 0.00 0.00 0.00 0.00 0.00 0.00 0.00 0.00 3.61 3.57 3.35 0.00 0.00 0.00 0.00 0.00 0.00 0.00 0.00 0.00 0.00 0.00 0.00 0.00
4.04 4.04 4.04 4.04 3.97 3.97 3.97 3.97 3.95 3.95 3.95 3.95 2.96 0.00 0.00 0.00 0.00 0.00 0.00 0.00 0.00 0.00 0.00 0.00 0.00 0.00 0.00 2.96 4.90 3.68 0.00 0.00 0.00 0.00 0.00 0.00 0.00 0.00 0.00 0.00 0.00 0.00 0.00 0.00 0.00 0.00 0.00 0.00 0.00 0.00 0.00 0.00 0.00 0.00 0.00 0.00 3.67 3.67 0.00 0.00 0.00 0.00 0.00 0.00 0.00 0.00 0.00 1.89 3.68 3.57 3.35 1.47 0.00 0.00 0.00 0.00 0.00 0.00 0.00 0.00 0.00 0.00 0.00 0.00
4.04 4.17 4.04 4.04 3.91 3.97 3.97 3.97 3.95 3.95 3.95 3.95 4.14 0.00 0.00 0.00 0.00 0.00 0.00 0.00 0.00 0.00 0.00 0.00 0.00 0.00 0.00 4.11 4.15 4.15 0.00 0.00 0.00 0.00 0.00 0.00 0.00 0.00 0.00 0.00 0.00 0.00 0.00 0.00 0.00 2.13 1.81 0.00 0.00 0.00 0.00 0.00 0.00 0.00 0.00 0.00 3.67 3.67 3.75 0.00 0.00 0.00 0.00 0.00 0.00 0.00 0.00 3.60 3.57 3.57 3.35 3.35 1.47 0.00 0.00 0.00 0.00 0.00 0.00 0.00 0.00 3.44 3.44 0.00
4.04 4.04 4.17 4.04 3.97 3.97 3.97 3.97 3.95 3.95 3.95 3.95 4.14 0.00 0.00 0.00 0.00 0.00 0.00 0.00 0.00 0.00 0.00 0.00 0.00 0.00 4.38 4.11 4.15 4.15 0.00 0.00 0.00 0.00 0.00 0.00 0.00 0.00 0.00 0.00 0.00 0.00 0.00 0.00 0.00 4.20 1.81 1.81 0.00 0.00 0.00 0.00 0.00 0.00 0.00 0.00 3.75 3.67 3.67 3.67 3.60 0.00 4.57 3.60 3.60 3.60 0.00 3.66 3.57 3.57 3.35 3.35 3.35 0.00 0.00 0.00 0.00 0.00 0.00 0.00 3.44 3.44 3.44 3.44
4.01 4.13 4.13 4.01 3.96 3.96 3.96 3.96 4.04 4.04 4.04 4.04 4.24 0.00 0.00 0.00 0.00 0.00 0.00 0.00 0.00 0.00 0.00 0.00 0.00 2.96 4.12 4.12 4.16 0.00 0.00 0.00 0.00 0.00 0.00 0.00 0.00 0.00 0.00 0.00 0.00 0.00 0.00 0.00 0.00 3.74 3.74 3.74 1.81 1.81 0.00 0.00 0.00 0.00 0.00 0.00 3.73 3.63 3.69 3.69 3.59 3.59 3.59 3.59 3.57 3.57 3.62 3.63 3.57 4.06 3.35 3.35 3.41 0.00 0.00 0.00 0.00 0.00 0.00 3.47 3.65 3.44 3.44 3.44
4.01 4.01 4.01 4.01 3.96 4.08 3.96 3.96 4.04 4.04 4.04 4.04 4.24 0.00 0.00 0.00 0.00 0.00 0.00 0.00 0.00 0.00 2.96 0.00 0.00 4.24 4.12 4.12 4.16 0.00 0.00 0.00 0.00 0.00 0.00 0.00 0.00 0.00 0.00 0.00 0.00 0.00 0.00 0.00 0.00 3.74 3.74 3.74 3.76 3.76 0.00 0.00 0.00 0.00 0.00 0.00 3.63 3.69 3.69 3.69 3.59 3.59 3.33 3.59 3.62 3.57 3.57 3.57 3.61 3.57 3.35 3.35 3.41 3.63 0.00 0.00 0.00 0.00 3.47 3.47 3.44 3.44 3.44 3.44
4.01 4.01 4.01 4.01 3.96 3.96 3.96 3.96 4.04 4.04 4.04 4.04 4.43 0.00 0.00 0.00 0.00 0.00 0.00 0.00 3.08 4.18 4.18 4.18 4.12 4.12 4.12 4.12 0.00 0.00 0.00 0.00 0.00 0.00 0.00 0.00 0.00 0.00 0.00 0.00 0.00 0.00 0.00 0.00 1.81 3.74 3.74 3.74 3.76 3.76 0.00 0.00 0.00 0.00 0.00 0.00 0.00 3.69 3.69 3.69 3.59 3.59 3.59 3.59 3.57 3.57 3.57 3.57 3.57 3.57 3.35 3.35 3.41 3.63 3.41 3.41 0.00 3.47 3.47 3.47 3.44 3.44 3.44 3.44
4.01 4.01 4.01 4.01 3.96 3.96 3.96 3.96 4.04 4.04 4.04 4.04 4.43 4.43 0.00 0.00 0.00 0.00 0.00 4.22 4.18 4.18 4.18 4.18 4.21 4.21 4.12 4.12 0.00 0.00 0.00 0.00 0.00 0.00 0.00 0.00 0.00 0.00 0.00 0.00 0.00 0.00 0.00 0.00 0.00 3.74 3.74 3.74 3.76 0.00 0.00 0.00 0.00 0.00 0.00 0.00 3.69 3.69 3.69 3.69 3.59 3.59 3.59 3.59 3.57 3.57 3.57 3.57 3.57 3.57 3.35 3.57 3.41 3.41 3.41 3.41 3.47 3.47 3.47 3.47 3.44 3.44 3.44 3.44
3.99 3.99 3.99 3.99 3.99 3.99 3.99 3.99 4.12 4.12 4.12 4.31 4.47 4.48 0.00 0.00 0.00 0.00 0.00 4.38 4.15 4.15 4.28 4.30 4.29 4.27 4.14 0.00 0.00 0.00 0.00 0.00 0.00 0.00 0.00 0.00 0.00 0.00 0.00 0.00 0.00 0.00 0.00 0.00 0.00 3.77 3.77 3.77 0.00 0.00 0.00 0.00 0.00 0.00 0.00 0.00 3.77 3.68 3.68 3.68 3.54 3.54 3.54 3.58 3.57 3.52 3.52 3.52 3.60 3.60 3.39 3.39 3.67 3.68 3.46 3.46 3.54 3.54 3.54 3.54 3.53 3.53 3.53 3.53
3.99 3.99 3.99 4.12 3.99 3.99 3.99 3.99 4.12 4.12 4.31 4.32 4.47 4.47 4.67 0.00 0.00 0.00 0.00 4.26 4.15 4.15 4.15 4.15 4.14 4.14 4.14 0.00 0.00 0.00 0.00 0.00 0.00 0.00 0.00 0.00 0.00 0.00 0.00 0.00 0.00 0.00 0.00 0.00 0.00 0.00 3.77 3.77 0.00 0.00 0.00 0.00 0.00 0.00 0.00 4.04 3.77 3.68 3.68 3.68 3.54 3.54 3.54 3.54 3.52 3.52 3.58 3.52 3.60 3.60 3.39 3.39 3.46 3.46 3.46 3.46 3.54 3.54 3.54 3.54 3.53 3.53 3.53 3.53
3.99 3.99 3.99 3.99 3.99 3.99 3.99 3.99 4.43 4.12 4.31 4.51 4.27 4.27 4.27 4.47 3.49 4.12 4.45 4.45 4.15 4.15 4.15 4.15 4.14 4.14 4.14 0.00 0.00 0.00 0.00 0.00 0.00 0.00 0.00 0.00 0.00 0.00 0.00 0.00 0.00 0.00 0.00 0.00 0.00 0.00 3.77 3.77 3.66 3.66 0.00 0.00 0.00 0.00 3.88 3.88 3.77 3.68 3.62 3.65 3.54 3.54 3.54 3.58 3.52 3.57 3.57 3.52 3.60 3.60 3.39 3.39 3.46 3.46 3.46 3.61 4.50 4.50 7.98 3.67 3.53 0.00 0.00 0.00
3.99 4.12 3.99 3.99 3.99 3.99 3.99 4.11 4.12 4.12 4.12 4.12 4.27 4.27 4.27 4.27 4.16 4.16 4.46 4.45 4.15 4.15 4.15 4.15 4.14 4.14 4.14 0.00 0.00 0.00 0.00 0.00 0.00 0.00 0.00 0.00 0.00 0.00 0.00 0.00 0.00 0.00 0.00 0.00 0.00 0.00 3.77 2.79 3.66 3.87 3.87 3.66 3.67 3.88 3.88 3.88 3.77 3.68 3.68 3.74 3.54 3.54 3.54 3.54 3.52 3.52 3.52 3.52 3.60 3.60 3.39 3.39 3.46 3.82 3.98 5.22 5.76 7.27 0.00 0.00 0.00 0.00 0.00 0.00
4.02 4.02 4.15 4.02 3.97 3.97 3.97 3.97 4.09 4.09 4.09 4.09 4.28 4.28 4.28 4.28 3.64 3.94 4.52 4.45 4.13 4.13 4.13 3.95 4.18 3.96 3.96 0.00 0.00 0.00 0.00 0.00 0.00 0.00 0.00 0.00 0.00 0.00 0.00 0.00 0.00 0.00 0.00 0.00 0.00 0.00 3.54 2.60 3.64 3.86 3.64 3.64 3.94 3.84 3.84 3.84 3.58 3.58 3.58 3.64 3.54 3.54 3.54 3.54 3.63 3.63 3.63 3.63 3.74 3.74 3.52 3.52 3.93 4.08 4.94 5.71 4.39 0.00 0.00 0.00 0.00 0.00 0.00 0.00
4.15 4.02 4.02 4.02 3.97 3.97 3.97 3.97 4.09 4.09 4.09 4.09 4.28 4.28 4.28 4.69 4.34 4.68 4.60 4.45 4.13 4.13 4.13 4.13 4.15 3.96 3.96 0.00 0.00 0.00 0.00 0.00 0.00 0.00 0.00 0.00 0.00 0.00 0.00 0.00 0.00 0.00 0.00 0.00 0.00 3.81 3.64 2.60 3.64 3.86 3.64 3.64 3.84 3.84 3.84 3.74 3.58 3.58 3.58 3.58 3.54 3.54 3.54 3.54 3.63 3.63 3.63 3.63 3.74 3.74 3.52 3.95 4.13 4.70 3.92 7.09 0.00 0.00 0.00 0.00 0.00 0.00 0.00 0.00
4.78 4.78 5.00 4.78 4.72 4.72 4.72 4.72 4.85 4.85 4.85 4.85 4.99 4.99 5.34 5.34 5.25 5.50 5.47 5.25 4.83 4.83 4.58 4.58 4.64 4.73 4.64 0.00 0.00 0.00 0.00 0.00 0.00 0.00 0.00 0.00 0.00 0.00 0.00 0.00 0.00 0.00 0.00 0.00 4.31 4.10 4.10 4.10 4.11 4.38 4.11 4.11 4.32 4.32 4.06 4.06 3.90 3.90 3.90 3.90 3.89 3.89 3.89 3.89 4.00 4.00 4.00 4.00 4.11 4.11 4.02 4.46 5.26 5.73 7.69 0.15 0.00 0.00 0.00 0.00 0.00 0.00 0.00 0.00
4.78 4.78 4.78 4.99 4.72 4.72 4.72 4.72 4.85 4.85 4.85 4.85 4.99 5.28 5.28 5.28 5.32 5.32 5.25 5.25 4.58 4.58 4.58 4.58 4.64 4.64 4.64 0.00 0.00 0.00 0.00 0.00 0.00 0.00 0.00 0.00 0.00 0.00 0.00 0.00 0.00 0.00 0.00 0.00 4.10 3.88 3.00 4.10 4.38 4.38 4.11 4.38 4.32 4.32 4.31 4.06 3.90 3.90 3.90 3.90 3.89 3.89 3.89 3.89 4.00 4.00 4.00 4.00 4.11 4.36 8.09 8.24 6.20 7.39 0.15 0.00 0.00 0.00 0.00 0.00 0.00 0.00 0.00 0.00
4.78 4.78 5.01 4.78 4.71 4.71 4.71 4.71 4.84 4.84 4.84 4.84 4.98 5.28 5.28 5.28 5.17 4.88 5.36 4.64 4.57 4.57 4.57 4.57 4.70 4.70 0.00 0.00 0.00 0.00 0.00 0.00 0.00 0.00 0.00 0.00 0.00 0.00 0.00 0.00 0.00 0.00 0.00 4.62 3.99 4.08 3.00 3.00 4.32 4.32 4.32 4.32 4.16 3.91 3.91 4.11 3.89 3.89 3.89 3.89 4.06 4.06 4.06 4.06 4.14 4.14 4.14 4.14 4.17 8.21 8.67 2.59 0.26 4.04 0.00 0.00 0.00 0.00 0.00 0.00 0.00 0.00 0.00 0.00
5.06 4.78 4.95 4.78 4.71 4.71 4.71 4.71 4.84 4.84 4.84 4.84 5.28 5.28 5.28 5.28 5.17 4.82 5.00 4.64 4.57 4.57 4.57 4.57 4.70 4.70 0.00 0.00 0.00 0.00 0.00 0.00 0.00 0.00 0.00 4.66 4.65 4.65 0.00 0.00 4.62 4.62 4.69 4.62 4.08 3.00 3.00 3.00 4.32 4.32 4.32 4.32 3.91 4.34 4.11 3.91 3.89 3.89 3.89 3.89 4.06 4.06 4.31 4.31 4.40 4.14 4.14 4.30 8.21 2.32 0.26 0.41 0.26 1.49 7.33 0.00 0.00 0.00 0.00 0.00 0.00 0.00 0.00 0.00
4.67 5.01 4.67 4.67 4.71 4.71 4.71 4.92 4.84 4.84 4.84 5.13 5.28 5.28 5.31 4.92 4.82 4.82 4.83 4.64 4.57 4.57 4.57 4.57 4.70 4.70 0.00 0.00 0.00 0.00 0.00 0.00 0.00 0.00 0.00 4.66 4.65 4.65 4.65 4.65 4.62 4.62 5.09 4.53 3.25 3.00 3.00 3.00 4.32 4.32 4.44 4.05 3.91 4.11 3.91 3.91 3.89 3.89 3.89 3.89 4.06 4.06 4.31 4.31 4.40 4.40 8.03 8.26 2.45 1.44 0.26 0.26 0.26 3.70 2.27 4.23 0.00 0.00 0.00 0.00 0.00 0.00 0.00 0.00
4.67 4.78 4.78 4.78 4.92 4.71 4.71 4.71 4.84 4.84 4.84 5.13 5.28 4.92 4.92 4.92 4.82 4.82 4.82 4.64 4.57 4.57 4.57 4.57 4.70 4.70 0.00 0.00 0.00 0.00 0.00 0.00 0.00 0.00 0.00 4.66 4.65 4.57 4.65 4.65 4.86 4.62 4.62 4.62 3.00 4.08 4.35 4.35 4.32 4.36 4.32 4.32 3.91 3.91 3.91 3.91 3.89 3.89 3.89 3.89 4.06 4.06 4.31 4.31 4.72 8.24 4.05 1.79 1.44 1.44 0.26 0.27 0.27 2.58 4.60 2.12 4.23 0.00 0.00 0.00 0.00 0.00 0.00 0.00
4.75 4.73 4.75 4.75 4.74 4.74 4.74 4.74 4.82 4.82 4.82 5.05 4.78 4.78 4.78 4.78 4.70 4.70 4.70 4.54 4.64 4.64 4.64 4.64 4.75 4.75 6.07 0.00 0.00 0.00 0.00 0.00 0.00 0.00 5.03 5.16 4.79 4.69 4.65 4.65 4.58 4.58 4.61 4.58 4.31 4.31 4.31 4.35 4.23 4.23 4.23 4.23 3.91 3.91 3.91 3.91 4.07 4.07 4.07 4.07 4.21 4.47 4.52 8.15 8.41 4.62 1.79 1.79 1.44 1.76 0.26 0.26 0.26 2.13 1.15 4.78 7.99 5.61 0.00 0.00 0.00 0.00 0.00 0.00
4.75 4.75 4.91 4.75 4.74 4.74 4.74 4.74 4.82 4.82 4.84 4.56 4.96 4.78 4.78 4.78 4.70 4.70 4.54 4.54 4.64 4.64 4.64 4.64 4.75 4.55 4.75 0.00 0.00 0.00 0.00 0.00 0.00 0.00 2.88 5.16 4.96 4.96 4.65 4.65 4.58 4.81 4.81 4.88 4.31 4.31 4.35 4.31 4.23 4.27 4.23 4.23 3.91 3.91 3.91 3.91 4.34 4.34 4.34 3.92 4.47 4.47 4.32 7.08 4.20 4.20 4.20 1.79 1.79 1.44 0.26 0.41 0.41 1.83 5.61 8.38 4.46 4.15 4.10 7.73 3.78 0.00 0.00 0.00
4.97 4.75 4.75 4.75 4.74 4.74 4.74 4.74 5.11 4.73 4.56 4.56 4.61 4.61 4.61 4.78 4.70 4.54 4.54 4.54 4.64 4.64 4.64 4.64 4.75 4.75 8.60 5.22 0.00 0.00 0.00 0.00 0.00 3.93 1.35 4.22 5.19 5.11 4.56 4.65 4.58 4.58 4.58 4.93 4.31 4.35 4.31 4.31 4.23 4.23 4.23 4.23 3.91 3.91 4.16 4.16 4.34 4.34 4.34 4.34 4.47 4.52 8.02 4.21 4.20 4.36 4.32 4.20 1.79 1.44 0.26 6.72 7.94 8.17 4.54 4.23 3.50 3.69 3.69 3.69 3.96 3.96 8.17 0.00
4.75 4.75 4.75 4.75 4.74 4.74 4.74 4.49 4.68 4.56 4.56 4.68 4.72 4.61 4.61 4.61 4.54 4.54 4.54 4.54 4.64 4.64 4.64 4.70 4.55 4.82 8.00 4.69 5.56 7.29 4.46 5.28 5.28 1.50 4.59 4.76 4.95 4.65 4.65 4.65 4.58 4.58 4.58 4.88 4.31 4.35 4.31 4.31 4.23 4.23 4.49 4.49 3.91 3.91 3.91 4.16 4.34 4.38 4.34 4.34 8.23 6.64 4.63 4.21 4.32 8.85 7.95 7.80 7.77 7.86 7.83 4.26 4.17 4.62 4.04 4.04 3.69 3.69 3.69 3.69 3.97 3.72 4.33 3.43
5.17 5.17 4.72 4.72 4.74 4.48 4.62 4.48 4.50 4.50 4.50 4.50 4.51 4.64 4.51 4.51 4.59 4.59 4.59 4.59 4.74 4.74 4.74 4.74 4.86 8.49 4.06 5.16 1.93 1.78 5.74 5.44 1.57 4.37 5.19 4.84 4.71 4.66 4.66 4.66 4.57 4.57 4.57 4.87 4.24 4.87 3.99 4.24 4.19 3.94 4.14 3.94 4.02 4.02 4.02 4.02 4.19 4.19 4.19 4.47 8.26 3.04 3.04 4.20 8.48 4.23 4.23 4.49 4.13 4.13 4.52 4.25 4.05 4.43 3.99 3.99 3.65 3.90 3.65 3.65 3.74 3.74 4.26 4.36
4.55 4.55 4.55 4.55 4.57 4.48 4.62 4.48 4.50 4.50 4.50 4.50 4.64 4.64 4.51 4.51 4.59 4.59 4.59 4.59 4.74 4.74 4.74 4.74 4.86 9.00 5.01 4.71 4.62 1.93 1.81 7.97 4.59 4.44 4.44 5.08 4.64 5.20 4.66 4.66 4.57 4.57 4.57 4.57 4.23 3.99 3.99 3.99 3.94 3.94 3.94 3.94 4.02 4.02 4.02 4.02 4.19 4.19 4.19 4.52 6.67 3.04 3.04 3.76 7.31 4.07 4.23 4.23 4.16 4.42 4.14 4.52 4.20 4.43 3.99 3.99 3.90 3.65 3.65 3.65 3.74 3.56 3.74 4.16
4.55 4.55 4.55 4.55 4.57 4.57 4.48 4.48 4.50 4.50 4.64 4.50 4.51 4.64 4.51 4.51 4.59 4.59 4.59 4.59 4.74 4.74 4.74 4.74 5.17 5.45 4.86 4.71 4.77 1.66 4.04 8.70 4.44 4.58 4.22 5.26 5.62 5.04 4.66 4.66 4.57 4.57 4.57 4.57 3.99 4.25 3.99 3.99 3.94 3.94 3.94 3.94 4.02 4.02 4.02 4.02 4.19 4.19 4.60 6.94 3.27 3.62 4.20 7.31 4.19 4.72 4.56 4.07 4.16 4.00 4.85 4.52 4.05 3.99 3.88 3.99 3.65 3.65 3.65 3.65 3.74 3.56 3.72 3.80
4.55 4.55 4.55 4.55 4.57 4.57 4.48 4.48 4.50 4.50 4.50 4.50 4.51 4.51 4.51 4.51 4.59 4.59 4.59 4.59 4.74 4.74 4.74 4.89 5.02 5.22 8.34 4.86 4.62 3.66 8.22 4.74 4.92 4.21 5.22 5.04 5.04 5.14 4.99 4.66 4.80 4.57 4.57 4.57 3.99 4.19 3.99 3.99 3.94 3.94 3.94 3.94 4.02 4.02 4.02 4.02 4.19 4.19 4.31 6.94 3.77 3.62 3.69 7.15 4.19 3.74 4.56 4.56 4.00 4.16 4.07 5.18 4.43 4.27 4.25 4.23 3.65 3.65 3.65 3.65 3.74 3.74 3.72 4.16
4.53 4.53 4.53 4.53 4.56 4.89 4.56 4.47 4.46 4.46 4.60 4.46 4.54 4.54 4.54 4.54 4.68 4.68 4.68 4.68 4.79 4.79 4.79 4.94 5.02 5.02 5.25 8.17 4.62 4.47 8.22 5.25 4.63 4.67 4.70 5.03 4.98 4.98 5.32 4.66 4.58 4.58 4.58 4.58 3.98 3.98 3.98 3.98 3.98 3.98 3.98 3.98 4.13 4.13 4.13 4.13 4.23 4.23 8.18 7.96 4.72 4.56 4.64 4.36 3.53 4.64 4.64 3.04 4.81 4.15 4.05 4.32 4.22 3.83 3.95 3.95 3.66 3.66 3.66 3.66 3.55 4.16 4.28 4.16
4.53 4.53 4.61 4.43 4.56 4.56 4.56 4.47 4.60 4.46 4.70 4.46 4.54 4.54 4.54 4.54 4.68 4.68 4.68 4.68 4.79 4.79 4.79 5.06 5.02 5.02 5.18 7.69 3.81 4.36 8.76 5.85 4.63 4.70 4.70 4.70 4.66 4.66 4.66 4.66 4.58 4.58 4.58 4.49 3.98 3.98 3.98 3.98 3.98 3.98 3.98 3.98 4.13 4.13 4.13 4.40 4.23 4.33 7.96 2.68 5.26 4.28 4.28 4.12 4.64 3.53 4.64 3.04 3.04 4.28 3.95 4.05 3.95 3.95 4.24 3.95 3.66 3.66 3.66 3.66 3.74 3.72 3.72 3.72
