New_Model_Runs/9_Future_Present_Scn2_out/post_prcessed_with_MFR/Monthly_summaries/net_infiltration_monthly_SEP.asc
NCOLS 700
NROWS 400
XLLCENTER 515000.000000
YLLCENTER 8409000.000000
CELLSIZE 50.000000
NODATA_value -999.000000
[rows 228 to 265 of 400, columns 84 to 167 of 700]
6.94 7.60 6.94 6.94 6.95 6.95 6.95 6.95 7.61 6.94 6.94 6.94 7.23 7.23 7.23 7.23 7.15 7.15 7.15 7.15 7.13 7.13 7.13 7.13 7.19 7.19 7.19 7.19 8.09 7.78 7.42 7.42 7.45 7.45 7.45 7.45 7.50 7.50 7.50 7.50 7.52 7.52 7.52 7.52 7.91 7.91 7.91 7.91 7.86 7.86 7.86 7.86 7.84 8.22 7.84 7.84 7.89 7.89 7.89 7.89 8.51 8.51 10.35 10.35 10.33 10.33 10.33 10.77 10.30 10.30 10.30 10.30 8.50 8.50 8.50 8.50 8.72 8.72 8.72 11.01 10.99 10.99 10.99 11.19
6.94 6.94 6.94 6.94 6.95 6.95 6.95 6.95 6.94 6.94 7.61 6.94 7.23 7.23 7.23 7.23 7.15 7.15 7.15 7.15 7.13 7.13 7.13 7.83 7.19 7.19 7.19 7.19 8.09 7.42 7.42 7.42 7.45 7.45 7.45 7.45 8.38 7.50 7.50 7.50 7.52 7.52 7.52 7.52 7.91 7.91 7.91 7.91 7.86 7.86 7.86 7.86 7.84 7.84 7.84 7.84 7.89 7.89 7.89 7.89 8.51 8.51 10.35 10.35 10.33 8.49 8.49 10.33 10.30 10.30 10.30 10.32 8.50 8.50 8.50 8.50 8.72 8.72 8.72 8.72 8.70 10.99 10.99 10.99
6.94 6.94 6.94 6.94 6.95 6.95 6.95 6.95 6.94 6.94 6.94 6.94 7.23 7.87 7.23 7.86 7.15 7.84 7.15 7.15 7.13 7.82 7.13 7.13 7.19 7.19 7.19 7.19 8.24 7.42 7.42 7.42 7.45 7.45 7.45 7.45 7.50 7.50 7.50 7.50 7.52 7.88 7.88 7.52 7.91 7.91 7.91 7.91 8.24 7.86 7.86 7.86 7.84 7.84 7.84 7.84 7.89 7.89 7.89 7.89 8.51 8.51 8.51 8.51 8.92 8.49 10.33 10.33 8.47 8.47 10.30 10.32 8.50 8.50 8.50 8.50 8.72 8.72 10.04 8.72 8.70 8.70 8.70 8.70
6.94 6.94 6.94 6.94 6.95 6.95 6.95 6.95 6.94 6.94 6.94 6.94 7.23 7.23 7.23 7.23 7.15 7.15 7.15 7.83 7.82 7.13 7.13 7.13 7.19 7.19 7.19 7.19 7.42 7.42 7.42 7.42 7.45 7.45 7.45 7.45 7.50 7.50 7.50 7.50 7.52 7.52 7.87 7.52 7.91 7.91 7.91 7.91 7.86 8.24 7.86 7.86 7.84 7.84 7.84 7.84 7.89 7.89 7.89 7.89 8.51 8.51 8.51 8.51 8.49 8.49 10.33 8.49 8.47 8.47 10.30 8.47 8.50 8.50 8.50 8.50 8.72 8.72 8.72 8.72 8.70 8.70 8.70 8.70
6.87 6.87 7.52 7.52 6.86 6.86 6.86 6.86 6.85 6.85 6.85 6.85 7.12 7.66 7.12 7.80 7.08 7.08 7.08 7.08 7.13 7.13 7.13 7.13 7.19 7.19 7.19 7.19 7.43 7.43 7.43 7.43 7.49 7.49 7.49 7.49 7.49 7.49 7.49 7.49 7.46 7.46 7.46 7.46 7.85 7.85 7.85 7.85 7.86 7.86 7.86 7.86 7.91 7.91 7.91 7.91 7.97 7.97 7.97 7.97 8.56 8.56 8.56 8.56 8.51 8.51 8.51 8.51 8.49 8.49 8.49 8.49 8.54 8.54 8.54 8.54 8.77 8.77 9.77 8.77 8.78 8.78 8.78 8.78
6.87 6.87 6.87 6.87 6.86 6.86 6.86 6.86 6.85 8.04 6.85 6.85 7.12 7.12 7.12 7.12 7.08 7.08 7.08 7.08 7.13 7.13 7.13 7.13 7.19 7.19 7.19 7.19 7.43 7.43 7.43 7.43 7.49 7.49 7.49 7.49 7.49 7.49 7.49 8.37 7.46 7.46 7.46 7.46 7.85 7.85 7.85 7.85 7.86 7.86 7.86 7.86 7.91 7.91 7.91 7.91 7.97 7.97 7.97 7.97 8.56 8.56 9.56 8.56 8.51 8.51 8.51 8.51 8.92 8.49 8.49 8.49 8.54 8.54 8.54 8.54 8.77 8.77 8.77 8.77 8.78 8.78 8.78 8.78
7.52 6.87 6.87 6.87 6.86 6.86 6.86 6.86 6.85 6.85 6.85 6.85 7.12 7.12 7.12 7.12 7.08 7.08 7.08 7.08 7.13 7.13 7.13 7.13 7.19 7.19 7.19 7.19 7.43 7.43 7.43 7.43 7.49 7.49 7.49 7.49 8.81 7.85 8.54 7.49 7.46 7.82 7.46 7.46 7.85 7.85 7.85 7.85 7.86 7.86 7.86 7.86 7.91 7.91 7.91 7.91 7.97 7.97 7.97 7.97 8.56 8.56 8.56 9.55 8.51 8.51 8.51 8.51 8.49 8.49 8.49 8.49 8.54 8.54 8.54 8.54 8.77 8.77 8.77 10.12 10.12 8.78 8.78 8.78
7.51 6.87 6.87 6.87 6.86 6.86 7.50 6.86 6.85 6.85 6.85 6.85 7.12 7.12 7.12 7.12 7.08 7.08 7.08 7.08 7.13 7.13 7.13 7.13 7.19 7.19 7.19 7.19 7.43 7.43 7.43 7.43 7.49 7.49 7.49 8.38 7.49 7.49 7.49 7.49 7.46 7.46 7.46 7.46 7.85 7.85 7.85 7.85 7.86 7.86 7.86 7.86 7.91 7.91 7.91 7.91 7.97 7.97 7.97 7.97 8.56 8.56 8.56 8.56 8.51 8.51 8.51 8.51 8.49 8.49 8.49 8.49 8.54 8.54 8.54 8.54 8.77 8.77 8.77 8.77 10.12 8.78 8.78 8.78
6.78 6.78 6.78 7.43 6.78 6.78 6.78 6.78 6.77 6.77 6.77 6.77 7.08 7.08 7.08 7.08 7.15 7.15 7.15 7.15 7.25 7.25 7.25 7.25 7.23 7.23 7.23 7.23 7.52 7.52 7.52 7.52 7.52 7.52 7.52 7.87 7.47 7.47 7.47 7.47 7.46 7.46 7.46 7.46 7.91 7.91 7.91 7.91 7.96 7.96 7.96 7.96 8.01 8.01 8.01 8.01 8.05 8.05 8.05 8.05 8.63 8.63 8.63 9.05 8.54 8.97 8.54 8.54 8.51 8.51 8.51 8.51 8.58 8.58 8.58 8.58 8.80 8.80 8.80 8.80 8.82 10.18 8.82 8.82
6.78 6.78 6.78 6.78 6.78 6.78 6.78 6.78 6.77 6.77 7.42 6.77 7.08 7.08 7.08 7.08 7.15 7.15 7.15 7.15 7.25 7.25 7.25 7.25 7.23 7.23 7.23 7.23 7.52 7.52 7.52 7.52 7.52 7.52 7.52 7.52 7.47 7.47 7.47 7.47 7.46 7.46 7.46 7.46 7.91 7.91 7.91 7.91 7.96 7.96 7.96 7.96 8.01 8.01 8.01 8.01 8.05 8.05 8.05 8.05 8.63 8.63 8.63 8.63 8.54 8.54 8.54 8.54 8.51 8.51 8.51 8.51 8.58 8.58 8.58 8.58 8.80 8.80 8.80 8.80 8.82 9.83 8.82 8.82
6.78 6.78 7.43 6.78 6.78 6.78 6.78 6.78 6.77 6.77 6.77 6.77 7.08 7.08 7.08 7.08 7.15 7.15 7.15 7.15 7.25 7.25 7.25 7.25 7.23 7.23 7.23 7.23 7.52 7.52 7.52 7.52 7.52 7.52 7.52 7.52 7.47 7.47 7.47 7.47 7.46 7.46 7.46 7.46 7.91 7.91 7.91 7.91 7.96 7.96 7.96 7.96 8.01 8.01 8.01 8.01 8.05 8.05 8.05 8.05 8.63 8.63 8.63 8.63 8.54 8.54 8.54 10.68 8.51 8.51 8.51 8.51 8.58 8.58 8.58 8.58 8.80 8.80 8.80 8.80 8.82 9.83 8.82 8.82
6.78 6.78 6.78 6.78 6.78 6.78 6.78 6.78 7.94 6.77 6.77 6.77 7.08 7.08 7.08 7.08 7.15 7.15 7.15 7.15 7.25 7.25 7.25 7.25 7.23 7.23 7.23 7.23 7.52 7.52 7.52 7.52 7.52 8.41 7.52 7.87 7.47 7.47 7.47 7.47 7.46 7.46 7.46 7.46 7.91 7.91 7.91 7.91 7.96 7.96 7.96 7.96 8.01 8.01 8.01 8.01 8.05 8.05 8.05 8.05 8.63 8.63 9.62 8.63 8.54 9.76 9.53 8.54 8.51 8.51 8.51 8.51 8.58 8.58 8.58 8.58 8.80 8.80 8.80 8.80 8.82 8.82 9.83 8.82
6.74 6.74 6.74 6.74 6.78 6.78 6.78 6.78 6.80 6.80 6.80 6.80 7.15 7.15 7.15 7.15 7.22 7.22 7.22 7.22 7.29 7.29 7.29 7.29 7.33 7.33 7.33 7.33 7.58 7.58 7.58 7.58 7.51 7.51 7.51 7.51 7.48 7.48 7.48 7.48 7.49 7.49 7.49 7.49 7.96 7.96 7.96 7.96 8.03 8.03 8.03 8.03 8.08 8.08 8.08 8.08 8.09 8.09 8.09 8.09 8.62 8.62 8.62 9.05 8.95 8.51 8.51 8.51 8.51 9.49 9.49 8.51 8.57 8.57 8.57 8.57 8.80 8.80 8.80 8.80 8.85 8.85 8.85 8.85
8.24 9.74 6.74 6.74 6.78 6.78 6.78 6.78 7.45 6.80 6.80 6.80 7.15 7.15 7.69 7.15 7.22 7.22 7.22 7.22 7.29 7.29 7.29 7.29 7.33 7.33 7.33 7.33 7.58 7.58 7.58 7.58 8.41 7.87 7.51 7.51 7.48 7.48 7.48 7.48 7.49 7.49 7.49 7.49 7.96 7.96 7.96 7.96 8.03 8.03 8.03 8.03 8.08 8.08 8.08 8.08 8.09 8.09 8.09 8.09 8.62 8.62 8.62 8.62 8.51 8.51 8.51 8.51 8.51 8.51 8.51 8.51 8.57 8.57 8.57 8.57 8.80 8.80 8.80 8.80 8.85 8.85 8.85 8.85
8.04 8.04 8.04 8.04 8.08 8.08 6.75 6.75 6.77 7.43 6.77 6.77 6.84 6.84 6.84 6.84 6.96 6.96 6.96 6.96 7.03 7.03 7.03 7.03 7.07 7.07 7.07 7.58 7.12 7.12 7.12 7.12 7.05 7.68 7.05 7.05 7.02 7.02 7.02 7.02 7.03 7.03 7.76 7.03 7.53 7.53 7.53 7.53 7.60 7.60 7.60 7.60 7.64 7.64 7.64 7.64 7.66 7.66 7.66 8.03 8.15 8.15 8.15 8.15 8.10 8.52 8.10 8.10 8.10 8.10 8.10 8.10 8.10 8.10 8.10 8.10 8.84 8.84 8.84 8.84 8.49 8.49 8.49 8.49
8.04 8.04 8.04 8.04 8.08 8.08 8.08 8.08 8.11 6.77 6.77 6.77 6.84 6.84 6.84 6.84 6.96 6.96 6.96 6.96 7.03 7.03 7.03 7.03 7.07 7.07 7.07 7.07 7.12 7.12 7.12 7.12 7.05 7.05 7.05 7.05 7.02 7.02 7.02 7.02 7.66 7.66 7.03 7.03 7.53 7.53 7.53 7.53 7.60 7.60 7.60 7.60 7.64 7.64 7.64 7.64 7.66 7.66 7.66 8.36 8.15 8.15 8.15 8.15 8.10 8.10 8.10 8.10 8.10 8.10 8.10 8.10 8.10 8.10 8.10 8.10 8.84 9.21 8.84 8.84 8.49 8.49 8.49 8.49
8.06 8.06 8.06 8.06 8.12 8.12 8.12 8.12 8.14 10.41 8.14 8.14 6.89 6.89 6.89 6.89 7.00 7.00 7.00 7.00 7.09 7.09 7.09 7.09 7.13 7.13 7.13 7.13 7.12 7.12 7.12 7.12 7.02 7.02 7.02 7.02 7.02 7.02 7.02 7.02 7.03 7.03 7.03 7.03 7.52 7.52 7.52 7.52 7.61 7.61 7.61 7.61 7.68 7.68 7.68 7.68 7.65 7.65 7.65 7.65 8.09 8.09 8.09 8.09 8.08 8.08 8.08 8.08 8.08 8.08 8.08 8.08 8.06 8.06 8.06 8.06 8.82 8.82 8.82 9.19 8.43 8.43 8.43 8.43
8.06 8.06 8.06 8.06 8.12 8.12 8.12 8.12 8.14 8.14 8.14 8.14 8.24 8.24 8.24 6.89 7.00 7.00 7.00 7.00 7.09 7.09 7.09 7.09 7.13 7.13 7.13 7.87 7.62 7.12 7.12 7.12 7.02 7.02 7.02 7.02 7.02 7.02 7.02 7.02 7.03 7.03 7.03 7.03 7.52 7.52 7.52 7.52 8.50 7.61 7.61 7.61 7.68 7.68 8.37 9.14 7.65 7.65 7.65 7.65 8.09 8.09 8.09 8.46 8.08 8.08 8.08 8.08 8.08 8.08 8.08 8.08 8.06 8.06 8.06 8.06 8.82 9.19 8.82 8.82 10.04 8.43 8.43 8.43
8.06 8.06 8.06 8.06 8.12 8.12 8.12 8.12 8.14 8.14 8.14 8.14 8.24 8.24 8.24 8.24 8.39 8.39 8.39 7.00 7.09 7.09 7.09 7.09 7.13 7.13 7.13 7.87 8.36 7.29 7.12 7.62 7.02 7.02 7.02 7.02 7.02 7.02 7.02 7.02 7.03 7.03 7.03 7.03 7.52 7.52 7.52 7.52 7.96 7.61 7.61 7.61 7.68 7.68 7.68 7.68 7.65 7.65 7.65 7.65 8.09 8.09 8.09 8.46 8.08 8.08 8.08 8.08 8.08 8.08 8.08 8.08 8.06 8.06 8.06 8.06 8.82 8.82 8.82 8.82 8.43 8.43 8.43 8.43
8.06 8.06 8.06 8.06 8.72 8.12 8.12 8.12 8.27 8.73 8.14 8.14 8.24 8.24 8.24 8.24 8.39 8.39 8.39 8.39 8.50 8.50 7.09 7.09 7.13 7.76 7.81 7.28 7.54 7.54 7.29 7.12 7.02 7.02 7.02 7.02 7.02 7.02 7.02 7.02 9.63 7.03 7.03 7.66 7.52 7.52 7.52 7.52 7.61 7.61 7.61 7.98 7.68 7.68 7.68 8.05 7.65 7.65 7.65 7.65 8.93 8.09 8.09 8.09 8.08 8.08 8.08 8.08 8.08 8.08 8.08 8.08 8.48 8.06 8.06 8.06 8.82 8.82 8.82 8.82 8.43 8.43 8.43 8.43
8.07 8.07 8.07 8.07 8.14 8.14 8.14 8.14 8.15 8.15 8.15 8.15 8.24 8.24 8.24 8.24 8.41 8.41 8.41 8.41 8.55 8.55 8.55 8.55 9.70 7.13 7.87 7.64 7.54 7.28 7.73 7.09 7.00 7.00 7.00 7.00 7.02 7.02 8.33 8.33 9.64 7.04 7.04 7.04 7.49 7.49 7.49 7.49 7.58 7.58 7.58 7.94 7.66 7.66 7.66 8.57 7.60 7.60 7.60 7.60 8.05 8.05 8.05 8.05 8.08 8.08 8.08 8.40 8.08 8.08 8.08 8.08 9.89 8.08 8.08 8.08 8.80 8.80 8.80 8.80 8.50 8.50 8.50 9.34
8.07 8.07 8.07 8.07 8.14 8.14 8.14 8.14 8.15 8.28 8.15 8.15 8.24 8.24 8.24 8.24 8.41 9.62 8.41 8.41 8.55 8.55 8.55 8.55 8.55 8.55 8.74 8.93 7.28 7.92 7.09 7.09 7.00 7.00 7.00 7.00 7.02 7.02 8.33 8.33 8.36 8.36 7.67 7.04 7.49 7.49 7.49 7.49 7.58 7.58 7.58 7.58 7.66 7.66 7.84 7.84 7.60 7.97 7.60 8.12 8.05 8.05 8.05 8.05 8.08 8.08 8.08 8.08 8.08 8.08 8.08 8.08 8.08 8.08 8.08 8.08 8.80 8.80 8.80 8.80 8.50 8.50 8.50 8.50
8.07 8.07 8.07 8.07 8.14 8.14 8.14 8.14 8.15 8.15 8.15 8.15 8.24 8.24 8.24 8.24 8.41 8.41 8.41 8.41 8.55 8.61 8.55 11.17 8.61 8.55 8.74 8.55 8.68 8.93 8.51 8.51 7.00 7.00 7.00 7.00 7.02 7.02 7.02 8.33 8.36 8.36 8.36 7.04 7.49 7.49 7.49 7.49 7.58 7.58 7.58 7.58 7.66 8.03 7.84 7.84 7.60 7.60 7.60 7.60 8.05 8.05 8.88 8.05 8.08 8.08 8.08 8.08 8.08 8.08 8.08 8.08 8.08 8.08 8.08 8.08 8.80 8.80 8.80 8.80 8.50 8.50 8.50 9.34
8.07 8.07 8.07 8.07 8.14 8.14 8.14 8.14 8.15 8.15 8.74 8.15 8.24 8.24 8.24 8.24 8.41 9.62 8.41 8.41 8.61 8.61 9.47 8.56 8.71 8.55 8.55 8.55 8.51 8.51 8.73 10.59 8.40 8.40 8.40 7.00 7.02 7.02 7.02 8.33 8.36 8.86 8.36 8.36 8.39 7.49 7.49 7.49 7.58 7.58 7.58 7.58 7.66 7.66 7.66 8.22 7.60 7.60 7.60 7.60 8.05 8.05 8.88 8.05 8.08 9.17 9.17 8.08 8.08 8.08 8.08 8.08 8.08 8.08 8.87 8.08 8.80 8.80 8.80 8.80 8.50 8.50 8.50 9.34
8.10 8.10 8.10 8.10 8.14 8.14 8.14 8.14 8.14 8.14 9.06 8.14 8.26 8.26 8.26 8.26 8.41 8.41 8.41 8.41 8.60 8.70 8.85 8.56 9.46 8.83 8.69 8.54 8.74 8.52 8.74 8.69 8.57 8.42 8.42 8.42 9.27 9.27 8.33 8.33 8.37 8.86 8.86 7.05 7.47 7.47 7.47 7.47 7.52 7.52 7.52 7.52 7.82 7.82 7.62 7.99 7.57 7.57 7.57 8.24 8.89 8.05 8.47 8.05 8.11 8.31 8.31 8.11 8.06 8.84 8.37 8.06 8.05 8.05 8.05 8.05 8.81 8.81 8.81 8.81 8.50 8.50 8.50 8.50
8.10 8.10 8.10 8.10 8.14 8.14 8.14 8.14 8.14 8.14 8.14 8.28 8.26 8.26 8.26 8.26 8.41 8.41 8.41 8.41 8.60 9.44 8.52 9.44 9.29 3.94 3.79 3.50 10.21 8.52 8.74 8.52 8.42 8.42 8.42 8.42 8.43 8.43 8.43 9.27 9.31 9.31 8.37 7.05 7.47 7.47 7.47 7.47 7.52 7.52 7.52 7.52 7.62 7.82 7.82 8.17 7.57 7.57 7.57 7.57 8.89 9.20 8.89 8.89 8.90 8.90 8.90 8.90 8.06 8.84 8.06 8.06 8.05 8.05 8.05 8.05 8.81 8.81 8.81 8.81 8.50 8.50 8.50 11.32
8.10 8.10 8.47 8.47 8.14 9.29 8.14 8.74 8.14 8.14 8.14 8.14 8.26 8.57 8.57 8.57 8.64 8.50 8.50 8.41 8.90 3.57 3.42 8.67 6.66 11.45 11.74 11.59 6.45 10.21 8.81 8.52 8.42 8.42 8.42 8.42 8.43 8.69 8.69 8.43 9.31 9.31 9.48 9.31 9.58 7.47 7.47 7.47 7.52 7.52 7.52 7.52 7.62 7.82 8.14 8.17 7.57 7.57 7.57 8.51 9.20 9.20 9.20 9.20 8.90 8.11 8.11 8.11 8.84 8.84 8.06 8.06 8.05 8.05 8.05 8.05 8.81 8.81 8.81 8.81 8.50 8.50 8.50 8.50
8.65 8.47 8.47 7.97 8.14 8.74 8.14 8.14 8.14 8.14 8.14 8.14 8.41 8.26 8.26 8.57 8.17 8.64 8.41 8.50 9.19 3.45 6.37 11.16 0.00 0.00 0.00 0.00 0.00 11.17 3.38 8.81 8.42 8.42 8.42 8.42 8.43 7.94 8.88 8.43 8.46 9.31 9.31 9.03 9.58 8.34 8.34 8.34 7.52 7.52 7.52 7.52 7.62 8.30 8.14 8.14 7.57 7.57 7.57 8.24 9.20 9.20 9.57 9.20 8.11 8.11 8.11 8.11 8.84 8.84 8.06 8.06 8.05 8.05 8.05 8.05 8.81 8.81 8.81 8.81 8.50 8.50 8.50 8.50
8.26 8.49 8.49 8.49 8.73 8.14 8.14 8.14 8.13 8.13 8.13 8.13 8.28 8.47 8.28 8.28 8.50 8.40 8.50 8.50 13.66 6.37 0.00 0.00 0.00 0.00 0.00 0.00 0.00 0.00 13.13 9.70 8.45 8.45 8.60 8.45 8.41 8.68 8.68 8.41 8.43 9.27 9.49 9.27 9.57 9.57 8.33 8.33 8.34 8.34 8.34 7.47 7.56 9.32 7.65 8.14 7.80 8.24 7.57 7.57 8.91 9.21 8.91 8.07 8.10 8.90 9.92 8.10 8.03 8.03 8.35 9.28 8.35 8.03 8.03 8.03 8.80 8.80 8.80 8.80 8.44 8.44 8.44 8.44
8.49 8.49 8.49 8.49 8.14 8.14 8.14 8.49 8.13 8.13 8.13 8.13 8.28 8.28 8.28 8.28 8.40 8.40 8.40 11.91 0.15 0.00 0.00 0.00 0.00 0.00 0.00 0.00 0.00 0.00 0.00 13.28 9.73 8.45 8.45 8.45 8.41 8.41 8.68 8.41 8.43 9.27 9.27 9.57 9.88 9.57 9.06 8.33 8.34 8.34 8.34 8.34 8.45 8.45 8.45 7.79 7.80 7.80 7.57 7.57 9.21 9.21 8.91 8.07 8.90 8.12 8.90 9.19 8.81 8.03 8.03 8.03 8.03 8.03 8.03 8.03 8.80 8.80 8.80 8.80 8.44 8.44 8.44 8.50
8.28 8.28 8.28 8.28 8.28 7.94 7.94 7.94 8.84 7.94 7.94 7.94 8.07 8.07 8.07 8.07 8.19 8.19 11.93 0.00 0.00 0.00 0.00 0.00 0.00 0.00 0.00 0.00 0.00 0.00 0.00 3.80 8.89 10.10 8.51 8.36 8.98 8.32 8.32 8.32 8.35 8.35 9.11 9.81 9.59 9.27 8.44 8.44 8.45 8.45 8.45 8.45 8.56 8.56 8.56 8.78 8.78 12.18 7.09 7.60 8.04 7.42 8.04 8.04 7.40 7.40 8.01 7.40 7.33 7.33 7.33 7.33 7.33 7.33 7.33 7.33 7.77 7.77 7.77 7.77 7.88 7.88 7.95 8.56
8.28 8.28 8.28 8.28 8.28 7.94 7.94 7.94 7.94 7.94 7.94 8.16 8.31 8.78 8.92 10.49 9.15 12.22 0.00 0.00 0.00 0.00 0.00 0.00 0.00 0.00 0.00 0.00 0.00 0.00 0.00 0.00 6.59 3.52 11.16 8.51 8.32 8.32 8.44 8.32 8.35 8.35 9.11 9.23 9.27 9.27 8.44 8.44 8.45 8.45 8.45 8.45 8.56 8.56 8.56 8.78 8.98 8.78 8.78 8.57 8.30 7.42 7.42 8.04 9.94 7.40 7.75 7.40 7.33 7.33 7.33 7.33 7.33 7.33 7.33 7.63 7.77 7.77 7.77 7.77 7.88 7.88 7.88 8.03
8.26 8.82 8.26 8.26 8.26 7.90 8.12 7.90 7.91 7.91 7.91 7.91 8.79 8.79 8.90 9.46 12.54 0.00 0.00 0.00 0.00 0.00 0.00 0.00 0.00 0.00 0.00 0.00 0.00 0.00 0.00 0.00 6.48 9.03 10.24 8.48 8.28 8.28 8.28 8.57 8.31 8.31 8.31 9.06 9.26 9.26 10.16 9.26 8.42 8.42 8.42 8.42 8.52 8.52 8.52 8.75 8.77 9.45 8.64 8.55 8.73 8.73 9.00 9.28 7.36 7.36 7.36 7.36 7.32 7.32 7.32 7.32 7.33 7.33 7.93 7.33 7.72 7.72 7.72 7.72 7.84 7.84 8.58 8.58
7.90 8.26 8.26 8.26 7.90 7.90 7.90 7.90 7.91 7.91 7.91 7.91 8.79 8.79 9.05 12.42 11.96 0.00 0.00 0.00 0.00 0.00 0.00 0.00 0.00 0.00 0.00 0.00 0.00 0.00 0.00 0.00 6.48 8.89 9.83 9.24 8.28 8.28 8.28 8.54 8.31 8.31 8.57 9.06 9.59 8.27 9.59 9.26 8.42 8.42 8.42 8.42 8.52 8.52 8.52 8.52 2.40 8.40 8.55 9.08 8.73 8.84 10.88 8.73 8.97 8.68 8.23 8.23 7.32 7.32 7.32 7.32 7.33 7.33 7.33 7.93 8.73 8.42 7.72 8.42 7.84 8.22 8.22 8.66
7.90 7.90 7.90 7.90 7.90 7.90 8.42 7.90 7.91 7.91 8.53 7.91 8.79 9.08 12.56 11.67 0.00 0.00 0.00 0.00 0.00 0.00 0.00 0.00 0.00 0.00 0.00 0.00 0.00 0.00 0.00 0.00 12.11 8.74 9.82 9.12 9.03 8.28 8.28 8.57 8.31 8.31 8.58 9.06 9.26 8.56 9.59 9.26 8.42 8.42 8.42 8.90 8.95 8.52 8.52 8.90 7.27 9.42 8.55 8.55 8.28 8.84 9.00 9.00 8.97 8.68 8.68 8.68 8.18 8.18 8.18 7.32 7.33 7.33 7.33 7.93 7.72 7.72 7.72 7.72 8.20 7.84 7.84 8.04
7.90 7.90 7.90 8.26 8.41 8.26 7.90 7.90 8.27 7.91 8.14 7.91 9.27 8.32 11.81 0.00 0.00 0.00 0.00 0.00 0.00 0.00 0.00 0.00 0.00 0.00 0.00 0.00 0.00 0.00 0.00 0.00 3.66 12.19 9.38 10.02 8.28 8.57 8.40 8.28 8.57 8.58 8.72 9.08 9.30 8.56 9.56 9.26 8.42 8.42 8.42 8.90 8.95 8.69 8.80 2.43 9.84 8.69 9.20 8.55 8.28 9.00 9.00 9.00 8.97 8.68 9.68 8.68 8.94 8.18 8.18 8.18 8.20 8.20 7.33 7.33 7.72 7.72 7.72 7.72 7.84 7.84 7.84 8.04
7.90 7.90 7.90 8.53 8.70 8.40 7.89 7.89 7.88 8.25 8.25 8.87 8.62 11.98 0.00 0.00 0.00 0.00 0.00 0.00 0.00 0.00 0.00 0.00 0.00 0.00 0.00 0.00 0.00 0.00 0.00 0.00 0.00 9.31 12.18 8.26 8.36 8.93 8.23 8.23 8.28 8.57 8.66 9.23 7.72 9.38 8.41 8.41 8.41 8.41 8.41 8.53 8.94 8.50 9.09 3.46 8.44 9.79 8.50 8.50 8.23 8.68 8.97 9.85 8.97 8.48 8.67 8.22 8.21 8.21 8.21 8.21 8.20 8.20 8.20 8.20 8.58 8.58 7.68 7.68 7.78 7.78 7.78 7.86
11.41 11.41 11.41 8.20 9.59 9.59 8.03 7.89 7.88 7.88 8.25 8.85 11.96 0.00 0.00 0.00 0.00 0.00 0.00 0.00 0.00 0.00 0.00 0.00 0.00 0.00 0.00 0.00 0.00 0.00 0.00 0.00 0.00 8.26 12.67 9.54 8.36 8.23 8.23 8.23 8.28 8.28 11.92 9.80 9.53 9.24 8.55 8.41 8.41 8.41 8.41 8.53 8.00 8.65 9.38 3.75 3.60 10.38 9.15 8.50 8.23 8.23 8.80 8.80 8.48 8.48 8.22 8.22 8.21 8.21 8.21 8.65 8.20 8.20 8.20 8.20 8.58 8.58 8.58 8.58 8.69 7.78 7.78 7.78
