New_Model_Runs/9_Future_Present_Scn2_out/post_prcessed_with_MFR/Monthly_summaries/net_infiltration_monthly_JAN.asc
NCOLS 700
NROWS 400
XLLCENTER 515000.000000
YLLCENTER 8409000.000000
CELLSIZE 50.000000
NODATA_value -999.000000
[rows 259 to 295 of 400, columns 168 to 251 of 700]
11.35 9.48 11.12 10.71 10.59 10.59 11.32 10.59 10.89 11.93 11.93 11.56 11.48 11.48 11.85 11.85 11.87 11.87 11.87 11.87 10.35 10.35 10.35 12.04 12.38 12.38 12.38 12.38 12.42 12.42 12.42 12.42 12.42 12.42 12.42 12.42 12.78 12.33 12.33 12.33 11.72 11.72 11.72 11.72 11.43 11.83 11.83 11.83 12.17 11.03 11.03 17.09 17.09 17.09 17.24 21.00 17.12 17.12 16.97 9.90 9.86 9.90 9.90 10.20 12.77 12.77 10.20 10.05 9.71 9.90 9.90 9.90 8.51 8.51 8.67 8.97 8.82 8.75 7.45 15.28 12.63 17.85 15.28 15.52
11.39 10.64 14.42 10.84 10.57 10.57 10.57 10.86 10.85 12.34 11.89 11.89 11.82 11.44 11.82 11.82 12.31 12.31 11.86 11.86 10.32 10.32 11.25 12.00 13.96 12.83 12.37 12.37 12.47 12.47 12.47 12.47 12.94 12.47 12.47 12.47 12.77 12.32 12.32 12.32 11.72 11.72 11.72 11.72 11.38 11.72 11.79 11.79 11.78 12.13 12.13 11.99 12.05 16.92 17.09 20.70 16.82 16.97 8.82 9.90 16.63 16.66 9.90 10.20 9.27 12.75 9.12 10.05 9.90 9.90 9.90 9.90 8.75 8.51 8.51 8.67 9.05 8.75 8.75 14.22 18.15 15.52 15.52 15.52
10.96 12.70 14.57 11.61 11.29 12.32 10.57 10.57 10.23 11.89 11.89 11.89 11.44 11.86 11.82 11.82 11.86 12.44 12.31 11.86 12.00 10.32 10.32 10.32 12.37 12.37 12.37 20.66 12.47 12.73 12.47 12.47 12.47 12.47 12.47 12.47 12.32 12.32 12.32 12.32 11.72 11.72 11.72 11.72 11.79 11.79 11.79 11.79 11.78 11.78 12.01 11.59 11.72 11.87 16.08 17.07 16.48 16.63 16.66 16.66 16.66 16.48 9.90 10.20 9.12 12.60 9.27 9.90 9.90 9.90 10.05 10.05 8.75 8.75 8.51 8.51 8.75 8.51 7.45 17.85 18.00 15.82 15.67 15.67
10.78 11.61 14.41 10.69 10.57 11.29 10.57 10.57 10.23 10.23 11.89 11.52 11.86 11.86 11.95 11.82 11.86 11.86 11.86 11.86 12.00 10.32 10.32 10.32 10.62 12.37 12.37 20.48 20.55 20.55 12.47 12.47 12.47 12.47 12.94 12.47 12.32 12.77 12.32 12.32 11.72 11.72 11.72 11.72 11.79 11.79 11.79 11.38 11.78 11.43 11.43 11.59 11.72 12.02 17.24 17.07 16.48 15.59 16.63 16.66 16.82 16.82 10.05 10.05 9.00 12.30 9.42 10.20 7.13 10.33 10.79 8.82 8.51 8.51 8.51 8.51 8.90 8.75 14.22 12.63 14.22 15.67 15.98 15.98
10.58 10.78 12.02 14.27 10.57 10.57 11.41 10.57 10.23 10.23 11.89 12.55 11.82 11.82 11.44 11.82 11.86 11.49 11.86 11.86 12.00 12.00 10.32 10.32 11.41 12.37 12.37 12.37 20.55 20.55 20.55 12.47 12.47 12.47 12.47 12.47 12.32 12.32 12.32 12.32 12.28 12.15 11.72 11.72 11.79 11.38 11.72 11.72 11.79 11.79 11.78 11.59 11.72 11.86 17.09 16.92 16.48 16.48 16.82 16.82 17.09 15.89 9.12 10.20 10.20 12.75 9.27 10.02 10.05 10.20 9.42 8.82 8.51 7.45 8.51 8.75 9.05 7.61 18.00 14.22 15.52 14.53 14.53 15.89
10.58 10.58 12.22 14.24 10.72 10.72 10.57 10.57 10.18 10.18 11.45 11.45 11.40 11.40 11.78 11.78 11.88 11.88 11.88 11.88 11.97 11.97 11.97 10.29 10.58 12.32 12.32 12.32 12.92 20.55 20.55 12.47 12.45 12.45 12.45 12.45 12.23 12.23 12.23 12.23 11.84 11.84 11.84 11.84 11.80 11.80 11.39 12.06 12.09 12.09 11.72 11.95 12.01 10.73 16.92 16.92 16.48 16.66 16.63 15.89 15.89 16.82 10.05 10.02 10.20 12.60 9.00 10.05 9.12 9.27 10.35 10.05 8.75 7.45 8.75 8.90 7.36 14.68 18.46 15.59 15.67 18.15 14.22 9.00
10.58 10.58 10.58 14.21 10.80 10.72 10.57 10.57 11.09 10.18 11.45 11.45 11.78 11.78 11.78 11.78 11.88 11.88 11.88 11.88 11.97 11.97 11.97 10.29 10.58 12.32 12.32 12.32 12.47 12.47 20.55 12.47 12.45 12.45 12.45 12.45 12.23 12.82 12.70 12.23 11.84 11.84 11.84 12.42 11.80 11.80 11.80 12.06 11.03 10.71 11.95 11.95 12.01 16.92 16.92 17.45 16.48 16.48 16.66 15.59 15.59 16.66 16.63 10.50 10.50 10.05 13.49 9.86 10.35 10.35 9.89 10.05 8.90 8.75 8.51 7.45 14.53 18.15 19.60 15.59 15.52 15.52 8.77 9.00
10.58 10.88 10.88 16.01 10.60 10.57 10.57 10.57 10.18 10.42 11.83 11.83 11.78 11.78 11.78 11.78 11.88 11.88 11.88 11.88 11.97 11.97 11.97 10.29 10.58 10.58 12.32 12.32 12.47 12.47 12.64 20.74 12.91 12.91 12.45 12.89 12.23 12.23 12.23 12.23 11.84 11.84 11.84 12.08 11.80 11.80 11.80 11.80 11.76 10.71 10.73 11.95 12.26 11.07 16.92 17.09 16.48 16.63 16.66 16.66 16.82 16.66 16.82 16.97 10.20 10.20 13.67 10.05 10.05 10.05 9.71 10.05 8.90 7.76 8.67 7.76 18.31 13.09 7.96 8.59 8.59 8.59 9.00 9.51
9.85 10.00 10.00 14.21 10.58 10.77 10.57 10.57 10.18 10.18 11.83 11.83 11.78 11.78 11.78 11.78 11.88 11.88 11.88 11.88 11.97 11.97 11.97 10.29 10.58 10.58 12.32 12.32 12.47 12.47 12.64 22.01 20.87 12.45 12.45 12.45 12.23 12.23 12.70 12.23 11.84 11.84 11.84 11.84 11.72 11.80 11.39 11.80 11.72 12.09 11.09 10.73 11.09 11.09 11.09 17.09 16.66 16.82 16.97 16.66 16.48 16.66 17.32 17.26 16.66 10.20 12.60 10.20 9.89 9.71 9.71 9.71 7.45 7.91 7.91 18.46 9.76 8.02 7.81 7.81 8.75 8.89 8.74 8.74
10.15 10.00 13.48 12.61 10.87 9.85 9.05 10.51 10.10 10.10 11.72 11.72 11.77 11.77 12.61 11.77 11.96 11.96 11.96 11.96 12.02 12.02 12.02 10.33 10.59 12.31 12.31 12.31 12.44 12.44 12.63 21.06 20.53 12.62 12.42 12.42 12.20 12.20 12.20 12.20 11.82 11.82 11.82 11.82 12.07 12.07 11.41 12.07 12.08 10.71 10.73 11.09 11.09 11.97 11.97 11.97 16.66 16.66 16.97 16.63 16.48 16.48 16.66 16.48 15.61 9.15 12.45 10.20 8.82 9.89 9.89 9.71 7.45 7.60 18.15 9.91 16.43 8.59 8.89 9.20 8.89 7.81 8.90 8.74
9.13 10.00 13.78 10.31 10.00 9.20 9.83 9.05 9.74 8.88 12.62 11.72 11.77 11.77 11.77 12.21 11.96 11.96 11.96 11.96 12.02 12.02 11.26 10.33 10.59 12.31 12.31 12.31 12.14 20.53 20.53 21.22 20.67 12.42 12.42 12.42 12.20 12.20 12.20 12.20 11.42 12.08 12.08 11.82 10.71 11.03 11.03 11.03 11.03 12.08 11.94 11.94 11.56 11.56 11.56 11.35 16.66 16.66 16.82 16.82 16.66 16.66 16.66 16.66 16.66 10.05 9.89 12.45 8.67 9.71 8.67 9.71 8.75 8.75 18.46 16.13 15.52 8.59 8.89 8.89 8.59 8.59 8.45 8.68
10.00 13.63 12.76 10.15 9.85 9.07 9.05 9.05 8.88 9.09 11.10 10.93 10.96 11.83 11.77 11.77 11.96 11.96 11.96 11.96 13.65 10.33 10.33 10.33 10.59 12.31 12.31 12.01 20.53 20.53 21.47 20.53 20.67 12.42 12.42 12.42 12.20 12.20 12.20 12.20 12.08 10.71 11.03 11.03 10.71 10.71 11.03 9.76 12.00 11.69 11.50 11.50 11.56 11.56 11.74 11.09 16.66 16.66 16.82 9.78 9.69 9.78 16.66 16.48 16.79 16.97 9.89 12.30 20.11 16.48 16.48 9.71 8.90 11.38 14.68 15.67 8.59 8.59 8.74 8.89 8.59 9.48 8.45 10.31
9.85 12.46 3.21 10.15 9.07 9.07 9.05 9.05 8.88 9.62 10.93 10.93 10.75 10.75 10.79 10.79 11.96 20.14 20.14 11.81 11.25 10.33 10.33 10.33 10.59 12.31 12.31 12.31 20.68 20.53 21.47 22.28 20.53 20.67 12.42 12.42 12.20 12.20 12.20 12.20 12.08 12.08 10.71 10.71 10.71 10.71 11.03 9.61 11.98 11.50 11.50 11.91 11.56 11.56 11.74 11.09 16.66 16.66 8.13 10.39 13.31 13.31 13.46 19.54 19.43 20.45 19.70 20.11 20.29 20.11 16.48 9.68 15.44 18.46 14.68 15.52 8.59 8.59 9.05 9.05 9.48 9.48 9.81 10.31
10.00 12.91 9.28 9.52 9.03 9.08 9.08 9.08 8.78 10.39 10.86 10.86 10.93 10.75 10.75 10.75 11.82 20.59 18.93 18.93 10.56 10.51 11.25 10.98 9.43 15.30 15.66 19.48 19.50 19.56 19.56 19.56 19.56 19.50 12.18 11.98 11.69 11.69 11.69 11.69 11.16 11.16 10.24 9.94 10.24 9.94 9.94 10.24 12.14 11.15 11.46 11.46 11.46 11.46 11.27 11.66 16.66 9.84 6.54 6.39 13.31 9.84 9.99 15.76 15.35 10.79 10.13 14.74 16.92 20.24 19.07 16.48 18.00 18.00 18.00 15.52 8.59 8.59 9.20 7.96 10.20 9.45 10.78 9.60
10.82 12.46 9.65 9.30 9.08 9.36 9.08 9.38 8.92 10.61 10.86 10.86 11.21 11.41 11.39 10.75 10.75 19.00 19.43 19.43 19.07 9.12 14.76 14.19 14.22 22.83 24.32 23.19 19.56 19.56 20.49 19.56 19.56 19.56 19.56 10.44 10.44 11.81 11.57 11.69 11.16 10.97 10.24 10.24 10.97 10.24 10.39 11.19 11.26 11.15 11.15 11.88 11.46 11.92 11.92 11.46 8.85 12.48 8.86 8.86 9.93 8.86 8.86 8.70 8.86 9.88 15.74 16.66 17.11 16.76 20.24 12.79 12.62 14.53 15.67 12.37 11.29 12.22 12.37 11.44 11.14 9.66 10.78 10.00
8.31 10.75 9.10 8.17 7.75 8.25 7.75 8.39 8.63 9.38 9.38 9.38 9.05 9.32 9.32 9.32 9.24 17.81 18.79 18.07 18.97 18.97 14.10 8.43 21.25 21.25 21.25 22.04 22.04 18.41 18.41 18.41 18.41 18.41 18.69 11.61 10.33 10.52 10.21 10.42 10.39 10.64 9.14 9.49 9.49 9.14 9.48 9.45 10.69 11.35 10.39 10.64 10.65 10.65 11.10 11.10 10.59 14.52 8.95 8.95 8.05 8.05 9.14 8.99 8.95 8.12 8.05 8.95 14.02 13.49 13.49 12.73 9.15 15.01 8.31 8.16 10.98 6.66 8.16 8.31 8.21 13.30 13.30 9.48
8.10 11.20 8.86 8.06 7.75 8.60 8.07 8.60 9.38 9.04 9.38 9.38 9.45 9.32 9.32 9.32 9.50 17.81 18.07 18.07 18.29 18.29 20.81 20.81 21.25 21.25 21.25 21.25 22.04 22.85 18.41 18.41 18.41 18.65 17.21 18.63 10.52 10.66 10.52 10.52 10.40 10.40 9.14 9.49 9.49 9.49 9.14 12.77 9.49 9.79 9.49 9.49 10.41 10.55 9.93 10.65 10.59 10.74 12.58 9.11 9.11 7.90 8.99 8.95 8.95 8.05 7.90 8.12 11.74 11.90 2.75 2.75 7.45 8.31 8.16 8.16 11.79 8.41 8.06 8.06 8.06 9.18 9.18 11.84
11.71 7.42 8.64 9.64 7.68 8.55 8.55 8.55 9.10 9.10 9.10 9.10 9.31 9.31 9.31 9.31 9.46 9.46 18.05 18.45 19.06 24.60 20.81 20.78 21.21 21.21 21.21 21.21 18.41 22.04 18.41 18.41 18.41 18.41 18.56 19.95 10.60 10.48 10.40 10.48 10.35 10.50 9.49 9.14 10.75 10.75 10.30 10.30 15.11 11.13 9.64 9.49 9.14 10.39 9.49 11.08 10.55 10.62 12.82 8.95 8.95 8.95 8.99 8.95 8.51 8.81 8.57 11.74 11.90 2.75 8.87 9.44 8.46 8.16 8.16 8.16 8.31 8.99 8.31 8.06 9.15 9.15 8.94 9.66
5.05 8.31 8.21 7.82 7.68 7.68 7.92 9.33 9.04 9.38 9.10 8.62 7.80 9.31 9.31 9.31 9.46 9.46 17.77 15.09 20.78 20.78 20.78 20.78 21.21 21.21 21.21 21.21 18.41 22.04 19.40 18.50 18.51 18.66 17.36 17.22 10.55 10.17 10.64 10.64 10.35 10.21 10.97 10.37 10.30 10.30 10.30 10.30 14.25 10.67 9.64 9.30 9.49 9.49 9.49 9.49 9.78 9.93 7.90 7.90 8.99 8.95 9.14 8.20 2.75 8.96 12.20 12.43 12.05 13.04 8.95 8.99 8.59 7.71 8.16 8.16 8.06 9.47 7.15 7.00 9.30 8.94 9.15 8.06
8.16 8.31 8.03 7.82 8.38 8.03 8.09 8.60 9.04 9.66 7.70 7.70 7.80 7.80 7.80 9.31 9.46 8.64 8.45 18.20 20.78 20.78 20.78 20.78 21.21 21.21 21.21 21.21 18.54 22.13 18.58 19.38 18.59 18.59 18.51 17.21 10.64 10.17 10.48 9.43 9.14 11.12 10.35 10.35 10.30 10.30 10.30 10.30 13.65 9.64 9.79 9.30 9.49 9.49 9.49 9.49 9.37 9.93 9.11 8.95 11.53 12.62 12.77 8.20 8.51 6.07 5.92 3.00 11.98 8.95 12.77 8.99 8.06 7.30 7.30 7.58 8.82 9.32 9.16 9.32 8.21 9.15 9.15 9.15
6.97 7.12 8.31 8.11 7.68 8.03 8.36 8.55 9.38 8.19 7.70 7.70 7.80 7.80 7.80 7.80 7.92 7.92 7.92 8.34 20.78 20.78 20.78 20.78 21.21 21.21 21.21 21.21 21.27 22.13 19.35 15.33 18.59 18.74 18.66 10.42 10.48 10.40 10.30 10.30 10.37 10.62 10.35 10.35 10.30 10.30 10.30 10.30 10.35 13.12 9.14 9.14 9.49 9.64 9.64 9.49 9.03 8.17 8.95 8.95 8.99 12.62 12.62 11.83 11.90 6.37 2.98 2.75 9.97 9.19 10.11 9.80 8.06 7.20 7.45 7.15 8.46 8.31 8.16 9.16 9.15 9.15 8.94 8.06
7.27 7.27 8.35 8.02 7.64 7.64 7.64 8.12 8.23 8.23 7.73 7.73 8.69 8.69 7.82 7.82 7.88 7.88 8.18 8.58 18.46 20.69 20.69 20.69 21.14 21.14 21.14 21.14 21.35 22.64 15.33 15.48 18.84 19.14 18.69 10.58 10.45 10.22 10.45 9.43 10.45 9.98 10.32 10.32 10.29 10.29 10.29 10.29 10.34 14.24 9.49 9.14 10.39 8.35 9.64 9.14 9.12 9.05 8.66 9.89 9.11 9.11 8.05 6.22 8.51 2.75 9.29 9.29 9.14 8.95 9.79 9.79 8.06 8.06 8.06 8.31 8.16 8.16 8.16 9.14 9.66 9.13 9.66 4.63
7.27 7.42 8.62 8.31 7.64 8.12 7.64 7.64 5.52 7.73 7.73 17.59 18.07 17.14 8.13 7.98 8.33 7.88 8.31 8.17 18.03 20.69 20.69 20.69 21.14 21.18 21.14 21.14 18.56 22.32 22.19 17.76 18.56 17.66 18.99 9.43 10.22 10.22 10.45 9.43 10.45 10.32 10.75 10.47 10.44 10.29 10.44 10.44 10.64 14.24 9.14 9.14 9.64 8.13 9.49 8.24 8.17 8.40 8.17 8.32 9.37 8.25 11.87 8.51 9.59 7.97 8.99 8.99 8.95 8.95 9.79 8.99 8.06 8.06 8.16 8.93 8.92 8.06 8.06 8.06 8.06 8.06 8.16 8.25
8.47 7.79 7.57 7.42 8.17 7.64 7.64 7.64 5.52 7.73 17.59 19.33 18.01 18.16 17.51 17.36 17.14 18.19 19.19 17.29 18.32 19.00 18.32 20.69 19.95 18.56 18.54 18.54 18.41 18.54 22.19 17.60 17.36 17.81 8.39 9.43 9.42 10.45 10.22 10.22 9.98 10.49 10.75 10.49 9.96 10.74 9.14 11.26 9.79 13.12 9.14 9.49 10.38 8.48 7.98 10.72 8.17 8.40 8.40 8.17 8.73 8.10 5.83 2.84 8.95 9.31 8.95 8.95 9.64 8.95 9.79 8.99 8.06 9.15 8.93 8.16 8.06 8.06 8.21 8.31 8.06 8.91 8.16 8.16
8.31 8.77 7.27 2.39 8.27 7.64 7.64 7.79 8.38 7.73 17.59 17.59 17.68 17.68 17.99 12.22 18.66 18.63 17.29 12.28 18.33 18.48 16.36 6.15 2.35 18.84 18.69 18.69 18.84 18.84 6.42 7.90 7.90 12.70 10.58 10.36 10.22 10.22 10.22 10.53 10.32 10.32 10.32 10.32 10.47 9.49 9.14 10.44 9.49 13.27 12.92 10.75 11.29 11.49 10.20 14.00 10.57 8.40 8.40 8.17 8.58 7.30 12.03 11.87 9.11 8.95 8.95 8.95 8.95 9.75 9.79 8.99 8.21 8.06 8.16 8.16 8.16 8.06 8.36 8.36 9.13 8.16 8.16 8.16
9.03 7.26 7.26 6.96 6.19 7.80 8.35 7.95 21.56 17.63 17.78 18.13 17.83 17.83 13.02 16.15 21.07 21.93 21.20 20.76 16.06 11.00 11.14 10.85 11.68 11.84 11.96 5.82 5.82 11.38 6.42 8.20 8.96 3.25 10.69 10.39 10.22 10.38 10.38 10.38 10.36 10.62 10.36 10.62 10.74 9.49 9.49 9.49 9.49 9.14 12.92 14.96 10.34 10.49 10.64 10.76 9.37 10.83 8.17 8.58 8.58 7.54 12.36 12.78 12.73 9.11 8.95 8.95 8.95 8.95 9.73 9.58 8.21 8.16 8.16 8.06 8.16 8.06 8.06 9.12 8.16 8.16 8.16 8.16
7.41 7.41 8.46 6.96 7.11 8.17 9.16 17.24 18.91 21.41 17.78 17.78 23.00 11.31 11.46 2.62 11.00 11.15 8.87 7.68 8.87 7.07 7.31 7.07 9.38 9.69 2.65 2.30 7.54 5.82 6.43 6.58 12.08 3.25 10.45 10.29 10.45 10.06 10.38 10.38 10.36 10.62 10.62 9.49 9.14 9.49 9.49 8.33 9.14 9.49 9.14 10.89 14.24 14.54 11.79 9.49 9.37 12.99 10.83 8.17 8.58 8.58 12.21 8.46 12.62 9.11 8.20 9.14 7.90 8.95 8.99 9.78 9.13 8.16 8.21 8.06 8.06 8.06 8.06 8.16 8.16 8.06 8.16 8.16
7.41 7.41 8.46 8.43 8.15 8.21 7.01 17.02 18.52 18.23 22.27 11.78 11.31 2.73 7.98 7.38 2.16 6.03 9.38 8.81 8.56 7.22 7.31 8.41 7.75 7.60 2.79 8.00 7.54 7.90 3.55 8.51 3.17 12.08 2.65 7.60 9.57 8.78 8.78 11.63 10.36 10.62 9.14 9.14 10.15 9.49 9.66 9.49 9.79 9.79 10.47 10.17 10.01 10.34 13.98 13.98 14.25 13.15 12.99 11.80 10.83 12.36 12.51 8.46 8.62 11.83 8.51 8.20 8.95 8.99 8.95 9.78 8.31 8.31 8.36 8.06 9.12 9.12 9.12 8.91 8.49 8.19 8.04 8.49
11.19 10.89 7.26 8.31 8.46 9.11 7.11 7.11 16.98 16.45 11.91 7.83 8.20 2.77 7.83 8.46 7.30 7.15 8.38 8.38 8.52 9.00 8.27 8.41 8.65 8.89 8.96 7.45 7.84 2.95 2.87 8.21 8.36 8.15 11.23 8.93 8.65 8.50 8.50 8.50 8.48 10.36 10.62 9.14 9.95 10.77 8.71 8.63 9.79 10.47 10.61 10.81 10.34 10.34 10.49 10.49 10.63 9.82 9.67 9.52 9.33 11.08 12.09 8.46 7.90 12.25 9.11 9.11 9.11 8.95 8.95 8.99 8.36 8.51 8.21 8.06 8.06 8.06 8.91 8.34 8.49 7.28 8.04 11.67
2.59 2.44 11.60 11.04 11.45 7.11 1.98 11.11 11.73 10.57 8.72 8.46 7.68 8.42 8.96 8.16 9.42 8.82 8.20 9.85 8.49 7.07 8.70 8.26 8.50 8.50 8.65 8.80 8.80 9.08 8.00 7.60 8.78 12.56 5.98 9.54 8.93 8.65 9.50 8.63 8.56 8.56 10.45 10.60 10.27 10.42 6.09 5.94 9.49 10.42 10.21 10.21 10.50 10.50 10.14 10.75 10.01 9.52 10.12 9.79 8.53 5.69 8.88 7.54 7.45 8.73 8.63 8.99 9.14 9.11 8.95 9.76 8.16 8.36 8.06 8.49 8.49 8.34 8.34 8.71 8.49 8.49 10.64 10.75
7.11 7.80 7.41 7.41 11.04 10.89 11.19 6.27 6.20 8.27 8.27 8.46 2.31 7.38 8.31 8.16 5.47 8.85 10.16 8.35 8.97 8.37 8.41 8.26 8.50 8.50 8.50 8.50 8.63 8.93 8.93 8.78 8.93 12.40 8.80 10.33 9.59 8.50 8.50 8.63 8.67 8.56 8.55 10.45 10.27 11.68 11.33 11.33 10.70 10.21 10.21 10.21 10.32 10.32 10.32 10.32 10.14 11.09 10.99 9.18 7.63 11.08 8.46 7.30 7.30 7.30 7.99 8.58 8.81 8.63 8.95 8.99 9.13 8.04 8.04 8.49 11.05 7.49 8.49 7.01 10.79 10.75 7.12 7.05
7.34 7.49 7.64 7.91 6.48 10.41 6.52 11.39 6.12 5.97 10.75 10.32 6.70 6.85 7.69 8.80 7.38 7.85 7.59 7.59 8.08 7.86 7.61 7.40 7.53 7.53 7.53 7.53 7.53 8.00 8.15 6.81 6.81 11.32 7.70 8.40 7.53 8.86 7.70 7.53 7.69 7.69 9.64 9.64 9.47 9.08 9.47 9.47 9.41 9.41 9.52 9.02 9.52 9.13 10.33 10.33 9.13 9.49 10.73 2.20 10.39 7.75 8.05 6.76 6.91 8.05 7.90 8.74 7.85 8.63 8.32 8.32 8.37 8.54 8.61 8.61 12.23 12.84 11.72 10.40 6.70 6.70 6.67 6.67
6.65 6.48 10.11 11.56 10.26 7.79 7.35 6.93 7.30 6.27 6.85 6.70 10.17 10.32 7.38 7.54 7.40 8.40 8.40 7.72 8.08 7.61 7.86 7.40 7.53 7.53 7.70 7.70 7.53 7.53 7.70 8.00 6.66 10.28 6.66 7.85 7.85 1.81 7.70 7.53 7.69 7.69 10.00 9.26 9.55 10.32 9.47 9.47 9.41 9.41 9.02 9.02 9.52 9.52 9.52 10.33 9.54 9.13 10.88 2.46 5.37 7.90 7.75 8.05 8.91 8.05 7.90 8.13 8.00 6.77 8.47 8.47 7.60 7.94 8.52 12.39 8.17 12.24 12.71 7.15 6.85 6.67 6.67 6.67
6.63 10.11 9.96 7.79 7.49 7.49 7.64 6.63 8.31 10.63 8.01 7.71 6.70 2.58 10.32 10.02 7.40 7.84 8.18 8.17 7.58 7.58 8.04 7.40 7.53 7.53 7.70 7.70 7.70 7.70 7.70 7.70 7.70 10.50 7.85 7.53 7.70 7.70 7.70 7.70 7.86 7.86 8.64 9.62 9.45 9.90 9.45 9.45 9.41 9.41 9.41 9.41 9.55 9.55 9.55 9.55 9.10 9.52 9.61 2.05 11.53 7.90 7.90 7.90 7.75 7.90 7.90 8.14 7.98 7.83 6.76 8.77 7.94 8.10 12.26 8.61 8.45 8.93 10.85 10.57 6.97 6.67 6.67 6.67
10.12 10.12 6.63 6.93 6.48 6.48 7.64 6.48 7.56 11.32 7.71 7.56 7.56 7.69 6.70 6.39 10.06 11.62 8.33 7.85 7.71 8.19 8.21 7.61 7.70 7.70 7.70 7.70 7.70 7.70 7.70 7.85 9.98 6.87 8.00 7.70 7.70 8.40 8.40 7.70 7.86 7.86 7.86 8.84 9.45 9.45 9.45 9.45 9.41 9.41 9.41 9.41 9.55 9.55 9.95 9.55 9.10 9.52 10.57 7.48 10.45 7.90 7.90 8.05 8.05 7.90 7.90 8.23 7.83 7.83 7.83 8.11 8.10 9.15 12.24 8.46 8.63 6.62 7.09 10.87 6.94 6.97 6.82 6.67
2.24 10.26 6.78 7.08 7.61 6.33 7.16 7.49 7.71 6.57 11.18 7.38 7.56 7.71 7.54 7.54 2.49 2.49 10.52 6.28 6.62 6.62 7.86 7.56 7.85 6.66 6.66 7.70 7.70 7.70 8.00 6.66 11.48 7.85 7.85 7.53 7.53 7.70 8.22 7.70 7.86 7.86 8.64 3.49 8.79 9.45 9.45 9.45 9.41 9.41 9.41 9.41 9.55 9.55 9.55 9.55 9.46 9.46 10.57 10.57 6.25 7.90 8.21 2.82 7.13 7.90 6.82 8.74 7.83 8.14 8.14 8.14 7.96 7.57 12.09 8.46 8.25 6.79 6.79 10.72 10.60 2.37 2.22 6.67
3.04 10.88 6.78 7.08 7.68 7.16 7.34 7.34 7.86 6.55 12.27 7.54 7.54 7.38 7.38 7.38 7.91 8.21 3.10 5.92 10.40 6.47 2.41 7.04 7.85 6.96 6.66 7.70 7.70 8.10 7.68 7.85 11.48 7.85 8.00 7.85 7.53 7.53 7.68 8.43 7.86 7.86 7.69 3.49 3.49 8.79 8.79 5.28 10.66 9.41 9.41 9.41 9.95 9.55 9.55 9.55 9.46 9.46 9.46 9.46 12.37 7.90 8.05 8.05 7.90 7.75 7.75 7.96 7.96 8.14 8.14 7.75 7.12 7.66 11.05 8.61 7.00 6.62 6.77 7.09 10.57 10.27 6.64 6.67
