New_Model_Runs/9_Future_Present_Scn2_out/post_prcessed_with_MFR/Monthly_summaries/net_infiltration_monthly_SEP.asc
NCOLS 700
NROWS 400
XLLCENTER 515000.000000
YLLCENTER 8409000.000000
CELLSIZE 50.000000
NODATA_value -999.000000
[rows 152 to 189 of 400, columns 336 to 419 of 700]
3.28 3.70 3.31 2.77 2.75 2.77 2.81 2.81 2.80 2.71 3.86 3.86 4.01 4.01 3.78 3.78 3.56 3.56 3.77 3.56 3.64 3.64 3.64 3.64 3.71 7.22 4.24 4.24 4.53 4.54 4.83 4.39 4.17 4.17 4.31 2.29 2.15 8.50 3.63 3.19 3.32 7.36 7.15 7.14 7.14 5.79 1.02 0.88 4.33 0.00 0.00 0.00 0.00 0.00 0.00 0.00 0.00 0.00 0.00 0.00 0.00 0.00 0.00 0.00 0.00 0.00 0.00 0.00 0.00 0.00 0.00 0.00 0.00 0.00 0.00 0.00 0.00 0.00 0.00 0.00 0.00 0.00 0.00 0.00
3.09 4.24 4.31 2.97 3.11 2.71 3.21 3.13 3.18 2.71 2.71 3.86 3.78 3.78 3.78 3.78 3.56 3.56 3.56 3.56 3.64 3.64 3.64 3.64 3.71 4.03 7.54 7.54 4.24 6.17 4.53 4.24 5.80 6.00 5.66 5.66 7.93 5.18 3.73 3.19 3.18 6.88 6.71 3.51 7.02 0.88 1.02 1.02 4.33 0.00 0.00 0.00 0.00 0.00 0.00 0.00 0.00 0.00 0.00 0.00 0.00 0.00 0.00 0.00 0.00 0.00 0.00 0.00 0.00 0.00 0.00 0.00 0.00 0.00 0.00 0.00 0.00 0.00 0.00 0.00 0.00 0.00 0.00 0.00
3.43 3.39 3.24 2.67 2.71 4.41 2.75 2.75 2.71 2.71 2.71 3.86 3.78 3.78 3.78 3.98 3.56 3.56 3.56 3.56 3.64 3.64 3.64 3.64 7.54 7.54 7.54 8.03 7.56 5.94 5.94 5.94 4.30 5.95 7.17 7.61 4.39 8.03 3.44 3.24 3.18 7.62 7.46 3.51 4.71 3.66 3.75 3.75 4.33 3.47 0.00 0.00 0.00 0.00 0.00 0.00 0.00 0.00 0.00 0.00 0.00 0.00 0.00 0.00 0.00 0.00 0.00 0.00 0.00 0.00 0.00 0.00 0.00 0.00 0.00 0.00 0.00 0.00 0.00 0.00 0.00 0.00 0.00 0.00
2.91 2.98 3.14 2.98 2.81 2.81 3.20 2.75 2.71 2.71 2.71 2.71 3.86 3.78 3.78 3.78 3.56 3.56 3.56 3.56 3.64 3.64 3.64 3.64 7.22 3.71 3.71 3.86 4.09 6.67 4.53 3.83 7.02 7.02 7.02 7.75 7.75 3.53 3.86 3.19 3.23 7.46 4.56 3.51 4.54 1.02 3.75 3.75 4.33 6.76 0.00 0.00 0.00 0.00 0.00 0.00 0.00 0.00 0.00 0.00 0.00 0.00 0.00 0.00 0.00 0.00 0.00 0.00 0.00 0.00 0.00 0.00 0.00 0.00 0.00 0.00 0.00 0.00 0.00 0.00 0.00 0.00 0.00 0.00
2.90 2.98 2.71 2.82 2.74 2.74 2.74 2.74 2.71 2.71 2.71 2.71 3.98 3.99 3.76 3.76 3.57 3.57 3.57 3.57 3.64 3.64 3.64 7.15 3.66 3.66 3.66 3.66 3.54 4.72 9.02 3.83 3.88 7.02 7.02 3.56 3.28 3.17 3.17 3.17 7.07 3.95 4.39 3.93 7.02 4.39 3.51 1.05 0.97 4.47 0.15 0.00 0.00 0.00 0.00 0.00 0.00 0.00 0.00 0.00 0.00 0.00 0.00 0.00 0.00 0.00 0.00 0.00 0.00 0.00 0.00 0.00 0.00 0.00 0.00 0.00 0.00 0.00 0.00 0.00 0.00 0.00 0.00 0.00
2.82 2.80 2.75 2.82 2.74 2.74 2.74 2.74 2.71 2.90 2.71 2.71 2.63 2.63 3.76 3.76 3.57 3.57 3.57 3.57 3.85 3.64 3.64 7.15 3.66 3.66 3.44 3.53 3.54 3.45 7.94 7.49 7.02 7.21 3.45 3.30 3.17 3.17 3.17 3.17 3.24 3.63 7.44 4.56 4.56 4.39 0.88 3.51 0.97 4.47 0.79 0.00 0.00 0.00 0.00 0.00 0.00 0.00 0.00 0.00 0.00 0.00 0.00 0.00 0.00 0.00 0.00 0.00 0.00 0.00 0.00 0.00 0.00 0.00 0.00 0.00 0.00 0.00 0.00 0.00 0.00 0.00 0.00 0.00
2.75 3.21 2.75 2.75 2.74 2.74 2.74 2.81 2.80 2.71 2.67 2.67 3.01 2.63 3.76 3.76 3.57 3.57 3.57 3.78 3.64 3.64 7.15 3.42 3.44 3.44 3.44 3.44 3.45 3.45 7.00 3.63 3.25 3.25 3.21 3.25 3.17 3.17 3.17 3.17 3.20 3.20 4.56 4.39 7.02 7.02 0.88 1.02 0.96 4.47 7.05 0.00 0.00 0.00 0.00 0.00 0.00 0.00 0.00 0.00 0.00 0.00 0.00 0.00 0.00 0.00 0.00 0.00 0.00 0.00 0.00 0.00 0.00 0.00 0.00 0.00 0.00 0.00 0.00 0.00 0.00 0.00 0.00 0.00
2.75 2.75 3.20 2.75 2.74 2.74 2.81 2.81 2.80 2.71 2.71 2.71 2.63 2.63 2.63 3.76 3.57 3.57 3.57 3.57 3.64 7.24 6.93 3.42 3.44 3.75 3.44 3.44 3.45 3.45 3.54 3.71 3.21 3.21 3.21 3.21 3.17 3.17 3.17 3.17 3.20 3.24 4.56 7.02 7.02 7.02 4.39 4.39 4.62 4.77 4.47 0.00 0.00 0.00 0.00 0.00 0.00 0.00 0.00 0.00 0.00 0.00 0.00 0.00 0.00 0.00 0.00 0.00 0.00 0.00 0.00 0.00 0.00 0.00 0.00 0.00 0.00 0.00 0.00 0.00 0.00 0.00 0.00 0.00
2.73 3.13 2.80 2.73 2.73 2.73 2.81 2.81 2.70 2.70 2.70 2.70 2.61 2.61 2.61 2.61 3.54 3.54 3.37 3.37 3.39 6.90 3.39 3.39 3.40 3.40 3.40 3.40 3.40 3.71 3.40 3.40 3.17 3.17 3.17 3.58 3.18 3.18 3.18 3.18 3.20 6.71 3.20 3.95 7.75 3.80 4.24 7.02 4.08 4.11 4.87 4.68 0.00 0.00 0.00 0.00 0.00 0.00 0.00 0.00 0.00 0.00 0.00 0.00 0.00 0.00 0.00 0.00 0.00 0.00 0.00 0.00 0.00 0.00 0.00 0.00 0.00 0.00 0.00 0.00 0.00 0.00 0.00 0.00
2.73 3.51 3.51 2.73 2.73 2.73 2.81 2.81 2.79 2.70 2.70 1.63 2.61 2.61 2.61 2.61 3.37 3.37 3.37 3.37 6.90 3.39 3.39 3.39 3.40 3.82 3.40 3.40 3.40 3.82 3.40 3.40 3.17 3.17 3.48 3.48 3.18 3.18 3.18 3.18 3.58 3.30 4.39 3.56 3.70 4.16 4.01 3.24 3.31 3.89 7.41 7.49 4.62 4.62 4.57 4.33 0.00 0.00 0.00 0.00 0.00 0.00 0.00 0.00 0.00 0.00 0.00 0.00 0.00 0.00 0.00 0.00 0.00 0.00 0.00 0.00 0.00 0.00 0.00 0.00 0.00 0.00 0.00 0.00
3.10 3.58 3.10 2.96 2.96 2.96 2.96 3.19 3.01 2.93 2.93 2.93 2.85 2.85 2.85 2.85 3.93 4.30 3.93 3.93 3.96 3.96 3.96 3.96 3.97 4.34 3.97 3.97 4.34 3.97 4.73 3.97 3.33 3.33 3.33 3.33 3.34 3.86 3.86 3.64 3.37 3.37 3.37 3.72 3.41 3.36 3.36 3.36 3.05 3.09 3.64 7.38 7.09 4.78 1.30 4.34 4.34 4.83 4.74 3.51 0.00 0.00 0.00 0.00 0.00 0.00 0.00 0.00 0.00 0.00 0.00 0.00 0.00 0.00 0.00 0.00 0.00 0.00 0.00 0.00 0.00 0.00 0.00 0.00
3.10 3.63 3.63 3.10 2.96 2.96 2.96 2.96 2.93 2.93 2.93 2.93 3.08 2.85 2.85 2.85 3.93 3.93 3.93 3.93 3.96 3.96 3.96 3.96 3.97 3.97 3.97 3.97 3.97 3.97 4.34 3.97 3.33 3.33 3.33 3.33 3.34 3.34 3.65 3.34 3.37 3.37 3.37 3.37 3.36 3.36 3.36 3.36 3.05 3.05 3.19 7.32 7.57 3.51 4.78 4.78 5.03 3.85 3.85 4.81 6.41 0.00 0.00 0.00 0.00 0.00 0.00 0.00 0.00 0.00 0.00 0.00 0.00 0.00 0.00 0.00 0.00 0.00 0.00 0.00 0.00 0.00 0.00 0.00
2.93 3.08 3.46 3.08 2.90 2.90 2.90 2.90 3.08 2.84 2.84 3.08 3.67 3.67 3.67 4.10 3.95 3.95 3.95 3.95 3.97 3.97 3.97 3.97 3.97 3.97 3.97 3.97 3.96 3.96 3.96 3.96 3.34 3.34 3.34 3.34 3.35 3.35 3.35 3.35 3.35 3.35 3.35 3.35 3.34 3.76 3.34 3.34 3.04 3.04 3.09 3.72 7.21 3.51 1.26 5.32 4.11 3.01 3.01 3.30 4.77 6.52 4.92 3.51 0.00 0.00 0.00 0.00 0.00 0.00 0.00 0.00 0.00 0.00 0.00 0.00 0.00 0.00 0.00 0.00 0.00 0.00 0.00 0.00
2.93 2.93 2.93 2.93 2.90 2.90 2.90 2.90 2.84 2.84 2.84 2.84 3.67 3.67 3.67 4.10 3.95 3.95 3.95 3.95 3.97 3.97 3.97 3.97 3.97 3.97 3.97 3.97 3.96 3.96 3.96 3.96 3.34 3.86 3.34 3.34 3.35 3.35 3.35 3.35 3.35 3.35 3.35 3.35 3.34 3.64 3.34 3.34 3.04 3.09 3.35 3.70 3.70 4.34 4.64 4.00 3.01 3.01 3.01 3.01 3.15 6.52 3.01 6.52 0.00 0.00 0.00 0.00 0.00 0.00 0.00 0.00 0.00 0.00 0.00 0.00 0.00 0.00 0.00 0.00 0.00 0.00 0.00 0.00
3.17 2.93 2.93 3.17 2.90 2.90 2.90 2.90 2.84 2.84 2.84 2.84 3.67 3.67 3.67 4.10 3.95 3.95 3.95 3.95 3.97 3.97 3.97 3.97 3.97 3.97 3.97 3.97 3.96 3.96 3.96 3.96 3.34 3.34 3.34 3.34 3.35 3.35 3.35 3.35 3.35 3.35 3.35 3.35 3.34 3.34 3.34 3.34 3.04 3.14 3.41 3.41 3.72 3.87 3.87 3.91 3.01 3.01 3.01 3.01 3.01 6.66 3.15 3.01 0.00 0.00 0.00 0.00 0.00 0.00 0.00 0.00 0.00 0.00 0.00 0.00 0.00 0.00 0.00 0.00 0.00 0.00 0.00 0.00
2.93 2.93 2.93 2.93 2.90 3.09 2.90 2.90 2.84 2.84 2.84 2.84 3.67 3.67 4.10 4.10 3.95 3.95 3.95 3.95 3.97 3.97 3.97 3.97 3.97 3.97 3.97 3.97 3.96 3.96 3.96 3.96 3.34 3.34 3.34 3.34 3.35 3.35 3.35 3.35 3.86 3.86 3.35 3.35 3.34 3.34 3.34 3.34 3.09 3.52 3.59 3.14 3.91 4.20 4.20 3.91 3.01 3.01 3.30 3.21 3.42 4.15 3.21 6.52 0.00 0.00 0.00 0.00 0.00 0.00 0.00 0.00 0.00 0.00 0.00 0.00 0.00 0.00 0.00 0.00 0.00 0.00 0.00 0.00
2.90 2.90 2.90 2.90 3.69 3.69 3.02 3.69 2.84 2.84 2.84 2.84 2.89 2.89 4.17 4.17 4.00 4.00 4.00 4.00 4.00 4.00 4.00 4.37 4.00 4.00 4.00 4.00 4.01 4.01 4.01 4.01 3.39 3.39 3.39 3.39 3.38 3.38 3.38 3.38 4.11 3.94 4.00 3.37 3.35 3.87 3.35 3.35 3.04 4.03 3.46 3.04 3.03 3.03 3.03 3.03 3.01 3.01 3.30 3.79 3.72 4.92 0.00 0.00 0.00 0.00 0.00 0.00 0.00 0.00 0.00 0.00 0.00 0.00 0.00 0.00 0.00 0.00 0.00 0.00 0.00 0.00 0.00 0.00
2.90 2.90 2.90 2.90 3.69 3.69 3.69 3.69 2.84 2.84 2.84 2.84 2.89 2.89 4.17 4.17 4.00 4.00 4.00 4.00 4.00 4.00 4.00 4.00 4.00 4.00 4.00 4.00 4.01 4.01 4.01 4.01 3.39 3.39 3.39 3.39 3.38 3.38 3.38 3.38 3.47 3.89 4.00 3.37 3.35 3.87 3.35 3.35 3.04 3.04 3.04 3.04 3.03 3.03 3.03 3.07 3.06 3.06 3.49 3.49 0.00 0.00 0.00 0.00 0.00 0.00 0.00 0.00 0.00 0.00 0.00 0.00 0.00 0.00 0.00 0.00 0.00 0.00 0.00 0.00 0.00 0.00 0.00 0.00
2.90 2.90 2.90 2.90 3.69 3.69 3.69 3.69 2.84 2.84 2.84 2.84 2.89 4.17 4.17 4.17 4.00 4.00 4.00 4.00 4.00 4.00 4.00 4.00 4.00 4.00 4.00 4.96 4.86 4.01 4.01 4.01 3.39 3.39 3.39 3.39 3.38 3.38 3.91 4.20 3.47 4.00 3.37 3.37 3.50 3.35 3.35 3.35 3.04 3.04 3.04 3.04 3.03 3.07 3.50 3.65 3.21 3.01 3.01 6.90 0.00 0.00 0.00 0.00 0.00 0.00 0.00 0.00 0.00 0.00 0.00 0.00 0.00 0.00 0.00 0.00 0.00 0.00 0.00 0.00 0.00 0.00 0.00 0.00
2.90 2.90 2.90 2.90 3.69 3.69 3.69 3.69 2.84 2.84 2.84 2.84 2.89 4.17 4.17 4.17 4.00 4.38 4.38 4.77 4.00 4.00 4.00 4.00 4.00 4.00 4.00 4.18 4.18 4.01 4.01 4.01 3.39 3.39 3.39 3.39 3.38 3.38 3.86 3.82 3.37 4.00 3.37 3.51 4.22 3.40 3.35 3.35 3.04 3.04 3.04 3.04 3.03 3.50 3.14 4.92 4.78 4.48 0.00 0.00 0.00 0.00 0.00 0.00 0.00 0.00 0.00 0.00 0.00 0.00 0.00 0.00 0.00 0.00 0.00 0.00 0.00 0.00 0.00 0.00 0.00 0.00 0.00 0.00
2.82 2.85 2.85 2.85 2.86 2.84 2.86 2.86 2.92 2.92 2.92 2.92 2.91 4.18 4.18 4.49 4.40 3.97 3.97 4.35 4.00 4.00 4.37 4.00 4.02 4.02 4.02 4.18 4.97 4.18 5.38 5.38 4.38 3.41 3.41 3.41 3.41 3.41 3.98 3.59 3.40 3.40 3.40 3.54 4.81 4.88 3.52 3.38 3.05 3.15 3.53 3.05 3.52 4.72 5.30 2.16 1.85 0.29 0.00 0.00 0.00 0.00 0.00 0.00 0.00 0.00 0.00 0.00 0.00 0.00 0.00 0.00 0.00 0.00 0.00 0.00 0.00 0.00 0.00 0.00 0.00 0.00 0.00 0.00
2.85 2.85 2.85 2.85 2.86 2.86 2.86 2.86 2.92 2.92 2.92 2.92 2.91 4.18 4.22 4.18 3.97 3.97 3.97 3.97 4.00 4.00 4.00 4.00 4.39 4.40 4.02 4.18 4.18 5.71 5.67 8.89 4.38 4.61 4.52 4.38 3.41 3.41 4.09 3.49 4.45 3.92 3.40 3.40 4.76 4.98 3.38 3.38 3.10 3.35 3.35 3.72 7.68 3.04 1.56 3.87 0.59 0.00 0.00 0.00 0.00 0.00 0.00 0.00 0.00 0.00 0.00 0.00 0.00 0.00 0.00 0.00 0.00 0.00 0.00 0.00 0.00 0.00 0.00 0.00 0.00 0.00 0.00 0.00
2.85 2.85 2.85 2.85 2.86 2.86 2.86 2.86 2.92 2.92 2.92 2.92 4.18 6.26 4.18 4.22 3.97 3.97 3.97 3.97 4.00 4.00 4.00 4.37 4.02 4.02 4.40 4.02 4.03 4.18 4.03 7.68 8.95 5.04 4.38 4.38 4.37 3.41 7.25 7.57 7.28 4.40 3.43 3.40 1.80 4.98 4.32 3.38 3.10 3.35 3.72 7.23 0.00 0.00 0.00 0.00 0.00 0.00 0.00 0.00 0.00 0.00 0.00 0.00 0.00 0.00 0.00 0.00 0.00 0.00 0.00 0.00 0.00 0.00 0.00 0.00 0.00 0.00 0.00 0.00 0.00 0.00 0.00 0.00
2.85 2.85 2.85 2.85 2.86 2.86 2.86 2.86 2.92 2.92 2.92 2.92 4.18 4.21 4.18 4.18 4.48 3.97 3.97 3.97 4.00 4.00 4.37 4.00 4.02 4.02 4.02 4.02 4.03 4.41 4.41 4.07 4.64 5.02 4.74 4.38 4.87 4.87 1.13 7.42 4.72 4.64 4.87 7.86 1.65 3.91 4.98 4.62 3.05 7.38 6.80 0.00 0.00 0.00 0.00 0.00 0.00 0.00 0.00 0.00 0.00 0.00 0.00 0.00 0.00 0.00 0.00 0.00 0.00 0.00 0.00 0.00 0.00 0.00 0.00 0.00 0.00 0.00 0.00 0.00 0.00 0.00 0.00 0.00
2.90 2.90 2.33 2.33 2.92 2.92 2.92 2.92 2.90 2.90 2.90 2.90 4.12 4.12 4.12 4.12 4.31 3.94 3.94 3.94 3.98 3.98 3.98 3.98 4.00 4.00 4.00 4.00 4.03 4.03 4.03 4.03 4.54 3.77 4.79 8.67 4.36 3.77 4.16 7.28 4.59 4.59 4.45 4.87 4.59 7.42 4.79 5.17 4.34 6.80 0.00 0.00 0.00 0.00 0.00 0.00 0.00 0.00 0.00 0.00 0.00 0.00 0.00 0.00 0.00 0.00 0.00 0.00 0.00 0.00 0.00 0.00 0.00 0.00 0.00 0.00 0.00 0.00 0.00 0.00 0.00 0.00 0.00 0.00
2.90 2.90 2.90 2.33 2.33 2.92 2.92 2.92 2.90 2.90 6.15 4.42 4.38 4.38 4.12 4.12 3.94 3.94 3.94 3.94 3.98 3.98 4.42 3.98 4.00 4.00 4.00 4.00 4.03 4.03 4.03 4.03 3.57 4.53 4.54 5.01 4.93 4.98 4.35 7.57 4.59 4.59 4.59 4.59 1.52 4.35 1.08 4.45 6.80 0.00 0.00 0.00 0.00 0.00 0.00 0.00 0.00 0.00 0.00 0.00 0.00 0.00 0.00 0.00 0.00 0.00 0.00 0.00 0.00 0.00 0.00 0.00 0.00 0.00 0.00 0.00 0.00 0.00 0.00 0.00 0.00 0.00 0.00 0.00
3.35 3.35 3.35 3.35 3.37 3.37 2.65 2.65 3.53 3.35 3.35 4.11 4.06 4.06 4.06 4.06 4.27 4.27 4.27 4.27 4.31 4.31 4.31 4.31 4.34 4.34 4.34 4.34 4.36 4.36 4.36 4.36 3.55 3.70 3.87 7.06 3.77 3.69 4.13 4.92 5.21 4.68 4.63 4.83 4.63 4.63 4.47 4.53 0.00 0.00 0.00 0.00 0.00 0.00 0.00 0.00 0.00 0.00 0.00 0.00 0.00 0.00 0.00 0.00 0.00 0.00 0.00 0.00 0.00 0.00 0.00 0.00 0.00 0.00 0.00 0.00 0.00 0.00 0.00 0.00 0.00 0.00 0.00 0.00
3.35 3.35 3.35 2.65 2.65 2.65 2.65 2.65 2.65 2.65 3.35 4.11 4.06 4.06 4.06 4.06 4.27 4.27 4.27 4.27 4.31 4.31 4.31 4.31 4.34 4.34 4.34 4.34 4.36 4.36 4.36 4.36 3.55 3.55 3.55 3.55 3.54 3.54 3.54 3.54 3.82 4.81 4.85 1.36 4.34 4.19 4.72 0.65 0.00 0.00 0.00 0.00 0.00 0.00 0.00 0.00 0.00 0.00 0.00 0.00 0.00 0.00 0.00 0.00 0.00 0.00 0.00 0.00 0.00 0.00 0.00 0.00 0.00 0.00 0.00 0.00 0.00 0.00 0.00 0.00 0.00 0.00 0.00 0.00
3.34 2.65 2.65 2.65 2.65 2.97 2.65 2.65 2.65 2.65 4.61 4.42 4.61 4.04 4.04 4.04 4.30 4.30 4.30 4.30 4.31 4.31 4.31 4.31 4.33 4.33 4.36 4.36 4.35 4.35 4.35 4.35 3.52 3.84 3.52 3.52 3.51 3.51 3.51 3.51 3.49 3.96 3.49 3.69 1.36 1.65 4.34 4.72 0.00 0.00 0.00 0.00 0.00 0.00 0.00 0.00 0.00 0.00 0.00 0.00 0.00 0.00 0.00 0.00 0.00 0.00 0.00 0.00 0.00 0.00 0.00 0.00 0.00 0.00 0.00 0.00 0.00 0.00 0.00 0.00 0.00 0.00 0.00 0.00
2.65 2.65 2.65 2.65 2.65 2.65 2.65 2.97 2.65 2.65 4.61 4.61 5.41 4.04 4.04 4.04 4.30 4.30 4.30 4.30 4.31 4.31 4.31 4.31 4.33 4.33 4.36 4.33 4.35 4.35 4.35 4.69 3.61 3.52 3.52 3.52 3.51 3.51 3.51 3.51 3.49 3.49 3.81 3.49 3.85 3.98 4.13 4.00 7.41 4.36 3.58 0.00 0.00 0.00 0.00 0.00 0.00 0.00 0.00 0.00 0.00 0.00 0.00 0.00 0.00 0.00 0.00 0.00 0.00 0.00 0.00 0.00 0.00 0.00 0.00 0.00 0.00 0.00 0.00 0.00 0.00 0.00 0.00 0.00
2.65 2.65 2.65 2.65 2.65 2.65 2.65 2.65 2.65 2.65 4.61 4.03 4.04 4.04 4.04 4.04 4.30 4.30 4.30 4.30 4.31 4.31 4.31 4.31 4.33 4.33 4.33 4.33 4.35 4.35 4.39 4.35 3.61 3.52 3.84 3.52 3.51 3.51 4.19 3.51 3.49 3.49 3.49 3.49 3.50 3.50 3.50 3.50 3.72 4.36 4.36 3.58 3.58 0.00 0.00 0.00 0.00 0.00 0.00 0.00 0.00 0.00 0.00 0.00 0.00 0.00 0.00 0.00 0.00 0.00 0.00 0.00 0.00 0.00 0.00 0.00 0.00 0.00 0.00 0.00 0.00 0.00 0.00 0.00
2.65 2.65 2.65 2.65 2.65 2.65 2.65 2.97 2.65 2.65 4.61 4.03 4.04 4.04 4.04 4.04 4.30 4.30 4.30 4.30 4.31 4.31 4.31 4.31 4.33 4.33 4.33 4.33 4.35 4.35 4.35 4.35 3.52 3.52 3.52 3.52 3.51 3.51 3.81 3.51 3.49 3.49 3.49 3.49 3.50 3.50 3.80 3.50 3.23 3.12 4.36 4.36 7.09 3.58 0.00 0.00 0.00 0.00 0.00 0.00 0.00 0.00 0.00 0.00 0.00 0.00 0.00 0.00 0.00 0.00 0.00 0.00 0.00 0.00 0.00 0.00 0.00 0.00 0.00 0.00 0.00 0.00 0.00 0.00
2.65 2.65 2.65 2.97 2.65 2.65 2.65 2.65 2.65 4.61 4.03 4.57 4.08 4.08 4.08 4.08 4.32 4.32 4.32 4.32 4.32 4.63 4.36 4.36 4.36 5.63 4.33 4.33 4.33 4.33 4.36 4.36 3.80 3.49 3.49 3.49 3.79 3.48 3.48 3.48 3.47 3.78 3.47 3.47 3.47 3.47 3.47 3.47 3.06 3.11 3.38 3.65 4.81 4.74 6.76 6.76 0.00 0.00 0.00 0.00 0.00 0.00 0.00 0.00 0.00 0.00 0.00 0.00 0.00 0.00 0.00 0.00 0.00 0.00 0.00 0.00 0.00 0.00 0.00 0.00 0.00 0.00 0.00 0.00
2.65 2.65 2.65 2.97 2.65 2.65 2.65 2.65 4.64 6.06 4.03 4.03 4.60 4.08 4.08 4.08 4.32 4.32 4.32 4.32 4.32 4.32 4.32 4.32 4.33 5.63 5.63 4.33 4.33 4.33 4.33 4.33 3.49 3.49 3.49 3.49 3.48 3.48 3.48 3.48 3.47 3.47 3.47 3.47 3.47 3.47 3.47 3.47 3.06 3.06 3.06 3.25 3.72 3.31 3.04 3.04 3.08 6.76 0.00 0.00 0.00 0.00 0.00 0.00 0.00 0.00 0.00 0.00 0.00 0.00 0.00 0.00 0.00 0.00 0.00 0.00 0.00 0.00 0.00 0.00 0.00 0.00 0.00 0.00
2.65 2.65 2.65 2.65 2.65 2.65 2.65 4.62 4.64 6.06 6.06 4.03 4.08 4.61 4.08 4.08 4.32 4.32 4.32 4.32 4.32 4.32 4.32 4.32 4.36 4.33 5.63 5.63 5.63 4.33 4.33 4.33 3.49 3.49 3.49 3.49 3.48 3.48 3.48 3.48 3.47 3.47 3.47 3.47 3.47 3.47 3.47 3.47 3.06 3.06 3.06 3.06 3.15 3.09 3.04 3.04 3.08 3.08 3.46 6.60 0.00 0.00 0.00 0.00 0.00 0.00 0.00 0.00 0.00 0.00 0.00 0.00 0.00 0.00 0.00 0.00 0.00 0.00 0.00 0.00 0.00 0.00 0.00 0.00
2.65 2.65 2.65 2.65 2.65 2.65 2.65 4.62 4.03 4.03 4.03 4.03 4.08 4.08 4.08 4.08 4.32 4.32 4.32 4.32 4.32 4.32 4.32 4.32 4.36 4.36 4.36 6.07 6.07 5.63 4.33 4.33 3.49 3.49 3.49 3.49 3.48 3.48 3.48 3.48 3.47 3.47 4.03 3.47 3.47 3.47 3.47 3.47 3.06 3.06 3.06 3.33 3.04 3.04 3.04 3.04 3.08 3.08 3.08 3.08 6.58 0.00 0.00 0.00 0.00 0.00 0.00 0.00 0.00 0.00 0.00 0.00 0.00 0.00 0.00 0.00 0.00 0.00 0.00 0.00 0.00 0.00 0.00 0.00
2.65 2.65 2.65 2.65 2.65 2.65 2.65 3.25 4.07 4.07 4.07 4.07 4.09 4.09 4.61 4.09 4.31 4.31 4.31 4.31 4.31 4.31 4.31 4.31 4.32 4.32 5.62 7.07 4.84 4.32 4.32 4.32 3.49 3.49 3.49 3.49 3.48 3.48 3.48 3.48 3.48 4.04 4.04 3.48 3.46 3.46 3.46 3.46 3.03 3.03 3.03 3.03 3.02 3.02 3.02 3.02 3.02 3.02 3.02 3.42 6.34 0.00 0.00 0.00 0.00 0.00 0.00 0.00 0.00 0.00 0.00 0.00 0.00 0.00 0.00 0.00 0.00 0.00 0.00 0.00 0.00 0.00 0.00 0.00
2.65 2.65 2.65 2.65 2.65 2.65 2.65 2.65 4.07 4.07 4.07 4.07 4.09 4.09 4.09 4.09 4.31 4.31 4.31 4.31 4.31 4.31 4.31 4.31 4.32 4.36 4.36 4.32 4.36 4.32 5.70 4.36 3.49 3.49 4.06 3.49 3.48 3.48 3.48 3.48 3.48 3.48 3.48 3.48 3.46 3.46 3.46 3.46 3.03 3.03 3.03 3.03 3.02 3.02 3.02 3.02 3.02 3.02 3.14 4.36 0.00 0.00 0.00 0.00 0.00 0.00 0.00 0.00 0.00 0.00 0.00 0.00 0.00 0.00 0.00 0.00 0.00 0.00 0.00 0.00 0.00 0.00 0.00 0.00
