New_Model_Runs/9_Future_Present_Scn2_out/post_prcessed_with_MFR/Monthly_summaries/net_infiltration_monthly_JUN.asc
NCOLS 700
NROWS 400
XLLCENTER 515000.000000
YLLCENTER 8409000.000000
CELLSIZE 50.000000
NODATA_value -999.000000
[rows 111 to 147 of 400, columns 498 to 580 of 700]
7.19 7.19 7.31 7.31 8.87 8.79 8.83 8.83 8.83 7.27 7.21 7.21 7.66 7.21 6.87 7.02 7.36 7.36 7.71 7.74 6.78 10.44 6.88 7.70 10.57 10.25 10.70 7.93 7.93 7.51 8.28 7.42 7.63 8.28 8.10 7.26 7.41 6.61 7.71 7.71 8.18 7.71 7.70 7.70 7.70 7.58 7.79 7.49 7.49 7.49 7.62 7.22 8.08 11.35 11.90 7.94 8.36 8.38 7.41 7.41 7.41 7.41 7.23 6.53 6.23 6.23 6.31 7.44 8.04 7.44 7.48 6.34 6.34 6.34 6.25 6.25 6.25 6.25 7.34 7.34 6.97 7.34 6.46
7.19 7.19 8.10 8.79 9.39 8.79 8.70 8.70 8.70 7.26 7.02 7.02 7.02 7.02 6.72 6.72 6.72 6.72 7.29 6.88 6.73 6.73 6.79 7.46 10.60 10.83 10.71 7.95 8.55 7.54 7.24 7.24 7.24 8.27 8.05 7.70 7.70 7.70 7.67 7.67 8.15 7.67 7.71 8.40 8.57 7.59 7.50 7.50 7.50 7.81 7.56 7.56 11.46 7.56 7.50 7.50 7.50 7.50 7.91 7.37 7.37 7.37 7.21 6.51 6.22 6.22 6.25 8.66 7.37 7.37 7.37 6.25 6.25 6.53 6.16 6.16 6.16 8.20 7.38 7.38 7.38 6.28 6.84
7.19 7.19 7.31 8.87 8.87 8.87 8.70 7.26 7.26 7.26 7.02 7.02 7.02 7.02 6.72 6.72 6.72 6.72 6.73 6.73 6.73 6.73 6.79 9.56 7.79 7.09 11.91 6.99 8.96 6.85 8.27 7.60 7.24 8.73 7.70 7.70 7.70 7.70 7.67 8.13 7.67 7.67 7.71 7.74 6.90 6.90 7.50 7.81 7.50 7.50 11.07 11.62 11.07 8.10 7.50 7.50 8.04 7.50 7.37 7.37 7.90 7.37 7.21 6.22 6.22 6.22 7.37 7.63 7.37 6.56 6.25 6.57 6.45 6.96 6.16 6.16 6.16 6.16 7.38 6.28 6.28 6.28 6.90
7.48 8.41 9.41 9.97 10.24 9.41 7.55 7.55 7.55 7.55 7.38 7.88 7.38 7.38 6.88 6.88 6.88 6.88 6.89 6.89 6.89 6.89 6.94 6.94 7.67 6.94 8.84 12.35 7.36 8.16 7.48 7.48 7.62 5.82 8.06 7.23 6.59 7.59 7.88 7.56 7.56 11.39 11.11 11.13 7.75 7.75 7.69 7.42 7.42 7.42 10.98 7.47 8.02 7.47 7.41 7.41 7.41 7.41 7.29 7.29 7.29 7.29 7.32 6.31 6.31 6.31 7.48 8.20 6.34 6.34 6.34 7.39 7.39 6.34 6.54 6.24 6.24 6.24 6.60 7.76 6.60 6.60 6.44
7.48 7.48 10.61 10.20 9.25 9.25 7.55 7.55 7.55 7.55 7.38 7.38 7.38 7.38 6.88 6.88 6.88 6.88 6.89 6.89 6.89 6.89 6.94 7.67 6.94 7.67 8.16 11.67 11.67 11.67 10.99 7.94 7.62 7.62 7.91 7.59 10.11 11.10 11.07 11.39 11.39 7.56 7.60 11.11 11.26 11.26 7.42 7.42 7.42 7.42 10.98 12.00 7.47 7.47 7.41 7.41 7.41 7.41 7.29 7.29 7.29 7.29 7.32 6.31 6.31 6.31 7.48 8.45 6.34 6.34 6.34 6.34 6.34 6.34 6.24 6.24 6.24 6.24 6.60 6.60 7.76 7.76 6.44
8.35 7.44 9.65 9.02 9.02 7.45 7.35 7.35 7.35 7.83 7.74 7.26 7.26 7.26 6.95 6.95 6.95 6.95 7.02 7.02 7.02 7.02 7.04 7.04 7.04 7.79 8.18 8.18 7.05 7.05 7.96 11.47 11.47 11.47 11.14 11.14 11.14 7.96 7.66 7.66 7.66 7.66 7.69 7.69 7.69 11.20 10.90 7.39 7.93 7.53 7.93 10.90 10.90 10.90 7.37 7.37 7.37 7.37 7.29 7.29 7.29 7.29 7.28 6.26 6.26 6.26 6.25 6.25 6.25 6.25 6.25 6.25 6.25 6.25 6.26 6.26 6.26 6.26 6.66 6.66 7.83 7.83 6.46
7.44 7.44 9.02 7.45 7.45 7.45 7.35 7.35 7.35 7.35 7.26 7.26 7.26 7.26 6.95 6.95 6.95 6.95 7.02 7.02 7.02 7.02 7.04 7.04 7.04 7.04 7.05 7.05 7.05 7.05 8.17 7.96 7.63 7.63 7.63 7.63 6.82 7.63 7.66 7.66 7.66 7.66 7.69 7.69 7.69 7.69 10.90 10.90 7.39 7.39 7.39 7.39 7.39 8.44 10.88 11.03 7.43 7.10 7.81 7.29 7.29 7.29 7.28 6.26 6.26 6.26 6.25 6.25 6.25 6.25 6.25 6.25 6.25 6.25 6.26 6.26 6.26 6.26 6.66 7.83 7.83 6.66 6.46
7.44 7.44 7.45 8.08 7.45 7.45 7.35 7.35 7.35 7.35 7.26 7.26 7.26 7.26 6.95 6.95 6.95 6.95 7.02 7.02 7.02 7.02 7.04 7.04 7.04 7.04 7.05 7.05 7.05 7.05 7.96 7.96 7.49 7.63 7.63 7.63 7.63 7.63 7.66 7.66 7.99 7.66 7.69 7.69 7.69 7.69 7.39 10.90 10.90 10.90 10.90 7.39 11.05 11.33 11.31 11.31 6.67 6.67 7.29 7.81 7.29 7.29 7.28 6.26 6.26 6.26 6.25 6.25 6.25 6.54 6.25 6.55 6.25 6.25 6.26 6.26 6.26 6.26 6.66 7.83 7.83 7.83 6.46
7.44 7.44 7.45 7.45 7.45 7.98 7.35 7.35 7.35 7.35 7.26 7.26 7.26 7.26 6.95 6.95 6.95 6.95 7.02 7.02 7.02 7.02 7.04 7.04 7.04 7.04 7.80 7.05 7.05 7.05 7.63 7.63 7.63 7.63 7.63 7.63 7.63 7.63 7.66 7.66 7.66 7.66 7.69 7.69 7.69 7.69 7.39 7.39 7.39 7.39 10.90 10.71 10.86 7.58 10.95 10.88 7.91 8.35 7.29 7.29 7.29 7.29 7.28 6.26 6.26 6.26 6.25 6.25 6.54 6.25 6.25 6.25 6.25 6.25 6.26 6.26 6.26 6.26 6.66 6.66 8.86 7.83 7.86
7.38 7.88 7.34 7.82 7.34 7.82 7.34 7.34 7.34 7.34 7.38 7.38 7.38 7.38 7.15 7.15 7.15 7.15 7.16 7.16 7.16 7.16 7.93 7.15 7.15 7.15 7.14 7.14 7.92 7.14 6.60 6.60 6.60 6.60 6.59 6.59 6.59 6.59 6.61 6.61 6.61 6.61 6.61 6.61 6.61 6.61 7.43 7.43 7.43 7.43 7.20 11.36 11.16 7.38 6.65 7.33 7.33 7.33 7.22 7.22 7.22 7.73 7.23 6.22 6.22 6.22 6.24 6.24 6.24 6.24 6.31 6.31 6.31 6.31 6.35 6.35 6.35 6.35 6.67 6.67 6.67 6.67 8.17
7.38 7.38 7.34 7.34 7.34 7.34 7.34 7.34 7.34 7.34 7.38 7.38 7.38 7.38 7.15 7.15 7.15 7.15 7.94 7.16 7.16 7.16 7.93 7.15 7.15 7.15 7.14 7.14 7.14 7.14 6.60 6.60 6.87 6.87 6.59 6.59 6.59 6.59 6.61 6.61 6.61 6.61 6.61 6.61 6.72 6.61 7.43 10.20 11.08 7.43 7.52 10.89 7.38 7.38 7.33 7.33 7.33 7.33 7.22 7.22 7.22 7.22 7.23 6.22 6.22 6.22 6.24 6.24 6.24 6.24 6.31 6.31 6.31 6.31 6.35 6.35 6.35 6.35 6.67 6.96 6.67 6.67 6.46
7.38 7.38 7.34 7.34 7.34 7.34 7.34 7.34 7.34 7.34 7.38 7.38 7.38 7.38 7.15 7.15 7.15 7.15 7.94 7.16 7.16 7.16 7.93 7.15 7.15 7.15 7.14 7.14 7.14 7.14 6.60 7.85 6.87 7.91 6.87 6.59 6.59 6.59 6.61 6.61 7.25 6.61 7.46 6.61 6.72 6.88 11.08 8.93 12.04 11.08 11.03 7.38 7.38 7.38 7.33 7.33 7.33 7.33 7.22 7.22 7.22 7.22 8.82 6.22 6.22 6.22 6.24 6.24 6.24 6.24 6.31 6.31 6.31 6.31 6.35 6.35 6.35 6.35 6.67 6.67 6.67 6.67 6.46
7.38 7.38 7.34 7.34 7.34 7.34 7.34 7.34 7.34 7.34 7.38 8.66 8.27 7.38 7.92 8.85 7.62 7.90 7.63 7.16 7.16 7.16 8.85 7.93 7.93 7.93 7.14 7.14 7.14 7.14 6.60 7.85 7.24 6.87 6.87 6.59 6.59 6.59 6.88 6.61 7.25 6.71 7.46 6.61 7.26 10.39 7.56 6.84 7.71 7.43 7.38 7.38 7.38 7.38 7.33 7.33 7.33 7.33 7.22 7.22 7.22 7.22 7.23 6.22 6.22 6.22 6.24 6.24 6.24 6.24 6.31 6.31 6.31 6.31 6.35 6.35 6.35 6.35 6.67 6.67 6.67 6.67 6.46
7.40 7.40 7.41 7.41 7.41 7.41 7.44 7.44 7.44 7.44 7.51 7.51 8.15 7.51 7.20 7.20 8.26 7.20 7.20 7.20 7.20 7.67 7.69 7.22 9.04 7.32 7.22 7.22 7.22 7.22 6.67 7.95 7.95 6.82 6.82 6.67 6.67 6.67 6.91 7.20 8.08 8.19 7.88 6.88 10.13 10.13 7.45 7.45 7.45 7.73 7.44 7.44 7.44 7.44 7.37 8.38 7.37 7.37 7.19 7.19 7.19 7.19 7.22 6.21 6.21 6.21 6.28 6.28 6.28 6.57 6.64 6.65 6.36 6.36 6.39 6.39 6.39 7.16 6.38 6.38 6.38 6.38 6.42
7.40 7.40 7.41 7.41 7.41 7.41 7.44 7.44 7.44 7.44 7.51 7.51 7.51 7.51 7.20 7.67 7.20 7.20 7.20 7.20 7.20 7.20 8.61 8.61 8.61 8.76 9.05 8.01 7.22 7.22 6.67 8.24 9.55 10.13 7.70 7.79 6.82 6.67 8.51 8.69 8.67 2.88 8.72 11.70 6.62 6.62 8.47 7.45 7.45 7.45 7.44 7.44 7.44 7.44 8.40 7.37 7.37 7.37 7.19 7.19 7.19 7.19 7.22 6.21 6.21 6.21 6.28 6.57 6.98 6.28 6.36 6.36 7.07 6.66 6.39 6.69 6.69 6.39 7.62 6.38 6.38 6.38 6.42
7.40 7.40 7.41 7.41 7.41 7.41 7.44 7.44 7.44 7.44 7.51 7.51 7.51 7.51 7.20 7.20 7.20 7.20 7.20 7.20 7.20 7.20 7.22 8.61 9.34 8.91 9.05 8.85 11.67 8.76 8.39 3.70 12.75 13.09 13.04 6.98 13.99 10.62 12.92 12.35 11.46 11.85 12.09 9.02 6.62 7.12 7.45 7.45 7.45 8.23 8.22 8.22 7.44 8.22 8.14 7.37 7.37 7.37 7.19 7.19 7.19 7.19 7.22 6.21 6.21 6.21 6.28 6.28 6.28 6.28 6.36 6.36 6.36 6.36 6.69 6.39 6.39 6.39 6.38 6.38 7.76 6.38 6.42
7.40 7.40 7.41 7.41 7.41 7.41 7.44 7.44 7.44 7.44 7.51 7.51 7.51 7.51 7.20 7.20 7.20 7.20 7.20 7.67 7.67 7.20 7.22 7.22 8.88 9.05 12.85 12.01 12.27 11.44 3.85 6.78 6.19 12.46 12.46 2.98 11.72 6.34 11.46 11.46 12.25 7.40 6.62 6.62 6.62 6.62 7.45 7.45 7.45 8.23 8.22 8.22 7.87 8.28 8.14 8.14 7.94 7.89 7.19 7.19 7.19 7.19 8.81 6.21 6.21 6.21 6.28 6.28 6.28 6.28 6.36 6.36 6.36 6.64 6.39 6.39 6.39 6.39 6.38 6.38 6.38 6.38 6.42
7.47 7.47 7.50 7.50 7.50 7.50 7.55 7.55 7.55 7.55 7.56 7.56 7.56 7.56 7.19 7.19 7.19 7.19 7.20 7.20 7.20 7.20 7.23 7.23 8.62 9.35 14.15 13.17 9.79 3.11 6.63 6.34 3.95 0.00 0.00 0.00 0.00 0.00 0.00 3.80 13.27 6.93 6.60 6.60 6.60 6.60 7.51 11.03 11.82 11.56 8.18 8.57 7.89 8.47 8.34 8.12 8.12 7.36 7.21 8.88 7.73 7.81 7.54 6.26 6.26 6.28 6.27 6.27 6.27 6.25 6.28 6.57 6.28 6.28 6.31 6.31 6.31 6.31 6.63 6.93 6.63 6.93 6.65
7.47 7.47 7.50 7.50 7.50 7.50 7.55 7.55 7.55 7.55 9.17 9.17 9.17 9.33 8.58 7.19 7.19 7.19 7.20 7.20 7.20 7.20 7.45 7.23 8.74 9.65 9.56 13.16 6.47 13.29 6.19 0.00 0.00 0.00 0.00 0.00 0.00 0.00 0.00 0.00 10.55 6.64 6.60 6.60 6.60 6.60 11.14 11.41 7.06 8.39 11.26 8.95 8.42 7.60 8.35 8.12 8.12 7.36 7.21 7.21 7.21 7.21 8.89 6.26 6.26 6.26 6.27 6.27 6.23 6.25 6.28 6.28 6.28 6.28 6.31 6.31 6.31 6.31 6.63 6.63 6.63 6.63 6.65
7.86 7.29 7.32 7.32 7.32 7.32 7.37 7.37 7.37 7.37 8.81 8.81 9.25 8.81 8.47 7.80 7.01 7.01 7.01 7.01 7.01 7.01 8.61 7.04 7.13 9.68 9.54 9.64 10.76 13.30 3.66 0.00 0.00 0.00 0.00 0.00 0.00 0.00 0.00 0.00 0.00 11.84 7.75 7.75 11.26 11.38 7.98 8.36 5.97 3.34 12.61 8.19 8.16 7.63 8.24 7.50 8.02 7.50 7.36 7.36 7.36 7.36 7.10 6.12 6.12 6.12 6.46 6.71 6.80 6.40 6.13 6.13 6.13 6.13 6.17 6.17 6.17 6.17 6.40 6.40 6.40 6.40 6.42
7.29 8.10 8.13 7.32 7.32 7.32 7.37 7.37 7.37 7.37 7.38 8.81 8.96 8.81 9.42 8.49 8.29 7.01 7.01 7.01 7.01 7.27 8.61 7.04 7.13 7.28 8.45 8.45 9.35 12.86 0.00 0.00 0.00 0.00 0.00 0.00 0.00 0.00 0.00 0.00 0.00 8.05 11.53 11.26 11.69 0.00 0.00 5.67 5.97 8.94 12.25 8.39 7.63 7.63 7.50 8.02 7.50 8.00 7.36 7.36 7.36 7.36 7.10 6.12 6.12 6.27 6.21 6.75 6.40 6.11 6.13 6.41 6.13 6.13 6.17 6.17 6.17 6.17 6.40 6.40 6.40 6.69 6.71
7.35 7.35 7.85 7.37 7.37 7.37 7.39 7.39 7.39 7.39 7.40 8.23 8.84 8.84 8.34 8.34 8.34 7.04 7.28 8.61 8.44 9.39 9.35 8.75 7.02 7.12 7.00 7.00 11.31 0.00 0.00 0.00 0.00 0.00 0.00 0.00 0.00 0.00 0.00 0.00 0.00 7.84 7.71 0.00 0.00 0.00 0.00 0.00 0.00 2.90 12.36 8.31 8.09 7.56 7.49 7.49 7.49 7.49 7.45 7.45 7.45 7.45 7.23 6.23 6.23 6.23 6.29 6.54 6.15 6.15 6.07 6.07 6.07 6.07 6.10 6.10 6.10 6.10 6.34 6.34 6.34 6.34 6.38
7.35 7.35 7.37 7.37 7.37 7.37 7.39 7.39 7.39 7.87 7.88 7.88 7.61 9.09 8.60 8.96 8.34 7.04 7.04 8.61 9.68 9.68 10.29 10.09 9.90 7.02 11.31 10.51 0.00 0.00 0.00 0.00 0.00 0.00 0.00 0.00 0.00 0.00 0.00 0.00 0.00 0.00 0.00 0.00 0.00 0.00 0.00 0.00 0.00 0.59 12.50 8.70 8.53 8.31 8.22 7.49 7.49 7.49 7.45 7.45 7.45 7.45 7.23 6.23 6.52 6.23 6.15 6.15 6.15 6.15 6.22 6.07 6.07 6.07 6.10 6.10 6.10 6.10 6.34 6.64 6.34 6.34 6.38
7.35 7.35 7.37 7.37 7.37 7.37 7.39 7.39 7.39 7.39 7.40 7.40 7.88 9.10 9.54 8.96 8.81 8.60 8.59 9.01 13.54 13.02 12.34 13.46 0.00 0.00 0.00 0.00 0.00 0.00 0.00 0.00 0.00 0.00 0.00 0.00 0.00 0.00 0.00 0.00 0.00 0.00 0.00 0.00 0.00 0.00 0.00 0.00 0.00 0.00 11.97 8.31 8.26 8.31 8.16 8.16 7.49 7.49 7.45 7.45 7.45 7.45 7.23 6.23 6.23 6.23 6.15 6.15 6.15 6.15 6.07 6.07 6.07 6.07 6.10 6.10 6.10 6.10 6.34 6.84 6.34 6.34 6.38
7.35 7.35 7.37 7.37 7.37 7.37 7.39 7.39 7.39 7.39 7.40 8.46 7.55 7.69 10.12 10.21 13.02 13.02 13.02 0.00 0.00 0.00 0.00 0.00 0.00 0.00 0.00 0.00 0.00 0.00 0.00 0.00 0.00 0.00 0.00 0.00 0.00 0.00 0.00 0.00 0.00 0.00 0.00 0.00 0.00 0.00 0.00 0.00 0.00 8.35 12.78 7.71 7.71 7.57 7.49 7.49 7.49 7.49 7.45 7.45 7.45 7.45 7.23 6.23 6.23 6.23 7.23 7.23 7.23 6.15 6.07 6.07 6.07 6.07 6.10 6.10 6.10 6.10 6.34 7.10 6.63 6.34 6.38
7.37 7.37 7.36 7.36 7.36 7.36 7.37 7.37 7.37 7.37 8.81 8.92 9.36 9.61 10.62 13.69 0.00 0.00 0.00 0.00 0.00 0.00 0.00 0.00 0.00 0.00 0.00 0.00 0.00 0.00 0.00 0.00 0.00 0.00 0.00 0.00 0.00 0.00 0.00 0.00 0.00 0.00 0.00 0.00 0.00 0.00 0.00 0.00 0.00 7.52 8.38 11.35 11.22 11.22 9.08 8.06 7.58 7.58 7.57 7.57 7.57 7.57 7.35 7.48 7.48 7.48 7.37 7.37 7.37 7.37 6.07 6.07 6.07 6.07 6.00 6.00 6.00 6.29 6.29 6.29 6.29 6.29 6.38
7.37 7.37 7.36 7.36 7.84 7.36 7.37 7.37 7.37 8.19 9.25 9.22 3.42 13.38 0.00 0.00 0.00 0.00 0.00 0.00 0.00 0.00 0.00 0.00 0.00 0.00 0.00 0.00 0.00 0.00 0.00 0.00 0.00 0.00 0.00 0.00 0.00 0.00 0.00 0.00 0.00 0.00 0.00 0.00 0.00 0.00 0.00 0.00 0.00 0.00 0.00 0.00 0.00 12.31 9.53 8.35 8.38 7.91 7.70 7.57 7.57 7.57 7.35 7.48 7.48 7.48 7.37 7.37 7.37 7.37 7.13 7.13 6.07 6.07 6.00 6.00 6.00 6.29 6.29 6.29 6.29 6.29 6.38
7.37 7.37 7.84 7.36 7.36 7.51 7.37 7.37 7.37 8.45 8.31 9.72 13.38 0.00 0.00 0.00 0.00 0.00 0.00 0.00 0.00 0.00 0.00 0.00 0.00 0.00 0.00 0.00 0.00 0.00 0.00 0.00 0.00 0.00 0.00 0.00 0.00 0.00 0.00 0.00 0.00 0.00 0.00 0.00 0.00 0.00 0.00 0.00 0.00 0.00 0.00 0.00 0.00 0.00 13.80 3.01 8.00 8.23 8.23 8.46 7.70 7.57 7.35 7.48 7.48 7.48 7.37 7.37 7.37 7.37 7.13 7.13 6.07 6.07 6.00 6.00 6.29 6.00 6.29 6.29 6.29 6.29 6.38
7.37 7.37 7.36 7.83 8.12 8.04 8.15 7.52 7.52 7.52 7.45 9.07 3.80 0.00 0.00 0.00 0.00 0.00 0.00 0.00 0.00 0.00 0.00 0.00 0.00 0.00 0.00 0.00 0.00 0.00 0.00 0.00 0.00 0.00 0.00 0.00 0.00 0.00 0.00 0.00 0.00 0.00 0.00 0.00 0.00 0.00 0.00 0.00 0.00 0.00 0.00 0.00 0.00 0.00 0.00 13.28 8.56 8.70 9.01 8.61 8.46 8.46 7.94 7.48 7.48 7.48 7.37 7.37 7.37 7.37 7.13 7.13 6.07 6.07 6.00 6.00 6.00 6.00 6.29 6.29 6.29 6.29 6.38
7.40 7.40 7.34 7.34 7.34 7.34 7.35 7.43 7.51 7.51 7.35 7.50 10.94 0.00 0.00 0.00 0.00 0.00 0.00 0.00 0.00 0.00 0.00 0.00 0.00 0.00 0.00 0.00 0.00 0.00 0.00 0.00 0.00 0.00 0.00 0.00 0.00 0.00 0.00 0.00 0.00 0.00 0.00 0.00 0.00 0.00 0.00 0.00 0.00 0.00 0.00 0.00 0.00 0.00 0.00 13.13 6.84 13.57 6.38 12.31 9.03 9.61 7.83 7.67 7.53 7.53 7.38 7.38 7.63 7.38 6.01 6.01 6.01 6.01 5.92 5.92 5.92 5.92 6.27 6.27 6.27 6.27 6.64
7.40 7.40 9.02 7.34 7.34 7.34 7.35 7.51 8.95 8.04 7.50 7.35 10.86 0.00 0.00 0.00 0.00 0.00 0.00 0.00 0.00 0.00 0.00 0.00 0.00 0.00 0.00 0.00 0.00 0.00 0.00 0.00 0.00 0.00 0.00 0.00 0.00 0.00 0.00 0.00 0.00 0.00 0.00 0.00 0.00 0.00 0.00 0.00 0.00 0.00 0.00 0.00 0.00 0.00 0.00 0.00 6.23 3.75 8.94 12.01 6.09 6.67 7.97 7.68 7.53 7.53 7.38 7.38 7.38 7.60 7.06 6.30 7.99 6.28 5.92 5.92 5.92 5.92 6.27 6.27 6.27 7.03 6.41
7.40 7.40 7.34 7.34 7.34 7.34 7.35 7.35 7.72 2.86 11.72 3.51 0.00 0.00 0.00 0.00 0.00 0.00 0.00 0.00 0.00 0.00 0.00 0.00 0.00 0.00 0.00 0.00 0.00 0.00 0.00 0.00 0.00 0.00 0.00 0.00 0.00 0.00 0.00 0.00 0.00 0.00 0.00 0.00 0.00 0.00 0.00 0.00 0.00 0.00 0.00 0.00 0.00 0.00 0.00 0.00 12.04 6.52 12.89 7.00 9.17 8.73 9.54 7.53 8.54 8.54 7.38 7.63 7.38 6.27 7.06 7.06 7.06 7.06 5.92 5.92 5.92 5.92 6.27 6.27 6.27 6.56 6.41
7.40 7.40 8.15 7.34 7.42 7.34 7.35 7.35 7.64 12.07 0.00 0.00 0.00 0.00 0.00 0.00 0.00 0.00 0.00 0.00 0.00 0.00 0.00 0.00 0.00 0.00 0.00 0.00 0.00 0.00 0.00 0.00 0.00 0.00 0.00 0.00 0.00 0.00 0.00 0.00 0.00 0.00 0.00 0.00 0.00 0.00 0.00 0.00 0.00 0.00 0.00 0.00 0.00 0.00 0.00 0.00 0.00 12.79 12.94 6.84 8.67 8.73 7.40 6.38 6.38 6.38 7.23 6.27 6.27 6.27 6.01 6.01 6.01 6.16 5.92 5.92 5.92 5.92 6.51 6.55 6.27 6.27 6.41
9.97 9.68 9.23 8.29 8.58 7.51 7.70 11.36 0.00 0.00 0.00 0.00 0.00 0.00 0.00 0.00 0.00 0.00 0.00 0.00 0.00 0.00 0.00 0.00 0.00 0.00 0.00 0.00 0.00 0.00 0.00 0.00 0.00 0.00 0.00 0.00 0.00 0.00 0.00 0.00 0.00 0.00 0.00 0.00 0.00 0.00 0.00 0.00 0.00 0.00 0.00 0.00 0.00 0.00 0.00 0.00 0.00 12.79 3.16 8.42 8.47 8.38 6.62 6.67 6.52 6.28 6.08 6.08 6.08 6.08 6.08 5.95 5.95 5.95 5.95 5.95 5.95 5.95 6.25 6.54 6.25 6.25 6.40
13.63 12.53 9.58 9.58 9.87 9.79 12.89 0.00 0.00 0.00 0.00 0.00 0.00 0.00 0.00 0.00 0.00 0.00 0.00 0.00 0.00 0.00 0.00 0.00 0.00 0.00 0.00 0.00 0.00 0.00 0.00 0.00 0.00 0.00 0.00 0.00 0.00 0.00 0.00 0.00 0.00 0.00 0.00 0.00 0.00 0.00 0.00 0.00 0.00 0.00 0.00 0.00 0.00 0.00 0.00 0.00 0.00 12.75 13.04 6.60 8.62 8.00 7.28 6.52 6.57 6.28 6.08 6.08 6.08 6.08 5.92 6.12 5.95 5.95 5.95 5.95 5.95 5.95 6.25 6.25 6.25 6.25 6.40
8.64 8.64 6.41 8.84 9.49 6.21 0.00 0.00 0.00 0.00 0.00 0.00 0.00 0.00 0.00 0.00 0.00 0.00 0.00 0.00 0.00 0.00 0.00 0.00 0.00 0.00 0.00 0.00 0.00 0.00 0.00 0.00 0.00 0.00 0.00 0.00 0.00 0.00 0.00 0.00 0.00 0.00 0.00 0.00 0.00 0.00 0.00 0.00 0.00 0.00 0.00 0.00 0.00 0.00 0.00 0.00 0.00 8.84 13.52 8.57 8.22 7.76 8.21 6.84 7.26 6.84 6.93 6.65 6.65 6.65 6.52 6.52 6.52 6.52 6.52 6.52 6.52 6.52 6.70 6.70 6.70 6.70 6.85
8.35 9.04 9.28 12.49 13.01 0.00 0.00 0.00 0.00 0.00 0.00 0.00 0.00 0.00 0.00 0.00 0.00 0.00 0.00 0.00 0.00 0.00 0.00 0.00 0.00 0.00 0.00 0.00 0.00 0.00 0.00 0.00 0.00 0.00 0.00 0.00 0.00 0.00 0.00 0.00 0.00 0.00 0.00 0.00 0.00 0.00 0.00 0.00 0.00 0.00 0.00 0.00 0.00 0.00 0.00 0.00 0.00 8.54 12.79 7.91 7.76 7.76 7.39 6.84 6.96 6.84 6.65 6.65 6.65 6.65 6.52 6.52 6.52 6.52 6.52 6.52 6.52 6.52 6.70 6.70 6.70 6.70 6.85
