New_Model_Runs/9_Future_Present_Scn2_out/post_prcessed_with_MFR/Monthly_summaries/net_infiltration_monthly_JAN.asc
NCOLS 700
NROWS 400
XLLCENTER 515000.000000
YLLCENTER 8409000.000000
CELLSIZE 50.000000
NODATA_value -999.000000
[rows 190 to 227 of 400, columns 84 to 167 of 700]
0.00 0.00 0.00 0.00 0.00 0.00 0.00 0.00 0.00 0.00 0.00 0.00 0.00 0.00 0.00 0.00 0.00 0.00 0.00 0.00 0.00 0.00 0.00 0.00 0.00 4.31 4.31 4.31 3.94 3.94 3.94 3.94 3.90 3.90 3.90 3.90 3.87 4.03 4.03 3.87 3.88 3.88 3.88 3.88 4.12 4.12 4.12 4.12 4.13 4.35 4.31 4.13 4.12 4.12 4.12 4.12 4.09 4.09 4.09 4.09 4.06 4.06 4.06 4.06 4.03 4.03 4.03 4.03 4.07 4.07 4.07 4.07 3.69 4.05 4.05 4.21 3.94 3.94 3.94 3.94 4.34 4.34 4.34 4.34
0.00 0.00 0.00 0.00 0.00 0.00 0.00 0.00 0.00 0.00 0.00 0.00 0.00 0.00 0.00 0.00 0.00 0.00 0.00 0.00 0.00 0.00 0.00 0.00 0.00 4.31 4.31 4.25 3.74 3.94 3.94 3.94 3.90 3.90 3.90 4.06 3.87 3.87 3.87 3.87 3.88 3.88 3.88 3.88 4.12 4.12 4.12 4.12 4.13 4.13 4.31 4.13 4.12 4.30 4.12 4.12 4.09 4.26 4.09 4.09 4.06 4.23 4.06 4.06 4.03 4.03 4.03 4.03 4.07 4.07 4.07 4.07 4.05 4.05 4.05 4.05 3.94 3.94 3.94 3.94 4.34 4.34 4.34 4.34
0.00 0.00 0.00 0.00 0.00 0.00 0.00 0.00 0.00 0.00 0.00 0.00 0.00 0.00 0.00 0.00 0.00 0.00 0.00 0.00 0.00 0.00 0.00 0.00 0.00 0.00 5.10 4.21 3.83 3.76 3.80 3.97 3.92 3.92 3.54 3.92 4.02 3.86 3.86 3.86 3.85 3.85 3.85 4.01 4.10 4.10 4.10 4.10 4.54 4.13 4.13 4.13 4.10 4.10 4.10 4.10 4.06 4.06 4.24 4.06 4.03 4.03 4.03 4.03 4.03 4.03 4.03 4.03 4.06 4.06 4.06 4.26 4.06 4.06 4.06 4.06 4.06 4.06 4.06 4.06 4.16 4.41 4.41 3.87
0.00 0.00 0.00 0.00 0.00 0.00 0.00 0.00 0.00 0.00 0.00 0.00 0.00 0.00 0.00 0.00 0.00 0.00 0.00 0.00 0.00 0.00 0.00 0.00 0.00 0.00 1.28 4.64 3.76 3.76 4.14 3.97 3.92 3.92 3.92 3.92 3.86 3.86 3.86 3.86 3.85 3.85 3.85 3.85 4.10 4.10 4.10 4.10 4.13 4.70 4.13 4.13 4.10 4.10 4.10 4.10 4.06 4.06 4.06 4.06 4.03 4.03 4.03 4.03 4.03 4.03 4.03 4.03 4.06 4.06 4.06 3.70 4.06 4.63 4.06 4.06 4.06 4.06 4.06 4.06 4.16 4.16 4.16 4.41
0.00 0.00 0.00 0.00 0.00 0.00 0.00 0.00 0.00 0.00 0.00 0.00 0.00 0.00 0.00 0.00 0.00 0.00 0.00 0.00 0.00 0.00 0.00 0.00 0.00 0.00 3.16 5.00 4.66 4.66 4.66 4.91 4.78 4.87 4.87 4.87 4.81 4.81 4.81 4.72 4.80 4.80 4.80 4.80 4.90 4.90 4.90 4.90 4.93 4.93 4.93 4.93 4.90 4.90 4.90 4.90 4.95 4.95 4.95 5.22 4.95 4.95 4.95 6.04 4.95 4.95 4.95 4.95 5.39 5.53 4.98 4.98 4.98 4.98 4.98 4.98 4.88 4.88 4.88 4.88 4.90 4.90 4.90 4.90
0.00 0.00 0.00 0.00 0.00 0.00 0.00 0.00 0.00 0.00 0.00 0.00 0.00 0.00 0.00 0.00 0.00 0.00 0.00 0.00 0.00 0.00 0.00 0.00 0.00 6.48 5.78 5.00 4.66 4.66 4.66 4.66 4.87 4.87 4.87 4.87 4.81 4.81 4.81 4.81 4.80 4.71 4.80 4.80 4.90 4.90 4.90 4.90 4.93 4.93 4.93 4.93 4.90 4.90 4.90 4.90 4.95 4.95 4.97 4.95 4.95 4.95 4.95 4.95 4.95 4.95 4.95 4.95 4.98 4.98 4.98 4.98 4.98 4.98 4.98 4.98 4.88 4.88 4.88 4.88 4.90 4.90 4.90 4.90
0.00 0.00 0.00 0.00 0.00 0.00 0.00 0.00 0.00 0.00 0.00 0.00 0.00 0.00 0.00 0.00 0.00 0.00 0.00 0.00 0.00 4.62 4.68 5.01 5.22 2.94 9.17 8.45 4.68 4.68 4.68 4.68 4.89 4.89 4.98 4.79 4.83 4.83 4.83 4.83 4.80 4.80 4.80 4.80 4.96 4.96 4.96 4.96 4.89 4.89 4.89 4.89 4.93 4.93 4.93 4.93 5.18 4.90 4.80 5.34 4.96 4.96 4.96 4.96 4.97 4.97 4.97 4.97 4.99 4.99 4.99 4.99 5.10 5.10 5.10 5.10 4.91 4.91 4.91 4.91 4.92 4.92 4.92 5.70
0.00 0.00 0.00 0.00 0.00 0.00 0.00 0.00 0.00 0.00 0.00 0.00 0.00 0.00 0.00 0.00 0.00 0.00 0.00 0.00 4.62 8.15 7.98 5.01 5.26 5.42 3.69 8.53 4.68 4.68 4.68 4.68 4.89 4.89 4.89 4.79 4.83 4.98 4.83 4.83 4.80 4.80 4.80 4.80 4.96 5.23 4.96 4.96 4.89 4.89 4.89 4.89 4.93 4.93 4.93 4.93 4.90 4.90 4.90 4.90 4.96 4.96 4.96 4.96 4.97 4.97 4.97 4.97 4.99 4.99 4.99 4.99 5.10 5.10 5.10 5.10 4.91 4.91 4.91 4.91 4.92 5.33 4.92 4.92
0.00 0.00 0.00 0.00 0.00 0.00 0.00 0.00 0.00 0.00 0.00 0.00 0.00 0.00 0.00 0.00 0.00 0.00 0.00 4.61 4.62 8.25 8.25 4.66 4.69 5.16 5.15 5.07 8.94 4.68 4.68 4.68 4.89 4.89 4.89 4.89 4.83 4.83 4.83 4.83 4.80 4.80 4.80 4.80 4.96 4.96 4.96 4.96 5.29 4.89 4.89 4.89 4.93 4.93 4.93 4.93 5.18 4.90 4.90 4.90 4.96 4.96 4.96 4.96 5.73 4.97 4.97 4.97 4.99 4.99 4.99 4.99 5.10 5.10 5.10 5.10 4.91 4.91 4.91 4.85 4.92 4.92 4.92 4.92
0.00 0.00 1.91 0.00 0.00 0.00 0.00 0.00 0.00 0.00 0.00 0.00 0.00 0.00 1.90 0.00 0.00 1.50 4.61 4.61 7.98 4.62 4.62 8.63 8.14 8.70 8.70 8.82 8.86 5.23 5.23 5.23 5.32 4.89 4.89 4.89 4.83 4.83 4.83 4.83 4.80 4.80 4.80 4.80 4.96 4.96 4.96 5.23 4.89 4.89 4.89 4.89 4.93 4.93 4.93 4.93 5.17 4.90 4.90 4.90 4.96 4.96 4.96 5.36 4.97 4.97 4.97 5.37 5.40 4.99 4.99 4.99 5.10 5.10 5.10 5.10 4.91 4.91 4.85 4.91 4.92 4.92 4.92 4.92
0.00 4.46 4.46 4.46 0.00 0.00 0.00 0.00 0.00 0.00 0.00 0.00 0.00 0.00 1.90 4.67 4.62 4.69 4.69 4.49 8.20 4.30 4.58 4.96 5.09 5.02 5.02 5.15 5.35 5.23 5.35 5.23 5.32 5.05 4.80 4.89 4.87 4.87 4.87 4.87 4.85 4.85 4.85 4.85 4.93 4.93 4.93 4.93 5.48 4.90 4.90 5.30 4.89 4.89 4.89 5.47 4.91 4.91 4.91 4.91 4.99 4.99 4.99 5.76 4.99 4.99 4.99 6.29 5.48 5.06 5.06 5.06 5.21 5.21 5.21 5.21 4.93 4.87 5.45 4.93 4.88 5.29 5.29 4.88
0.00 0.00 4.46 4.46 4.52 0.00 0.00 0.00 0.00 0.00 0.00 0.00 0.00 0.00 4.67 7.72 8.25 8.25 8.25 8.25 7.72 4.61 4.61 4.96 5.02 5.02 5.02 5.02 5.35 5.35 4.92 4.92 4.80 4.89 4.89 4.89 4.87 4.87 4.96 4.78 4.85 4.85 4.85 4.85 4.93 4.93 4.93 4.93 4.90 4.90 4.90 4.89 5.52 4.88 4.89 4.89 4.91 4.91 4.91 4.91 5.40 5.40 4.99 4.99 4.99 5.40 5.40 5.41 5.06 5.06 5.06 5.06 5.21 5.21 5.21 5.21 4.93 5.34 4.93 4.93 4.88 4.88 4.88 4.88
0.00 0.00 4.46 4.46 4.52 4.52 0.00 0.00 0.00 0.00 0.00 0.00 0.00 4.67 4.67 8.30 4.62 4.04 8.25 8.56 4.61 4.61 4.61 4.70 4.76 4.84 4.76 5.02 5.35 5.35 4.92 4.92 4.89 4.89 4.89 4.89 4.87 4.87 4.87 4.87 4.85 4.76 4.85 4.85 4.93 4.93 4.93 5.57 5.53 5.53 5.53 5.64 5.52 5.52 4.89 4.89 4.91 4.91 4.91 4.91 5.34 4.99 4.99 4.99 5.40 4.99 4.99 4.96 5.06 5.06 5.06 5.06 5.21 5.21 5.21 5.21 4.87 4.93 4.93 4.93 4.88 4.88 4.88 4.88
4.46 4.52 4.52 4.46 4.52 4.58 0.00 0.00 0.00 0.00 0.00 0.00 0.00 0.00 4.67 8.36 4.62 4.04 4.62 4.69 4.74 4.61 4.61 4.61 4.76 4.66 4.66 4.66 5.12 5.12 4.92 4.92 4.89 4.89 4.89 4.89 4.87 4.87 4.87 4.78 4.85 4.85 4.85 4.85 4.93 4.93 4.93 4.93 5.53 5.53 5.53 5.53 5.52 5.52 4.89 4.89 4.91 4.91 4.91 4.91 4.99 4.99 4.99 4.99 4.99 4.99 4.99 4.99 5.06 5.06 5.06 5.06 5.21 5.21 5.21 5.21 4.93 4.93 4.93 4.93 4.88 4.88 4.88 5.29
4.43 4.43 4.43 4.43 4.50 4.50 4.50 0.00 0.00 0.00 0.00 0.00 0.00 0.00 4.70 4.70 8.27 4.64 4.64 4.64 4.59 4.65 4.59 4.59 4.65 4.59 4.59 4.59 4.90 4.90 4.90 4.90 4.91 4.91 4.84 4.84 4.86 4.86 4.86 4.86 4.85 4.85 4.76 4.85 4.91 4.91 4.91 4.91 4.88 5.50 5.50 5.61 5.53 5.53 4.89 4.90 5.52 4.94 4.94 4.94 5.01 5.01 5.01 5.01 6.12 5.43 5.01 5.01 5.12 5.12 5.12 5.12 5.24 5.24 5.24 5.68 4.93 4.93 4.93 4.93 4.85 4.85 4.85 4.85
4.43 4.43 4.43 4.43 4.50 4.50 4.50 4.50 0.00 0.00 0.00 0.00 0.00 0.00 4.80 4.70 8.27 8.27 4.64 4.64 4.59 4.59 4.59 4.59 4.59 4.59 4.59 4.59 4.90 4.90 4.90 4.90 4.91 4.91 4.91 4.91 4.93 4.86 4.86 4.86 4.85 4.85 4.85 4.85 5.18 4.91 4.91 4.91 4.88 5.50 5.50 5.50 5.53 5.53 5.53 4.90 4.94 4.94 4.94 4.94 5.01 5.01 5.01 5.01 5.01 5.01 5.01 5.01 5.12 5.12 5.12 5.12 5.24 5.24 5.68 5.25 4.93 5.34 4.93 5.47 5.25 4.85 4.85 4.85
4.43 4.43 4.43 4.43 4.50 4.50 4.50 4.50 2.98 0.00 0.00 0.00 0.00 0.00 4.80 4.80 4.71 8.27 4.64 4.70 4.59 4.59 4.59 4.59 4.59 4.59 4.59 4.65 4.90 4.90 4.98 4.90 4.91 4.91 4.91 4.91 4.93 4.93 4.93 4.93 4.92 4.85 4.85 4.85 4.91 4.91 4.91 4.91 5.50 5.50 5.50 5.50 5.53 5.53 5.53 5.53 4.94 4.94 4.94 5.52 5.01 5.01 5.24 5.78 5.01 5.01 5.01 5.01 5.12 5.12 5.12 5.12 5.68 5.24 5.24 5.24 5.47 4.93 4.93 4.93 4.85 4.85 4.85 4.85
4.43 4.43 4.43 4.43 4.50 4.50 4.50 4.50 4.27 4.08 5.51 3.58 2.39 1.83 4.89 4.80 4.74 8.59 8.27 4.64 4.59 4.59 4.59 4.59 4.59 4.59 4.59 4.59 4.90 4.90 4.90 4.90 4.91 4.91 4.91 4.91 4.93 5.00 4.93 4.93 4.92 4.92 4.92 4.92 4.91 4.91 4.91 5.55 5.50 5.50 5.50 5.50 5.53 5.53 5.53 5.53 4.94 4.94 4.94 4.94 5.01 5.01 5.56 5.01 5.01 5.01 5.01 5.01 5.12 5.12 5.12 5.93 5.24 5.25 5.25 5.25 5.33 4.93 5.34 5.33 5.36 5.25 4.85 4.78
4.42 4.42 4.42 4.42 4.47 8.10 4.47 4.47 4.03 4.03 4.15 4.94 2.51 2.94 5.17 4.89 4.21 4.10 8.31 4.68 4.63 4.63 4.63 4.63 4.59 4.59 4.59 4.59 4.89 4.89 4.89 4.89 4.90 4.90 4.90 4.90 4.90 4.90 4.97 4.90 4.87 4.87 4.87 4.87 5.29 5.46 5.46 5.46 5.56 5.56 5.56 5.56 5.59 5.59 5.59 5.59 5.60 5.60 4.96 4.96 5.01 5.42 5.14 4.99 5.05 5.05 5.05 5.05 5.15 5.15 5.58 5.15 5.24 5.24 5.26 5.26 5.47 4.93 4.93 4.93 4.92 4.92 4.92 4.92
4.42 4.42 4.42 4.42 8.10 8.10 8.31 4.47 4.03 3.01 4.03 4.70 3.43 3.18 5.17 4.80 4.21 4.21 8.31 8.31 4.63 4.63 4.63 4.63 4.59 4.59 4.59 4.59 4.89 4.89 4.89 4.89 4.90 4.90 4.90 4.90 5.14 4.90 4.90 4.90 4.87 4.87 4.87 5.10 5.87 5.51 5.46 5.46 5.33 5.33 5.33 4.93 5.59 5.59 5.59 5.59 5.60 5.88 5.88 4.96 5.01 5.73 6.07 5.01 5.05 5.05 5.05 5.05 5.15 5.15 5.84 5.15 5.24 5.24 5.24 5.24 4.93 4.93 4.93 4.93 4.92 4.92 5.55 4.92
5.84 5.84 5.89 9.52 9.53 5.91 5.91 9.53 5.61 4.07 5.83 6.07 6.39 6.39 7.03 6.66 6.62 6.62 6.62 9.66 6.30 6.30 6.30 6.30 6.26 6.26 6.26 6.26 6.27 6.27 6.27 6.27 6.28 6.28 6.28 6.28 6.28 6.28 6.28 6.28 6.38 6.24 6.24 6.24 6.56 6.95 6.95 6.56 6.60 6.60 6.60 6.60 6.63 6.63 6.63 6.90 6.90 6.90 6.90 5.87 6.11 7.10 7.10 5.95 5.99 5.99 5.99 5.99 6.99 6.10 6.10 6.10 6.19 6.19 6.19 6.19 6.31 6.43 6.31 5.99 5.98 5.98 5.98 5.98
9.47 9.47 9.47 5.84 5.91 5.91 5.91 9.53 6.07 6.07 6.07 6.07 6.39 6.39 6.39 6.66 6.72 6.04 6.62 6.28 10.18 6.55 6.30 6.30 6.26 6.26 6.26 6.26 6.27 6.27 6.27 6.27 6.28 6.28 6.28 6.28 6.28 6.28 6.28 6.28 6.24 6.24 6.24 6.24 6.56 6.56 6.56 6.56 6.60 6.60 6.60 6.60 6.63 7.03 6.63 7.52 7.04 7.04 7.04 6.90 7.10 7.10 7.10 5.95 5.99 5.99 5.99 5.99 6.10 6.47 6.10 6.10 6.19 6.19 6.19 6.19 5.99 5.99 5.99 5.99 5.98 5.98 6.48 5.98
9.53 9.07 5.91 5.91 5.87 5.87 5.87 9.50 9.12 9.58 7.70 9.58 9.58 6.49 5.95 6.35 6.75 6.17 6.07 6.66 10.27 6.64 6.64 6.64 6.35 6.35 6.35 6.35 6.32 6.32 6.32 6.32 6.32 6.32 6.32 6.32 6.27 6.27 6.27 6.27 6.28 6.28 6.28 6.28 6.61 6.61 6.61 6.61 6.66 6.66 6.91 6.66 6.91 6.66 6.66 7.11 7.06 7.06 7.06 7.06 7.27 7.27 5.96 5.96 6.00 6.00 6.00 6.00 6.45 6.08 6.08 6.08 6.16 6.16 6.16 6.16 5.95 5.95 5.95 5.95 5.95 5.95 5.95 5.95
9.53 9.53 5.91 5.91 5.87 5.87 5.87 5.87 6.12 5.95 5.95 5.95 9.97 9.97 6.38 6.04 6.08 6.75 6.88 7.11 10.27 6.64 6.64 6.64 6.35 6.35 6.35 6.35 6.32 6.32 6.32 6.32 6.32 6.32 6.32 6.32 6.27 6.27 6.27 6.27 6.28 6.28 6.28 6.28 6.61 6.61 6.61 6.61 6.66 6.66 6.66 6.66 6.66 6.66 6.66 7.11 6.62 6.62 6.62 6.62 7.27 7.27 6.81 6.81 6.86 6.86 6.18 6.00 6.08 6.08 6.08 6.08 6.16 6.16 6.52 6.43 5.95 5.95 6.62 6.62 5.95 5.95 5.95 6.43
5.91 5.91 5.91 6.18 5.87 5.87 5.87 5.87 6.12 5.95 5.95 5.95 6.35 9.97 6.35 5.95 6.25 10.02 10.02 10.02 6.53 7.02 6.64 6.87 6.35 6.35 6.35 6.35 6.32 6.32 6.32 6.32 6.32 6.32 6.32 6.32 6.27 6.27 6.27 6.27 6.28 6.28 6.28 6.28 6.61 6.61 6.61 6.61 6.66 6.66 6.66 6.66 6.91 6.66 6.66 6.66 6.62 6.62 6.62 6.62 7.27 7.27 7.27 6.81 6.86 7.12 6.86 6.86 6.96 6.08 6.08 6.08 6.16 6.16 6.16 6.16 5.95 5.95 5.95 5.95 5.95 5.95 5.95 6.43
5.91 5.91 5.91 5.91 6.07 6.04 5.87 5.87 5.95 5.95 5.95 5.95 6.35 9.97 9.58 9.97 10.02 6.00 6.39 6.39 6.69 6.53 5.98 6.38 6.35 6.43 6.35 6.35 6.32 6.32 6.32 6.32 6.32 6.32 6.32 6.32 6.27 6.27 6.27 6.27 6.28 6.28 6.28 6.28 6.61 6.61 6.61 6.61 6.66 6.66 6.66 6.66 6.91 6.74 6.91 6.66 6.62 6.62 6.86 6.65 7.27 7.27 7.27 6.81 6.86 6.86 6.86 7.11 6.96 6.96 6.96 6.96 7.07 6.16 6.16 6.16 5.95 5.95 5.95 5.95 6.44 5.95 5.95 5.95
9.63 6.00 6.00 6.00 5.93 6.10 5.93 5.93 5.89 5.89 5.89 5.89 6.28 6.28 9.91 10.04 6.37 6.37 6.37 5.97 6.36 6.36 6.36 5.96 6.34 6.34 6.34 6.34 6.36 6.36 6.36 6.36 6.39 6.39 6.39 6.39 6.34 6.34 6.34 6.34 6.30 6.30 6.30 6.30 6.70 6.70 6.70 6.70 6.74 6.74 6.74 6.74 6.71 6.71 6.71 6.71 6.63 6.63 6.63 6.63 7.26 7.26 7.26 7.31 6.86 6.82 6.82 6.82 7.14 6.89 6.89 6.89 6.93 6.93 6.93 7.19 5.93 5.93 5.93 5.93 5.90 5.90 6.10 5.90
9.63 6.00 6.00 6.00 5.93 5.93 5.93 5.93 5.89 5.89 6.05 5.89 6.28 6.28 6.42 6.28 6.37 6.37 6.37 5.97 6.36 5.96 6.36 5.96 6.34 6.48 6.34 6.34 6.36 6.36 6.36 6.36 6.39 6.39 6.39 6.39 6.34 6.34 6.34 6.34 6.30 6.30 6.30 6.30 6.70 6.70 6.70 6.70 6.74 6.74 6.74 6.74 6.71 6.71 6.71 6.71 6.63 6.63 6.63 6.63 7.26 7.26 7.26 7.26 6.74 6.82 6.82 6.82 7.14 6.89 7.14 6.89 7.19 6.93 6.93 6.93 6.69 6.69 6.69 6.69 5.90 5.90 5.90 5.90
9.87 6.00 6.00 6.00 5.93 5.93 5.93 5.93 5.89 5.89 5.89 5.89 6.44 6.28 6.28 6.42 6.37 6.37 6.37 6.37 6.36 6.44 6.36 6.36 6.34 6.34 6.34 6.34 6.36 6.36 6.36 6.36 6.59 6.86 6.77 6.59 6.34 6.53 6.34 6.34 6.49 6.30 6.30 6.30 6.70 6.70 6.70 6.70 6.74 6.74 6.74 6.74 6.71 6.71 6.71 6.96 6.63 6.63 6.63 7.13 7.26 7.26 7.26 7.26 7.28 7.28 7.28 6.82 6.89 6.89 6.89 6.89 6.93 6.93 6.93 6.93 6.69 6.69 6.69 6.69 6.66 6.66 6.81 6.10
6.00 6.00 6.18 6.00 5.93 5.93 5.93 5.93 5.89 5.89 5.89 5.89 6.28 6.28 6.28 6.28 6.37 6.37 6.37 6.44 6.36 6.36 6.46 6.36 6.34 6.34 6.48 6.34 6.36 6.36 6.36 6.36 6.39 6.58 6.39 6.39 6.34 6.34 6.34 6.34 6.30 6.30 6.30 6.30 6.70 6.70 6.70 6.70 7.28 6.74 6.99 6.98 6.71 7.52 6.95 6.71 6.63 6.63 6.63 7.08 7.26 7.26 7.26 7.26 7.33 7.28 7.28 7.28 7.36 6.89 6.89 6.89 6.93 6.93 6.93 6.93 6.69 6.69 6.69 6.69 6.66 6.66 6.66 6.80
5.69 6.02 6.20 6.27 6.00 6.00 6.00 6.00 5.94 5.94 5.94 5.94 6.21 6.21 6.21 6.50 5.88 6.28 6.28 6.28 6.27 6.27 6.27 6.41 6.29 6.29 6.29 6.29 6.47 6.34 6.54 6.34 6.35 6.55 6.35 6.35 6.36 6.56 6.36 6.36 6.36 6.36 6.36 6.36 6.73 6.73 7.26 6.73 6.72 6.72 6.72 6.72 6.66 6.90 6.66 6.66 6.64 6.64 7.05 7.05 7.26 7.26 7.26 7.26 7.29 7.29 7.29 7.29 7.29 7.29 7.29 7.29 7.27 7.32 7.27 7.32 7.00 7.00 6.58 6.61 6.78 6.63 6.63 6.78
5.03 5.69 6.14 6.02 6.00 6.00 6.00 6.17 5.94 6.11 5.94 6.12 6.21 6.21 6.21 6.39 6.28 5.88 6.28 6.28 6.27 6.27 6.27 6.27 6.29 6.29 6.29 6.29 6.34 6.34 6.34 6.34 6.35 6.35 6.35 6.35 6.36 6.36 6.56 6.36 6.36 6.36 6.36 6.36 6.73 6.98 6.73 6.73 6.72 6.72 6.72 6.72 6.66 6.66 6.66 6.66 6.64 6.64 7.05 7.05 7.26 7.26 7.26 7.26 7.29 7.29 7.29 7.29 7.29 7.29 7.29 7.29 7.27 7.27 7.27 7.27 7.04 7.00 7.00 6.76 6.63 6.63 6.63 6.63
6.42 6.28 6.28 6.02 6.25 6.00 6.00 6.00 5.94 5.94 5.94 5.94 6.21 6.21 6.21 6.21 6.28 5.88 6.28 6.28 6.27 6.40 6.27 6.27 6.29 6.29 6.29 6.29 6.34 6.34 6.34 6.34 6.35 6.35 6.35 6.35 6.36 6.36 6.36 6.36 6.36 5.98 6.36 6.36 6.73 6.73 6.73 6.73 6.72 6.72 6.72 6.96 6.66 6.66 6.66 6.66 6.64 7.07 7.07 7.05 7.26 7.26 7.26 7.26 7.29 7.29 7.29 7.29 7.29 7.29 7.29 6.74 7.27 7.27 6.72 7.27 7.00 7.00 6.61 6.61 6.63 6.63 6.78 6.63
6.02 6.02 6.02 6.02 6.00 6.00 6.00 6.00 5.94 5.94 6.11 5.94 6.21 6.21 6.21 6.21 6.28 6.28 6.28 6.45 6.27 6.27 6.27 6.27 6.29 6.29 6.29 6.29 6.47 6.34 6.53 6.34 6.35 6.35 6.35 6.35 6.36 6.36 6.56 6.56 6.36 6.36 6.36 6.36 6.73 6.73 6.73 6.73 6.72 6.72 6.72 6.96 6.66 6.66 6.66 7.11 7.07 7.05 7.05 7.05 7.26 7.26 7.26 7.26 7.29 7.29 7.29 7.29 7.29 7.29 7.29 7.04 7.27 7.27 7.27 7.27 7.00 7.00 6.61 6.61 6.78 6.63 6.63 6.63
6.00 6.00 6.00 6.00 6.02 6.02 6.20 6.20 6.00 6.00 6.00 6.00 6.22 6.22 6.22 6.22 6.18 6.18 6.18 6.36 5.98 6.17 6.35 6.17 6.25 6.25 6.25 6.25 6.29 6.29 6.29 6.29 6.47 6.28 6.28 6.28 6.32 6.32 6.51 6.32 6.34 6.34 6.34 6.34 6.68 6.68 6.68 6.92 6.89 6.65 6.89 6.85 6.64 6.64 7.04 7.04 7.01 7.01 7.01 7.01 7.28 7.28 7.28 6.82 7.29 7.29 7.29 7.29 7.26 7.26 6.71 7.26 7.25 7.25 7.25 7.25 6.99 6.99 6.99 6.99 6.99 6.99 6.99 7.04
6.00 6.00 6.45 6.00 6.02 6.02 6.02 6.31 6.17 6.17 6.00 6.18 6.40 6.22 6.22 6.22 6.18 6.18 6.18 6.18 6.17 6.46 6.17 6.17 6.25 6.25 6.25 6.25 6.29 6.29 6.29 6.61 6.28 6.28 6.28 6.28 6.32 6.32 6.32 6.64 6.67 6.34 6.34 6.34 6.68 6.68 6.68 7.06 6.65 6.65 6.65 6.65 6.64 6.79 6.64 6.64 6.61 6.61 6.61 7.01 6.82 6.82 6.82 6.82 7.29 7.29 7.34 7.29 7.26 7.26 7.26 7.26 7.25 7.25 7.25 7.25 6.99 6.99 6.99 6.99 6.99 6.99 7.06 7.05
7.15 7.15 7.15 7.15 7.17 7.17 7.17 7.17 7.15 7.15 7.15 7.15 7.26 7.26 7.26 7.26 7.22 7.22 7.22 7.22 7.21 7.21 7.21 7.21 7.23 7.23 7.23 7.23 7.71 7.31 7.31 7.31 7.30 7.30 7.30 7.30 7.34 7.34 7.34 7.34 7.36 7.36 7.36 7.79 7.45 7.45 7.45 7.45 7.41 7.41 7.41 7.41 7.35 7.35 7.35 7.35 7.32 7.57 7.32 7.32 7.49 7.49 7.49 8.18 8.12 8.12 8.12 8.12 8.08 7.56 8.08 8.08 8.07 8.07 8.07 8.07 7.95 7.95 7.75 7.95 7.95 7.95 8.02 7.95
7.15 7.15 7.15 7.15 7.17 7.17 7.17 7.17 7.15 7.15 7.15 7.15 7.26 7.26 7.26 7.26 7.22 7.22 7.22 7.22 7.21 7.21 7.21 7.21 7.23 7.23 7.23 7.23 7.31 7.31 7.31 7.31 7.30 7.30 7.30 7.30 7.34 7.34 7.34 7.34 7.36 7.36 7.36 7.36 7.45 7.45 7.45 7.45 7.41 7.41 7.41 7.41 7.35 7.35 7.35 8.14 7.32 7.32 7.32 7.32 7.49 7.49 8.18 8.10 8.12 8.12 8.12 8.12 8.08 8.08 8.08 8.08 7.46 7.46 7.46 8.07 7.95 7.95 7.95 7.95 7.95 7.95 7.95 7.95
