New_Model_Runs/9_Future_Present_Scn2_out/post_prcessed_with_MFR/Monthly_summaries/net_infiltration_monthly_JUL.asc
NCOLS 700
NROWS 400
XLLCENTER 515000.000000
YLLCENTER 8409000.000000
CELLSIZE 50.000000
NODATA_value -999.000000
[rows 228 to 265 of 400, columns 252 to 335 of 700]
5.06 5.06 5.06 5.06 4.95 5.91 4.95 4.95 7.25 13.38 13.42 14.05 16.40 15.74 16.01 15.52 15.48 15.48 15.64 16.12 15.42 12.43 8.80 7.98 7.80 8.43 8.43 7.91 8.08 7.61 7.70 6.96 6.96 6.96 6.96 6.96 7.65 7.65 7.65 8.58 7.55 7.28 11.32 8.44 8.52 7.79 6.69 7.63 7.75 8.94 8.23 7.40 7.84 10.71 5.60 5.52 1.93 1.93 6.30 6.30 7.08 5.98 5.98 10.53 9.99 4.81 1.33 0.00 2.73 0.00 0.00 0.00 0.00 0.00 0.00 0.00 0.00 0.00 0.00 0.00 0.00 0.00 0.00 0.00
5.06 5.06 5.06 5.06 4.95 4.95 5.37 5.25 7.07 8.24 13.38 16.26 16.31 16.31 16.01 15.52 15.48 15.48 15.79 15.83 13.01 7.98 7.98 7.98 7.80 7.80 8.43 8.43 8.08 7.61 7.61 7.61 7.71 7.71 7.71 7.71 7.65 7.65 7.65 8.70 8.46 8.52 11.08 11.01 7.66 8.57 7.95 7.79 7.62 8.81 2.70 7.28 5.75 5.55 10.24 6.46 1.89 6.61 2.37 6.88 6.30 6.30 7.04 7.01 1.33 0.00 0.00 0.00 0.00 0.00 0.00 0.00 0.00 0.00 0.00 0.00 0.00 0.00 0.00 0.00 0.00 0.00 0.00 0.00
5.06 5.06 5.06 5.06 4.95 4.95 4.95 4.95 5.01 7.07 13.38 16.11 16.10 16.10 15.52 15.52 15.58 15.97 17.38 17.68 11.73 8.12 7.98 7.98 7.80 7.80 7.80 8.26 7.61 7.61 7.61 7.61 7.71 7.71 7.71 7.71 7.65 7.65 7.65 8.85 8.31 8.00 2.39 5.81 10.90 7.43 8.52 8.37 7.62 6.75 6.27 11.06 6.13 5.82 2.23 7.23 5.98 7.23 7.51 6.88 6.36 6.36 4.19 1.63 1.63 0.00 0.00 0.00 0.00 0.00 0.00 0.00 0.00 0.00 0.00 0.00 0.00 0.00 0.00 0.00 0.00 0.00 0.00 0.00
5.06 5.06 5.06 5.06 4.95 4.95 4.95 4.95 5.01 5.01 10.70 16.09 15.90 15.52 15.52 16.16 16.08 13.90 16.08 19.71 7.98 7.98 7.98 7.98 7.80 7.80 7.80 7.80 7.61 7.61 7.61 7.61 7.71 7.71 7.71 8.33 7.97 7.65 7.65 8.39 7.40 7.43 7.43 2.19 10.90 10.90 2.18 5.82 12.53 5.85 7.97 8.12 7.53 6.31 9.93 6.88 6.88 6.31 6.31 5.98 6.36 6.36 4.93 0.00 0.00 0.00 0.00 0.00 0.00 0.00 0.00 2.73 0.00 0.00 0.00 0.00 0.00 0.00 0.00 0.00 0.00 0.00 0.00 0.00
5.08 5.08 5.08 5.08 4.94 4.94 4.94 4.94 4.99 5.41 10.69 16.09 16.09 15.57 15.57 16.09 16.35 15.79 16.16 12.90 8.53 7.86 8.36 7.86 7.69 7.69 7.69 7.69 7.65 7.65 7.65 7.65 7.79 7.79 7.79 8.42 8.44 8.44 8.34 8.27 8.13 7.28 7.28 2.49 5.97 5.82 5.82 5.81 7.43 2.33 7.97 6.69 6.31 1.93 9.93 6.31 6.31 6.31 6.51 7.04 5.98 4.73 5.47 5.42 0.00 0.00 0.00 0.00 0.00 0.00 0.00 2.73 0.00 0.00 0.00 0.00 0.00 0.00 0.00 0.00 0.00 0.00 0.00 0.00
5.08 5.08 5.08 5.08 4.94 4.94 4.94 4.94 4.99 4.99 10.69 15.58 15.62 15.48 15.57 15.94 15.46 16.16 15.30 12.40 7.86 8.36 7.86 7.86 7.69 7.69 7.69 7.69 7.65 7.75 7.65 7.65 7.79 7.79 7.79 7.79 7.81 8.34 8.34 8.13 14.05 7.34 7.34 5.97 12.25 2.19 7.28 7.28 7.73 2.54 8.13 7.43 1.89 1.89 5.52 5.52 7.04 6.46 6.46 7.04 5.90 5.87 5.98 5.42 0.00 1.48 0.00 0.00 0.00 0.00 2.73 2.73 2.73 0.00 0.00 0.00 0.00 0.00 0.00 0.00 0.00 0.00 0.00 0.00
5.08 5.08 5.08 5.08 4.94 5.89 4.94 4.94 4.99 4.99 10.40 11.91 15.63 15.48 15.63 15.61 15.46 15.82 18.93 8.81 8.14 7.86 7.86 7.86 7.69 7.69 7.69 7.69 7.65 8.26 7.65 7.65 7.79 7.79 7.79 8.27 7.67 8.27 8.34 14.74 14.05 12.59 5.82 2.18 7.28 7.28 7.28 7.97 8.13 6.69 6.69 6.69 7.08 6.31 2.08 5.67 7.04 6.31 7.08 5.80 6.54 5.08 6.09 4.29 1.48 1.33 1.33 0.00 0.00 0.00 0.00 0.00 0.00 0.00 0.00 0.00 0.00 0.00 0.00 0.00 0.00 0.00 0.00 0.00
5.08 5.08 5.08 5.08 4.94 4.94 4.94 4.94 4.99 6.77 15.66 11.91 15.48 15.63 15.88 15.98 16.35 15.82 19.72 8.65 8.01 8.01 9.62 8.35 7.69 7.69 7.69 7.69 7.65 7.65 7.65 7.65 7.79 7.79 7.79 7.79 8.27 8.27 14.44 14.44 12.58 17.67 14.74 14.74 14.74 7.97 8.01 8.13 7.93 7.97 7.82 7.82 7.23 6.46 6.31 6.31 5.67 7.23 5.75 1.88 5.82 5.61 4.44 1.33 1.33 1.33 1.33 0.00 0.00 0.00 0.00 0.00 0.00 0.00 0.00 0.00 0.00 0.00 0.00 0.00 0.00 0.00 0.00 0.00
5.13 5.13 5.13 5.13 5.90 5.90 4.95 4.95 4.97 7.04 15.65 11.74 11.72 15.70 9.55 9.55 15.74 15.90 19.05 19.37 15.26 9.18 14.07 14.90 7.90 7.75 7.90 7.75 7.74 8.21 7.74 7.74 7.77 7.77 7.77 7.77 8.35 14.39 14.39 18.16 18.14 17.85 15.05 14.90 14.90 14.92 7.82 7.97 7.80 6.69 7.82 6.69 7.19 6.61 6.46 6.36 10.20 5.90 5.96 0.00 0.00 0.00 1.33 4.25 0.00 1.33 1.33 0.00 0.00 0.00 0.00 0.00 0.00 0.00 0.00 0.00 0.00 0.00 0.00 0.00 0.00 0.00 0.00 0.00
5.13 5.13 5.13 5.13 4.95 4.95 4.95 4.95 4.97 12.02 15.65 15.37 15.35 15.42 9.55 9.33 9.39 15.74 19.45 19.14 12.42 9.03 8.87 15.41 8.23 7.75 7.90 7.90 7.74 7.74 7.74 7.74 7.77 7.77 7.88 7.77 9.06 18.16 18.64 14.20 14.20 8.96 12.89 9.26 14.50 14.41 14.05 7.28 7.28 7.91 8.43 7.82 7.23 6.61 7.76 6.91 7.68 10.17 1.88 0.00 0.00 0.00 0.00 0.00 0.00 0.00 0.00 0.00 0.00 0.00 0.00 0.00 0.00 0.00 0.00 0.00 0.00 0.00 0.00 0.00 0.00 0.00 0.00 0.00
5.13 5.13 5.13 5.13 4.95 4.95 4.95 4.95 7.04 17.31 16.24 15.63 11.72 15.42 15.42 9.55 13.09 13.02 18.79 15.16 17.13 12.35 12.35 16.39 7.75 7.75 8.50 8.65 8.65 8.37 7.74 7.74 7.88 7.77 7.77 8.50 6.02 12.59 14.20 9.11 14.05 14.20 14.05 17.67 9.16 14.35 14.50 14.20 2.33 7.82 7.97 7.82 6.88 7.12 6.91 8.44 6.19 1.59 8.73 0.00 0.00 0.00 0.00 0.00 0.00 0.00 0.00 0.00 0.00 0.00 0.00 0.00 0.00 0.00 0.00 0.00 0.00 0.00 0.00 0.00 0.00 0.00 0.00 0.00
5.13 5.13 5.13 6.10 4.95 4.95 5.10 8.04 7.62 16.49 12.39 8.92 12.17 15.35 17.52 12.81 18.79 15.16 15.74 15.42 14.60 15.46 17.25 19.04 12.01 12.01 10.76 10.76 6.98 8.37 2.76 9.36 8.71 7.77 7.77 19.04 12.73 12.59 14.35 14.35 9.10 9.10 14.05 12.58 12.58 9.41 15.56 10.01 14.65 7.43 7.28 7.97 7.15 7.60 7.28 6.49 2.05 1.99 9.39 5.31 0.00 0.00 0.00 0.00 0.00 0.00 0.00 0.00 0.00 0.00 0.00 0.00 0.00 0.00 0.00 0.00 0.00 0.00 0.00 0.00 0.00 0.00 0.00 0.00
5.16 6.15 6.15 5.16 4.96 4.96 7.19 8.19 7.18 13.53 12.09 8.76 11.94 12.30 15.94 9.29 15.16 15.78 15.69 15.69 14.68 15.45 15.41 14.74 14.56 14.56 16.26 17.28 17.28 17.13 17.13 12.42 17.43 18.19 18.19 13.65 9.11 18.22 14.20 14.20 14.05 14.05 8.95 8.95 12.59 9.41 14.80 14.89 14.50 14.74 7.82 8.68 6.63 6.62 10.41 9.88 5.92 5.61 9.66 8.94 0.00 0.00 0.00 0.00 0.00 0.00 0.00 0.00 0.00 0.00 0.00 0.00 0.00 0.00 0.00 0.00 0.00 0.00 0.00 0.00 0.00 0.00 0.00 0.00
6.15 5.16 5.16 5.16 4.96 5.12 7.97 7.55 5.40 13.53 17.31 12.09 12.18 9.01 14.14 15.97 15.69 15.69 15.69 15.69 14.59 14.81 14.59 14.59 15.26 8.57 18.19 14.72 14.72 13.50 13.89 2.13 13.80 13.80 13.50 13.65 9.10 17.83 14.05 14.05 14.19 14.05 14.05 14.31 18.05 9.54 14.60 13.46 14.65 14.74 8.58 2.91 10.41 9.58 5.92 5.92 9.39 9.52 5.77 9.24 9.24 0.00 0.00 0.00 0.00 0.00 0.00 0.00 0.00 0.00 0.00 0.00 0.00 0.00 0.00 0.00 0.00 0.00 0.00 0.00 0.00 0.00 0.00 0.00
5.10 5.10 4.79 4.79 4.52 6.42 2.13 5.87 6.24 6.24 11.82 15.61 15.34 15.95 8.71 15.14 15.10 15.10 15.10 9.00 8.05 8.05 8.05 8.81 8.81 8.02 17.74 14.11 14.12 7.73 7.73 6.93 7.77 13.80 14.29 14.29 13.69 9.05 17.40 13.89 13.88 13.76 13.24 13.63 14.41 12.66 13.65 13.88 13.24 12.88 7.09 7.73 5.22 8.64 8.80 8.95 5.59 8.95 8.64 8.76 8.49 4.98 0.00 0.00 0.00 0.00 0.00 0.00 0.00 0.00 0.00 0.00 0.00 0.00 0.00 0.00 0.00 0.00 0.00 0.00 0.00 0.00 0.00 0.00
7.53 5.10 4.79 4.79 6.12 2.27 12.32 11.89 4.50 14.90 11.82 12.63 12.48 16.41 16.87 14.37 14.74 14.59 14.59 14.59 8.28 8.05 8.05 8.81 8.17 8.17 12.44 14.32 7.46 7.46 7.73 7.73 7.73 7.46 7.73 7.73 7.39 13.69 17.17 13.89 14.41 14.56 13.76 13.44 14.31 12.72 13.62 14.31 7.09 7.63 7.22 6.98 5.29 8.64 8.86 9.22 9.37 9.37 9.06 8.91 8.76 8.61 5.13 0.00 0.00 0.00 0.00 0.00 0.00 0.00 0.00 0.00 0.00 0.00 0.00 0.00 0.00 0.00 0.00 0.00 0.00 0.00 0.00 0.00
6.35 6.35 6.02 5.84 12.83 15.95 8.19 11.01 15.81 15.81 12.13 12.48 12.48 12.79 16.51 13.03 14.59 14.59 14.59 14.68 14.33 8.04 8.04 8.04 8.16 11.75 10.56 14.11 7.46 7.46 7.46 7.73 7.73 6.93 7.73 7.73 13.76 14.07 16.87 18.04 13.86 13.44 14.24 13.39 13.24 16.87 14.56 13.13 7.22 7.22 7.99 7.41 5.90 2.00 8.76 9.83 9.06 8.95 8.80 5.65 8.76 8.91 5.10 4.39 0.00 0.00 0.00 0.00 0.00 0.00 0.00 0.00 0.00 0.00 0.00 0.00 0.00 0.00 0.00 0.00 0.00 0.00 0.00 0.00
6.35 6.35 5.10 4.95 12.43 8.94 15.64 11.67 15.34 12.13 12.13 12.73 12.94 13.09 16.96 17.02 15.19 14.68 14.59 14.68 8.28 8.04 8.04 8.04 8.28 11.90 11.36 7.88 8.01 7.62 7.73 7.46 6.93 7.46 7.73 7.73 14.52 13.85 17.63 13.76 13.93 13.69 13.81 13.59 13.24 16.87 13.99 9.20 13.28 9.68 8.29 7.71 7.47 5.52 8.02 10.23 8.97 8.97 9.25 8.95 8.76 9.28 4.94 1.32 0.00 0.00 0.00 0.00 0.00 0.00 0.00 0.00 0.00 0.00 0.00 0.00 0.00 0.00 0.00 0.00 0.00 0.00 0.00 2.65
6.22 5.25 8.42 12.11 12.13 12.58 12.12 15.34 12.73 13.03 12.88 12.28 13.03 12.94 13.19 12.32 15.95 14.74 8.29 8.61 7.73 8.04 8.04 8.04 7.73 11.49 11.09 7.08 7.08 7.08 2.08 6.93 7.46 2.08 7.73 7.46 6.31 13.89 14.69 13.93 13.93 13.59 13.59 14.08 13.80 12.53 9.05 14.01 8.52 6.64 7.20 7.20 11.26 5.37 1.47 9.11 9.26 8.91 9.10 9.06 8.49 8.76 8.76 8.61 0.00 0.00 0.00 0.00 0.00 0.00 0.00 0.00 0.00 0.00 0.00 0.00 0.00 0.00 0.00 0.00 0.00 0.00 0.00 2.65
6.53 5.64 12.26 12.52 11.98 15.76 15.34 11.86 13.34 12.17 12.01 8.34 8.34 12.63 12.63 12.79 16.41 14.59 8.29 8.61 8.28 8.04 8.04 8.43 7.88 11.36 11.09 7.71 7.71 6.93 6.93 6.93 6.93 10.56 10.56 5.78 5.92 2.44 7.47 13.93 13.93 14.31 13.59 9.03 8.71 12.38 9.05 8.82 1.96 1.66 10.37 5.29 1.44 1.47 1.47 6.35 9.26 9.26 8.95 8.80 8.76 8.80 5.40 5.39 5.65 5.28 0.00 0.00 0.00 0.00 0.00 0.00 0.00 0.00 0.00 0.00 0.00 0.00 0.00 0.00 0.00 0.00 0.00 2.65
8.63 12.25 8.47 12.23 11.67 11.86 12.79 11.86 12.01 12.17 12.58 9.42 12.63 12.63 11.86 12.63 12.63 15.14 13.91 8.29 8.27 8.02 8.02 8.42 7.88 11.36 10.56 8.12 8.10 7.62 8.03 6.93 6.93 7.46 10.56 10.56 6.63 6.78 13.39 13.93 13.93 13.66 14.08 9.05 8.94 12.38 12.11 2.13 1.81 5.29 5.29 1.53 1.47 1.47 1.47 5.55 8.91 9.45 9.41 9.47 9.22 8.95 1.92 1.77 5.25 5.28 0.00 0.00 0.00 0.00 0.00 0.00 0.00 0.00 0.00 0.00 0.00 0.00 0.00 0.00 0.00 0.00 0.00 0.00
12.34 8.32 8.32 11.80 15.34 12.13 12.63 8.56 12.01 12.01 12.73 12.58 12.58 12.63 12.13 12.01 12.25 12.33 8.54 8.61 8.27 8.02 8.13 7.73 6.93 11.36 10.56 7.73 7.73 7.88 7.38 7.23 2.08 6.93 6.93 10.56 6.63 6.63 8.86 8.71 13.24 13.76 13.47 8.90 7.33 10.02 10.02 1.96 5.44 2.65 1.68 1.68 4.54 1.77 8.32 5.25 5.28 9.26 9.11 8.80 11.06 5.65 5.55 2.07 5.25 8.61 0.00 0.00 0.00 0.00 0.00 0.00 0.00 0.00 0.00 0.00 0.00 0.00 0.00 0.00 0.00 0.00 0.00 0.00
16.61 15.86 12.04 12.23 16.21 16.11 11.68 11.70 11.71 12.73 12.73 10.23 5.81 5.81 3.61 12.48 11.86 12.33 8.65 8.61 7.73 7.73 7.73 8.13 7.73 11.36 6.93 8.12 7.69 6.93 6.93 7.08 6.93 6.93 6.93 10.56 6.63 6.63 7.24 13.24 8.87 13.24 16.87 10.95 10.42 10.09 5.73 9.16 5.99 1.83 1.98 7.79 2.59 9.06 9.06 5.02 5.02 1.62 8.02 9.93 10.27 1.77 5.70 2.07 5.25 8.61 0.00 0.00 0.00 0.00 0.00 0.00 0.00 0.00 0.00 0.00 0.00 0.00 0.00 0.00 0.00 0.00 0.00 0.00
15.33 15.86 12.99 12.99 12.48 12.48 15.30 12.02 12.36 12.58 12.58 10.23 3.46 6.24 6.24 3.46 5.96 5.56 14.68 8.61 7.73 7.46 7.46 7.60 8.55 10.71 6.93 7.61 7.73 12.02 10.56 10.56 10.56 5.78 5.78 10.56 10.26 10.26 10.26 10.26 10.26 10.26 11.81 10.97 5.44 5.59 5.59 5.15 5.99 1.96 2.13 5.46 5.40 5.25 8.61 5.10 8.49 5.25 4.94 5.25 5.55 5.25 5.10 5.40 8.76 4.98 4.98 0.00 0.00 0.00 0.00 0.00 0.00 0.00 0.00 0.00 0.00 0.00 0.00 0.00 0.00 0.00 0.00 0.00
11.54 11.54 12.99 12.99 12.73 12.48 5.41 15.81 15.75 12.48 12.48 12.48 3.46 3.46 5.33 5.33 5.56 5.81 4.77 7.91 7.62 7.73 7.46 2.64 12.44 10.96 5.86 5.78 5.78 5.86 7.39 2.38 2.08 2.30 2.23 7.08 6.78 6.63 6.63 6.63 6.63 2.23 7.09 5.73 2.26 1.81 1.81 1.96 8.71 5.15 5.46 1.98 1.92 1.62 1.77 1.77 1.62 5.25 5.10 5.10 5.25 8.61 8.61 8.61 4.98 4.98 4.98 0.00 0.00 0.00 0.00 0.00 0.00 0.00 0.00 0.00 0.00 0.00 0.00 0.00 0.00 0.00 0.00 0.00
11.54 11.54 12.47 13.14 12.73 5.81 6.26 5.58 5.58 16.11 16.11 12.48 5.81 5.71 5.71 5.33 5.35 4.77 4.48 8.17 6.88 7.88 8.26 10.56 5.78 5.78 7.08 2.15 2.15 7.08 7.24 7.23 6.93 2.38 2.23 6.93 1.99 6.78 10.41 6.78 6.63 2.16 2.57 2.42 2.26 2.11 2.11 2.11 5.44 9.46 5.83 2.12 2.02 1.62 1.92 1.77 5.55 5.40 5.10 5.25 5.25 8.76 8.76 8.61 8.61 4.98 4.98 4.98 0.00 0.00 0.00 0.00 0.00 0.00 0.00 0.00 0.00 0.00 0.00 0.00 0.00 0.00 0.00 0.00
12.23 8.48 12.23 12.23 11.71 5.87 6.11 4.94 5.81 5.81 9.44 9.44 5.81 5.81 3.46 5.71 3.46 5.19 4.48 4.48 2.17 7.08 11.74 11.63 2.64 5.78 2.15 2.30 2.38 2.23 6.93 6.93 6.93 7.08 2.38 2.23 6.63 10.26 6.63 6.78 6.16 6.01 2.26 6.31 1.96 2.11 1.96 1.96 1.66 9.64 5.83 1.68 1.72 1.47 1.77 5.55 5.40 1.62 1.47 4.86 8.49 5.25 1.62 6.75 8.91 5.13 4.98 4.98 3.96 3.96 0.00 0.00 0.00 0.00 0.00 0.00 0.00 0.00 0.00 0.00 0.00 0.00 0.00 0.00
12.23 12.99 12.23 5.46 4.94 6.11 5.87 5.81 5.71 5.21 5.81 9.34 6.57 5.71 5.81 5.71 3.46 4.48 7.92 8.40 12.44 12.44 8.00 8.00 7.98 2.39 6.27 2.15 2.38 2.15 6.93 6.93 6.93 6.93 6.93 6.93 6.63 10.72 6.63 6.78 6.16 6.01 1.81 1.81 6.16 1.81 1.66 1.80 1.66 6.01 8.71 5.83 8.49 8.61 8.61 8.61 8.61 8.61 8.61 8.61 8.61 4.98 4.98 5.13 8.91 4.98 4.98 4.98 6.43 4.12 3.96 3.96 3.96 3.96 3.96 4.15 3.96 3.96 3.96 4.15 3.96 4.15 3.96 4.15
16.15 13.12 12.89 6.12 5.87 6.57 5.81 7.77 7.77 5.87 5.87 5.56 8.40 4.63 5.20 4.48 7.42 7.62 7.91 12.74 11.59 7.55 7.83 7.55 7.95 7.95 6.27 10.56 2.08 6.93 6.93 6.93 6.93 6.93 6.93 6.93 6.63 10.26 6.63 6.39 6.98 6.98 6.64 6.74 7.31 7.31 7.25 7.16 7.83 1.66 1.66 8.71 5.13 5.13 4.98 4.98 4.98 4.98 4.98 4.98 4.98 4.98 4.98 4.98 8.61 1.32 1.32 1.32 1.86 1.86 1.71 1.71 1.71 1.71 1.71 1.71 1.71 1.71 1.71 1.71 1.71 1.71 1.71 1.71
13.12 16.75 12.23 6.22 5.87 5.96 7.77 7.27 7.92 2.24 8.23 8.48 4.63 11.68 7.90 7.90 8.07 8.35 11.50 11.98 7.11 7.96 7.55 7.61 8.55 2.79 2.64 12.43 2.08 5.78 10.56 10.56 5.71 5.68 5.68 5.68 1.97 10.19 9.17 9.17 5.54 5.69 6.64 6.74 7.16 7.22 7.31 2.72 2.77 1.66 7.69 10.02 8.61 4.98 4.98 4.98 4.98 4.98 4.98 4.98 4.98 4.98 4.98 4.98 8.61 4.98 4.98 1.32 1.71 6.28 6.28 6.28 6.28 6.28 6.28 6.28 6.28 6.28 6.28 6.28 6.28 6.28 6.28 6.28
12.64 12.75 12.75 5.10 5.43 7.30 7.30 7.30 1.81 1.75 7.17 7.53 6.19 12.49 7.50 7.69 7.45 9.82 9.67 7.48 6.85 7.66 7.66 7.81 7.80 7.80 7.23 7.64 6.17 7.22 6.62 6.62 2.07 6.55 1.97 6.55 5.56 8.87 5.24 5.24 2.03 5.69 5.24 1.58 2.01 1.74 2.04 2.19 5.36 5.21 5.21 5.21 5.15 4.72 4.72 4.72 4.72 4.72 4.72 4.72 4.72 4.72 4.72 4.72 8.34 4.72 4.72 1.25 1.33 4.93 4.93 4.93 4.93 4.93 4.93 4.93 4.93 4.93 4.93 4.93 4.93 4.93 4.93 4.93
12.64 12.64 5.87 5.98 6.83 7.45 1.96 7.54 1.81 6.19 7.69 7.53 7.05 9.67 9.67 9.67 10.93 7.45 10.84 5.87 6.85 8.10 7.66 7.81 7.64 7.64 7.64 7.23 12.12 6.62 10.25 10.25 5.62 5.64 10.23 6.55 1.46 5.71 5.24 5.24 5.39 5.54 5.67 1.81 1.89 1.89 5.51 5.51 7.41 6.04 1.58 1.74 1.67 5.15 4.72 4.72 4.72 4.72 4.72 4.72 4.72 4.72 4.72 4.72 8.34 1.25 1.25 1.25 1.33 4.93 0.00 0.00 0.00 0.00 0.00 0.00 0.00 0.00 0.00 0.00 0.00 0.00 0.00 0.00
12.80 5.87 5.10 5.98 6.83 6.04 6.19 1.81 6.19 6.19 7.66 7.50 7.50 7.30 7.02 6.19 10.93 7.30 6.04 9.67 2.43 6.83 7.63 7.63 7.61 7.61 7.61 7.61 11.23 10.26 6.63 6.63 6.63 6.61 6.61 8.60 5.09 5.20 8.87 1.57 5.24 5.39 5.39 1.81 6.19 5.51 1.74 1.74 1.93 6.43 6.19 1.89 5.17 5.33 8.81 4.72 4.72 4.72 4.72 4.72 4.72 1.41 1.56 1.57 8.34 1.25 1.41 1.41 1.33 1.33 0.00 0.00 0.00 0.00 0.00 0.00 0.00 0.00 0.00 0.00 0.00 0.00 0.00 0.00
12.95 6.13 5.98 5.10 6.87 6.04 6.04 6.83 7.13 2.12 2.92 8.12 6.04 7.22 6.19 9.67 11.28 7.45 9.67 11.08 6.83 6.83 7.63 7.63 7.61 7.61 7.61 7.61 11.23 10.26 6.63 6.63 6.63 6.61 9.00 8.60 9.15 8.87 5.39 5.35 8.87 5.24 1.71 5.69 5.21 1.58 6.58 6.43 6.43 6.43 6.43 7.65 7.35 1.67 5.00 1.41 4.87 4.72 4.72 8.34 8.34 5.35 8.95 5.19 4.88 5.03 1.56 1.56 1.33 1.33 1.33 0.00 0.00 0.00 0.00 0.00 0.00 0.00 0.00 0.00 0.00 0.00 0.00 0.00
12.80 6.13 5.10 4.93 6.04 6.04 6.04 1.45 1.45 6.04 7.97 6.83 1.45 7.50 7.48 9.67 7.45 11.08 11.57 8.70 6.83 6.83 6.83 7.63 7.61 7.61 7.61 7.61 11.23 5.77 10.40 5.77 10.40 9.00 5.37 1.30 5.24 8.87 5.39 5.39 5.24 9.15 9.31 5.64 2.01 1.58 1.74 1.74 6.43 5.52 5.67 5.58 1.52 5.15 5.03 1.56 5.17 5.02 8.24 8.34 5.02 1.71 1.72 1.57 1.25 5.49 2.01 1.41 1.33 1.46 1.33 0.00 0.00 0.00 0.00 0.00 0.00 0.00 0.00 0.00 0.00 0.00 4.93 4.93
6.18 6.03 5.38 7.99 6.04 6.04 6.04 6.04 7.51 7.51 7.50 6.90 7.22 7.63 6.34 11.11 11.08 11.08 7.66 8.70 6.83 6.83 6.83 7.63 7.61 7.61 7.61 7.61 6.17 2.29 6.93 6.63 1.76 1.46 1.30 1.30 1.57 8.87 5.24 1.57 1.64 5.39 1.58 5.36 1.86 5.69 6.34 5.82 5.67 5.67 5.82 1.91 1.52 8.81 5.02 1.71 1.86 8.80 4.87 4.72 5.02 1.56 4.87 4.72 1.25 5.03 5.94 1.86 1.33 1.33 1.33 1.33 0.00 0.00 0.00 0.00 0.00 0.00 0.00 0.00 4.93 5.91 1.33 1.33
6.18 5.54 5.96 8.15 7.30 6.83 6.04 6.83 6.83 7.22 7.68 7.50 7.49 8.56 5.74 9.67 5.68 2.61 7.44 7.44 6.82 6.37 6.82 6.82 7.60 7.60 7.60 8.49 5.70 7.05 2.14 1.69 1.61 6.58 5.62 5.62 5.69 9.31 9.95 5.69 1.71 5.84 5.99 5.49 5.84 6.81 5.16 5.82 5.67 5.67 5.52 5.67 4.88 8.50 4.87 1.87 2.47 5.17 4.87 1.56 5.19 4.87 4.72 5.06 8.34 5.03 1.87 5.17 1.33 4.93 0.00 1.33 1.33 0.00 0.00 0.00 0.00 0.00 0.00 4.93 1.33 1.33 1.33 4.93
5.80 5.96 8.31 8.31 6.98 6.83 6.83 6.83 6.83 7.30 7.22 7.50 7.30 1.60 5.59 6.04 9.67 6.04 7.44 7.59 6.97 1.91 1.91 1.91 8.36 7.65 8.52 7.50 5.59 10.23 5.13 6.01 5.86 5.62 6.20 5.62 9.31 9.31 5.33 9.31 9.31 9.31 9.95 9.31 10.62 6.87 6.87 5.67 5.52 5.52 5.67 5.97 8.80 4.72 4.87 1.86 2.01 1.71 4.61 5.22 5.34 4.72 8.34 8.34 8.34 4.72 4.72 4.72 1.33 0.00 0.00 0.00 1.33 1.33 0.00 0.00 0.00 5.91 1.33 1.33 1.33 4.93 4.93 0.00
