New_Model_Runs/9_Future_Present_Scn2_out/post_prcessed_with_MFR/Monthly_summaries/net_infiltration_monthly_APR.asc
NCOLS 700
NROWS 400
XLLCENTER 515000.000000
YLLCENTER 8409000.000000
CELLSIZE 50.000000
NODATA_value -999.000000
[rows 152 to 189 of 400, columns 252 to 335 of 700]
0.00 0.00 0.00 0.00 0.00 0.00 0.00 0.00 0.00 0.00 0.00 0.00 0.00 0.00 0.00 0.00 0.00 0.00 0.00 0.00 0.00 0.00 0.00 0.00 0.00 0.00 0.00 0.00 0.00 0.00 0.00 0.00 0.00 0.00 0.00 0.00 0.00 0.00 0.00 0.00 0.00 0.00 0.00 0.00 0.00 0.00 0.00 3.96 3.91 4.19 3.91 3.91 3.61 3.61 3.61 3.61 3.86 3.58 3.58 3.58 3.60 3.60 3.60 3.60 3.68 3.68 3.68 3.68 4.06 4.06 4.06 4.06 4.12 4.12 4.53 2.81 8.76 8.42 4.76 2.83 3.05 2.68 2.83 3.03
0.00 0.00 0.00 0.00 0.00 0.00 0.00 0.00 0.00 0.00 0.00 0.00 0.00 0.00 0.00 0.00 0.00 0.00 0.00 0.00 0.00 0.00 0.00 0.00 0.00 0.00 0.00 0.00 0.00 0.00 0.00 0.00 0.00 0.00 0.00 0.00 0.00 0.00 0.00 0.00 0.00 0.00 0.00 0.00 0.00 0.00 3.96 3.96 3.91 3.91 3.91 3.91 3.61 3.61 3.61 3.61 3.58 3.58 3.58 3.58 3.60 3.60 3.60 3.60 3.68 3.68 3.68 3.68 4.06 4.06 4.53 4.06 4.24 4.38 2.97 2.97 9.05 5.20 4.61 2.68 6.19 7.21 2.81 2.81
0.00 0.00 0.00 0.00 0.00 0.00 0.00 0.00 0.00 0.00 0.00 0.00 0.00 0.00 0.00 0.00 0.00 0.00 0.00 0.00 0.00 0.00 0.00 0.00 0.00 0.00 0.00 0.00 0.00 0.00 0.00 0.00 0.00 0.00 0.00 0.00 0.00 0.00 0.00 0.00 0.00 0.00 0.00 0.00 0.00 4.24 3.96 3.96 3.91 3.91 3.91 3.91 3.61 3.61 3.61 3.61 3.58 3.58 3.58 3.58 3.60 3.60 3.60 3.60 3.68 3.68 3.68 3.68 4.06 4.53 4.11 4.58 4.73 2.97 3.12 3.27 4.90 6.78 6.77 7.07 4.39 1.62 3.52 4.19
0.00 0.00 0.00 0.00 0.00 0.00 0.00 0.00 0.00 0.00 0.00 0.00 0.00 0.00 0.00 0.00 0.00 0.00 0.00 0.00 0.00 0.00 0.00 0.00 0.00 0.00 0.00 0.00 0.00 0.00 0.00 0.00 0.00 0.00 0.00 0.00 0.00 0.00 0.00 0.00 0.00 0.00 0.00 0.00 0.00 3.96 3.96 3.96 3.91 3.91 3.91 3.91 3.61 3.61 3.61 3.61 3.58 3.58 3.58 3.58 3.60 3.60 3.60 3.60 3.68 3.68 3.68 3.68 4.06 4.53 4.53 4.53 4.73 5.02 2.97 1.10 6.78 5.05 3.67 4.16 4.27 4.27 4.24 4.13
0.00 0.00 0.00 0.00 0.00 0.00 0.00 0.00 0.00 0.00 0.00 0.00 0.00 0.00 0.00 0.00 0.00 0.00 0.00 0.00 0.00 0.00 0.00 0.00 0.00 0.00 0.00 0.00 0.00 0.00 0.00 0.00 0.00 0.00 0.00 0.00 0.00 0.00 0.00 0.00 0.00 0.00 0.00 0.00 2.60 3.95 3.95 3.95 3.94 3.94 3.94 3.94 3.68 3.68 3.68 3.68 3.67 3.67 3.67 3.67 3.66 3.66 3.66 3.66 3.68 3.68 3.97 3.68 4.34 4.53 4.53 4.53 4.60 4.60 4.89 4.78 5.03 4.26 4.26 4.15 4.09 4.23 4.23 3.98
0.00 0.00 0.00 0.00 0.00 0.00 0.00 0.00 0.00 0.00 0.00 0.00 0.00 0.00 0.00 0.00 0.00 0.00 0.00 0.00 0.00 0.00 0.00 0.00 0.00 0.00 0.00 0.00 0.00 0.00 0.00 0.00 0.00 0.00 0.00 0.00 0.00 0.00 0.00 0.00 0.00 0.00 0.00 0.00 4.14 3.95 3.95 3.95 3.94 3.94 3.94 3.94 3.68 3.68 3.68 3.68 3.67 3.67 3.67 3.67 3.66 3.66 3.66 3.96 3.68 3.68 3.68 3.68 4.06 4.06 4.53 4.69 4.60 4.75 4.89 6.34 5.16 4.60 4.24 4.11 4.23 4.23 4.09 3.98
0.00 0.00 0.00 0.00 0.00 0.00 0.00 0.00 0.00 0.00 0.00 0.00 0.00 0.00 0.00 0.00 0.00 0.00 0.00 0.00 0.00 0.00 0.00 0.00 0.00 0.00 0.00 2.33 0.00 0.00 0.00 0.00 0.00 0.00 0.00 0.00 0.00 0.00 0.00 0.00 0.00 0.00 0.00 0.00 3.95 3.95 3.95 3.95 3.94 3.94 3.94 3.94 3.68 3.68 3.68 3.68 3.67 3.67 3.67 3.67 3.66 3.66 3.66 3.66 3.68 3.68 3.68 3.68 4.06 4.06 4.53 4.69 4.64 4.89 8.40 2.83 4.89 4.60 4.11 4.11 4.09 4.09 4.09 4.09
0.00 0.00 0.00 0.00 0.00 0.00 0.00 0.00 0.00 0.00 0.00 0.00 0.00 0.00 0.00 0.00 0.00 0.00 0.00 0.00 0.00 0.00 0.00 0.00 0.00 0.00 4.01 3.93 0.00 0.00 0.00 0.00 0.00 0.00 0.00 0.00 0.00 0.00 0.00 0.00 0.00 0.00 0.00 0.00 0.00 0.00 3.95 3.95 3.94 3.94 3.94 3.94 3.68 3.68 3.68 3.68 3.67 3.67 3.67 3.67 3.66 4.21 3.66 3.66 3.68 3.68 3.68 3.68 4.06 4.06 4.53 4.58 3.70 6.48 6.19 2.97 2.97 4.81 4.72 4.11 4.09 4.09 4.09 4.09
0.00 0.00 0.00 0.00 0.00 0.00 0.00 0.00 0.00 0.00 0.00 0.00 0.00 0.00 0.00 0.00 0.00 0.00 0.00 0.00 0.00 0.00 0.00 0.00 0.00 3.77 3.77 3.77 3.92 0.00 0.00 0.00 0.00 0.00 0.00 0.00 0.00 0.00 0.00 0.00 0.00 0.00 0.00 0.00 0.00 0.00 0.00 0.00 4.02 4.02 4.02 4.00 3.76 3.76 3.76 3.76 3.75 3.75 3.75 3.75 3.71 3.71 3.71 3.71 3.68 3.68 3.68 3.68 4.03 4.03 4.68 4.68 6.19 6.34 4.32 0.80 3.70 4.69 4.73 4.25 4.07 4.07 4.07 4.07
0.00 0.00 0.00 0.00 0.00 0.00 0.00 0.00 0.00 0.00 0.00 0.00 0.00 0.00 0.00 0.00 0.00 0.00 0.00 0.00 0.00 0.00 0.00 0.00 0.00 3.77 3.77 3.77 3.92 3.92 3.92 0.00 0.00 0.00 0.00 0.00 0.00 0.00 0.00 0.00 0.00 0.00 0.00 0.00 0.00 0.00 0.00 0.00 0.00 0.00 5.28 4.70 4.06 3.76 3.76 3.76 3.75 3.75 3.75 3.75 3.71 3.71 3.71 3.71 4.11 3.68 3.68 3.68 4.03 4.56 3.56 2.68 3.70 4.49 6.19 8.61 4.21 3.56 4.77 4.59 4.07 4.07 4.07 4.07
0.00 0.00 0.00 0.00 0.00 0.00 0.00 0.00 0.00 0.00 0.00 0.00 0.00 0.00 0.00 0.00 0.00 0.00 0.00 0.00 0.00 0.00 0.00 0.00 0.00 3.94 4.26 3.94 3.93 3.93 3.93 0.00 0.00 0.00 0.00 0.00 0.00 0.00 0.00 0.00 0.00 0.00 0.00 0.00 0.00 0.00 0.00 0.00 0.00 0.00 9.17 4.56 4.37 4.37 4.37 4.37 4.35 4.35 4.35 4.35 4.85 4.31 4.31 4.85 4.82 4.28 4.15 4.28 8.25 5.36 4.19 4.19 4.19 4.19 5.43 9.02 3.23 4.33 5.58 5.39 4.72 4.72 4.72 4.72
0.00 0.00 0.00 0.00 0.00 0.00 0.00 0.00 0.00 0.00 0.00 0.00 0.00 0.00 0.00 0.00 0.00 0.00 0.00 0.00 0.00 0.00 0.00 0.00 3.94 3.94 3.94 3.94 3.93 4.23 3.74 3.74 3.93 0.00 3.93 3.93 0.00 0.00 0.00 0.00 0.00 0.00 0.00 0.00 0.00 0.00 0.00 0.00 0.00 0.00 5.31 4.71 4.51 4.51 4.25 4.37 4.35 4.35 4.35 4.90 4.85 5.42 4.85 4.85 4.28 4.77 4.63 4.28 8.19 4.74 4.19 4.19 4.33 4.33 5.51 8.90 3.23 3.37 5.68 5.56 4.72 5.12 4.72 4.72
0.00 0.00 0.00 0.00 0.00 0.00 0.00 0.00 0.00 0.00 0.00 0.00 0.00 0.00 0.00 0.00 0.00 0.00 0.00 0.00 0.00 0.00 0.00 3.99 4.21 3.90 3.90 3.90 3.87 3.87 3.87 3.97 3.74 3.74 3.93 3.93 4.37 5.38 0.00 0.00 0.00 0.00 0.00 0.00 0.00 0.00 0.00 0.00 0.00 0.00 0.00 6.97 5.43 2.24 5.33 5.12 4.52 4.99 4.99 4.99 4.92 4.92 4.92 4.37 4.29 4.29 4.48 4.29 4.64 8.15 7.41 7.41 4.33 7.03 8.53 9.66 5.52 5.37 5.65 5.37 4.86 4.73 4.73 4.73
0.00 0.00 0.00 0.00 0.00 0.00 0.00 0.00 0.00 0.00 0.00 0.00 0.00 0.00 0.00 0.00 0.00 0.00 0.00 0.00 3.99 3.99 3.99 3.99 3.90 3.90 3.90 3.90 3.87 4.18 3.87 4.18 2.11 4.48 2.11 3.93 4.37 4.37 4.37 0.00 0.00 0.00 0.00 0.00 0.00 0.00 0.00 0.00 0.00 0.00 0.00 5.06 2.02 3.39 3.54 5.28 5.14 4.57 4.52 4.99 4.92 4.92 4.92 4.37 4.29 4.29 4.29 4.29 4.64 4.64 8.15 4.82 7.41 7.31 3.56 6.77 5.31 4.75 4.75 4.75 5.17 4.73 4.67 4.73
0.00 0.00 0.00 0.00 0.00 0.00 0.00 0.00 0.00 0.00 0.00 0.00 0.00 0.00 0.00 0.00 1.13 3.71 0.00 0.00 3.99 3.99 3.99 3.99 4.21 4.21 3.90 3.90 4.19 3.87 3.87 4.18 3.93 4.15 3.93 3.93 4.37 4.49 4.49 3.84 4.51 0.00 0.00 0.00 0.00 0.00 0.00 0.00 0.00 0.00 0.00 5.35 5.67 6.90 7.19 7.19 3.90 3.76 4.99 4.99 4.92 4.41 4.45 4.37 4.29 4.29 4.64 4.29 4.64 5.03 4.64 4.64 4.86 3.89 4.04 5.63 5.15 4.75 4.75 4.75 4.73 4.73 4.73 4.73
0.00 0.00 0.00 0.00 0.00 0.00 0.00 0.00 0.00 0.00 0.00 0.00 0.00 0.00 0.00 0.00 3.71 3.71 3.71 3.71 3.99 4.30 4.10 3.81 3.71 3.90 3.90 3.90 3.87 3.87 3.87 3.87 3.93 3.93 3.93 3.93 4.37 4.30 4.30 4.49 4.33 0.00 0.00 0.00 0.00 0.00 0.00 0.00 0.00 0.00 0.00 5.36 2.46 2.16 6.90 6.61 3.71 3.54 4.55 4.42 4.25 4.25 4.25 4.25 4.29 4.29 4.64 4.29 4.64 4.64 4.64 4.64 4.86 3.89 3.89 4.72 4.75 4.75 4.75 4.70 4.67 4.73 5.12 4.73
0.00 0.00 0.00 0.00 0.00 0.00 0.00 0.00 0.00 0.00 0.00 0.00 0.00 1.13 3.71 1.13 3.69 3.69 3.69 3.69 3.93 3.93 3.93 3.93 3.84 3.84 3.84 3.84 4.17 3.87 3.87 3.87 3.98 3.98 3.98 3.98 4.42 4.42 4.51 4.51 4.56 0.00 0.00 0.00 0.00 0.00 0.00 0.00 0.00 0.00 5.92 6.48 6.14 5.82 7.05 4.34 3.85 3.54 4.44 4.44 4.40 4.40 4.40 4.40 4.31 4.31 4.31 4.31 4.60 4.60 4.60 4.60 5.21 4.83 4.83 4.66 4.71 4.71 4.71 4.71 4.66 4.66 4.72 4.72
0.00 0.00 0.00 0.00 0.00 0.00 0.00 0.00 0.00 0.00 0.00 0.00 1.13 3.71 3.71 3.71 3.69 3.69 3.69 3.69 3.93 3.93 3.93 3.93 4.56 4.26 3.84 3.84 3.87 3.87 3.87 3.87 3.98 3.98 3.98 3.80 4.92 4.56 4.85 5.25 0.29 0.00 0.00 0.00 0.00 0.00 0.00 0.00 0.00 5.16 4.47 4.62 8.50 6.75 6.86 3.10 3.85 3.40 4.63 4.59 4.69 4.43 4.40 4.40 4.31 4.31 4.31 4.31 4.60 4.60 4.60 4.60 4.66 4.66 4.83 4.66 4.71 4.71 4.71 4.65 4.72 5.12 4.72 5.12
0.00 0.00 0.00 0.00 0.00 0.00 0.00 0.00 0.00 0.00 0.00 0.00 3.71 3.71 3.46 3.71 3.69 3.69 3.69 3.44 3.75 3.93 3.93 3.93 4.14 3.84 4.14 3.84 3.87 3.87 3.87 3.87 3.98 3.80 3.80 3.80 4.92 4.73 5.54 2.39 7.12 0.00 0.00 0.00 0.00 0.00 0.00 0.00 5.31 4.47 4.47 4.47 4.55 3.54 7.27 6.61 8.25 3.56 3.90 4.20 4.69 4.40 4.40 4.40 4.31 4.31 4.31 4.31 4.60 4.60 4.60 4.60 4.66 4.66 4.66 4.66 4.71 4.71 4.71 4.71 4.72 4.72 4.72 4.72
0.00 0.00 0.00 0.00 0.00 0.00 0.00 0.00 0.00 0.00 0.00 1.13 3.71 3.71 3.46 3.71 3.69 3.69 3.98 3.69 3.93 3.93 3.93 3.93 3.84 3.84 3.84 3.84 3.87 3.87 3.87 3.87 3.80 3.80 4.47 3.80 4.56 5.02 3.44 2.07 3.46 6.68 0.00 0.00 0.00 0.00 0.00 4.75 5.31 4.47 4.47 4.47 4.43 4.55 4.46 3.24 3.24 2.95 3.76 1.36 4.33 4.54 4.40 4.76 4.31 4.31 4.31 4.93 5.13 4.60 4.60 4.60 4.66 4.66 4.66 5.24 4.71 4.71 4.71 4.71 4.72 4.72 4.72 4.72
0.00 0.00 0.00 0.00 0.00 0.00 0.00 0.00 0.00 0.00 3.73 3.73 3.99 3.70 3.45 3.70 3.64 3.93 3.64 3.64 3.85 3.85 3.85 3.85 3.84 3.84 3.84 3.84 3.98 3.98 3.98 3.98 4.06 3.90 4.06 4.06 4.47 4.90 4.70 4.93 5.43 1.26 4.77 4.62 0.00 3.66 4.90 1.70 5.95 4.47 4.47 4.47 4.41 4.41 5.12 3.03 4.05 3.76 5.30 5.42 4.84 4.69 4.78 4.42 4.34 4.34 4.34 4.73 4.58 4.96 4.58 4.58 4.96 4.58 4.96 4.97 4.65 4.65 4.65 4.65 4.64 4.64 4.64 4.64
0.00 0.00 0.00 0.00 0.00 0.00 0.00 0.00 0.00 0.00 4.20 4.13 3.70 3.70 3.99 3.70 3.64 3.64 3.64 3.64 3.85 3.85 3.85 3.85 3.84 3.84 3.84 3.84 3.98 3.98 3.98 3.98 4.06 4.06 4.06 4.06 4.47 5.02 4.76 4.55 6.91 5.05 2.27 5.79 1.99 2.01 1.68 5.60 4.77 5.02 4.42 4.47 4.41 4.41 4.41 4.46 5.13 5.13 5.14 5.14 4.98 4.55 4.42 4.42 4.34 4.70 4.34 4.34 4.58 4.58 4.58 4.58 4.58 4.58 4.58 4.58 4.65 4.65 4.65 4.65 4.64 4.64 4.64 4.64
0.00 0.00 0.00 0.00 0.00 0.00 0.00 0.00 0.00 0.00 0.00 4.13 4.08 3.70 3.70 3.70 3.64 3.64 3.64 3.64 3.85 3.85 3.85 3.85 3.84 3.84 3.84 3.84 3.98 3.98 3.98 3.98 4.06 4.06 4.06 4.06 4.47 4.42 5.02 5.14 4.83 4.19 5.63 5.94 2.36 4.91 4.18 4.03 5.06 4.67 3.84 4.51 4.41 4.41 4.41 4.41 4.55 4.55 5.13 4.99 4.98 4.31 4.42 4.42 4.34 4.34 4.34 4.34 4.58 4.58 4.58 4.58 4.58 4.58 4.58 4.58 4.65 4.65 4.65 4.65 4.64 4.64 4.64 4.64
0.00 0.00 0.00 0.00 0.00 0.00 0.00 0.00 0.00 0.00 0.00 4.13 4.08 4.08 4.08 3.70 3.64 3.64 3.64 3.64 3.85 3.85 3.85 3.85 3.84 3.84 3.84 3.84 3.98 3.98 3.98 3.98 4.06 4.06 4.06 4.06 4.47 4.47 4.62 8.57 3.97 3.61 3.75 3.28 4.13 3.98 4.20 5.16 5.02 5.15 4.03 4.59 4.41 4.41 4.41 4.41 4.43 4.55 5.13 5.13 4.98 5.14 4.42 4.42 4.34 4.34 4.34 4.73 4.58 4.58 4.58 4.58 4.58 4.58 4.58 4.58 4.65 4.65 4.65 4.65 4.64 4.64 4.64 4.64
0.00 0.00 0.00 0.00 0.00 0.00 0.00 0.00 0.00 0.00 0.00 0.00 4.08 4.08 4.08 4.08 3.59 3.59 3.59 3.59 4.14 3.83 3.83 3.83 3.93 3.93 4.40 4.40 4.55 4.55 4.06 4.06 4.11 4.11 4.67 4.61 5.05 5.05 5.05 8.04 3.82 3.17 3.31 3.13 3.72 3.84 3.84 5.16 5.02 5.15 5.15 5.02 4.40 4.40 4.40 4.40 4.37 4.37 4.93 4.93 5.10 4.93 4.93 4.38 4.32 4.32 4.32 4.32 4.54 4.54 4.54 4.54 4.54 4.54 4.54 4.54 4.62 4.62 4.62 4.62 4.62 4.62 4.62 4.62
0.00 0.00 0.00 0.00 0.00 0.00 0.00 0.00 0.00 0.00 0.00 4.12 4.08 4.08 4.08 4.08 3.97 3.88 3.59 3.59 4.24 3.83 3.83 3.83 3.93 4.40 4.40 4.40 4.55 4.55 4.06 4.06 4.11 4.14 4.67 4.61 3.57 4.81 5.52 7.99 4.46 3.86 3.31 3.13 3.72 3.84 4.52 4.49 4.47 4.47 5.02 4.47 4.40 4.40 4.40 4.40 4.37 4.37 4.37 4.37 4.38 4.38 4.38 4.38 4.32 4.32 4.32 4.32 4.54 4.54 4.54 4.54 4.54 4.54 4.54 4.54 4.62 4.62 4.62 5.26 4.62 4.62 4.62 4.62
0.00 0.00 0.00 0.00 5.04 0.00 0.00 0.00 0.00 0.00 5.02 5.02 4.99 4.99 4.99 4.99 4.86 4.86 4.86 4.45 4.60 4.60 4.60 4.60 4.71 5.32 5.32 5.32 5.50 5.68 5.50 5.09 5.56 5.56 5.15 5.28 5.49 6.00 6.33 9.81 4.95 4.80 4.80 4.80 5.57 5.20 5.16 5.16 5.14 5.14 5.14 5.14 5.24 5.24 5.43 5.24 5.22 5.22 5.22 5.22 5.22 5.22 5.22 5.22 5.34 5.15 5.15 5.15 5.64 5.45 5.45 5.45 5.45 4.81 5.45 5.45 5.32 5.54 5.32 5.32 5.32 5.32 5.32 5.32
0.00 0.00 0.00 4.54 5.04 5.04 0.00 0.00 0.00 4.84 4.84 5.02 4.99 4.99 4.99 4.99 4.86 4.86 4.86 4.86 4.60 4.60 4.60 4.60 4.71 5.32 5.32 5.32 5.50 5.50 5.50 5.68 5.56 5.56 5.15 4.91 5.17 5.49 5.73 9.52 4.80 4.80 4.80 4.80 4.80 4.80 5.16 5.16 5.14 5.14 5.14 5.14 5.24 5.24 5.42 5.24 5.22 5.22 5.22 5.39 5.22 5.22 5.22 5.22 5.15 5.15 5.15 5.15 5.45 5.45 5.45 5.45 5.45 4.81 5.45 5.45 5.32 5.32 5.32 5.32 5.32 5.32 5.32 5.32
4.54 4.54 4.54 4.25 5.03 5.03 5.22 5.22 5.04 4.87 4.95 5.04 5.00 5.00 5.00 5.00 4.91 5.06 4.91 4.91 5.08 5.08 4.66 4.66 4.74 5.35 5.35 5.35 5.50 5.68 5.50 5.50 5.58 5.58 4.93 4.93 5.18 5.91 6.06 9.62 4.95 5.32 4.80 4.80 4.80 4.80 5.17 5.34 5.12 5.30 5.30 5.12 5.19 5.19 5.19 5.19 5.09 5.09 5.09 5.09 5.05 5.05 5.05 5.05 5.19 5.01 5.01 5.22 5.60 5.41 4.81 5.41 5.25 5.25 5.25 5.25 5.28 5.28 5.28 5.28 5.31 5.79 5.31 5.31
4.54 4.54 4.54 4.76 5.03 5.03 5.03 5.03 5.04 5.16 5.04 4.87 5.00 5.00 5.00 5.00 4.91 4.91 4.91 4.91 5.08 5.08 5.08 4.66 4.74 4.74 5.35 5.35 5.50 5.50 5.50 5.50 4.93 4.93 4.93 4.93 5.96 4.80 4.80 5.03 8.46 4.95 5.58 4.80 5.01 4.80 5.17 5.17 5.12 5.12 5.12 5.12 5.19 5.19 5.38 5.59 5.27 5.09 5.09 5.09 5.05 5.05 5.05 5.05 5.01 5.01 5.01 5.01 5.41 5.41 5.41 5.41 5.25 4.81 5.25 5.25 5.28 5.28 5.28 5.28 5.31 5.31 5.31 4.81
4.54 4.54 4.70 4.54 5.03 5.03 5.03 5.03 5.04 5.04 4.91 4.87 5.00 5.00 5.00 5.00 4.91 4.91 4.91 4.91 5.08 5.08 5.08 5.08 5.17 4.74 5.35 5.35 4.86 4.86 4.86 4.86 4.93 4.93 4.93 5.58 5.91 5.96 5.91 4.80 7.41 5.27 5.22 5.27 4.80 4.80 5.26 5.22 5.12 5.12 5.12 5.12 5.19 5.19 5.19 5.19 5.09 5.09 5.09 5.09 5.05 5.05 5.05 5.05 5.01 5.01 5.01 5.19 5.41 5.41 5.41 5.41 5.25 5.47 5.25 5.25 5.28 5.28 5.28 5.28 5.31 5.31 4.81 5.27
4.54 4.54 4.54 4.54 5.03 5.03 5.03 5.03 5.04 5.04 5.04 5.04 5.00 4.82 5.00 5.00 4.91 4.91 4.91 4.91 5.08 5.08 5.08 5.08 5.17 5.17 4.74 4.74 4.86 4.86 4.86 4.86 4.93 4.93 4.93 5.58 5.18 5.18 6.31 3.90 6.21 5.19 5.19 5.27 4.50 4.80 5.95 5.22 5.12 5.12 5.12 5.12 5.35 5.19 5.19 5.19 5.09 5.09 5.09 5.09 5.05 5.05 5.05 5.05 5.01 5.01 5.01 5.01 5.41 5.41 5.41 5.41 5.25 5.47 5.47 5.25 5.28 5.50 4.81 5.28 5.31 5.31 4.81 4.81
4.52 4.52 4.68 4.52 5.01 5.01 5.01 5.01 5.02 5.02 5.02 4.84 5.00 5.12 4.82 5.00 4.96 4.96 4.96 4.96 5.13 5.13 5.13 5.13 5.13 5.13 5.13 5.13 4.84 4.84 4.84 4.84 4.92 4.92 5.57 5.94 5.36 5.17 5.56 4.77 6.21 5.37 5.18 5.26 4.50 4.84 5.89 5.85 5.92 5.72 5.06 5.06 5.04 5.04 5.04 5.04 4.95 4.95 4.95 4.95 4.97 4.97 4.97 4.97 5.00 5.00 5.00 5.00 5.28 5.28 5.28 5.28 5.32 5.32 5.32 5.55 6.27 5.29 5.29 5.29 4.81 4.81 4.81 4.81
4.52 4.52 4.52 4.52 5.01 5.19 5.01 5.01 5.02 5.02 5.02 4.84 4.82 5.00 5.00 5.17 4.96 4.96 4.96 4.96 5.13 5.13 5.13 5.13 5.13 5.13 5.13 5.13 5.23 4.84 4.84 4.84 4.92 5.57 5.57 4.92 5.17 5.17 5.17 3.90 5.96 5.88 5.18 5.26 4.50 5.25 5.25 5.85 5.72 5.06 5.06 5.06 5.04 5.04 5.04 5.04 4.95 4.95 4.95 4.95 4.97 4.97 4.97 4.97 5.00 5.00 5.00 5.00 5.28 5.28 5.28 5.28 5.32 5.32 5.32 5.32 5.29 6.27 5.29 5.29 4.81 4.81 4.81 4.81
4.52 4.52 4.52 4.52 5.01 5.01 5.01 5.01 5.02 5.02 5.02 5.02 5.00 5.00 5.00 5.00 4.96 4.96 4.96 4.96 5.13 5.13 5.13 5.32 5.13 5.13 5.13 5.13 5.23 5.23 4.84 4.84 5.08 5.57 5.57 5.64 5.36 5.17 5.86 6.16 6.16 5.91 5.37 5.26 5.16 5.35 5.16 5.16 5.06 5.06 5.06 5.06 5.04 5.04 5.04 5.54 4.95 4.95 4.95 4.95 4.97 4.97 4.97 4.97 5.00 5.00 5.00 5.00 5.28 5.28 5.28 5.28 5.32 5.32 5.32 5.32 5.29 5.29 5.29 5.29 4.81 4.81 4.81 4.81
4.52 4.52 4.52 4.52 5.01 5.44 5.01 5.01 5.02 5.02 5.02 5.02 5.00 5.00 5.00 5.00 4.96 4.96 4.96 4.96 5.13 5.13 5.13 5.13 5.13 5.13 5.13 5.13 5.23 5.23 5.23 5.50 4.92 5.57 4.92 5.12 5.17 5.17 5.86 5.96 5.91 5.96 5.88 5.37 5.16 5.16 5.16 5.16 5.06 5.06 5.24 5.06 5.27 5.04 5.04 5.44 4.95 4.95 4.95 4.95 4.97 4.97 4.97 4.97 5.00 5.00 5.00 5.00 5.28 5.28 5.28 5.28 5.32 5.81 5.32 5.32 5.29 5.29 5.29 5.29 4.81 4.81 4.81 4.81
4.47 4.47 4.47 4.63 4.99 4.99 5.14 4.99 4.96 4.96 4.96 5.20 4.90 4.90 4.90 4.90 4.86 4.86 4.86 4.86 5.09 5.09 5.09 5.09 5.12 5.12 5.12 5.12 5.17 5.85 5.17 5.17 5.25 4.85 5.26 4.85 5.12 5.12 5.30 5.12 5.13 5.82 5.82 5.13 5.25 5.07 5.07 5.25 4.92 4.92 4.92 4.92 4.95 5.83 4.06 5.71 4.99 4.99 4.99 4.99 5.07 5.07 5.07 5.07 5.12 5.12 5.12 5.12 5.36 5.36 5.36 5.36 5.35 5.35 5.35 5.35 5.33 5.33 5.33 5.33 4.81 4.81 4.81 4.81
4.47 4.47 4.47 4.47 4.99 5.14 4.99 4.99 4.96 4.96 4.96 4.96 5.09 4.90 4.90 4.90 4.86 4.86 5.04 4.86 5.09 5.09 5.09 5.09 5.12 5.12 5.12 5.12 5.40 5.17 5.17 5.17 5.25 5.25 5.25 4.85 5.12 5.12 5.12 5.12 5.13 5.13 5.13 5.13 5.07 5.07 5.07 5.07 4.92 4.92 4.92 4.92 4.95 5.71 5.71 5.71 4.99 4.99 4.99 4.99 5.07 5.07 5.07 5.07 5.12 5.12 5.12 5.12 5.36 5.36 5.36 5.36 5.35 5.84 5.35 5.35 5.33 5.33 5.33 5.33 5.28 4.81 4.81 4.81
