New_Model_Runs/9_Future_Present_Scn2_out/post_prcessed_with_MFR/Monthly_summaries/net_infiltration_monthly_FEB.asc
NCOLS 700
NROWS 400
XLLCENTER 515000.000000
YLLCENTER 8409000.000000
CELLSIZE 50.000000
NODATA_value -999.000000
[rows 228 to 265 of 400, columns 84 to 167 of 700]
6.73 7.46 6.73 6.73 6.74 6.74 6.74 6.74 7.46 6.74 6.74 6.74 6.83 6.83 6.83 6.83 6.77 6.77 6.77 6.77 6.75 6.75 6.75 6.75 6.80 6.80 6.80 6.80 7.35 7.37 6.98 6.98 7.01 7.01 7.01 7.01 7.05 7.05 7.05 7.05 7.07 7.07 7.07 7.07 6.96 6.96 6.96 6.96 6.92 6.92 6.92 6.92 6.91 7.79 6.91 6.91 6.94 6.94 6.94 6.94 7.30 7.30 10.03 10.03 10.01 10.01 10.01 11.06 9.98 9.98 9.98 9.98 7.30 7.30 7.30 7.30 7.52 7.52 7.52 10.35 10.33 10.33 10.33 10.80
6.73 6.73 6.73 6.73 6.74 6.74 6.74 6.74 6.74 6.74 7.46 6.74 6.83 6.83 6.83 6.83 6.77 6.77 6.77 6.77 6.75 6.75 6.75 7.49 6.80 6.80 6.80 6.80 7.35 6.98 6.98 6.98 7.01 7.01 7.01 7.01 7.95 7.05 7.05 7.05 7.07 7.07 7.07 7.07 6.96 6.96 6.96 6.96 6.92 6.92 6.92 6.92 6.91 6.91 6.91 6.91 6.94 6.94 6.94 6.94 7.30 7.30 10.03 10.03 10.01 7.29 7.29 10.01 9.98 9.98 9.98 10.42 7.30 7.30 7.30 7.30 7.52 7.52 7.52 7.52 7.51 10.33 10.33 10.33
6.73 6.73 6.73 6.73 6.74 6.74 6.74 6.74 6.74 6.74 6.74 6.74 6.83 7.57 6.83 7.56 6.77 7.50 6.77 6.77 6.75 7.48 6.75 6.75 6.80 6.80 6.80 6.80 7.86 6.98 6.98 6.98 7.01 7.01 7.01 7.01 7.05 7.05 7.05 7.05 7.07 7.46 7.46 7.07 6.96 6.96 6.96 6.96 7.80 6.92 6.92 6.92 6.91 6.91 6.91 6.91 6.94 6.94 6.94 6.94 7.30 7.30 7.30 7.30 8.21 7.29 10.01 10.01 7.27 7.27 9.98 10.42 7.30 7.30 7.30 7.30 7.52 7.52 9.17 7.52 7.51 7.51 7.51 7.51
6.73 6.73 6.73 6.73 6.74 6.74 6.74 6.74 6.74 6.74 6.74 6.74 6.83 6.83 6.83 6.83 6.77 6.77 6.77 7.49 7.48 6.75 6.75 6.75 6.80 6.80 6.80 6.80 6.98 6.98 6.98 6.98 7.01 7.01 7.01 7.01 7.05 7.05 7.05 7.05 7.07 7.07 7.45 7.07 6.96 6.96 6.96 6.96 6.92 7.80 6.92 6.92 6.91 6.91 6.91 6.91 6.94 6.94 6.94 6.94 7.30 7.30 7.30 7.30 7.29 7.29 10.01 7.29 7.27 7.27 9.98 7.27 7.30 7.30 7.30 7.30 7.52 7.52 7.52 7.52 7.51 7.51 7.51 7.51
6.67 6.67 7.39 7.39 6.66 6.66 6.66 6.66 6.66 6.66 6.66 6.66 6.74 7.97 6.74 7.46 6.71 6.71 6.71 6.71 6.75 6.75 6.75 6.75 6.80 6.80 6.80 6.80 6.99 6.99 6.99 6.99 7.04 7.04 7.04 7.04 7.04 7.04 7.04 7.04 7.02 7.02 7.02 7.02 6.92 6.92 6.92 6.92 6.92 6.92 6.92 6.92 6.96 6.96 6.96 6.96 7.00 7.00 7.00 7.00 7.34 7.34 7.34 7.34 7.31 7.31 7.31 7.31 7.29 7.29 7.29 7.29 7.33 7.33 7.33 7.33 7.56 7.56 8.50 7.56 7.57 7.57 7.57 7.57
6.67 6.67 6.67 6.67 6.66 6.66 6.66 6.66 6.66 7.91 6.66 6.66 6.74 6.74 6.74 6.74 6.71 6.71 6.71 6.71 6.75 6.75 6.75 6.75 6.80 6.80 6.80 6.80 6.99 6.99 6.99 6.99 7.04 7.04 7.04 7.04 7.04 7.04 7.04 7.94 7.02 7.02 7.02 7.02 6.92 6.92 6.92 6.92 6.92 6.92 6.92 6.92 6.96 6.96 6.96 6.96 7.00 7.00 7.00 7.00 7.34 7.34 8.94 7.34 7.31 7.31 7.31 7.31 8.21 7.29 7.29 7.29 7.33 7.33 7.33 7.33 7.56 7.56 7.56 7.56 7.57 7.57 7.57 7.57
7.39 6.67 6.67 6.67 6.66 6.66 6.66 6.66 6.66 6.66 6.66 6.66 6.74 6.74 6.74 6.74 6.71 6.71 6.71 6.71 6.75 6.75 6.75 6.75 6.80 6.80 6.80 6.80 6.99 6.99 6.99 6.99 7.04 7.04 7.04 7.04 8.35 7.43 8.19 7.04 7.02 7.41 7.02 7.02 6.92 6.92 6.92 6.92 6.92 6.92 6.92 6.92 6.96 6.96 6.96 6.96 7.00 7.00 7.00 7.00 7.34 7.34 7.34 8.94 7.31 7.31 7.31 7.31 7.29 7.29 7.29 7.29 7.33 7.33 7.33 7.33 7.56 7.56 7.56 9.22 9.23 7.57 7.57 7.57
7.38 6.67 6.67 6.67 6.66 6.66 7.37 6.66 6.66 6.66 6.66 6.66 6.74 6.74 6.74 6.74 6.71 6.71 6.71 6.71 6.75 6.75 6.75 6.75 6.80 6.80 6.80 6.80 6.99 6.99 6.99 6.99 7.04 7.04 7.04 7.95 7.04 7.04 7.04 7.04 7.02 7.02 7.02 7.02 6.92 6.92 6.92 6.92 6.92 6.92 6.92 6.92 6.96 6.96 6.96 6.96 7.00 7.00 7.00 7.00 7.34 7.34 7.34 7.34 7.31 7.31 7.31 7.31 7.29 7.29 7.29 7.29 7.33 7.33 7.33 7.33 7.56 7.56 7.56 7.56 9.23 7.57 7.57 7.57
6.60 6.60 6.60 7.31 6.60 6.60 6.60 6.60 6.59 6.59 6.59 6.59 6.70 6.70 6.70 6.70 6.77 6.77 6.77 6.77 6.85 6.85 6.85 6.85 6.88 6.88 6.88 6.88 7.07 7.07 7.07 7.07 7.07 7.07 7.07 7.45 7.02 7.02 7.02 7.02 7.01 7.01 7.01 7.01 6.96 6.96 6.96 6.96 7.00 7.00 7.00 7.00 7.04 7.04 7.04 7.04 7.07 7.07 7.07 7.07 7.39 7.39 7.39 8.31 7.33 8.24 7.33 7.33 7.30 7.30 7.30 7.30 7.35 7.35 7.35 7.35 7.58 7.58 7.58 7.58 7.60 9.27 7.60 7.60
6.60 6.60 6.60 6.60 6.60 6.60 6.60 6.60 6.59 6.59 7.30 6.59 6.70 6.70 6.70 6.70 6.77 6.77 6.77 6.77 6.85 6.85 6.85 6.85 6.88 6.88 6.88 6.88 7.07 7.07 7.07 7.07 7.07 7.07 7.07 7.07 7.02 7.02 7.02 7.02 7.01 7.01 7.01 7.01 6.96 6.96 6.96 6.96 7.00 7.00 7.00 7.00 7.04 7.04 7.04 7.04 7.07 7.07 7.07 7.07 7.39 7.39 7.39 7.39 7.33 7.33 7.33 7.33 7.30 7.30 7.30 7.30 7.35 7.35 7.35 7.35 7.58 7.58 7.58 7.58 7.60 8.55 7.60 7.60
6.60 6.60 7.31 6.60 6.60 6.60 6.60 6.60 6.59 6.59 6.59 6.59 6.70 6.70 6.70 6.70 6.77 6.77 6.77 6.77 6.85 6.85 6.85 6.85 6.88 6.88 6.88 6.88 7.07 7.07 7.07 7.07 7.07 7.07 7.07 7.07 7.02 7.02 7.02 7.02 7.01 7.01 7.01 7.01 6.96 6.96 6.96 6.96 7.00 7.00 7.00 7.00 7.04 7.04 7.04 7.04 7.07 7.07 7.07 7.07 7.39 7.39 7.39 7.39 7.33 7.33 7.33 10.68 7.30 7.30 7.30 7.30 7.35 7.35 7.35 7.35 7.58 7.58 7.58 7.58 7.60 8.55 7.60 7.60
6.60 6.60 6.60 6.60 6.60 6.60 6.60 6.60 7.83 6.59 6.59 6.59 6.70 6.70 6.70 6.70 6.77 6.77 6.77 6.77 6.85 6.85 6.85 6.85 6.88 6.88 6.88 6.88 7.07 7.07 7.07 7.07 7.07 7.98 7.07 7.45 7.02 7.02 7.02 7.02 7.01 7.01 7.01 7.01 6.96 6.96 6.96 6.96 7.00 7.00 7.00 7.00 7.04 7.04 7.04 7.04 7.07 7.07 7.07 7.07 7.39 7.39 9.00 7.39 7.33 9.18 8.93 7.33 7.30 7.30 7.30 7.30 7.35 7.35 7.35 7.35 7.58 7.58 7.58 7.58 7.60 7.60 8.55 7.60
6.57 6.57 6.57 6.57 6.60 6.60 6.60 6.60 6.62 6.62 6.62 6.62 6.76 6.76 6.76 6.76 6.87 6.87 6.87 6.87 6.93 6.93 6.93 6.93 6.96 6.96 6.96 6.96 6.79 6.79 6.79 6.79 7.06 7.06 7.06 7.06 7.03 7.03 7.03 7.03 7.04 7.04 7.04 7.04 6.99 6.99 6.99 6.99 7.05 7.05 7.05 7.05 7.09 7.09 7.09 7.09 7.10 7.10 7.10 7.10 7.39 7.39 7.39 8.30 8.23 7.31 7.31 7.31 7.30 8.89 8.89 7.30 7.35 7.35 7.35 7.35 7.59 7.59 7.59 7.59 7.62 7.62 7.62 7.62
9.34 10.77 6.57 6.57 6.60 6.60 6.60 6.60 7.33 6.62 6.62 6.62 6.76 6.76 8.00 6.76 6.87 6.87 6.87 6.87 6.93 6.93 6.93 6.93 6.96 6.96 6.96 6.96 6.79 6.79 6.79 6.79 8.11 7.45 7.06 7.06 7.03 7.03 7.03 7.03 7.04 7.04 7.04 7.04 6.99 6.99 6.99 6.99 7.05 7.05 7.05 7.05 7.09 7.09 7.09 7.09 7.10 7.10 7.10 7.10 7.39 7.39 7.39 7.39 7.31 7.31 7.31 7.31 7.30 7.30 7.30 7.30 7.35 7.35 7.35 7.35 7.59 7.59 7.59 7.59 7.62 7.62 7.62 7.62
7.81 7.81 7.81 7.81 7.85 7.85 6.55 6.55 6.57 7.29 6.57 6.57 6.61 6.61 6.61 6.61 6.71 6.71 6.71 6.71 6.77 6.77 6.77 6.77 6.80 6.80 6.80 8.06 6.78 6.78 6.78 6.78 6.73 7.47 6.73 6.73 6.71 6.71 6.71 6.71 6.72 6.72 7.49 6.72 6.68 6.68 6.68 6.68 6.74 6.74 6.74 6.74 6.77 6.77 6.77 6.77 6.79 6.79 6.79 7.66 6.98 6.98 6.98 6.98 6.90 7.85 6.90 6.90 6.89 6.89 6.89 6.89 6.94 6.94 6.94 6.94 7.28 7.28 7.28 7.28 7.31 7.31 7.31 7.31
7.81 7.81 7.81 7.81 7.85 7.85 7.85 7.85 7.87 6.57 6.57 6.57 6.61 6.61 6.61 6.61 6.71 6.71 6.71 6.71 6.77 6.77 6.77 6.77 6.80 6.80 6.80 6.80 6.78 6.78 6.78 6.78 6.73 6.73 6.73 6.73 6.71 6.71 6.71 6.71 7.45 7.45 6.72 6.72 6.68 6.68 6.68 6.68 6.74 6.74 6.74 6.74 6.77 6.77 6.77 6.77 6.79 6.79 6.79 8.27 6.98 6.98 6.98 6.98 6.90 6.90 6.90 6.90 6.89 6.89 6.89 6.89 6.94 6.94 6.94 6.94 7.28 8.20 7.28 7.28 7.31 7.31 7.31 7.31
7.83 7.83 7.83 7.83 7.88 7.88 7.88 7.88 7.90 11.47 7.90 7.90 6.64 6.64 6.64 6.64 6.74 6.74 6.74 6.74 6.82 6.82 6.82 6.82 6.85 6.85 6.85 6.85 6.79 6.79 6.79 6.79 6.71 6.71 6.71 6.71 6.71 6.71 6.71 6.71 6.72 6.72 6.72 6.72 6.68 6.68 6.68 6.68 6.75 6.75 6.75 6.75 6.80 6.80 6.80 6.80 6.77 6.77 6.77 6.77 6.93 6.93 6.93 6.93 6.88 6.88 6.88 6.88 6.88 6.88 6.88 6.88 6.91 6.91 6.91 6.91 7.26 7.26 7.26 8.19 7.33 7.33 7.33 7.33
7.83 7.83 7.83 7.83 7.88 7.88 7.88 7.88 7.90 7.90 7.90 7.90 7.98 7.98 7.98 6.64 6.74 6.74 6.74 6.74 6.82 6.82 6.82 6.82 6.85 6.85 6.85 8.22 8.05 6.79 6.79 6.79 6.71 6.71 6.71 6.71 6.71 6.71 6.71 6.71 6.72 6.72 6.72 6.72 6.68 6.68 6.68 6.68 8.23 6.75 6.75 6.75 6.80 6.80 8.28 8.68 6.77 6.77 6.77 6.77 6.93 6.93 6.93 7.81 6.88 6.88 6.88 6.88 6.88 6.88 6.88 6.88 6.91 6.91 6.91 6.91 7.26 8.18 7.26 7.26 8.92 7.33 7.33 7.33
7.83 7.83 7.83 7.83 7.88 7.88 7.88 7.88 7.90 7.90 7.90 7.90 7.98 7.98 7.98 7.98 7.66 7.66 7.66 6.74 6.82 6.82 6.82 6.82 6.85 6.85 6.85 8.22 8.99 6.89 6.79 8.05 6.71 6.71 6.71 6.71 6.71 6.71 6.71 6.71 6.72 6.72 6.72 6.72 6.68 6.68 6.68 6.68 7.60 6.75 6.75 6.75 6.80 6.80 6.80 6.80 6.77 6.77 6.77 6.77 6.93 6.93 6.93 7.81 6.88 6.88 6.88 6.88 6.88 6.88 6.88 6.88 6.91 6.91 6.91 6.91 7.26 7.26 7.26 7.26 7.33 7.33 7.33 7.33
7.83 7.83 7.83 7.83 8.58 7.88 7.88 7.88 8.56 8.60 7.90 7.90 7.98 7.98 7.98 7.98 7.66 7.66 7.66 7.66 7.75 7.75 6.82 6.82 6.85 7.24 7.26 6.94 8.02 8.02 6.89 6.79 6.71 6.71 6.71 6.71 6.71 6.71 6.71 6.71 10.56 6.72 6.72 7.45 6.68 6.68 6.68 6.68 6.75 6.75 6.75 7.62 6.80 6.80 6.80 7.67 6.77 6.77 6.77 6.77 8.46 6.93 6.93 6.93 6.88 6.88 6.88 6.88 6.88 6.88 6.88 6.88 7.80 6.91 6.91 6.91 7.26 7.26 7.26 7.26 7.33 7.33 7.33 7.33
7.84 7.84 7.84 7.84 7.90 7.90 7.90 7.90 7.91 7.91 7.91 7.91 7.98 7.98 7.98 7.98 7.68 7.68 7.68 7.68 7.79 7.79 7.79 7.79 10.83 6.85 8.22 8.12 8.02 6.88 7.51 6.77 6.70 6.70 6.70 6.70 6.71 6.71 8.87 8.87 10.57 6.73 6.73 6.73 6.98 6.98 6.98 6.98 6.72 6.72 6.72 7.59 6.79 6.79 6.79 8.29 6.74 6.74 6.74 6.74 6.90 6.90 6.90 6.90 6.88 6.88 6.88 7.76 6.87 6.87 6.87 6.87 10.07 6.88 6.88 6.88 7.25 7.25 7.25 7.25 7.32 7.32 7.32 8.25
7.84 7.84 7.84 7.84 7.90 7.90 7.90 7.90 7.91 8.57 7.91 7.91 7.98 7.98 7.98 7.98 7.68 8.86 7.68 7.68 7.79 7.79 7.79 7.79 7.79 7.79 8.62 8.79 6.88 7.01 6.77 6.77 6.70 6.70 6.70 6.70 6.71 6.71 8.87 8.87 8.90 8.90 7.46 6.73 6.98 6.98 6.98 6.98 6.72 6.72 6.72 6.72 6.79 6.79 6.86 6.86 6.74 7.61 6.74 7.65 6.90 6.90 6.90 6.90 6.88 6.88 6.88 6.88 6.87 6.87 6.87 6.87 6.88 6.88 6.88 6.88 7.25 7.25 7.25 7.25 7.32 7.32 7.32 7.32
7.84 7.84 7.84 7.84 7.90 7.90 7.90 7.90 7.91 7.91 7.91 7.91 7.98 7.98 7.98 7.98 7.68 7.68 7.68 7.68 7.79 7.85 7.79 12.24 7.85 7.79 8.62 7.79 8.48 8.71 7.70 7.70 6.70 6.70 6.70 6.70 6.71 6.71 6.71 8.87 8.90 8.90 8.90 6.73 6.98 6.98 6.98 6.98 6.72 6.72 6.72 6.72 6.79 7.66 6.86 6.86 6.74 6.74 6.74 6.74 6.90 6.90 8.42 6.90 6.88 6.88 6.88 6.88 6.87 6.87 6.87 6.87 6.88 6.88 6.88 6.88 7.25 7.25 7.25 7.25 7.32 7.32 7.32 8.25
7.84 7.84 7.84 7.84 7.90 7.90 7.90 7.90 7.91 7.91 8.61 7.91 7.98 7.98 7.98 7.98 7.68 8.86 7.68 7.68 7.85 7.85 9.67 9.10 7.94 7.79 7.79 7.79 7.70 7.70 7.89 11.79 7.60 7.60 7.60 6.70 6.71 6.71 6.71 8.87 8.90 9.72 8.90 8.90 7.88 6.98 6.98 6.98 6.72 6.72 6.72 6.72 6.79 6.79 6.79 7.74 6.74 6.74 6.74 6.74 6.90 6.90 8.42 6.90 6.88 8.57 8.57 6.88 6.87 6.87 6.87 6.87 6.88 6.88 8.39 6.88 7.25 7.25 7.25 7.25 7.32 7.32 7.32 8.25
7.86 7.86 7.86 7.86 7.90 7.90 7.90 7.90 7.90 7.90 9.73 7.90 7.99 7.99 7.99 7.99 7.68 7.68 7.68 7.68 7.84 9.24 9.37 9.10 9.66 8.06 7.92 7.79 7.89 7.70 7.89 8.49 8.38 7.62 7.62 7.62 9.40 9.40 8.88 8.88 8.90 9.73 9.73 6.73 6.96 6.96 6.96 6.96 6.68 6.68 6.68 6.68 6.84 6.84 6.75 7.62 6.72 6.72 6.72 8.18 8.42 6.90 7.79 6.90 6.90 7.03 7.03 6.90 6.86 8.37 7.74 6.86 6.85 6.85 6.85 6.85 7.25 7.25 7.25 7.25 7.32 7.32 7.32 7.32
7.86 7.86 7.86 7.86 7.90 7.90 7.90 7.90 7.90 7.90 7.90 8.56 7.99 7.99 7.99 7.99 7.68 7.68 7.68 7.68 7.84 9.92 8.65 9.92 9.78 4.03 3.89 3.62 10.28 7.70 7.89 7.70 7.62 7.62 7.62 7.62 7.62 7.62 7.62 9.40 9.43 9.43 8.90 6.73 6.96 6.96 6.96 6.96 6.68 6.68 6.68 6.68 6.75 6.84 6.84 7.69 6.72 6.72 6.72 6.72 8.42 8.59 8.42 8.42 8.41 8.41 8.41 8.41 6.86 8.37 6.86 6.86 6.85 6.85 6.85 6.85 7.25 7.25 7.25 7.25 7.32 7.32 7.32 10.70
7.86 7.86 7.76 7.76 7.90 9.17 7.90 8.60 7.90 7.90 7.90 7.90 7.99 7.82 7.82 7.82 7.88 7.76 7.76 7.68 8.11 3.54 3.40 8.78 6.21 11.38 11.65 11.51 6.19 10.28 7.97 7.70 7.62 7.62 7.62 7.62 7.62 7.85 7.85 7.62 9.43 9.43 10.13 9.43 9.79 6.96 6.96 6.96 6.68 6.68 6.68 6.68 6.75 6.84 8.42 7.69 6.72 6.72 6.72 8.31 8.59 8.59 8.59 8.59 8.41 6.90 6.90 6.90 8.37 8.37 6.86 6.86 6.85 6.85 6.85 6.85 7.25 7.25 7.25 7.25 7.32 7.32 7.32 7.32
8.57 7.76 7.76 8.23 7.90 8.60 7.90 7.90 7.90 7.90 7.90 7.90 8.67 7.99 7.99 7.82 8.28 7.88 7.68 7.76 8.39 3.21 5.94 11.10 0.00 0.00 0.00 0.00 0.00 10.99 3.48 7.97 7.62 7.62 7.62 7.62 7.62 8.04 8.67 7.62 7.65 9.43 9.43 9.51 9.79 7.93 7.93 7.93 6.68 6.68 6.68 6.68 6.75 8.23 8.42 8.42 6.72 6.72 6.72 8.18 8.59 8.59 8.98 8.59 6.90 6.90 6.90 6.90 8.37 8.37 6.86 6.86 6.85 6.85 6.85 6.85 7.25 7.25 7.25 7.25 7.32 7.32 7.32 7.32
8.54 7.77 7.77 7.77 8.60 7.90 7.90 7.90 7.89 7.89 7.89 7.89 8.01 8.34 8.01 8.01 7.76 7.67 7.76 7.76 13.91 5.94 0.00 0.00 0.00 0.00 0.00 0.00 0.00 0.00 13.00 8.84 7.64 7.64 8.41 7.64 7.61 7.85 7.85 7.61 7.63 9.40 10.49 9.40 9.77 9.77 7.92 7.92 7.94 7.94 7.94 6.96 6.71 8.82 6.76 8.42 6.82 8.18 6.72 6.72 8.44 8.60 8.44 6.92 6.90 8.41 10.10 6.90 6.84 6.84 7.72 8.69 7.72 6.84 6.84 6.84 7.25 7.25 7.25 7.25 7.34 7.34 7.34 7.34
7.77 7.77 7.77 7.77 7.90 7.90 7.90 7.78 7.89 7.89 7.89 7.89 8.01 8.01 8.01 8.01 7.67 7.67 7.67 10.95 0.14 0.00 0.00 0.00 0.00 0.00 0.00 0.00 0.00 0.00 0.00 13.14 9.83 7.64 7.64 7.64 7.61 7.61 7.85 7.61 7.63 9.40 9.40 9.69 10.07 9.77 8.62 7.92 7.94 7.94 7.94 7.94 8.03 8.03 8.03 6.82 6.82 6.82 6.72 6.72 8.60 8.60 8.44 6.92 8.41 7.39 8.41 8.58 8.34 6.84 6.84 6.84 6.84 6.84 6.84 6.84 7.25 7.25 7.25 7.25 7.34 7.34 7.34 7.37
7.92 7.92 7.92 7.92 7.92 8.32 8.32 8.32 9.21 8.31 8.31 8.31 8.33 8.33 8.33 8.33 8.44 8.44 11.21 0.00 0.00 0.00 0.00 0.00 0.00 0.00 0.00 0.00 0.00 0.00 0.00 3.55 8.75 10.11 7.87 7.73 8.67 8.42 8.42 8.42 7.72 7.72 9.14 10.22 9.39 9.08 7.58 7.58 7.59 7.59 7.59 7.59 7.69 7.69 7.69 7.88 7.89 14.61 6.45 7.11 7.83 6.63 7.83 7.83 6.61 6.61 7.81 6.61 6.56 6.56 6.56 6.56 6.56 6.56 6.56 6.56 6.88 6.88 6.88 6.88 6.65 6.65 6.67 8.09
7.92 7.92 7.92 7.92 7.92 8.32 8.32 8.32 8.31 8.31 8.31 8.96 8.98 9.62 9.76 11.49 9.08 11.94 0.00 0.00 0.00 0.00 0.00 0.00 0.00 0.00 0.00 0.00 0.00 0.00 0.00 0.00 6.28 3.42 11.85 7.87 8.42 8.42 7.79 8.42 7.72 7.72 9.14 9.26 9.08 9.08 7.58 7.58 7.59 7.59 7.59 7.59 7.69 7.69 7.69 7.88 8.50 7.89 7.89 7.70 7.51 6.63 6.63 7.83 9.97 6.61 7.33 6.61 6.56 6.56 6.56 6.56 6.56 6.56 6.56 6.71 6.88 6.88 6.88 6.88 6.65 6.65 6.65 6.78
7.91 8.56 7.91 7.91 7.91 8.28 8.91 8.28 8.29 8.29 8.29 8.29 9.64 9.64 9.24 9.78 12.34 0.00 0.00 0.00 0.00 0.00 0.00 0.00 0.00 0.00 0.00 0.00 0.00 0.00 0.00 0.00 6.01 8.88 10.24 7.84 8.38 8.38 8.38 7.92 8.40 8.40 8.40 9.72 9.07 9.07 10.38 9.07 7.57 7.57 7.57 7.57 7.65 7.65 7.65 7.86 7.88 8.03 7.75 7.67 8.54 8.54 8.46 9.43 6.58 6.58 6.58 6.58 6.55 6.55 6.55 6.55 6.56 6.56 7.74 6.56 6.84 6.84 6.84 6.84 6.94 6.94 8.24 8.24
8.27 7.91 7.91 7.91 8.28 8.28 8.28 8.28 8.29 8.29 8.29 8.29 9.64 9.64 9.38 12.48 11.79 0.00 0.00 0.00 0.00 0.00 0.00 0.00 0.00 0.00 0.00 0.00 0.00 0.00 0.00 0.00 6.01 8.75 9.83 9.26 8.38 8.38 8.38 9.03 8.40 8.40 9.06 9.72 9.38 7.93 9.38 9.07 7.57 7.57 7.57 7.57 7.65 7.65 7.65 7.65 2.21 8.10 7.67 8.02 8.54 8.29 10.41 8.54 8.44 8.48 7.88 7.88 6.55 6.55 6.55 6.55 6.56 6.56 6.56 7.74 8.10 8.12 6.84 8.12 6.94 7.33 7.33 8.11
8.27 8.27 8.27 8.27 8.28 8.28 8.15 8.28 8.29 8.29 8.66 8.29 9.64 9.91 12.66 11.52 0.00 0.00 0.00 0.00 0.00 0.00 0.00 0.00 0.00 0.00 0.00 0.00 0.00 0.00 0.00 0.00 11.75 8.61 9.92 9.40 9.69 8.38 8.38 7.92 8.40 8.40 7.93 9.72 9.07 8.23 9.38 9.07 7.57 7.57 7.57 8.43 8.47 7.65 7.65 8.00 6.32 8.55 7.67 7.67 7.93 8.29 8.46 8.46 8.44 8.48 8.48 8.48 7.84 7.84 7.84 6.55 6.56 6.56 6.56 7.74 6.84 6.84 6.84 6.84 7.31 6.94 6.94 6.70
8.27 8.27 8.27 7.91 8.04 7.91 8.28 8.28 7.91 8.29 8.93 8.29 9.48 8.66 11.65 0.00 0.00 0.00 0.00 0.00 0.00 0.00 0.00 0.00 0.00 0.00 0.00 0.00 0.00 0.00 0.00 0.00 3.41 11.25 9.51 10.49 8.38 7.92 7.77 8.38 9.06 7.93 8.52 9.24 9.53 8.23 9.73 9.07 7.57 7.57 7.57 8.43 8.47 8.20 8.30 2.13 9.53 7.81 8.36 7.67 7.93 8.46 8.46 8.46 8.44 8.48 9.61 8.48 8.41 7.84 7.84 7.84 7.85 7.85 6.56 6.56 6.84 6.84 6.84 6.84 6.94 6.94 6.94 6.70
8.28 8.28 8.28 8.65 8.78 8.04 8.27 8.27 8.26 7.90 7.90 9.37 8.93 12.07 0.00 0.00 0.00 0.00 0.00 0.00 0.00 0.00 0.00 0.00 0.00 0.00 0.00 0.00 0.00 0.00 0.00 0.00 0.00 9.06 11.44 8.36 7.73 8.31 8.33 8.33 8.38 7.93 8.56 9.37 7.02 9.18 7.56 7.56 7.56 7.56 7.56 7.66 8.46 7.63 8.60 3.19 7.41 9.56 7.63 7.63 7.88 8.48 8.44 9.53 8.43 7.68 8.47 7.88 7.86 7.86 7.86 7.86 7.86 7.86 7.86 7.86 7.75 7.75 6.81 6.81 6.88 6.88 6.88 6.93
11.56 11.56 11.56 8.55 10.61 10.61 8.40 8.27 8.26 8.26 7.90 8.92 11.79 0.00 0.00 0.00 0.00 0.00 0.00 0.00 0.00 0.00 0.00 0.00 0.00 0.00 0.00 0.00 0.00 0.00 0.00 0.00 0.00 8.36 12.20 9.67 7.73 8.33 8.33 8.33 8.38 8.38 11.04 9.83 9.33 9.05 7.69 7.56 7.56 7.56 7.56 7.66 7.37 7.77 8.45 3.46 3.22 10.11 8.32 7.63 7.88 7.88 8.25 8.25 7.68 7.68 7.88 7.88 7.86 7.86 7.86 8.46 7.86 7.86 7.86 7.86 7.75 7.75 7.75 7.75 7.85 6.88 6.88 6.88
