New_Model_Runs/9_Future_Present_Scn2_out/post_prcessed_with_MFR/Monthly_summaries/rainfall_monthly_JAN.asc
NCOLS 700
NROWS 400
XLLCENTER 515000.000000
YLLCENTER 8409000.000000
CELLSIZE 50.000000
NODATA_value -999.000000
[rows 288 to 323 of 400, columns 162 to 242 of 700]
14.40 14.40 14.40 14.40 14.40 14.40 14.40 14.40 14.40 14.40 14.40 14.40 14.40 14.40 14.52 14.52 14.52 14.52 14.52 14.52 14.52 14.52 14.52 14.51 14.51 14.51 14.51 14.51 14.51 14.51 14.92 14.92 14.92 14.92 14.92 14.92 14.92 14.92 14.92 14.92 14.92 14.92 14.92 14.92 14.92 14.92 15.05 15.05 15.05 15.05 15.05 15.05 15.05 15.05 15.05 15.05 15.05 15.05 15.05 15.05 15.05 15.05 14.65 14.65 14.65 14.65 14.65 14.65 14.65 14.65 14.65 14.65 14.65 14.66 14.66 14.66 14.66 14.66 13.72 13.72 13.72
14.40 14.40 14.40 14.40 14.40 14.40 14.40 14.40 14.40 14.40 14.40 14.40 14.40 14.40 14.52 14.52 14.52 14.52 14.52 14.52 14.52 14.52 14.52 14.51 14.51 14.51 14.51 14.51 14.51 14.51 14.92 14.92 14.92 14.92 14.92 14.92 14.92 14.92 14.92 14.92 14.92 14.92 14.92 14.92 14.92 14.92 15.05 15.05 15.05 15.05 15.05 15.05 15.05 15.05 15.05 15.05 15.05 15.05 15.05 15.05 15.05 15.05 14.65 14.65 14.65 14.65 14.65 14.65 14.65 14.65 14.65 14.65 14.65 14.65 14.66 14.66 14.66 14.66 13.72 13.72 13.72
13.20 13.20 13.20 13.20 13.20 13.20 13.20 13.20 13.20 13.20 13.20 13.20 13.20 13.20 13.45 13.45 13.45 13.45 13.45 13.45 13.45 13.45 13.45 13.44 13.44 13.44 13.44 13.44 13.44 13.44 13.81 13.81 13.81 13.81 13.81 13.81 13.81 13.81 13.81 13.81 13.81 13.81 13.81 13.81 13.81 13.81 14.05 14.05 14.05 14.05 14.05 14.05 14.05 14.05 14.05 14.05 14.05 14.05 14.05 14.05 14.05 14.05 13.86 13.86 13.86 13.86 13.86 13.86 13.86 13.86 13.86 13.86 13.86 13.86 13.86 13.87 13.87 13.87 13.12 13.12 13.12
13.20 13.20 13.20 13.20 13.20 13.20 13.20 13.20 13.20 13.20 13.20 13.20 13.20 13.20 13.45 13.45 13.45 13.45 13.45 13.45 13.45 13.45 13.44 13.44 13.44 13.44 13.44 13.44 13.44 13.44 13.81 13.81 13.81 13.81 13.81 13.81 13.81 13.81 13.81 13.81 13.81 13.81 13.81 13.81 13.81 13.81 14.05 14.05 14.05 14.05 14.05 14.05 14.05 14.05 14.05 14.05 14.05 14.05 14.05 14.05 14.05 14.05 13.86 13.86 13.86 13.86 13.86 13.86 13.86 13.86 13.86 13.86 13.86 13.86 13.86 13.86 13.87 13.87 13.12 13.12 13.12
13.20 13.20 13.20 13.20 13.20 13.20 13.20 13.20 13.20 13.20 13.20 13.20 13.20 13.20 13.45 13.45 13.45 13.45 13.45 13.45 13.45 13.45 13.44 13.44 13.44 13.44 13.44 13.44 13.44 13.44 13.81 13.81 13.81 13.81 13.81 13.81 13.81 13.81 13.81 13.81 13.81 13.81 13.81 13.81 13.81 13.81 14.05 14.05 14.05 14.05 14.05 14.05 14.05 14.05 14.05 14.05 14.05 14.05 14.05 14.05 14.05 14.05 13.86 13.86 13.86 13.86 13.86 13.86 13.86 13.86 13.86 13.86 13.86 13.86 13.86 13.86 13.86 13.87 13.12 13.12 13.12
13.20 13.20 13.20 13.20 13.20 13.20 13.20 13.20 13.20 13.20 13.20 13.20 13.20 13.20 13.45 13.45 13.45 13.45 13.45 13.45 13.45 13.45 13.44 13.44 13.44 13.44 13.44 13.44 13.44 13.44 13.81 13.81 13.81 13.81 13.81 13.81 13.81 13.81 13.81 13.81 13.81 13.81 13.81 13.81 13.81 13.81 14.05 14.05 14.05 14.05 14.05 14.05 14.05 14.05 14.05 14.05 14.05 14.05 14.05 14.05 14.05 14.05 13.86 13.86 13.86 13.86 13.86 13.86 13.86 13.86 13.86 13.86 13.86 13.86 13.86 13.86 13.86 13.86 13.12 13.12 13.12
13.20 13.20 13.20 13.20 13.20 13.20 13.20 13.20 13.20 13.20 13.20 13.20 13.20 13.20 13.45 13.45 13.45 13.45 13.45 13.45 13.45 13.45 13.44 13.44 13.44 13.44 13.44 13.44 13.44 13.44 13.81 13.81 13.81 13.81 13.81 13.81 13.81 13.81 13.81 13.81 13.81 13.81 13.81 13.81 13.81 13.81 14.05 14.05 14.05 14.05 14.05 14.05 14.05 14.05 14.05 14.05 14.05 14.05 14.05 14.05 14.05 14.05 13.86 13.86 13.86 13.86 13.86 13.86 13.86 13.86 13.86 13.86 13.86 13.86 13.86 13.86 13.86 13.86 13.11 13.11 13.12
13.20 13.20 13.20 13.20 13.20 13.20 13.20 13.20 13.20 13.20 13.20 13.20 13.20 13.20 13.45 13.45 13.45 13.45 13.45 13.45 13.45 13.45 13.44 13.44 13.44 13.44 13.44 13.44 13.44 13.44 13.81 13.81 13.81 13.81 13.81 13.81 13.81 13.81 13.81 13.81 13.81 13.81 13.81 13.81 13.81 13.81 14.05 14.05 14.05 14.05 14.05 14.05 14.05 14.05 14.05 14.05 14.05 14.05 14.05 14.05 14.05 14.05 13.86 13.86 13.86 13.86 13.86 13.86 13.86 13.86 13.86 13.86 13.86 13.86 13.86 13.86 13.86 13.86 13.11 13.11 13.11
13.20 13.20 13.20 13.20 13.20 13.20 13.20 13.20 13.20 13.20 13.20 13.20 13.20 13.20 13.45 13.45 13.45 13.45 13.45 13.45 13.45 13.44 13.44 13.44 13.44 13.44 13.44 13.44 13.44 13.44 13.81 13.81 13.81 13.81 13.81 13.81 13.81 13.81 13.81 13.81 13.81 13.81 13.81 13.81 13.81 13.81 14.05 14.05 14.05 14.05 14.05 14.05 14.05 14.05 14.05 14.05 14.05 14.05 14.05 14.05 14.05 14.05 13.86 13.86 13.86 13.86 13.86 13.86 13.86 13.86 13.86 13.86 13.86 13.86 13.86 13.86 13.86 13.86 13.11 13.11 13.11
13.20 13.20 13.20 13.20 13.20 13.20 13.20 13.20 13.20 13.20 13.20 13.20 13.20 13.20 13.45 13.45 13.45 13.45 13.45 13.45 13.45 13.44 13.44 13.44 13.44 13.44 13.44 13.44 13.44 13.44 13.81 13.81 13.81 13.81 13.81 13.81 13.81 13.81 13.81 13.81 13.81 13.81 13.81 13.81 13.81 13.81 14.05 14.05 14.05 14.05 14.05 14.05 14.05 14.05 14.05 14.05 14.05 14.05 14.05 14.05 14.05 14.05 13.86 13.86 13.86 13.86 13.86 13.86 13.86 13.86 13.86 13.86 13.86 13.86 13.86 13.86 13.86 13.86 13.11 13.11 13.11
13.20 13.20 13.20 13.20 13.20 13.20 13.20 13.20 13.20 13.20 13.20 13.20 13.20 13.20 13.45 13.45 13.45 13.45 13.45 13.45 13.45 13.44 13.44 13.44 13.44 13.44 13.44 13.44 13.44 13.44 13.81 13.81 13.81 13.81 13.81 13.81 13.81 13.81 13.81 13.81 13.81 13.81 13.81 13.81 13.81 13.81 14.05 14.05 14.05 14.05 14.05 14.05 14.05 14.05 14.05 14.05 14.05 14.05 14.05 14.05 14.05 14.05 13.86 13.86 13.86 13.86 13.86 13.86 13.86 13.86 13.86 13.86 13.86 13.86 13.86 13.86 13.86 13.86 13.11 13.11 13.11
13.20 13.20 13.20 13.20 13.20 13.20 13.20 13.20 13.20 13.20 13.20 13.20 13.20 13.20 13.45 13.45 13.45 13.45 13.45 13.45 13.45 13.44 13.44 13.44 13.44 13.44 13.44 13.44 13.44 13.44 13.81 13.81 13.81 13.81 13.81 13.81 13.81 13.81 13.81 13.81 13.81 13.81 13.81 13.81 13.81 13.81 14.05 14.05 14.05 14.05 14.05 14.05 14.05 14.05 14.05 14.05 14.05 14.05 14.05 14.05 14.05 14.05 13.86 13.86 13.86 13.86 13.86 13.86 13.86 13.86 13.86 13.86 13.86 13.86 13.86 13.86 13.86 13.86 13.11 13.11 13.11
13.20 13.20 13.20 13.20 13.20 13.20 13.20 13.20 13.20 13.20 13.20 13.20 13.20 13.20 13.45 13.45 13.45 13.45 13.45 13.45 13.45 13.44 13.44 13.44 13.44 13.44 13.44 13.44 13.44 13.44 13.81 13.81 13.81 13.81 13.81 13.81 13.81 13.81 13.81 13.81 13.81 13.81 13.81 13.81 13.81 13.81 14.05 14.05 14.05 14.05 14.05 14.05 14.05 14.05 14.05 14.05 14.05 14.05 14.05 14.05 14.05 14.05 13.86 13.86 13.86 13.86 13.86 13.86 13.86 13.86 13.86 13.86 13.86 13.86 13.86 13.86 13.86 13.86 13.11 13.11 13.11
13.20 13.20 13.20 13.20 13.20 13.20 13.20 13.20 13.20 13.20 13.20 13.20 13.20 13.20 13.45 13.45 13.45 13.45 13.45 13.45 13.44 13.44 13.44 13.44 13.44 13.44 13.44 13.44 13.44 13.44 13.81 13.81 13.81 13.81 13.81 13.81 13.81 13.81 13.81 13.81 13.81 13.81 13.81 13.81 13.81 13.81 14.05 14.05 14.05 14.05 14.05 14.05 14.05 14.05 14.05 14.05 14.05 14.05 14.05 14.05 14.05 14.05 13.86 13.86 13.86 13.86 13.86 13.86 13.86 13.86 13.86 13.86 13.86 13.86 13.86 13.86 13.86 13.86 13.11 13.11 13.11
13.20 13.20 13.20 13.20 13.20 13.20 13.20 13.20 13.20 13.20 13.20 13.20 13.20 13.20 13.45 13.45 13.45 13.45 13.45 13.45 13.44 13.44 13.44 13.44 13.44 13.44 13.44 13.44 13.44 13.44 13.81 13.81 13.81 13.81 13.81 13.81 13.81 13.81 13.81 13.81 13.81 13.81 13.81 13.81 13.81 13.81 14.05 14.05 14.05 14.05 14.05 14.05 14.05 14.05 14.05 14.05 14.05 14.05 14.05 14.05 14.05 14.05 13.86 13.86 13.86 13.86 13.86 13.86 13.86 13.86 13.86 13.86 13.86 13.86 13.86 13.86 13.86 13.86 13.11 13.11 13.11
13.20 13.20 13.20 13.20 13.20 13.20 13.20 13.20 13.20 13.20 13.20 13.20 13.20 13.20 13.45 13.45 13.45 13.45 13.45 13.45 13.44 13.44 13.44 13.44 13.44 13.44 13.44 13.44 13.44 13.44 13.81 13.81 13.81 13.81 13.81 13.81 13.81 13.81 13.81 13.81 13.81 13.81 13.81 13.81 13.81 13.81 14.05 14.05 14.05 14.05 14.05 14.05 14.05 14.05 14.05 14.05 14.05 14.05 14.05 14.05 14.05 14.05 13.86 13.86 13.86 13.86 13.86 13.86 13.86 13.86 13.86 13.86 13.86 13.86 13.86 13.86 13.86 13.86 13.11 13.11 13.11
13.20 13.20 13.20 13.20 13.20 13.20 13.20 13.20 13.20 13.20 13.20 13.20 13.20 13.20 13.45 13.45 13.45 13.45 13.45 13.45 13.44 13.44 13.44 13.44 13.44 13.44 13.44 13.44 13.44 13.44 13.81 13.81 13.81 13.81 13.81 13.81 13.81 13.81 13.81 13.81 13.81 13.81 13.81 13.81 13.81 13.81 14.05 14.05 14.05 14.05 14.05 14.05 14.05 14.05 14.05 14.05 14.05 14.05 14.05 14.05 14.05 14.05 13.86 13.86 13.86 13.86 13.86 13.86 13.86 13.86 13.86 13.86 13.86 13.86 13.86 13.86 13.86 13.86 13.11 13.11 13.11
13.20 13.20 13.20 13.20 13.20 13.20 13.20 13.20 13.20 13.20 13.20 13.20 13.20 13.20 13.45 13.45 13.45 13.45 13.45 13.44 13.44 13.44 13.44 13.44 13.44 13.44 13.44 13.44 13.44 13.44 13.81 13.81 13.81 13.81 13.81 13.81 13.81 13.81 13.81 13.81 13.81 13.81 13.81 13.81 13.81 13.81 14.05 14.05 14.05 14.05 14.05 14.05 14.05 14.05 14.05 14.05 14.05 14.05 14.05 14.05 14.05 14.05 13.86 13.86 13.86 13.86 13.86 13.86 13.86 13.86 13.86 13.86 13.86 13.86 13.86 13.86 13.86 13.86 13.11 13.11 13.11
12.42 12.42 12.42 12.42 12.42 12.42 12.42 12.42 12.42 12.42 12.42 12.42 12.42 12.42 12.59 12.59 12.59 12.59 12.59 12.58 12.58 12.58 12.58 12.58 12.58 12.58 12.58 12.58 12.58 12.58 12.84 12.84 12.84 12.84 12.84 12.84 12.84 12.84 12.84 12.84 12.84 12.84 12.84 12.84 12.84 12.84 12.91 12.91 12.91 12.91 12.91 12.91 12.91 12.91 12.91 12.91 12.91 12.91 12.91 12.91 12.91 12.91 12.61 12.61 12.61 12.61 12.61 12.61 12.61 12.61 12.61 12.61 12.61 12.61 12.61 12.61 12.61 12.61 12.09 12.09 12.09
12.42 12.42 12.42 12.42 12.42 12.42 12.42 12.42 12.42 12.42 12.42 12.42 12.42 12.42 12.59 12.59 12.59 12.59 12.59 12.58 12.58 12.58 12.58 12.58 12.58 12.58 12.58 12.58 12.58 12.58 12.84 12.84 12.84 12.84 12.84 12.84 12.84 12.84 12.84 12.84 12.84 12.84 12.84 12.84 12.84 12.84 12.91 12.91 12.91 12.91 12.91 12.91 12.91 12.91 12.91 12.91 12.91 12.91 12.91 12.91 12.91 12.91 12.61 12.61 12.61 12.61 12.61 12.61 12.61 12.61 12.61 12.61 12.61 12.61 12.61 12.61 12.61 12.61 12.09 12.09 12.09
12.42 12.42 12.42 12.42 12.42 12.42 12.42 12.42 12.42 12.42 12.42 12.42 12.42 12.42 12.59 12.59 12.59 12.59 12.59 12.58 12.58 12.58 12.58 12.58 12.58 12.58 12.58 12.58 12.58 12.58 12.84 12.84 12.84 12.84 12.84 12.84 12.84 12.84 12.84 12.84 12.84 12.84 12.84 12.84 12.84 12.84 12.91 12.91 12.91 12.91 12.91 12.91 12.91 12.91 12.91 12.91 12.91 12.91 12.91 12.91 12.91 12.91 12.61 12.61 12.61 12.61 12.61 12.61 12.61 12.61 12.61 12.61 12.61 12.61 12.61 12.61 12.61 12.61 12.09 12.09 12.09
0.00 12.42 12.42 12.42 12.42 12.42 12.42 12.42 12.42 12.42 12.42 12.42 12.42 12.42 12.59 12.59 12.59 12.59 12.59 12.58 12.58 12.58 12.58 12.58 12.58 12.58 12.58 12.58 12.58 12.58 12.84 12.84 12.84 12.84 12.84 12.84 12.84 12.84 12.84 12.84 12.84 12.84 12.84 12.84 12.84 12.84 12.91 12.91 12.91 12.91 12.91 12.91 12.91 12.91 12.91 12.91 12.91 12.91 12.91 12.91 12.91 12.91 12.61 12.61 12.61 12.61 12.61 12.61 12.61 12.61 12.61 12.61 12.61 12.61 12.61 12.61 12.61 12.61 12.09 12.09 12.09
0.00 0.00 12.42 12.42 12.42 12.42 12.42 12.42 12.42 12.42 12.42 12.42 12.42 12.42 12.59 12.59 12.59 12.59 12.58 12.58 12.58 12.58 12.58 12.58 12.58 12.58 12.58 12.58 12.58 12.58 12.84 12.84 12.84 12.84 12.84 12.84 12.84 12.84 12.84 12.84 12.84 12.84 12.84 12.84 12.84 12.84 12.91 12.91 12.91 12.91 12.91 12.91 12.91 12.91 12.91 12.91 12.91 12.91 12.91 12.91 12.91 12.91 12.61 12.61 12.61 12.61 12.61 12.61 12.61 12.61 12.61 12.61 12.61 12.61 12.61 12.61 12.61 12.61 12.09 12.09 12.09
0.00 12.42 12.42 12.42 12.42 12.42 12.42 12.42 12.42 12.42 12.42 12.42 12.42 12.42 12.59 12.59 12.59 12.59 12.58 12.58 12.58 12.58 12.58 12.58 12.58 12.58 12.58 12.58 12.58 12.58 12.84 12.84 12.84 12.84 12.84 12.84 12.84 12.84 12.84 12.84 12.84 12.84 12.84 12.84 12.84 12.84 12.91 12.91 12.91 12.91 12.91 12.91 12.91 12.91 12.91 12.91 12.91 12.91 12.91 12.91 12.91 12.91 12.61 12.61 12.61 12.61 12.61 12.61 12.61 12.61 12.61 12.61 12.61 12.61 12.61 12.61 12.61 12.61 12.09 12.09 12.09
0.00 12.42 12.42 12.42 12.42 12.42 12.42 12.42 12.42 12.42 12.42 12.42 12.42 12.42 12.59 12.59 12.59 12.59 12.58 12.58 12.58 12.58 12.58 12.58 12.58 12.58 12.58 12.58 12.58 12.58 12.84 12.84 12.84 12.84 12.84 12.84 12.84 12.84 12.84 12.84 12.84 12.84 12.84 12.84 12.84 12.84 12.91 12.91 12.91 12.91 12.91 12.91 12.91 12.91 12.91 12.91 12.91 12.91 12.91 12.91 12.91 12.91 12.61 12.61 12.61 12.61 12.61 12.61 12.61 12.61 12.61 12.61 12.61 12.61 12.61 12.61 12.61 12.61 12.09 12.09 12.09
0.00 12.42 12.42 12.42 12.42 12.42 12.42 12.42 12.42 12.42 12.42 12.42 12.42 12.42 12.59 12.59 12.59 12.59 12.58 12.58 12.58 12.58 12.58 12.58 12.58 12.58 12.58 12.58 12.58 12.58 12.84 12.84 12.84 12.84 12.84 12.84 12.84 12.84 12.84 12.84 12.84 12.84 12.84 12.84 12.84 12.84 12.91 12.91 12.91 12.91 12.91 12.91 12.91 12.91 12.91 12.91 12.91 12.91 12.91 12.91 12.91 12.91 12.61 12.61 12.61 12.61 12.61 12.61 12.61 12.61 12.61 12.61 12.61 12.61 12.61 12.61 12.61 12.61 12.09 12.09 12.09
0.00 12.42 12.42 12.42 12.42 12.42 12.42 12.42 12.42 12.42 12.42 12.42 12.42 12.42 12.59 12.59 12.59 12.59 12.58 12.58 12.58 12.58 12.58 12.58 12.58 12.58 12.58 12.58 12.58 12.58 12.84 12.84 12.84 12.84 12.84 12.84 12.84 12.84 12.84 12.84 12.84 12.84 12.84 12.84 12.84 12.84 12.91 12.91 12.91 12.91 12.91 12.91 12.91 12.91 12.91 12.91 12.91 12.91 12.91 12.91 12.91 12.91 12.61 12.61 12.61 12.61 12.61 12.61 12.61 12.61 12.61 12.61 12.61 12.61 12.61 12.61 12.61 12.61 12.09 12.09 12.09
0.00 0.00 12.42 12.42 12.42 12.42 12.42 12.42 12.42 12.42 12.42 12.42 12.42 12.42 12.59 12.59 12.59 12.58 12.58 12.58 12.58 12.58 12.58 12.58 12.58 12.58 12.58 12.58 12.58 12.58 12.84 12.84 12.84 12.84 12.84 12.84 12.84 12.84 12.84 12.84 12.84 12.84 12.84 12.84 12.84 12.84 12.91 12.91 12.91 12.91 12.91 12.91 12.91 12.91 12.91 12.91 12.91 12.91 12.91 12.91 12.91 12.91 12.61 12.61 12.61 12.61 12.61 12.61 12.61 12.61 12.61 12.61 12.61 12.61 12.61 12.61 12.61 12.61 12.09 12.09 12.09
0.00 0.00 12.42 12.42 12.42 12.42 12.42 12.42 12.42 12.42 12.42 12.42 12.42 12.42 12.59 12.59 12.59 12.58 12.58 12.58 12.58 12.58 12.58 12.58 12.58 12.58 12.58 12.58 12.58 12.58 12.84 12.84 12.84 12.84 12.84 12.84 12.84 12.84 12.84 12.84 12.84 12.84 12.84 12.84 12.84 12.84 12.91 12.91 12.91 12.91 12.91 12.91 12.91 12.91 12.91 12.91 12.91 12.91 12.91 12.91 12.91 12.91 12.61 12.61 12.61 12.61 12.61 12.61 12.61 12.61 12.61 12.61 12.61 12.61 12.61 12.61 12.61 12.61 12.09 12.09 12.09
0.00 12.42 12.42 12.42 12.42 12.42 12.42 12.42 12.42 12.42 12.42 12.42 12.42 12.42 12.59 12.59 12.59 12.58 12.58 12.58 12.58 12.58 12.58 12.58 12.58 12.58 12.58 12.58 12.58 12.58 12.84 12.84 12.84 12.84 12.84 12.84 12.84 12.84 12.84 12.84 12.84 12.84 12.84 12.84 12.84 12.84 12.91 12.91 12.91 12.91 12.91 12.91 12.91 12.91 12.91 12.91 12.91 12.91 12.91 12.91 12.91 12.91 12.61 12.61 12.61 12.61 12.61 12.61 12.61 12.61 12.61 12.61 12.61 12.61 12.61 12.61 12.61 12.61 12.09 12.09 12.09
0.00 12.42 12.42 12.42 12.42 12.42 12.42 12.42 12.42 12.42 12.42 12.42 12.42 12.42 12.59 12.59 12.59 12.58 12.58 12.58 12.58 12.58 12.58 12.58 12.58 12.58 12.58 12.58 12.58 12.58 12.84 12.84 12.84 12.84 12.84 12.84 12.84 12.84 12.84 12.84 12.84 12.84 12.84 12.84 12.84 12.84 12.91 12.91 12.91 12.91 12.91 12.91 12.91 12.91 12.91 12.91 12.91 12.91 12.91 12.91 12.91 12.91 12.61 12.61 12.61 12.61 12.61 12.61 12.61 12.61 12.61 12.61 12.61 12.61 12.61 12.61 12.61 12.61 12.09 12.09 12.09
0.00 12.42 12.42 12.42 12.42 12.42 12.42 12.42 12.42 12.42 12.42 12.42 12.42 12.42 12.59 12.59 12.59 12.58 12.58 12.58 12.58 12.58 12.58 12.58 12.58 12.58 12.58 12.58 12.58 12.58 12.84 12.84 12.84 12.84 12.84 12.84 12.84 12.84 12.84 12.84 12.84 12.84 12.84 12.84 12.84 12.84 12.91 12.91 12.91 12.91 12.91 12.91 12.91 12.91 12.91 12.91 12.91 12.91 12.91 12.91 12.91 12.91 12.61 12.61 12.61 12.61 12.61 12.61 12.61 12.61 12.61 12.61 12.61 12.61 12.61 12.61 12.61 12.61 12.09 12.09 12.09
12.42 12.42 12.42 12.42 12.42 12.42 12.42 12.42 12.42 12.42 12.42 12.42 12.42 12.42 12.59 12.59 12.58 12.58 12.58 12.58 12.58 12.58 12.58 12.58 12.58 12.58 12.58 12.58 12.58 12.58 12.84 12.84 12.84 12.84 12.84 12.84 12.84 12.84 12.84 12.84 12.84 12.84 12.84 12.84 12.84 12.84 12.91 12.91 12.91 12.91 12.91 12.91 12.91 12.91 12.91 12.91 12.91 12.91 12.91 12.91 12.91 12.91 12.61 12.61 12.61 12.61 12.61 12.61 12.61 12.61 12.61 12.61 12.61 12.61 12.61 12.61 12.61 12.61 12.09 12.09 12.09
12.42 12.42 12.42 12.42 12.42 12.42 12.42 12.42 12.42 12.42 12.42 12.42 12.42 12.42 12.59 12.59 12.58 12.58 12.58 12.58 12.58 12.58 12.58 12.58 12.58 12.58 12.58 12.58 12.58 12.58 12.84 12.84 12.84 12.84 12.84 12.84 12.84 12.84 12.84 12.84 12.84 12.84 12.84 12.84 12.84 12.84 12.91 12.91 12.91 12.91 12.91 12.91 12.91 12.91 12.91 12.91 12.91 12.91 12.91 12.91 12.91 12.91 12.61 12.61 12.61 12.61 12.61 12.61 12.61 12.61 12.61 12.61 12.61 12.61 12.61 12.61 12.61 12.61 12.09 12.09 12.09
11.63 11.63 11.63 11.63 11.63 11.63 11.63 11.63 11.63 11.63 11.63 11.63 11.63 11.63 11.78 11.78 11.78 11.78 11.78 11.78 11.78 11.78 11.78 11.78 11.78 11.78 11.78 11.78 11.78 11.78 12.01 12.01 12.01 12.01 12.01 12.01 12.01 12.01 12.01 12.01 12.01 12.01 12.01 12.01 12.01 12.01 11.93 11.93 11.93 11.93 11.93 11.93 11.93 11.93 11.93 11.93 11.93 11.93 11.93 11.93 11.93 11.93 11.47 11.47 11.47 11.47 11.47 11.47 11.47 11.47 11.47 11.47 11.47 11.47 11.47 11.47 11.47 11.47 11.02 11.02 11.02
0.00 11.63 11.63 11.63 11.63 11.63 11.63 11.63 11.63 11.63 11.63 11.63 11.63 11.63 11.78 11.78 11.78 11.78 11.78 11.78 11.78 11.78 11.78 11.78 11.78 11.78 11.78 11.78 11.78 11.78 12.01 12.01 12.01 12.01 12.01 12.01 12.01 12.01 12.01 12.01 12.01 12.01 12.01 12.01 12.01 12.01 11.93 11.93 11.93 11.93 11.93 11.93 11.93 11.93 11.93 11.93 11.93 11.93 11.93 11.93 11.93 11.93 11.47 11.47 11.47 11.47 11.47 11.47 11.47 11.47 11.47 11.47 11.47 11.47 11.47 11.47 11.47 11.47 11.02 11.02 11.02
