New_Model_Runs/9_Future_Present_Scn2_out/post_prcessed_with_MFR/Monthly_summaries/runoff_monthly_FEB.asc
NCOLS 700
NROWS 400
XLLCENTER 515000.000000
YLLCENTER 8409000.000000
CELLSIZE 50.000000
NODATA_value -999.000000
[rows 152 to 189 of 400, columns 252 to 335 of 700]
0.00 0.00 0.00 0.00 0.00 0.00 0.00 0.00 0.00 0.00 0.00 0.00 0.00 0.00 0.00 0.00 0.00 0.00 0.00 0.00 0.00 0.00 0.00 0.00 0.00 0.00 0.00 0.00 0.00 0.00 0.00 0.00 0.00 0.00 0.00 0.00 0.00 0.00 0.00 0.00 0.00 0.00 0.00 0.00 0.00 0.00 0.00 0.06 0.06 0.07 0.06 0.06 0.06 0.06 0.06 0.06 0.07 0.06 0.06 0.06 0.06 0.06 0.06 0.06 0.07 0.07 0.07 0.07 0.09 0.09 0.09 0.09 0.09 0.09 0.10 0.06 0.00 0.00 0.00 0.03 0.04 0.03 0.03 0.04
0.00 0.00 0.00 0.00 0.00 0.00 0.00 0.00 0.00 0.00 0.00 0.00 0.00 0.00 0.00 0.00 0.00 0.00 0.00 0.00 0.00 0.00 0.00 0.00 0.00 0.00 0.00 0.00 0.00 0.00 0.00 0.00 0.00 0.00 0.00 0.00 0.00 0.00 0.00 0.00 0.00 0.00 0.00 0.00 0.00 0.00 0.06 0.06 0.06 0.06 0.06 0.06 0.06 0.06 0.06 0.06 0.06 0.06 0.06 0.06 0.06 0.06 0.06 0.06 0.07 0.07 0.07 0.07 0.09 0.09 0.00 0.09 0.10 0.10 0.03 0.03 0.00 0.00 0.00 0.03 0.03 0.02 0.06 0.06
0.00 0.00 0.00 0.00 0.00 0.00 0.00 0.00 0.00 0.00 0.00 0.00 0.00 0.00 0.00 0.00 0.00 0.00 0.00 0.00 0.00 0.00 0.00 0.00 0.00 0.00 0.00 0.00 0.00 0.00 0.00 0.00 0.00 0.00 0.00 0.00 0.00 0.00 0.00 0.00 0.00 0.00 0.00 0.00 0.00 0.07 0.06 0.06 0.06 0.06 0.06 0.06 0.06 0.06 0.06 0.06 0.06 0.06 0.06 0.06 0.06 0.06 0.06 0.06 0.07 0.07 0.07 0.07 0.09 0.00 0.00 0.00 0.00 0.03 0.03 0.03 0.03 0.03 0.03 0.02 0.10 0.12 0.06 0.00
0.00 0.00 0.00 0.00 0.00 0.00 0.00 0.00 0.00 0.00 0.00 0.00 0.00 0.00 0.00 0.00 0.00 0.00 0.00 0.00 0.00 0.00 0.00 0.00 0.00 0.00 0.00 0.00 0.00 0.00 0.00 0.00 0.00 0.00 0.00 0.00 0.00 0.00 0.00 0.00 0.00 0.00 0.00 0.00 0.00 0.06 0.06 0.06 0.06 0.06 0.06 0.06 0.06 0.06 0.06 0.06 0.06 0.06 0.06 0.06 0.06 0.06 0.06 0.06 0.07 0.07 0.07 0.07 0.09 0.00 0.00 0.00 0.00 0.00 0.03 0.03 0.03 0.00 0.06 0.10 0.09 0.09 0.10 0.00
0.00 0.00 0.00 0.00 0.00 0.00 0.00 0.00 0.00 0.00 0.00 0.00 0.00 0.00 0.00 0.00 0.00 0.00 0.00 0.00 0.00 0.00 0.00 0.00 0.00 0.00 0.00 0.00 0.00 0.00 0.00 0.00 0.00 0.00 0.00 0.00 0.00 0.00 0.00 0.00 0.00 0.00 0.00 0.00 0.26 0.06 0.06 0.06 0.06 0.06 0.06 0.06 0.07 0.07 0.07 0.07 0.07 0.07 0.07 0.07 0.07 0.07 0.07 0.07 0.07 0.07 0.08 0.07 0.10 0.00 0.00 0.00 0.00 0.00 0.00 0.13 0.00 0.09 0.09 0.10 0.09 0.10 0.10 0.00
0.00 0.00 0.00 0.00 0.00 0.00 0.00 0.00 0.00 0.00 0.00 0.00 0.00 0.00 0.00 0.00 0.00 0.00 0.00 0.00 0.00 0.00 0.00 0.00 0.00 0.00 0.00 0.00 0.00 0.00 0.00 0.00 0.00 0.00 0.00 0.00 0.00 0.00 0.00 0.00 0.00 0.00 0.00 0.00 0.07 0.06 0.06 0.06 0.06 0.06 0.06 0.06 0.07 0.07 0.07 0.07 0.07 0.07 0.07 0.07 0.07 0.07 0.07 0.07 0.07 0.07 0.07 0.07 0.09 0.09 0.00 0.00 0.00 0.00 0.00 0.03 0.00 0.00 0.10 0.09 0.10 0.10 0.09 0.00
0.00 0.00 0.00 0.00 0.00 0.00 0.00 0.00 0.00 0.00 0.00 0.00 0.00 0.00 0.00 0.00 0.00 0.00 0.00 0.00 0.00 0.00 0.00 0.00 0.00 0.00 0.00 0.22 0.00 0.00 0.00 0.00 0.00 0.00 0.00 0.00 0.00 0.00 0.00 0.00 0.00 0.00 0.00 0.00 0.06 0.06 0.06 0.06 0.06 0.06 0.06 0.06 0.07 0.07 0.07 0.07 0.07 0.07 0.07 0.07 0.07 0.07 0.07 0.07 0.07 0.07 0.07 0.07 0.09 0.09 0.00 0.00 0.00 0.00 0.00 0.03 0.00 0.00 0.09 0.09 0.09 0.09 0.09 0.09
0.00 0.00 0.00 0.00 0.00 0.00 0.00 0.00 0.00 0.00 0.00 0.00 0.00 0.00 0.00 0.00 0.00 0.00 0.00 0.00 0.00 0.00 0.00 0.00 0.00 0.00 0.06 0.05 0.00 0.00 0.00 0.00 0.00 0.00 0.00 0.00 0.00 0.00 0.00 0.00 0.00 0.00 0.00 0.00 0.00 0.00 0.06 0.06 0.06 0.06 0.06 0.06 0.07 0.07 0.07 0.07 0.07 0.07 0.07 0.07 0.07 0.08 0.07 0.07 0.07 0.07 0.07 0.07 0.09 0.09 0.00 0.00 0.02 0.03 0.03 0.03 0.03 0.00 0.00 0.09 0.09 0.09 0.09 0.09
0.00 0.00 0.00 0.00 0.00 0.00 0.00 0.00 0.00 0.00 0.00 0.00 0.00 0.00 0.00 0.00 0.00 0.00 0.00 0.00 0.00 0.00 0.00 0.00 0.00 0.05 0.05 0.05 0.05 0.00 0.00 0.00 0.00 0.00 0.00 0.00 0.00 0.00 0.00 0.00 0.00 0.00 0.00 0.00 0.00 0.00 0.00 0.00 0.06 0.06 0.06 0.00 0.07 0.07 0.07 0.07 0.07 0.07 0.07 0.07 0.07 0.07 0.07 0.07 0.07 0.07 0.07 0.07 0.09 0.09 0.00 0.00 0.03 0.03 0.03 0.03 0.02 0.00 0.00 0.09 0.09 0.09 0.09 0.09
0.00 0.00 0.00 0.00 0.00 0.00 0.00 0.00 0.00 0.00 0.00 0.00 0.00 0.00 0.00 0.00 0.00 0.00 0.00 0.00 0.00 0.00 0.00 0.00 0.00 0.05 0.05 0.05 0.05 0.05 0.05 0.00 0.00 0.00 0.00 0.00 0.00 0.00 0.00 0.00 0.00 0.00 0.00 0.00 0.00 0.00 0.00 0.00 0.00 0.00 0.00 0.07 0.08 0.07 0.07 0.07 0.07 0.07 0.07 0.07 0.07 0.07 0.07 0.07 0.00 0.07 0.07 0.07 0.09 0.00 0.02 0.03 0.02 0.13 0.03 0.00 0.00 0.02 0.00 0.00 0.09 0.09 0.09 0.09
0.00 0.00 0.00 0.00 0.00 0.00 0.00 0.00 0.00 0.00 0.00 0.00 0.00 0.00 0.00 0.00 0.00 0.00 0.00 0.00 0.00 0.00 0.00 0.00 0.00 0.07 0.08 0.07 0.07 0.07 0.07 0.00 0.00 0.00 0.00 0.00 0.00 0.00 0.00 0.00 0.00 0.00 0.00 0.00 0.00 0.00 0.00 0.00 0.00 0.00 0.00 0.09 0.09 0.09 0.09 0.09 0.09 0.09 0.09 0.09 0.00 0.09 0.09 0.00 0.00 0.09 0.00 0.09 0.12 0.00 0.03 0.03 0.03 0.03 0.00 0.00 0.04 0.03 0.00 0.00 0.12 0.12 0.12 0.12
0.00 0.00 0.00 0.00 0.00 0.00 0.00 0.00 0.00 0.00 0.00 0.00 0.00 0.00 0.00 0.00 0.00 0.00 0.00 0.00 0.00 0.00 0.00 0.00 0.07 0.07 0.07 0.07 0.07 0.08 0.00 0.00 0.07 6.42 0.07 0.07 0.00 0.00 0.00 0.00 0.00 0.00 0.00 0.00 0.00 0.00 0.00 0.00 0.00 0.00 0.00 0.09 0.09 0.09 0.00 0.09 0.09 0.09 0.09 0.00 0.00 0.00 0.00 0.00 0.09 0.10 0.10 0.09 0.11 0.12 0.03 0.03 0.03 0.03 0.00 0.00 0.04 0.04 0.00 0.00 0.12 0.14 0.12 0.12
0.00 0.00 0.00 0.00 0.00 0.00 0.00 0.00 0.00 0.00 0.00 0.00 0.00 0.00 0.00 0.00 0.00 0.00 0.00 0.00 0.00 0.00 6.42 0.07 0.07 0.07 0.07 0.07 0.06 0.06 0.06 0.00 0.00 0.00 0.07 0.07 0.09 0.15 0.00 0.00 0.00 0.00 0.00 0.00 0.00 0.00 0.00 0.00 0.00 0.00 0.00 0.00 0.00 0.00 0.00 0.00 0.00 0.00 0.00 0.00 0.00 0.00 0.00 0.09 0.09 0.09 0.10 0.09 0.11 0.11 0.08 0.08 0.03 0.04 0.12 0.00 0.00 0.00 0.00 0.00 0.13 0.12 0.12 0.12
0.00 0.00 0.00 0.00 0.00 0.00 0.00 0.00 0.00 0.00 0.00 0.00 0.00 0.00 0.00 0.00 0.00 0.00 0.00 0.00 0.07 0.07 0.07 0.07 0.07 0.07 0.07 0.07 0.06 0.07 0.06 0.07 0.23 0.09 0.23 0.07 0.09 0.09 0.09 6.66 0.00 0.00 0.00 0.00 0.00 0.00 0.00 0.00 0.00 0.00 0.00 0.04 0.14 0.03 0.03 0.00 0.00 0.00 0.00 0.00 0.00 0.00 0.00 0.09 0.09 0.09 0.09 0.09 0.11 0.11 0.11 0.12 0.08 0.05 0.08 0.00 0.13 0.12 0.12 0.12 0.14 0.12 0.01 0.12
0.00 0.00 0.00 0.00 0.00 0.00 0.00 0.00 0.00 0.00 0.00 0.00 0.00 0.00 0.00 0.00 0.25 0.07 0.00 6.38 0.07 0.07 0.07 0.07 0.07 0.07 0.07 0.07 0.07 0.06 0.06 0.07 0.07 0.08 0.07 0.07 0.09 0.00 0.00 0.00 0.00 0.00 0.00 0.00 0.00 0.00 0.00 0.00 0.00 0.00 0.00 0.04 0.14 0.03 0.03 0.03 0.02 0.02 0.00 0.00 0.00 0.01 0.00 0.09 0.09 0.09 0.10 0.09 0.11 0.13 0.11 0.11 0.13 0.08 0.08 0.00 0.14 0.12 0.12 0.12 0.12 0.12 0.12 0.12
0.00 0.00 0.00 0.00 0.00 0.00 0.00 0.00 0.00 0.00 0.00 0.00 0.00 0.00 0.00 0.00 0.07 0.07 0.07 0.07 0.07 0.08 0.07 0.00 0.00 0.07 0.07 0.07 0.06 0.06 0.06 0.06 0.07 0.07 0.07 0.07 0.09 0.00 0.00 0.00 0.00 0.00 0.00 0.00 0.00 0.00 0.00 0.00 0.00 0.00 0.00 0.00 0.14 0.03 0.03 0.03 0.02 0.06 0.10 0.10 0.00 0.00 0.00 0.00 0.09 0.09 0.10 0.09 0.11 0.11 0.11 0.11 0.13 0.08 0.08 0.12 0.12 0.12 0.12 0.01 0.01 0.12 0.14 0.12
0.00 0.00 0.00 0.00 0.00 0.00 0.00 0.00 0.00 0.00 0.00 0.00 0.00 0.25 0.07 0.25 0.07 0.07 0.07 0.07 0.07 0.07 0.07 0.07 0.06 0.06 0.06 0.06 0.07 0.06 0.06 0.06 0.07 0.07 0.07 0.07 0.09 0.09 0.00 0.00 0.00 0.00 0.00 0.00 0.00 0.00 0.00 0.00 0.00 0.00 0.00 0.00 0.15 0.03 0.03 0.02 0.02 0.06 0.10 0.10 0.10 0.10 0.10 0.10 0.09 0.09 0.09 0.09 0.11 0.11 0.11 0.11 0.14 0.12 0.12 0.11 0.12 0.12 0.12 0.12 0.01 0.01 0.12 0.12
0.00 0.00 0.00 0.00 0.00 0.00 0.00 0.00 0.00 0.00 0.00 0.00 0.25 0.07 0.07 0.07 0.07 0.07 0.07 0.07 0.07 0.07 0.07 0.07 0.08 0.07 0.06 0.06 0.06 0.06 0.06 0.06 0.07 0.07 0.07 0.00 0.00 0.00 0.00 0.00 6.66 0.00 0.00 0.00 0.00 0.00 0.00 0.00 0.00 0.00 0.09 0.09 0.10 0.03 0.03 0.03 0.02 0.04 0.10 0.10 0.10 0.01 0.10 0.10 0.09 0.09 0.09 0.09 0.11 0.11 0.11 0.11 0.11 0.11 0.12 0.11 0.12 0.12 0.12 0.01 0.12 0.14 0.12 0.14
0.00 0.00 0.00 0.00 0.00 0.00 0.00 0.00 0.00 0.00 0.00 0.00 0.07 0.07 0.00 0.07 0.07 0.07 0.07 0.00 0.00 0.07 0.07 0.07 0.07 0.06 0.07 0.06 0.06 0.06 0.06 0.06 0.07 0.00 0.00 0.00 0.00 0.00 0.00 0.00 0.00 0.00 0.00 0.00 0.00 0.00 0.00 0.00 0.00 0.09 0.09 0.09 0.10 0.06 0.02 0.03 0.00 0.02 0.02 0.02 0.10 0.10 0.10 0.10 0.09 0.09 0.09 0.09 0.11 0.11 0.11 0.11 0.11 0.11 0.11 0.11 0.12 0.12 0.12 0.12 0.12 0.12 0.12 0.12
0.00 0.00 0.00 0.00 0.00 0.00 0.00 0.00 0.00 0.00 0.00 0.25 0.07 0.07 0.00 0.07 0.07 0.07 0.08 0.07 0.07 0.07 0.07 0.07 0.06 0.06 0.06 0.06 0.06 0.06 0.06 0.06 0.00 0.00 0.00 0.00 0.00 0.00 0.00 0.10 0.00 0.00 0.00 0.00 0.00 0.00 0.00 0.00 0.00 0.09 0.09 0.09 0.10 0.10 0.03 0.03 0.03 0.03 0.02 0.02 0.05 0.10 0.10 0.11 0.09 0.09 0.09 0.11 0.13 0.11 0.11 0.11 0.11 0.11 0.11 0.15 0.12 0.12 0.12 0.12 0.12 0.12 0.12 0.12
0.00 0.00 0.00 0.00 0.00 0.00 0.00 0.00 0.00 0.00 0.07 0.07 0.08 0.07 0.00 0.07 0.06 0.07 0.06 0.06 0.06 0.06 0.06 0.06 0.06 0.06 0.06 0.06 0.07 0.07 0.07 0.07 0.08 0.00 0.08 0.08 0.09 0.00 0.00 0.00 0.00 0.04 0.04 0.04 0.00 6.66 0.00 0.04 0.00 0.09 0.09 0.09 0.10 0.10 0.00 0.01 0.02 0.02 0.00 0.00 0.10 0.10 0.11 0.10 0.09 0.09 0.09 0.11 0.11 0.12 0.11 0.11 0.12 0.11 0.12 0.12 0.11 0.11 0.11 0.11 0.11 0.11 0.11 0.11
0.00 0.00 0.00 0.00 0.00 0.00 0.00 0.00 0.00 0.00 0.01 0.01 0.07 0.07 0.08 0.07 0.06 0.06 0.06 0.06 0.06 0.06 0.06 0.06 0.06 0.06 0.06 0.06 0.07 0.07 0.07 0.07 0.08 0.08 0.08 0.08 0.09 0.00 0.00 0.00 0.00 0.00 0.00 0.04 0.04 0.00 0.00 0.00 0.00 0.00 0.00 0.09 0.10 0.10 0.10 0.10 0.00 0.00 0.00 0.00 0.00 0.10 0.10 0.10 0.09 0.10 0.09 0.09 0.11 0.11 0.11 0.11 0.11 0.11 0.11 0.11 0.11 0.11 0.11 0.11 0.11 0.11 0.11 0.11
0.00 0.00 0.00 0.00 0.00 0.00 0.00 0.00 0.00 0.00 0.00 0.01 0.01 0.07 0.07 0.07 0.06 0.06 0.06 0.06 0.06 0.06 0.06 0.06 0.06 0.06 0.06 0.06 0.07 0.07 0.07 0.07 0.08 0.08 0.08 0.08 0.09 0.00 0.00 0.00 0.00 0.00 0.00 0.04 0.00 0.00 0.00 0.00 0.00 0.00 0.00 0.09 0.10 0.10 0.10 0.10 0.10 0.10 0.00 0.00 0.00 0.00 0.10 0.10 0.09 0.09 0.09 0.09 0.11 0.11 0.11 0.11 0.11 0.11 0.11 0.11 0.11 0.11 0.11 0.11 0.11 0.11 0.11 0.11
0.00 0.00 0.00 0.00 0.00 0.00 0.00 0.00 0.00 0.00 0.00 0.01 0.01 0.01 0.01 0.07 0.06 0.06 0.06 0.06 0.06 0.06 0.06 0.06 0.06 0.06 0.06 0.06 0.07 0.07 0.07 0.07 0.08 0.08 0.08 0.08 0.09 0.09 0.00 0.00 0.00 0.00 0.00 0.00 0.00 0.00 0.00 0.00 0.00 0.00 0.00 0.10 0.10 0.10 0.10 0.10 0.10 0.10 0.00 0.00 0.00 0.00 0.10 0.10 0.09 0.09 0.09 0.11 0.11 0.11 0.11 0.11 0.11 0.11 0.11 0.11 0.11 0.11 0.11 0.11 0.11 0.11 0.11 0.11
0.00 0.00 0.00 0.00 0.00 0.00 0.00 0.00 0.00 0.00 0.00 5.07 0.01 0.01 0.01 0.01 0.06 0.06 0.06 0.06 0.07 0.06 0.06 0.06 0.07 0.07 0.00 0.00 0.00 0.00 0.08 0.08 0.08 0.08 0.00 0.00 0.00 0.00 0.00 0.10 0.00 0.00 0.00 0.00 0.00 0.00 0.00 0.00 0.00 0.00 0.00 0.00 0.10 0.10 0.10 0.10 0.09 0.09 0.00 0.00 0.00 0.00 0.00 0.09 0.09 0.09 0.09 0.09 0.10 0.10 0.10 0.10 0.10 0.10 0.10 0.10 0.11 0.11 0.11 0.11 0.11 0.11 0.11 0.11
0.00 0.00 0.00 0.00 0.00 0.00 0.00 0.00 0.00 0.00 0.00 0.01 0.01 0.01 0.01 0.01 0.01 0.07 0.06 0.06 0.07 0.06 0.06 0.06 0.07 0.00 0.00 0.00 0.00 0.00 0.08 0.08 0.08 0.00 0.00 0.00 0.01 0.00 0.00 0.00 0.00 0.00 0.00 0.00 0.00 0.00 0.09 0.09 0.09 0.09 0.00 0.09 0.10 0.10 0.10 0.10 0.09 0.09 0.09 0.09 0.09 0.09 0.09 0.09 0.09 0.09 0.09 0.09 0.10 0.10 0.10 0.10 0.10 0.10 0.10 0.10 0.11 0.11 0.11 0.16 0.11 0.11 0.11 0.11
0.00 0.00 0.00 0.00 0.03 0.00 0.00 0.00 0.00 0.00 0.03 0.03 0.02 0.02 0.02 0.02 0.02 0.02 0.02 0.10 0.09 0.09 0.09 0.09 0.10 0.00 0.00 0.00 0.00 0.00 0.00 0.00 0.00 0.00 0.00 0.00 0.00 0.00 0.00 0.00 0.03 0.03 0.03 0.03 0.04 0.14 0.14 0.14 0.14 0.14 0.14 0.14 0.15 0.15 0.30 0.15 0.15 0.15 0.15 0.15 0.15 0.15 0.15 0.15 0.29 0.14 0.14 0.14 0.31 0.15 0.15 0.15 0.15 0.18 0.15 0.15 0.28 0.08 0.28 0.28 0.28 0.28 0.28 0.28
0.00 0.00 0.00 0.02 0.03 0.03 0.00 0.00 0.00 0.00 0.00 0.03 0.02 0.02 0.02 0.02 0.02 0.02 0.02 0.02 0.09 0.09 0.09 0.09 0.10 0.00 0.00 0.00 0.00 0.00 0.00 0.00 0.00 0.00 0.00 0.12 0.14 0.00 0.00 0.00 0.03 0.03 0.03 0.03 0.03 0.03 0.14 0.14 0.14 0.14 0.14 0.14 0.15 0.15 0.30 0.15 0.15 0.15 0.15 0.29 0.15 0.15 0.15 0.15 0.14 0.14 0.14 0.14 0.15 0.15 0.15 0.15 0.15 0.18 0.15 0.15 0.28 0.28 0.28 0.28 0.28 0.28 0.28 0.28
0.02 0.02 0.02 0.00 0.03 0.03 0.03 0.03 0.03 0.00 0.00 0.03 0.03 0.03 0.03 0.03 0.02 0.02 0.02 0.02 0.02 0.02 0.10 0.10 0.10 0.00 0.00 0.00 0.00 0.00 0.00 0.00 0.00 0.00 0.12 0.12 0.14 0.00 0.00 0.00 0.03 0.04 0.03 0.03 0.03 0.03 0.14 0.28 0.13 0.15 0.15 0.13 0.14 0.14 0.14 0.14 0.14 0.14 0.14 0.14 0.13 0.13 0.13 0.13 0.15 0.13 0.13 0.15 0.30 0.15 0.18 0.15 0.27 0.27 0.27 0.27 0.27 0.27 0.27 0.27 0.28 0.39 0.28 0.28
0.02 0.02 0.02 0.02 0.03 0.03 0.03 0.03 0.03 0.00 0.03 0.00 0.03 0.03 0.03 0.03 0.02 0.02 0.02 0.02 0.02 0.02 0.02 0.10 0.10 0.10 0.00 0.00 0.00 0.00 0.00 0.00 0.12 0.12 0.12 0.12 0.00 0.03 0.03 0.03 0.03 0.03 0.04 0.03 0.03 0.03 0.14 0.14 0.13 0.13 0.13 0.13 0.14 0.14 0.29 0.30 0.16 0.14 0.14 0.14 0.13 0.13 0.13 0.13 0.13 0.13 0.13 0.13 0.15 0.15 0.15 0.15 0.27 0.18 0.27 0.27 0.27 0.27 0.27 0.27 0.28 0.28 0.28 0.18
0.02 0.02 0.02 0.02 0.03 0.03 0.03 0.03 0.03 0.03 0.00 0.00 0.03 0.03 0.03 0.03 0.02 0.02 0.02 0.02 0.02 0.02 0.02 0.02 0.02 0.10 0.00 0.00 0.11 0.11 0.11 0.11 0.12 0.12 0.12 0.00 0.00 0.00 0.00 0.03 0.04 0.01 0.14 0.14 0.03 0.03 0.14 0.01 0.13 0.13 0.13 0.13 0.14 0.14 0.14 0.14 0.14 0.14 0.14 0.14 0.13 0.13 0.13 0.13 0.13 0.13 0.13 0.15 0.15 0.15 0.15 0.15 0.27 0.08 0.27 0.27 0.27 0.27 0.27 0.27 0.28 0.28 0.18 0.23
0.02 0.02 0.02 0.02 0.03 0.03 0.03 0.03 0.03 0.03 0.03 0.03 0.03 0.00 0.03 0.03 0.02 0.02 0.02 0.02 0.02 0.02 0.02 0.02 0.02 0.02 0.10 0.10 0.11 0.11 0.11 0.11 0.12 0.12 0.12 0.00 0.14 0.14 0.00 0.04 0.05 0.14 0.14 0.14 0.08 0.03 0.00 0.01 0.13 0.13 0.13 0.13 0.29 0.14 0.14 0.14 0.14 0.14 0.14 0.14 0.13 0.13 0.13 0.13 0.13 0.13 0.13 0.13 0.15 0.15 0.15 0.15 0.27 0.08 0.08 0.27 0.27 0.08 0.18 0.27 0.28 0.28 0.18 0.18
0.02 0.02 0.02 0.02 0.03 0.03 0.03 0.03 0.03 0.03 0.03 0.00 0.03 0.00 0.00 0.03 0.02 0.02 0.02 0.02 0.02 0.02 0.02 0.02 0.02 0.02 0.02 0.02 0.11 0.11 0.11 0.11 0.12 0.12 0.00 0.00 0.28 0.14 0.07 0.14 0.05 0.28 0.14 0.14 0.08 0.10 0.00 0.00 0.00 0.00 0.13 0.13 0.13 0.13 0.13 0.13 0.12 0.12 0.12 0.12 0.12 0.12 0.12 0.12 0.13 0.13 0.13 0.13 0.27 0.27 0.27 0.27 0.28 0.28 0.28 0.08 0.13 0.28 0.28 0.28 0.18 0.18 0.18 0.18
0.02 0.02 0.02 0.02 0.03 0.03 0.03 0.03 0.03 0.03 0.03 0.00 0.00 0.03 0.03 0.03 0.02 0.02 0.02 0.02 0.02 0.02 0.02 0.02 0.02 0.02 0.02 0.02 0.03 0.11 0.11 0.11 0.12 0.00 0.00 0.12 0.14 0.14 0.14 0.04 0.00 0.00 0.14 0.14 0.08 0.14 0.14 0.00 0.00 0.13 0.13 0.13 0.13 0.13 0.13 0.13 0.12 0.12 0.12 0.12 0.12 0.12 0.12 0.12 0.13 0.13 0.13 0.13 0.27 0.27 0.27 0.27 0.28 0.28 0.28 0.28 0.28 0.13 0.28 0.28 0.18 0.18 0.18 0.18
0.02 0.02 0.02 0.02 0.03 0.03 0.03 0.03 0.03 0.03 0.03 0.03 0.03 0.03 0.03 0.03 0.02 0.02 0.02 0.02 0.02 0.02 0.02 0.02 0.02 0.02 0.02 0.02 0.03 0.03 0.11 0.11 0.14 0.00 0.00 0.30 0.28 0.14 0.00 0.00 0.00 0.00 0.28 0.14 0.14 0.28 0.14 0.14 0.13 0.13 0.13 0.13 0.13 0.13 0.13 0.30 0.12 0.12 0.12 0.12 0.12 0.12 0.12 0.12 0.13 0.13 0.13 0.13 0.27 0.27 0.27 0.27 0.28 0.28 0.28 0.28 0.28 0.28 0.28 0.28 0.18 0.18 0.18 0.18
0.02 0.02 0.02 0.02 0.03 0.03 0.03 0.03 0.03 0.03 0.03 0.03 0.03 0.03 0.03 0.03 0.02 0.02 0.02 0.02 0.02 0.02 0.02 0.02 0.02 0.02 0.02 0.02 0.03 0.03 0.03 0.03 0.12 0.00 0.12 0.14 0.14 0.14 0.00 0.00 0.00 0.00 0.00 0.28 0.14 0.14 0.14 0.14 0.13 0.13 0.15 0.13 0.15 0.13 0.13 0.16 0.12 0.12 0.12 0.12 0.12 0.12 0.12 0.12 0.13 0.13 0.13 0.13 0.27 0.27 0.27 0.27 0.28 0.39 0.28 0.28 0.28 0.28 0.28 0.28 0.18 0.18 0.18 0.18
0.02 0.02 0.02 0.02 0.02 0.02 0.03 0.02 0.02 0.02 0.02 0.03 0.02 0.02 0.02 0.02 0.02 0.02 0.02 0.02 0.02 0.02 0.02 0.02 0.02 0.02 0.02 0.02 0.02 0.03 0.02 0.02 0.03 0.11 0.13 0.11 0.13 0.13 0.15 0.13 0.14 0.00 0.00 0.14 0.15 0.13 0.13 0.15 0.11 0.11 0.11 0.11 0.12 0.00 0.16 0.00 0.13 0.13 0.13 0.13 0.13 0.13 0.13 0.13 0.14 0.14 0.14 0.14 0.29 0.29 0.29 0.29 0.29 0.29 0.29 0.29 0.28 0.28 0.28 0.28 0.18 0.18 0.18 0.18
0.02 0.02 0.02 0.02 0.02 0.03 0.02 0.02 0.02 0.02 0.02 0.02 0.02 0.02 0.02 0.02 0.02 0.02 0.02 0.02 0.02 0.02 0.02 0.02 0.02 0.02 0.02 0.02 0.03 0.02 0.02 0.02 0.03 0.03 0.03 0.11 0.13 0.13 0.13 0.13 0.14 0.14 0.14 0.14 0.13 0.13 0.13 0.13 0.11 0.11 0.11 0.11 0.12 0.00 0.00 0.00 0.13 0.13 0.13 0.13 0.13 0.13 0.13 0.13 0.14 0.14 0.14 0.14 0.29 0.29 0.29 0.29 0.29 0.39 0.29 0.29 0.28 0.28 0.28 0.28 0.27 0.18 0.18 0.18
