New_Model_Runs/9_Future_Present_Scn2_out/post_prcessed_with_MFR/Monthly_summaries/runoff_monthly_MAR.asc
NCOLS 700
NROWS 400
XLLCENTER 515000.000000
YLLCENTER 8409000.000000
CELLSIZE 50.000000
NODATA_value -999.000000
[rows 190 to 227 of 400, columns 168 to 251 of 700]
0.04 0.00 0.01 0.01 0.01 0.00 0.04 0.04 0.04 0.04 0.42 0.42 0.51 0.41 0.41 0.41 0.41 0.41 0.41 0.41 0.41 0.70 0.52 0.41 0.48 0.48 0.48 0.64 0.47 0.47 0.47 0.47 0.58 0.46 0.46 0.46 0.46 0.46 0.46 0.46 0.59 0.59 0.59 0.59 0.60 0.60 0.60 0.60 0.62 0.62 0.62 0.08 0.61 0.61 0.61 0.80 0.49 0.49 0.49 0.49 0.57 0.57 0.57 0.07 0.02 0.02 0.02 0.15 0.15 0.58 0.58 0.64 0.26 0.26 0.26 0.04 0.25 0.25 0.25 1.30 1.29 1.29 1.29 1.29
0.00 0.04 0.04 0.01 0.00 0.00 0.00 0.04 0.04 0.42 0.42 0.42 0.41 0.51 0.41 0.41 0.41 0.52 0.41 0.41 0.41 0.41 0.41 0.41 0.48 0.48 0.48 0.48 0.47 0.47 0.47 0.47 0.46 0.75 0.46 0.46 0.46 0.58 0.58 0.46 0.59 0.59 0.59 0.59 0.60 0.60 0.60 0.60 0.62 0.62 0.62 0.08 0.85 0.61 0.61 0.61 0.49 0.49 0.49 0.49 0.57 0.57 0.57 0.57 0.08 0.08 0.08 0.58 0.15 0.58 0.58 0.64 0.26 0.26 0.62 0.26 0.50 0.25 0.33 1.30 1.29 1.29 1.29 1.29
0.00 0.04 0.04 0.01 0.00 0.04 0.04 0.04 0.42 0.42 0.42 0.42 0.41 0.51 0.41 0.41 0.41 0.41 0.41 0.41 0.41 0.41 0.41 0.41 0.48 0.48 0.48 0.48 0.63 0.47 0.47 0.47 0.46 0.46 0.46 0.46 0.45 0.57 0.45 0.45 0.51 0.77 0.77 0.51 0.60 0.60 0.60 0.60 0.62 0.62 0.09 0.09 0.88 0.85 0.62 1.25 0.49 0.49 0.49 0.49 0.49 0.73 0.49 0.49 0.58 0.02 0.08 0.08 0.58 0.58 0.65 0.65 0.25 0.25 0.51 0.51 0.25 0.25 0.25 1.30 1.29 1.29 1.29 1.29
0.00 0.04 0.43 0.04 0.06 0.42 0.42 0.42 0.42 0.42 0.42 0.42 0.41 0.41 0.41 0.41 0.41 0.41 0.41 0.41 0.41 0.41 0.41 0.41 0.48 0.48 0.48 0.48 0.47 0.47 0.47 0.47 0.46 0.46 0.46 0.46 0.45 0.45 0.45 0.45 0.51 0.51 0.51 0.51 0.60 0.60 0.60 0.60 0.62 0.62 0.62 0.62 4.43 0.62 0.62 0.62 0.49 0.49 0.49 0.49 2.13 0.49 0.49 0.49 0.58 0.15 0.08 0.08 0.58 0.58 0.90 0.65 0.25 0.25 0.25 0.25 0.25 0.52 0.04 0.25 1.29 1.29 1.29 1.29
0.91 1.46 1.46 1.46 1.20 1.45 1.45 1.45 1.43 1.43 1.43 1.43 1.40 1.40 1.40 1.40 1.41 4.42 1.41 1.41 1.42 2.28 1.42 1.42 1.59 1.59 1.59 1.59 1.57 2.73 2.73 1.57 1.54 1.54 1.54 1.54 1.53 3.75 1.53 1.53 1.64 2.85 1.64 1.64 1.68 1.68 1.68 1.68 1.72 1.72 1.72 3.01 4.24 4.24 1.71 1.71 1.50 1.50 0.68 1.50 1.51 1.51 1.51 1.51 1.55 1.55 0.50 0.50 1.56 1.56 1.28 1.28 0.86 0.86 0.86 0.86 0.84 0.31 0.72 0.84 1.74 1.74 1.74 1.74
1.46 1.46 1.46 1.46 1.45 2.33 1.45 1.45 1.43 1.43 1.43 0.64 1.40 1.40 1.40 1.40 1.41 1.41 1.41 1.41 1.42 1.42 1.42 1.42 1.59 1.59 1.59 1.59 1.57 1.57 1.57 1.57 1.54 3.80 1.54 1.54 1.53 1.53 1.53 1.53 3.96 2.85 1.64 1.64 1.68 1.68 1.68 1.68 1.72 1.72 1.72 1.72 1.71 1.71 1.71 1.71 1.50 1.50 1.50 1.50 1.51 1.51 1.51 1.51 1.55 1.55 0.50 0.28 1.14 1.28 1.28 1.28 0.86 0.86 0.86 0.86 0.84 0.84 0.84 0.84 0.83 1.74 1.74 1.74
1.45 1.45 1.45 1.45 1.44 0.64 1.44 1.44 1.43 1.43 1.43 0.64 0.62 1.40 1.40 1.40 2.25 2.25 1.40 1.40 1.42 1.42 1.42 2.27 1.58 1.58 1.58 1.58 1.56 1.56 1.56 1.56 1.53 1.53 1.53 1.53 1.51 1.51 1.51 1.51 1.63 1.63 1.63 1.63 1.68 1.68 1.68 2.94 1.72 1.72 1.72 1.72 1.70 1.70 2.96 1.70 1.49 1.49 1.49 1.49 1.51 1.51 1.51 1.51 1.56 1.56 0.51 0.51 1.19 2.56 1.29 1.29 0.87 0.87 0.87 0.87 0.84 0.84 0.84 0.84 1.52 2.97 1.74 4.02
1.45 1.45 1.45 1.45 1.44 1.44 1.44 1.44 2.30 1.43 1.43 1.43 0.62 1.40 1.40 1.40 1.40 1.40 1.40 1.40 1.42 1.42 1.42 1.42 2.75 1.58 1.58 1.58 1.56 1.56 1.56 1.56 1.53 1.53 1.53 1.53 1.51 1.51 1.51 1.51 2.84 1.63 1.63 1.63 1.68 1.68 1.68 1.68 1.72 1.72 1.72 1.72 1.70 0.78 1.70 1.70 1.49 1.49 1.49 1.49 1.51 1.51 1.51 1.51 1.56 1.56 0.51 0.51 1.57 1.29 1.29 1.74 1.57 0.87 0.87 0.87 0.84 0.84 0.84 0.84 0.83 1.74 1.74 1.74
1.45 1.45 1.45 1.45 1.44 1.44 1.44 1.44 1.43 1.43 1.43 2.28 1.40 1.40 1.40 1.40 1.40 1.40 1.40 1.40 1.42 3.37 1.42 1.42 1.58 1.58 1.58 1.58 1.56 2.71 2.71 1.56 1.53 2.65 1.53 2.65 1.51 1.51 1.51 1.51 1.63 1.63 1.63 1.63 1.68 1.68 1.68 1.68 1.72 1.72 1.72 1.72 1.70 1.70 1.70 1.70 1.49 1.49 1.49 1.49 1.51 1.51 1.51 1.51 1.56 1.56 0.51 0.57 1.29 1.29 1.29 1.29 0.87 0.87 0.87 0.87 0.84 0.84 0.84 0.84 0.83 0.83 1.74 1.74
1.45 2.31 1.45 1.45 1.44 1.44 1.44 1.44 1.43 1.43 2.30 2.28 1.40 1.40 1.40 1.40 3.33 1.40 1.40 1.40 1.42 1.42 2.26 1.42 2.74 1.58 1.58 1.58 1.56 2.69 1.56 1.56 1.53 1.53 1.53 1.53 1.51 1.51 1.51 1.51 1.63 1.63 1.63 1.63 1.68 1.68 1.68 1.68 1.72 1.72 1.72 1.72 2.96 2.96 1.70 1.70 1.49 1.49 1.49 1.49 1.51 1.51 1.51 1.51 1.56 1.56 1.56 1.56 1.29 1.29 1.29 1.29 0.87 0.87 0.87 0.87 0.84 0.84 0.84 0.84 0.83 0.83 1.74 1.74
1.43 1.43 1.43 1.43 1.43 1.43 2.30 1.43 1.43 1.43 1.43 1.43 1.40 1.40 1.40 1.40 2.24 1.40 1.40 1.40 1.40 1.40 1.40 4.46 1.57 1.57 1.57 1.57 1.53 2.66 1.53 1.53 1.50 3.35 1.50 1.50 2.65 1.53 1.53 1.53 1.68 1.68 1.68 1.68 1.71 1.71 1.71 1.71 1.73 1.73 1.73 1.73 1.70 1.70 1.70 1.70 1.49 1.49 1.49 1.49 1.54 1.54 1.54 1.54 1.58 1.58 1.58 1.58 1.30 2.57 1.30 1.30 0.87 0.87 0.87 0.87 0.84 0.31 0.84 0.84 0.84 0.84 0.84 1.74
1.43 1.43 1.43 1.43 1.43 1.43 1.43 3.98 3.40 1.43 1.43 1.43 2.24 1.40 1.40 1.40 1.40 1.40 2.24 1.40 1.40 1.40 1.40 2.24 2.72 1.57 1.57 1.57 1.53 1.53 1.53 1.53 1.50 1.50 2.60 1.50 1.53 1.53 1.53 1.53 1.68 1.68 1.68 1.68 1.71 1.71 1.71 1.71 1.73 1.73 1.73 1.73 1.70 1.70 1.70 2.83 1.49 1.49 1.49 1.49 1.54 1.54 1.54 2.66 1.58 1.58 1.58 2.58 1.30 0.58 2.57 1.76 2.59 0.75 0.87 0.87 0.84 0.84 0.84 0.84 0.84 0.84 0.84 1.74
2.29 1.43 1.43 1.43 1.43 1.43 1.43 1.43 1.43 1.43 1.43 1.43 1.40 1.40 1.40 1.40 2.24 1.40 1.40 1.40 1.40 1.40 1.40 1.40 1.57 2.72 2.72 1.57 1.53 1.53 1.53 1.53 1.50 1.50 1.50 1.50 1.53 1.53 1.53 1.53 1.68 1.68 1.68 1.68 1.71 1.71 1.71 1.71 1.73 1.73 1.73 1.60 1.70 1.70 2.96 1.70 1.49 1.49 1.49 1.49 1.54 1.54 1.54 1.54 1.58 1.58 1.58 1.30 1.30 1.30 1.30 1.30 0.87 0.87 1.58 3.12 1.54 0.84 0.84 0.84 0.84 0.84 0.84 1.74
1.43 1.43 1.43 2.28 1.43 1.43 1.43 1.43 1.43 1.43 1.43 1.43 1.40 1.40 1.40 1.40 1.40 1.40 2.23 1.40 1.40 1.40 2.24 1.40 1.57 1.57 1.57 2.70 1.53 1.53 1.53 1.53 1.50 1.50 1.50 1.50 1.53 1.53 1.53 1.53 1.68 1.68 1.68 1.68 1.71 1.71 1.71 1.71 1.73 1.73 1.73 1.73 1.70 2.95 1.70 1.70 3.66 1.49 1.49 1.49 1.54 1.54 1.54 1.54 1.58 1.58 1.58 1.30 1.30 1.30 0.58 1.30 0.87 1.58 0.87 1.58 0.84 1.54 0.84 1.54 0.84 1.53 0.84 0.84
1.40 1.40 1.40 1.40 1.40 1.40 1.40 1.40 1.41 1.41 1.41 1.41 1.40 1.40 1.40 0.62 1.39 1.39 1.39 2.22 1.39 1.39 2.22 1.39 2.70 1.55 2.70 1.55 2.62 1.51 1.51 1.51 1.52 1.52 1.52 1.52 1.59 1.59 1.59 1.59 1.73 1.73 1.73 1.73 1.74 1.74 1.74 1.74 1.74 1.74 1.74 1.74 1.68 1.68 1.68 1.68 1.50 1.50 1.50 1.50 1.56 1.56 0.71 1.56 1.59 1.59 2.39 3.51 2.56 1.29 0.58 1.29 0.87 0.87 0.87 0.87 0.84 1.53 1.53 0.84 0.83 0.83 0.83 0.31
1.40 2.24 1.40 1.40 1.40 1.40 1.40 1.40 1.41 1.41 1.41 2.27 2.24 1.40 1.40 1.40 1.39 1.39 1.39 2.22 1.39 1.39 1.39 2.22 1.55 1.55 1.55 1.55 1.51 1.51 1.51 1.51 1.52 1.52 1.52 1.52 1.59 1.59 1.59 1.59 1.73 1.73 1.73 1.73 1.74 1.74 1.74 1.74 1.74 1.74 4.06 1.74 1.68 1.68 1.68 1.68 1.50 1.50 1.50 1.50 1.56 1.56 1.56 1.56 1.59 2.77 1.31 1.31 1.29 1.29 3.48 1.29 0.87 0.87 0.87 0.87 0.84 0.84 1.53 0.84 0.83 0.83 0.83 1.52
1.40 1.40 1.40 1.40 2.25 1.40 1.40 1.40 1.41 1.41 1.41 1.41 1.40 1.15 1.40 1.40 1.39 1.39 1.39 1.39 1.39 1.39 1.39 1.39 3.72 1.55 1.55 1.55 2.62 1.51 1.51 1.51 1.52 1.52 1.52 1.52 2.72 2.76 1.59 1.59 2.93 1.73 1.73 1.73 1.74 1.74 1.74 3.05 4.32 3.03 3.03 1.74 1.68 1.68 1.68 1.68 1.50 1.50 1.50 1.50 1.56 1.56 1.56 1.56 1.59 1.59 3.52 1.31 1.29 1.29 1.29 1.29 0.87 0.32 0.87 0.87 0.84 0.84 0.84 0.84 0.83 0.83 0.83 0.83
1.40 1.40 1.40 1.40 1.40 1.40 1.40 1.40 1.41 1.41 1.41 1.41 1.40 2.23 1.40 0.62 1.39 1.39 1.39 1.39 1.39 0.62 1.39 1.39 1.55 1.55 1.55 1.55 2.62 1.51 0.68 1.51 1.52 2.66 1.52 1.52 1.59 1.59 1.59 1.59 1.73 1.73 1.73 1.73 1.74 1.74 1.74 1.74 1.74 1.74 1.74 1.74 1.68 1.68 1.68 1.68 1.50 1.50 1.50 1.50 1.56 1.56 1.56 1.56 0.72 1.31 1.31 1.31 1.29 1.29 1.29 1.29 1.56 0.87 0.87 1.56 0.84 0.84 0.84 0.84 0.83 0.83 0.83 0.83
1.13 1.13 1.13 1.13 1.12 1.12 1.12 1.12 1.39 2.23 1.39 2.23 1.39 1.39 1.39 1.39 1.13 1.13 1.13 1.13 1.12 0.65 1.12 1.12 1.54 2.67 1.54 1.54 1.53 1.53 0.69 1.71 1.56 1.56 1.56 1.56 1.61 1.61 1.61 1.61 1.75 1.75 1.75 1.75 3.06 1.75 3.06 1.75 2.97 1.70 1.70 1.70 1.65 1.65 1.65 1.65 1.53 1.53 1.53 1.53 1.59 0.72 1.59 1.59 0.72 1.30 2.58 1.30 0.98 0.98 0.98 0.98 0.85 0.85 1.54 0.85 0.84 0.84 0.84 0.84 0.83 0.83 0.83 0.83
1.13 1.13 1.13 1.13 1.12 1.12 1.12 3.81 1.39 1.39 1.39 1.39 1.39 1.39 1.39 1.39 1.13 1.13 0.65 1.44 0.65 1.12 1.12 1.12 1.54 1.54 1.54 1.54 1.53 1.53 3.43 1.53 1.56 1.56 1.56 1.56 1.61 1.61 1.61 1.61 1.75 1.75 3.06 3.43 1.75 1.75 1.75 1.75 1.70 1.70 1.70 1.70 1.65 1.65 2.88 1.65 1.53 1.53 1.53 1.53 1.59 1.59 1.59 1.59 1.58 5.04 1.30 1.30 0.98 0.98 0.98 0.98 0.85 0.85 2.44 1.54 0.84 1.53 1.53 2.97 1.51 0.83 0.83 0.83
2.04 2.04 2.04 2.04 2.04 3.44 2.04 3.44 2.12 2.12 2.12 3.59 3.57 2.10 3.57 5.08 2.09 0.96 2.19 2.19 4.92 3.53 2.08 2.08 2.27 2.27 3.37 2.27 2.24 2.24 3.13 1.12 2.29 2.29 2.29 2.29 7.96 2.36 2.36 4.19 4.30 2.43 2.43 2.43 2.43 2.43 2.43 2.43 2.37 2.37 2.37 2.37 2.30 2.30 2.30 2.30 2.11 2.11 2.11 2.11 2.19 2.19 4.98 3.38 1.73 1.73 3.95 1.73 1.69 1.69 3.32 1.69 1.47 1.47 1.47 1.47 1.45 1.45 1.45 1.45 1.44 2.83 1.44 1.44
2.04 2.04 2.04 2.04 2.04 2.04 2.04 2.04 2.12 2.12 2.12 2.12 2.10 2.10 2.10 2.95 0.96 0.42 0.73 2.19 3.59 2.08 2.08 2.08 5.01 1.44 0.47 0.82 2.37 2.24 1.05 2.24 2.29 2.29 2.29 4.06 2.36 2.36 2.36 2.36 2.43 2.43 2.43 2.43 2.43 2.43 4.31 2.43 2.37 2.37 2.37 2.37 2.30 4.07 2.30 2.30 2.11 2.11 2.11 2.95 3.70 3.72 3.72 2.19 1.73 1.73 1.73 1.73 1.69 2.72 1.69 1.69 1.47 1.47 1.47 1.47 1.45 1.45 1.45 1.45 1.44 1.44 1.44 0.65
2.03 2.03 2.03 2.03 2.02 2.02 2.02 2.02 2.10 2.10 2.10 2.10 2.09 0.97 1.02 2.09 0.96 0.69 0.49 0.49 2.19 2.08 0.96 2.72 2.28 0.82 0.61 0.61 1.06 2.81 2.40 2.29 2.31 2.31 2.31 2.31 2.37 2.37 2.37 2.37 2.42 4.30 2.42 2.42 2.40 2.40 2.40 2.40 2.32 2.32 2.32 2.32 2.32 2.32 2.32 2.32 2.15 2.15 1.00 2.15 2.18 2.18 2.18 2.18 1.70 1.70 1.70 1.70 1.67 1.67 0.78 0.78 1.46 1.46 1.46 1.46 1.45 1.45 1.45 1.45 2.79 1.42 1.42 1.42
2.03 2.03 2.03 2.03 2.02 2.02 2.02 2.02 2.10 2.10 2.10 2.10 0.97 0.97 2.19 2.19 2.13 0.80 0.49 0.42 0.49 0.73 0.69 2.08 0.48 0.78 0.61 0.61 1.06 1.37 1.06 1.13 2.31 2.31 2.31 2.31 2.37 2.37 2.37 4.20 2.42 2.42 2.42 2.42 2.40 2.40 2.40 2.40 1.09 1.09 2.32 2.32 2.32 2.32 2.32 2.32 2.15 2.15 2.15 2.15 2.18 2.18 2.18 5.81 3.90 1.70 0.79 1.70 1.67 1.67 0.78 0.78 1.46 1.46 1.46 1.46 1.45 1.45 1.45 1.45 2.79 1.42 1.42 1.42
2.03 2.03 0.94 2.03 2.02 2.02 2.02 2.02 2.10 2.10 2.10 2.10 2.19 3.02 1.58 0.57 0.57 0.57 0.42 0.42 0.42 0.42 0.40 0.42 0.61 0.61 0.61 0.61 0.48 1.06 1.37 1.10 1.09 2.31 2.31 2.31 2.37 2.37 2.37 2.37 2.42 2.42 2.42 2.42 2.40 2.40 4.26 2.40 2.32 4.10 4.10 2.32 2.32 2.32 2.32 2.32 2.15 2.15 2.15 2.15 2.18 2.18 2.18 4.57 1.70 1.70 1.70 1.70 1.67 1.67 0.78 0.78 1.46 1.46 1.46 1.46 1.45 1.45 1.45 1.45 1.42 1.42 1.42 1.42
2.03 2.03 2.03 2.03 2.02 2.02 2.02 2.02 2.10 2.10 2.10 6.77 1.13 0.87 0.57 0.57 0.76 0.70 0.49 0.42 0.42 0.40 0.40 0.42 0.61 0.61 0.61 0.61 0.61 0.70 1.13 1.13 2.31 2.31 2.31 2.31 2.37 2.37 2.37 2.37 2.42 2.42 2.42 2.42 2.40 2.40 2.40 2.40 2.32 2.32 2.32 2.32 2.32 2.32 2.32 2.32 2.15 2.15 2.15 2.15 2.18 2.18 3.18 1.73 1.70 1.70 3.90 1.70 1.67 0.78 1.55 0.78 0.67 1.46 1.46 1.46 1.45 1.45 1.45 1.45 1.42 1.42 1.42 1.42
2.04 2.04 2.04 2.04 2.04 2.04 0.94 1.89 2.11 2.11 2.11 2.20 2.19 0.87 0.49 0.49 0.49 0.42 0.49 0.49 0.43 0.74 0.74 0.49 0.61 0.61 0.61 0.52 1.74 0.56 0.46 1.09 2.34 2.34 2.34 2.34 2.38 2.38 2.38 2.38 2.39 2.39 2.39 2.39 2.33 4.12 2.33 2.33 4.09 2.31 2.31 2.31 2.38 2.38 2.38 2.38 2.16 2.16 2.16 2.16 5.26 3.63 1.69 1.69 1.67 1.67 1.67 1.67 2.70 3.60 0.78 0.78 1.47 2.90 1.47 1.47 0.66 1.44 1.44 1.44 1.39 1.39 1.39 3.74
0.94 2.04 2.04 2.04 2.04 2.04 2.04 2.04 0.97 0.97 2.11 2.11 2.19 0.87 0.49 0.49 0.49 1.97 0.41 0.42 0.74 0.49 0.49 0.49 0.61 0.61 0.52 0.99 0.99 0.46 0.46 2.32 2.34 2.34 2.34 2.34 2.38 2.38 2.38 2.38 4.23 2.39 2.39 1.13 1.10 2.33 2.33 2.33 2.31 2.31 2.31 2.31 2.38 2.38 2.38 2.38 2.16 2.16 3.66 2.00 3.63 2.14 1.69 1.69 1.67 1.67 1.67 1.67 1.67 1.67 1.67 3.15 1.47 1.47 1.47 1.47 1.44 3.97 2.85 1.44 1.39 2.75 1.39 1.39
2.04 2.04 2.04 2.04 2.04 0.94 2.04 0.94 0.97 2.11 1.40 0.74 1.03 0.57 0.57 0.49 0.70 0.42 0.42 0.42 0.74 0.74 0.43 0.42 0.52 0.61 0.52 0.99 0.46 0.56 0.79 2.32 2.34 1.10 2.34 2.34 2.38 2.38 2.38 1.12 1.13 2.39 2.39 2.39 2.33 2.33 2.33 2.33 2.31 2.31 2.31 2.31 2.38 2.38 2.38 2.38 3.94 2.16 2.16 2.16 2.14 2.14 1.69 1.69 1.67 1.67 1.67 1.67 1.67 1.67 1.67 1.67 1.47 1.47 1.47 1.47 1.44 2.85 2.85 1.44 1.39 1.39 1.39 1.39
1.15 0.70 0.70 2.04 2.04 3.45 2.04 4.98 2.93 0.70 1.12 0.74 0.57 0.80 0.57 0.70 0.42 0.57 0.42 1.45 0.82 0.70 1.26 0.42 0.52 0.52 0.52 0.79 0.79 0.79 2.32 2.32 2.34 2.34 2.34 2.34 2.38 2.38 1.16 1.12 2.39 1.13 2.39 2.39 2.33 2.33 2.33 2.33 2.31 2.31 2.31 2.31 2.38 2.38 2.38 2.38 2.16 2.16 2.16 2.16 2.14 1.69 1.69 1.69 1.67 1.67 1.67 1.67 1.67 8.00 3.28 1.67 1.47 1.47 1.47 1.47 1.44 1.44 1.44 1.44 2.74 1.39 1.39 1.39
0.98 0.70 0.70 0.70 0.99 0.99 2.04 2.04 2.11 0.98 0.70 0.74 0.57 0.57 0.70 0.70 0.57 0.49 0.49 0.50 0.50 0.71 0.89 0.42 0.52 0.52 0.52 0.48 1.44 1.51 2.34 2.34 2.34 2.34 2.34 2.34 2.31 1.10 1.10 1.15 1.09 2.32 2.32 2.32 0.67 0.48 2.41 2.30 2.34 1.10 2.34 2.34 4.15 2.35 2.35 2.35 2.10 2.10 2.10 2.10 2.08 1.65 1.65 1.65 1.65 1.65 1.65 1.65 3.26 1.66 1.66 1.66 2.89 2.89 1.46 1.46 1.43 1.43 1.43 1.43 1.37 1.37 1.37 1.37
0.70 0.70 0.70 0.70 0.70 0.70 0.70 0.70 0.23 0.73 0.98 0.70 0.74 0.49 0.70 0.70 0.57 0.49 0.49 0.57 0.71 0.71 0.71 0.89 0.52 0.52 0.70 0.48 0.48 0.83 3.10 2.42 0.46 2.34 2.34 2.34 1.10 1.10 1.81 1.15 1.09 1.09 0.79 0.46 0.61 0.61 2.41 2.30 2.34 2.34 2.34 2.34 2.35 2.35 2.35 2.35 2.10 2.10 2.10 2.10 3.24 1.65 1.65 3.24 1.65 1.65 1.65 1.65 1.66 1.66 1.66 1.66 1.46 1.46 1.46 1.46 1.43 1.43 1.43 1.43 1.37 1.37 2.72 1.37
0.70 0.70 0.70 0.70 0.70 0.70 0.99 0.70 0.23 0.73 0.73 0.15 0.07 0.17 0.70 0.70 0.49 0.49 0.49 0.57 0.72 0.71 0.74 0.57 0.70 0.52 0.48 1.27 0.79 0.83 0.83 0.46 0.46 0.46 0.80 3.91 1.15 3.11 1.15 1.15 1.09 0.83 1.27 0.61 0.61 0.83 2.41 2.30 2.34 2.34 2.34 2.34 2.35 2.35 2.35 2.35 2.10 2.10 2.10 3.56 1.65 3.24 1.65 5.26 1.65 1.65 3.23 6.56 3.60 1.66 1.66 1.66 1.46 1.46 1.46 2.86 1.43 1.43 1.43 1.43 1.37 1.37 1.37 1.37
0.77 0.14 0.70 0.70 0.99 0.70 0.70 0.70 0.73 0.23 0.28 0.16 0.18 0.17 0.29 0.29 0.17 0.49 0.49 0.57 0.57 0.49 0.57 0.70 0.61 0.61 0.83 0.61 1.25 0.83 0.83 0.48 0.49 0.83 0.80 1.16 0.83 0.83 1.27 0.83 0.79 0.61 0.61 0.83 0.83 0.83 2.30 2.30 4.11 5.69 2.28 4.11 2.35 2.35 2.35 2.35 2.10 2.10 2.10 2.10 1.65 1.65 1.65 3.60 3.60 3.60 3.60 3.60 3.60 3.60 3.60 3.60 3.28 3.28 3.28 1.46 1.43 1.43 1.43 1.43 2.72 1.37 1.37 1.37
0.14 0.14 0.14 0.69 0.70 0.70 0.70 0.70 1.04 0.73 0.15 0.15 0.16 0.17 0.14 0.14 0.17 0.17 0.17 0.17 0.22 0.57 0.70 0.70 0.70 0.83 1.26 0.83 0.79 0.79 1.19 0.47 0.48 0.83 0.83 0.61 0.82 0.82 0.82 0.61 0.61 0.61 0.61 0.83 0.45 0.78 2.30 1.59 2.29 2.29 2.29 2.29 2.28 2.28 2.28 3.03 2.05 2.05 2.05 1.62 3.20 1.63 1.63 3.60 3.60 3.60 3.60 3.60 3.60 3.60 3.60 3.60 0.66 0.66 0.66 1.46 2.81 1.42 1.42 6.76 2.26 2.26 1.39 1.39
0.14 0.14 0.14 0.14 0.14 0.17 0.06 0.14 0.07 0.15 0.07 0.15 0.16 0.17 0.17 0.29 0.14 0.17 0.17 0.17 0.17 0.20 0.22 0.17 0.70 0.61 0.83 0.83 0.83 0.83 0.61 0.70 0.70 0.61 0.70 0.70 0.61 0.82 0.82 0.61 0.61 0.83 0.83 0.48 0.97 1.12 1.32 0.83 0.83 0.83 0.83 0.83 0.82 0.61 0.82 0.69 2.05 2.05 2.05 1.62 4.01 1.63 1.63 3.60 3.60 3.60 3.60 0.77 0.77 8.45 5.48 1.66 2.36 0.66 1.46 1.46 1.42 1.42 1.42 1.42 1.39 0.63 0.63 0.63
0.16 0.16 0.16 0.16 0.16 0.16 0.16 0.16 0.18 0.18 0.18 0.25 0.11 0.27 0.27 0.27 0.36 0.22 0.25 0.25 0.22 0.27 0.25 0.25 0.26 0.32 0.26 0.31 1.23 0.73 0.73 0.85 0.73 0.73 0.73 0.85 0.85 0.73 1.23 0.73 1.09 0.63 1.09 1.09 1.63 1.09 1.09 0.72 0.72 0.93 0.72 0.72 0.62 0.72 0.72 0.74 1.12 2.25 2.25 2.28 2.74 2.74 2.74 1.76 3.87 1.63 2.76 2.76 3.87 1.77 6.27 3.87 1.59 1.59 1.59 1.59 1.55 1.55 1.55 1.55 1.52 1.52 1.52 1.52
0.16 0.16 0.07 0.16 0.16 0.10 0.20 0.16 0.18 0.25 0.25 0.11 0.11 0.27 0.27 0.22 0.18 0.25 0.18 0.31 0.22 0.27 0.25 0.30 0.26 0.26 0.30 0.26 0.26 0.26 0.26 0.85 0.73 0.73 0.73 0.73 0.73 0.73 0.73 0.85 0.72 1.07 0.72 1.09 1.09 1.09 1.09 1.09 0.72 0.72 0.72 0.72 0.72 0.72 1.25 0.74 0.47 1.72 4.90 2.28 2.74 1.69 2.74 2.74 1.77 2.76 2.76 10.57 1.77 2.77 2.77 2.77 1.59 1.59 1.59 1.59 3.05 1.55 1.55 1.55 1.52 1.52 1.52 1.52
