New_Model_Runs/9_Future_Present_Scn2_out/post_prcessed_with_MFR/Monthly_summaries/runoff_monthly_JUL.asc
NCOLS 700
NROWS 400
XLLCENTER 515000.000000
YLLCENTER 8409000.000000
CELLSIZE 50.000000
NODATA_value -999.000000
[rows 114 to 151 of 400, columns 336 to 419 of 700]
0.00 0.00 0.90 0.40 0.86 0.86 1.36 0.86 0.84 1.84 1.32 0.84 0.84 0.84 0.84 0.84 0.84 1.31 1.31 0.84 0.85 0.85 2.23 0.85 0.85 0.85 0.85 0.85 0.84 1.32 0.19 0.23 0.19 0.19 0.19 0.23 0.19 0.19 0.23 0.19 0.18 0.03 0.18 0.22 0.16 0.16 0.21 0.16 0.15 0.15 0.20 0.15 0.15 0.15 0.15 0.15 0.15 0.15 0.15 0.15 0.15 0.15 0.15 0.15 0.14 0.19 0.14 0.14 0.15 0.15 0.15 0.19 0.19 0.19 0.23 0.19 0.03 0.03 0.18 0.18 0.04 0.20 0.20 0.20
0.90 0.90 0.40 0.40 0.86 0.86 1.87 0.86 0.84 0.84 0.84 1.32 0.84 1.32 0.84 0.84 0.84 0.84 1.30 0.84 0.85 1.32 0.85 0.85 0.85 0.85 1.34 0.85 0.84 0.84 0.19 0.19 0.19 0.19 0.19 0.22 0.19 0.19 0.23 0.19 0.18 0.18 0.22 0.18 0.16 0.21 0.16 0.16 0.15 0.15 0.15 0.15 0.15 0.15 0.15 0.15 0.15 0.15 0.15 0.15 0.15 0.15 0.15 0.15 0.14 0.14 0.14 0.14 0.15 0.19 0.23 0.19 0.19 0.19 0.19 0.19 0.03 0.18 0.18 0.22 0.20 0.20 0.20 0.20
0.84 0.84 0.40 0.84 0.82 0.82 0.82 0.82 0.82 0.82 0.82 0.82 0.82 1.29 2.16 0.82 0.82 0.82 0.82 0.82 0.83 0.83 0.83 1.30 0.83 0.83 0.83 0.83 0.82 1.29 0.82 0.16 0.16 0.16 0.21 0.22 0.16 0.16 0.16 0.16 0.16 0.16 0.21 0.24 0.16 0.16 0.16 0.16 0.16 0.16 0.16 0.16 0.02 0.16 0.16 0.16 0.16 0.16 0.16 0.16 0.16 0.16 0.16 0.16 0.15 0.15 0.15 0.15 0.15 0.15 0.18 0.18 0.18 0.18 0.18 0.18 0.03 0.18 0.18 0.18 0.20 0.03 0.20 0.20
0.84 0.37 0.40 0.84 0.82 0.82 0.82 0.82 0.82 0.82 0.82 0.82 0.82 0.82 0.82 1.29 0.82 0.82 0.82 0.82 0.83 0.83 0.83 1.30 1.81 0.83 0.83 0.83 0.82 0.82 0.82 0.16 0.16 0.16 0.16 0.16 0.16 0.16 0.16 0.16 0.16 0.16 0.16 0.21 0.16 0.16 0.16 0.16 0.16 0.16 0.16 0.16 0.16 0.16 0.16 0.16 0.16 0.16 0.16 0.16 0.16 0.16 0.16 0.16 0.15 0.15 0.15 0.15 0.15 0.15 0.22 0.18 0.18 0.18 0.18 0.18 0.18 0.03 0.18 0.18 0.20 0.20 0.20 0.20
0.37 0.40 0.84 0.84 0.82 0.82 0.82 0.82 0.82 0.82 0.82 0.82 0.82 0.82 1.29 0.82 0.82 0.82 0.82 0.82 0.83 0.83 0.83 1.30 0.83 0.83 0.83 1.29 0.82 0.82 0.82 0.82 0.16 0.16 0.16 0.16 0.02 0.02 0.16 0.16 0.16 0.21 0.16 0.16 0.16 0.16 0.16 0.16 0.16 0.16 0.16 0.16 0.16 0.16 0.16 0.16 0.16 0.16 0.16 0.16 0.16 0.16 0.16 0.16 0.15 0.15 0.15 0.15 0.15 0.15 0.18 0.18 0.18 0.18 0.18 0.18 0.18 0.03 0.18 0.18 0.03 0.20 0.20 0.20
0.40 0.84 1.30 0.84 0.82 0.82 0.82 0.82 0.82 0.82 0.82 0.82 0.82 0.82 0.82 0.82 0.82 0.82 0.82 1.29 0.83 0.83 0.83 0.83 0.83 0.83 0.83 1.29 0.82 0.82 1.07 0.82 0.16 0.16 0.16 0.16 0.05 0.04 0.16 0.00 0.00 0.16 0.16 0.16 0.16 0.16 0.16 0.16 0.16 0.16 0.16 0.16 0.16 0.16 0.16 0.16 0.16 0.16 0.16 0.02 0.16 0.16 0.16 0.16 0.15 0.15 0.15 0.15 0.15 0.15 0.18 0.18 0.18 0.18 0.18 0.18 0.18 0.18 0.18 0.18 0.20 0.20 0.20 0.20
0.80 0.80 0.80 0.80 0.81 0.81 0.81 1.27 0.82 0.82 0.82 0.82 0.83 0.83 1.31 0.83 0.83 0.83 0.83 1.06 1.05 0.83 0.83 1.30 0.82 0.82 0.82 0.82 0.66 0.36 0.36 0.39 0.02 0.02 0.16 0.21 0.22 0.22 0.03 0.18 0.19 0.19 0.19 0.19 0.20 0.20 0.20 0.20 0.20 0.20 0.20 0.20 0.20 0.20 0.20 0.03 0.20 0.20 0.20 0.20 0.19 0.19 0.19 0.19 0.16 0.16 0.16 0.16 0.15 0.19 0.03 0.19 0.19 0.19 0.19 0.19 0.19 0.19 0.19 0.19 0.22 0.22 0.22 0.22
0.80 0.80 1.48 0.80 0.35 0.81 0.81 0.81 1.29 0.82 1.29 1.30 0.37 0.83 0.83 0.83 0.83 0.36 0.36 0.83 0.36 0.36 0.83 0.83 0.82 0.82 0.82 0.36 0.82 0.82 0.82 0.82 0.82 0.16 0.16 0.16 0.18 0.18 0.18 0.18 0.19 0.19 0.19 0.19 0.20 0.20 0.20 0.20 0.20 0.20 0.20 0.20 0.20 0.20 0.20 0.20 0.20 0.20 0.20 0.01 0.19 0.19 0.19 0.19 0.16 0.16 0.16 0.16 0.15 0.19 0.19 0.19 0.19 0.19 0.19 0.19 0.19 0.19 0.19 0.19 0.22 0.22 0.22 0.22
0.80 0.80 0.80 0.35 0.81 0.81 0.81 0.81 0.82 0.82 0.82 0.36 0.83 0.83 0.83 0.83 0.83 0.83 0.83 0.83 0.83 0.83 0.83 0.83 0.36 0.36 0.82 0.82 0.82 0.82 0.82 0.82 0.82 0.16 0.16 0.16 0.03 0.18 0.18 0.18 0.19 0.19 0.19 0.19 0.20 0.20 0.20 0.20 0.20 0.20 0.20 0.20 0.20 0.20 0.01 0.01 0.01 0.01 0.01 0.01 0.01 0.00 0.01 0.01 0.01 0.16 0.16 0.16 0.15 0.19 0.19 0.19 0.19 0.19 0.19 0.19 0.19 0.19 0.19 0.19 0.22 0.22 0.22 0.22
0.80 0.80 0.80 0.80 0.81 0.81 0.81 0.81 0.82 0.82 0.82 0.82 0.83 0.83 0.83 0.83 0.83 0.83 0.83 0.83 0.83 0.83 0.83 0.83 0.82 0.82 0.82 0.82 0.82 0.82 0.82 0.82 0.82 0.16 0.16 0.16 0.18 0.18 0.18 0.18 0.19 0.19 0.19 0.19 0.03 0.20 0.20 0.20 0.20 0.20 0.20 0.01 0.01 0.01 0.00 0.00 0.01 0.01 0.01 0.01 0.01 0.01 0.01 0.01 0.01 0.01 0.16 0.16 0.15 0.19 0.19 0.19 0.19 0.19 0.19 0.19 0.19 0.19 0.19 0.19 0.22 0.22 0.22 0.22
0.85 0.85 0.85 0.85 0.87 0.87 0.87 0.87 0.87 0.87 0.87 0.87 0.87 0.87 0.87 0.87 0.87 0.87 0.87 0.87 0.86 0.86 0.86 0.86 0.85 0.85 0.85 0.85 0.85 0.85 0.85 0.85 0.86 0.86 0.19 0.19 0.20 0.20 0.20 0.20 0.20 0.20 0.20 0.20 0.21 0.21 0.21 0.21 0.20 0.20 0.20 0.01 0.01 0.01 0.00 0.00 0.01 0.01 0.01 0.01 0.01 0.01 0.01 0.01 0.01 0.01 0.01 0.16 0.20 0.20 0.20 0.20 0.19 0.19 0.19 0.19 0.20 0.20 0.20 0.20 0.23 0.23 0.23 0.23
0.85 0.85 0.85 0.85 0.87 0.87 0.87 0.87 0.87 0.87 0.87 0.87 0.87 0.87 0.87 0.87 0.87 0.87 0.87 0.87 0.86 0.86 0.86 0.86 0.85 0.85 0.85 0.85 0.85 0.85 0.85 0.85 0.86 0.86 0.19 0.19 0.20 0.20 0.20 0.20 0.20 0.20 0.20 0.20 0.21 0.21 0.21 0.03 0.20 0.03 0.01 0.01 0.00 0.00 0.00 0.00 0.00 0.01 0.01 0.01 0.01 0.01 0.01 0.01 0.01 0.01 0.01 0.16 0.20 0.20 0.20 0.20 0.19 0.19 0.19 0.19 0.20 0.20 0.20 0.20 0.04 0.23 0.04 0.04
0.85 0.85 0.85 0.85 0.87 0.87 0.87 0.87 0.87 0.87 0.87 0.87 0.87 0.87 0.87 0.87 0.87 0.87 0.87 0.87 0.86 0.86 0.86 0.86 0.85 0.85 0.85 0.85 0.85 0.85 0.85 0.85 0.86 0.86 0.19 0.19 0.20 0.20 0.20 0.20 0.20 0.20 0.20 0.20 0.21 0.03 0.23 0.01 0.20 0.01 0.01 0.01 0.00 0.00 0.11 0.00 0.00 0.11 0.00 0.00 0.00 0.11 0.00 0.01 0.01 0.01 0.01 0.01 0.01 0.20 0.20 0.20 0.19 0.19 0.19 0.19 0.20 0.20 0.20 0.20 0.23 0.23 0.24 0.24
0.85 0.85 0.85 0.85 0.87 0.87 0.87 0.87 0.87 0.87 0.87 0.87 0.87 0.87 0.87 0.27 0.27 0.27 0.87 0.87 0.86 0.86 0.86 0.86 0.85 0.85 0.85 0.85 0.85 0.85 0.85 0.85 0.86 0.86 0.38 0.19 0.20 0.20 0.03 0.03 0.20 0.20 0.20 0.20 0.21 0.22 0.01 0.01 0.01 0.01 0.00 0.00 0.00 0.00 0.11 0.00 0.00 0.00 0.00 0.00 5.80 0.11 0.11 0.00 0.01 0.01 0.01 0.01 0.01 0.01 0.20 0.20 0.19 0.19 0.19 0.19 0.20 0.20 0.20 0.20 0.00 0.02 0.24 0.03
0.90 0.28 0.16 0.29 0.89 0.89 0.89 0.28 0.89 0.89 0.89 0.40 0.40 0.90 0.92 0.28 0.28 0.28 0.28 0.88 0.88 0.88 0.88 0.88 0.87 0.87 0.87 0.87 0.87 0.87 0.87 0.87 0.88 0.88 0.88 0.20 0.20 0.20 0.20 0.03 0.21 0.21 0.03 0.21 0.22 0.01 0.01 0.01 0.00 0.00 0.11 0.00 0.00 0.00 0.00 0.00 0.00 0.00 0.00 0.00 0.00 0.00 0.00 0.00 0.11 0.11 0.01 0.01 0.01 0.01 0.20 0.20 0.20 0.20 0.20 0.03 0.04 0.21 0.21 0.21 0.02 0.02 0.02 0.00
0.28 0.28 0.28 0.29 0.28 0.28 0.29 0.28 0.28 0.16 0.16 0.19 0.91 0.38 0.19 0.29 0.28 0.28 0.28 0.88 0.88 0.88 0.88 0.88 0.87 0.87 0.87 0.87 0.87 0.87 0.87 0.87 0.88 0.88 0.88 0.88 0.20 0.20 0.03 0.03 0.21 0.01 0.01 0.00 0.00 0.00 0.00 0.12 5.80 0.00 0.00 0.00 0.00 0.00 0.00 0.00 0.00 0.00 0.00 0.00 0.00 0.00 0.00 0.00 0.00 0.00 0.11 0.11 0.11 0.01 0.01 0.20 0.21 0.04 0.03 0.03 0.20 0.04 0.04 0.04 0.02 0.02 0.02 0.02
0.29 0.31 0.31 0.30 0.29 0.30 0.20 0.30 0.30 0.20 0.20 0.20 0.20 0.20 0.17 0.20 0.28 0.27 0.27 0.27 0.87 0.87 0.87 0.27 0.27 0.27 0.27 0.87 0.88 0.87 0.87 0.27 0.26 0.26 0.26 0.27 0.20 0.00 0.00 0.00 0.00 0.00 0.00 0.11 0.00 0.00 0.00 0.00 0.00 0.00 0.00 0.00 0.00 0.00 0.00 0.00 0.00 0.00 0.00 0.00 0.00 0.00 0.00 0.00 0.00 0.00 0.00 0.00 0.00 5.68 0.01 0.01 0.01 0.20 0.04 0.04 0.04 0.04 0.04 0.20 0.00 0.01 0.00 0.00
0.30 0.20 0.25 0.72 0.29 0.29 0.31 0.17 0.25 0.25 0.25 0.72 0.25 0.20 0.17 0.20 0.18 0.27 0.27 0.29 0.28 0.27 0.27 0.28 0.28 0.27 0.28 0.18 0.18 0.28 0.28 0.28 0.26 0.26 0.26 0.14 0.00 0.00 0.00 0.00 0.00 0.00 0.11 0.11 0.11 0.00 0.00 0.00 0.00 0.00 0.00 0.00 0.00 0.00 0.00 0.00 0.00 0.00 0.00 0.00 0.00 0.00 0.00 0.00 0.00 0.00 0.00 0.00 0.00 0.00 0.00 0.00 0.00 0.01 0.01 0.00 0.00 0.00 0.01 0.01 0.00 0.00 0.00 0.12
0.30 0.25 0.25 0.25 0.30 0.30 0.20 0.25 0.25 0.25 0.25 0.25 0.25 0.25 0.25 0.25 0.23 0.29 0.29 0.68 0.23 0.27 0.18 0.18 0.16 0.18 0.18 0.18 0.23 0.18 0.18 0.18 0.27 0.26 0.26 0.28 0.65 0.00 0.00 0.00 0.00 0.11 0.11 0.11 0.00 0.00 0.00 0.00 0.00 0.00 0.00 0.00 0.00 0.00 0.00 0.00 0.00 0.00 0.00 0.00 0.00 0.00 0.00 0.00 0.00 0.00 0.00 0.00 0.00 0.00 0.00 0.00 0.00 0.00 0.00 0.00 5.68 5.68 0.00 0.00 0.00 0.00 0.00 0.00
0.25 0.25 0.72 0.72 0.20 0.17 0.25 0.25 0.25 0.25 0.25 0.72 0.72 0.25 0.25 0.25 0.23 0.23 0.68 0.23 0.68 0.16 0.23 0.23 0.23 0.23 0.23 0.16 0.23 0.23 0.23 0.23 0.22 0.15 0.28 0.65 0.65 0.11 0.11 0.11 0.11 0.11 0.11 0.00 0.00 0.00 0.00 0.00 0.00 0.00 0.00 0.00 0.00 0.00 0.00 0.00 0.00 0.00 0.00 0.00 0.00 0.00 0.00 0.00 0.00 0.00 0.00 0.00 0.00 0.00 0.00 0.00 0.00 0.00 0.00 0.00 0.00 0.00 0.00 0.00 0.00 0.00 0.00 0.00
0.25 0.25 0.25 0.25 0.25 0.25 0.14 0.72 0.14 0.14 0.14 0.72 6.06 0.00 0.00 0.00 0.00 5.90 5.90 0.00 0.00 0.00 0.00 5.90 0.68 0.68 0.68 0.68 0.68 0.68 0.68 0.68 0.65 0.65 0.65 0.65 0.65 0.11 0.11 0.11 0.11 0.11 0.00 0.00 0.00 0.00 0.00 0.00 0.00 0.00 0.00 0.00 0.00 0.00 0.00 0.00 0.00 0.00 0.00 0.00 0.00 0.00 0.00 0.00 0.00 0.00 0.00 0.00 0.00 0.00 0.00 0.00 0.00 0.00 0.00 0.00 0.00 0.00 0.00 0.00 0.00 0.00 0.00 0.00
0.25 0.25 0.25 0.25 0.25 0.14 0.14 0.72 0.14 0.14 0.14 0.72 0.00 0.00 0.00 0.00 0.00 0.00 0.00 0.00 0.00 0.00 0.00 0.00 0.00 0.00 0.00 1.51 0.68 0.68 0.68 0.68 0.65 0.65 0.65 0.65 0.65 0.65 5.80 0.11 0.11 5.80 0.00 0.00 0.00 0.00 0.00 0.00 0.00 0.00 0.00 0.00 0.00 0.00 0.00 0.00 0.00 0.00 0.00 0.00 0.00 0.00 0.00 0.00 0.00 0.00 0.00 0.00 0.00 0.00 0.00 0.00 0.00 0.00 0.00 0.00 0.00 0.00 0.00 0.00 0.00 0.00 0.00 0.00
0.25 0.25 0.72 0.72 0.14 0.14 0.14 0.14 0.14 0.14 0.14 0.72 0.00 0.00 0.00 0.00 0.00 0.00 0.00 0.00 0.00 0.00 0.00 0.00 0.00 0.00 0.00 0.00 0.00 0.00 0.68 0.68 0.00 0.00 0.00 0.00 0.00 0.00 0.00 0.00 0.00 0.00 0.00 0.00 0.00 0.00 0.00 0.00 0.00 0.00 0.00 0.00 0.00 0.00 0.00 0.00 0.00 0.00 0.00 0.00 0.00 0.00 0.00 0.00 0.00 0.00 0.00 0.00 0.00 0.00 0.00 0.00 0.00 0.00 0.00 0.00 0.00 0.00 0.00 0.00 0.00 0.00 0.00 0.00
0.25 0.25 0.25 0.14 0.14 0.25 1.58 1.58 6.06 0.00 0.00 0.00 0.00 0.00 0.00 0.00 0.00 0.00 0.00 0.00 0.00 0.00 0.00 0.00 0.00 0.00 0.00 0.00 0.00 0.00 0.00 0.00 0.00 0.00 0.00 0.00 0.00 0.00 0.00 0.00 0.00 0.00 0.00 0.00 0.00 0.00 0.00 0.00 0.00 0.00 0.00 0.00 0.00 0.00 0.00 0.00 0.00 0.00 0.00 0.00 0.00 0.00 0.00 0.00 0.00 0.00 0.00 0.00 0.00 0.00 0.00 0.00 0.00 0.00 0.00 0.00 0.00 0.00 0.00 0.00 0.00 0.00 0.00 0.00
0.25 0.17 0.17 0.72 0.14 0.72 0.72 1.58 2.66 4.87 0.72 1.58 0.00 0.00 0.00 0.00 0.00 0.00 0.00 0.00 0.00 0.00 0.00 0.00 0.00 0.00 0.00 0.00 0.00 0.00 0.00 0.00 0.00 0.00 0.00 0.00 0.00 0.00 0.00 0.00 0.00 0.00 0.00 0.00 0.00 0.00 0.00 0.00 0.00 0.00 0.00 0.00 0.00 0.00 0.00 0.00 0.00 0.00 0.00 0.00 0.00 0.00 0.00 0.00 0.00 0.00 0.00 0.00 0.00 0.00 0.00 0.00 0.00 0.00 0.00 0.00 0.00 0.00 0.00 0.00 0.00 0.00 0.00 0.00
0.33 0.25 0.25 0.25 0.72 0.72 0.72 1.58 1.58 1.58 0.14 1.58 0.00 0.00 0.00 0.00 0.00 0.00 0.00 0.00 0.00 0.00 0.00 0.00 0.00 0.00 0.00 0.00 0.00 0.00 0.00 0.00 0.00 0.00 0.00 0.00 0.00 0.00 0.00 0.00 0.00 0.00 0.00 0.00 0.00 0.00 0.00 0.00 0.00 0.00 0.00 0.00 0.00 0.00 0.00 0.00 0.00 0.00 0.00 0.00 0.00 0.00 0.00 0.00 0.00 0.00 0.00 0.00 0.00 0.00 0.00 0.00 0.00 0.00 0.00 0.00 0.00 0.00 0.00 0.00 0.00 0.00 0.00 0.00
0.01 0.25 0.72 0.72 0.25 0.72 0.72 0.72 0.72 0.86 0.72 0.72 0.00 0.00 0.00 0.00 0.00 0.00 0.00 0.00 0.00 0.00 0.00 0.00 0.00 0.00 0.00 0.00 0.00 0.00 0.00 0.00 0.00 0.00 0.00 0.00 0.00 0.00 0.00 0.00 0.00 0.00 0.00 0.00 0.00 0.00 0.00 0.00 0.00 0.00 0.00 0.00 0.00 0.00 0.00 0.00 0.00 0.00 0.00 0.00 0.00 0.00 0.00 0.00 0.00 0.00 0.00 0.00 0.00 0.00 0.00 0.00 0.00 0.00 0.00 0.00 0.00 0.00 0.00 0.00 0.00 0.00 0.00 0.00
0.01 0.01 0.25 0.25 0.30 0.30 0.96 0.30 0.31 0.25 0.72 0.32 0.32 0.32 0.72 0.25 0.68 0.68 1.02 0.23 0.00 0.00 0.00 0.00 0.00 0.00 0.00 0.00 0.00 0.00 0.00 0.00 0.00 0.00 0.00 0.00 0.00 0.00 0.00 0.00 0.00 0.00 0.00 0.00 0.00 0.00 0.00 0.00 0.00 0.00 0.00 0.00 0.00 0.00 0.00 0.00 0.00 0.00 0.00 0.00 0.00 0.00 0.00 0.00 0.00 0.00 0.00 0.00 0.00 0.00 0.00 0.00 0.00 0.00 0.00 0.00 0.00 0.00 0.00 0.00 0.00 0.00 0.00 0.00
0.01 0.01 0.01 0.72 0.40 0.96 1.48 0.94 0.93 0.96 0.96 0.96 0.31 0.32 0.25 0.25 0.23 0.23 0.68 0.88 0.23 5.90 0.00 0.00 0.00 0.00 0.00 0.00 0.00 0.00 0.00 0.00 0.00 0.00 0.00 0.00 0.00 0.00 0.00 0.00 0.00 0.00 0.00 0.00 0.00 0.00 0.00 0.00 0.00 0.00 0.00 0.00 0.00 0.00 0.00 0.00 0.00 0.00 0.00 0.00 0.00 0.00 0.00 0.00 0.00 0.00 0.00 0.00 0.00 0.00 0.00 0.00 0.00 0.00 0.00 0.00 0.00 0.00 0.00 0.00 0.00 0.00 0.00 0.00
0.01 0.01 0.04 0.40 0.30 0.96 0.94 0.94 0.93 0.93 0.94 0.94 0.94 0.25 0.25 0.20 0.39 0.37 0.37 0.37 0.18 0.23 5.90 0.68 0.00 0.00 0.00 0.00 0.00 0.00 0.00 0.00 0.00 0.00 0.00 0.00 0.00 0.00 0.00 0.00 0.00 0.00 0.00 0.00 0.00 0.00 0.00 0.00 0.00 0.00 0.00 0.00 0.00 0.00 0.00 0.00 0.00 0.00 0.00 0.00 0.00 0.00 0.00 0.00 0.00 0.00 0.00 0.00 0.00 0.00 0.00 0.00 0.00 0.00 0.00 0.00 0.00 0.00 0.00 0.00 0.00 0.00 0.00 0.00
0.01 0.04 0.04 0.04 0.30 0.96 0.93 0.93 0.92 0.92 0.92 0.92 1.19 0.32 0.25 0.70 0.28 0.37 0.28 1.14 0.89 0.37 0.23 0.23 0.23 0.68 5.90 0.00 0.00 0.00 0.00 0.00 0.00 0.00 0.00 0.00 0.00 0.00 0.00 0.00 0.00 0.00 0.00 0.00 0.00 0.00 0.00 0.00 0.00 0.00 0.00 0.00 0.00 0.00 0.00 0.00 0.00 0.00 0.00 0.00 0.00 0.00 0.00 0.00 0.00 0.00 0.00 0.00 0.00 0.00 0.00 0.00 0.00 0.00 0.00 0.00 0.00 0.00 0.00 0.00 0.00 0.00 0.00 0.00
0.04 0.05 0.04 0.25 0.24 0.93 1.47 0.93 0.92 0.92 0.92 0.41 0.96 0.17 0.30 0.40 0.37 0.53 0.40 0.38 0.85 0.89 0.37 0.23 0.23 0.23 0.68 0.68 0.00 0.00 0.00 0.00 0.00 0.00 0.00 0.00 0.00 0.00 0.00 0.00 0.00 0.00 0.00 0.00 0.00 0.00 0.00 0.00 0.00 0.00 0.00 0.00 0.00 0.00 0.00 0.00 0.00 0.00 0.00 0.00 0.00 0.00 0.00 0.00 0.00 0.00 0.00 0.00 0.00 0.00 0.00 0.00 0.00 0.00 0.00 0.00 0.00 0.00 0.00 0.00 0.00 0.00 0.00 0.00
0.09 0.07 0.10 0.35 0.35 0.35 1.20 1.17 1.16 1.16 1.16 0.56 1.20 0.33 0.67 0.52 0.47 1.43 0.51 1.06 1.05 1.05 1.09 0.36 0.30 0.30 0.30 0.84 0.84 0.00 0.00 0.00 0.00 0.00 0.00 0.00 0.00 0.00 0.00 6.18 0.75 0.00 0.00 0.00 0.00 0.00 0.00 0.14 0.13 0.13 0.13 0.13 0.00 0.00 0.00 0.00 0.00 0.00 0.00 0.00 0.00 0.00 0.00 0.00 0.00 0.00 0.00 0.00 0.00 0.00 0.00 0.00 0.00 0.00 0.00 0.00 0.00 0.00 0.00 0.00 0.00 0.00 0.00 0.00
0.10 0.07 0.10 0.10 0.35 0.33 1.17 1.17 1.16 1.16 1.16 0.56 1.20 1.20 1.90 0.40 1.10 1.10 1.06 1.06 1.05 1.05 1.05 1.07 1.10 1.10 0.36 0.35 0.38 0.84 0.84 0.84 0.00 0.00 0.00 0.00 0.00 0.00 0.75 0.75 0.75 0.75 0.14 0.14 0.14 0.14 0.02 0.02 0.01 0.01 0.00 0.00 0.13 0.00 0.00 0.00 0.00 0.00 0.00 0.00 0.00 0.00 0.00 0.00 0.00 0.00 0.00 0.00 0.00 0.00 0.00 0.00 0.00 0.00 0.00 0.00 0.00 0.00 0.00 0.00 0.00 0.00 0.00 0.00
0.34 0.35 0.35 0.35 0.33 0.33 0.33 1.17 1.16 1.16 1.16 1.16 1.15 1.15 1.15 1.19 1.04 1.65 1.04 1.04 1.04 1.04 1.04 1.04 1.07 1.07 1.07 0.35 0.21 0.84 0.84 1.02 0.26 6.18 0.00 0.00 0.00 0.75 0.75 0.75 0.75 0.75 0.14 0.14 0.00 0.02 0.04 0.26 0.03 0.01 0.00 0.00 0.00 0.00 0.00 0.00 0.00 0.00 0.00 0.00 0.00 0.00 0.00 0.00 0.00 0.00 0.00 0.00 0.00 0.00 0.00 0.00 0.00 0.00 0.00 0.00 0.00 0.00 0.00 0.00 0.00 0.00 0.00 0.00
0.35 0.34 0.34 0.34 0.33 0.33 0.33 0.33 1.16 1.16 1.16 1.86 1.15 1.15 1.15 1.15 1.04 1.04 1.04 1.04 1.04 1.04 1.04 1.04 1.07 0.49 1.07 1.10 0.21 0.84 0.30 0.84 0.75 0.75 0.75 0.75 0.75 0.75 0.75 0.21 0.21 0.42 0.42 0.03 0.03 0.23 0.04 0.04 0.01 0.13 0.00 0.00 0.00 0.00 0.00 0.00 0.00 0.00 0.00 0.00 0.00 0.00 0.00 0.00 0.00 0.00 0.00 0.00 0.00 0.00 0.00 0.00 0.00 0.00 0.00 0.00 0.00 0.00 0.00 0.00 0.00 0.00 0.00 0.00
0.07 0.35 0.34 0.34 0.33 0.33 0.33 0.33 1.16 1.16 1.16 1.16 1.15 1.15 1.15 1.15 1.04 2.32 1.04 1.04 1.04 1.04 1.04 1.04 0.49 0.49 1.07 1.10 0.30 0.84 0.84 0.84 0.75 0.75 0.75 0.75 0.75 0.75 0.52 0.26 0.98 0.96 0.96 0.04 0.03 0.03 0.01 0.14 0.13 0.00 0.00 0.00 0.00 0.00 0.00 0.00 0.00 0.00 0.00 0.00 0.00 0.00 0.00 0.00 0.00 0.00 0.00 0.00 0.00 0.00 0.00 0.00 0.00 0.00 0.00 0.00 0.00 0.00 0.00 0.00 0.00 0.00 0.00 0.00
0.02 0.09 0.34 0.34 0.33 0.34 0.35 0.33 0.33 1.16 1.16 1.16 1.15 1.15 1.15 1.15 1.04 1.04 1.04 1.04 0.47 1.04 1.04 1.04 1.07 0.49 0.51 0.84 0.30 0.30 0.84 0.84 0.75 0.75 0.15 0.15 0.75 0.21 0.18 0.97 0.94 0.42 0.18 0.18 0.30 1.07 0.67 0.55 0.13 0.00 0.00 0.00 0.00 0.00 0.00 0.00 0.00 0.00 0.00 0.00 0.00 0.00 0.00 0.00 0.00 0.00 0.00 0.00 0.00 0.00 0.00 0.00 0.00 0.00 0.00 0.00 0.00 0.00 0.00 0.00 0.00 0.00 0.00 0.00
