New_Model_Runs/9_Future_Present_Scn2_out/post_prcessed_with_MFR/Monthly_summaries/runoff_monthly_FEB.asc
NCOLS 700
NROWS 400
XLLCENTER 515000.000000
YLLCENTER 8409000.000000
CELLSIZE 50.000000
NODATA_value -999.000000
[rows 228 to 265 of 400, columns 84 to 167 of 700]
4.70 8.68 4.70 4.70 4.71 4.71 4.71 4.71 8.68 4.70 4.70 4.70 4.79 4.79 4.79 4.79 4.71 4.71 4.71 4.71 4.69 4.69 4.69 4.69 4.75 4.75 4.75 4.75 9.30 9.45 4.92 4.92 4.96 4.96 4.96 4.96 5.01 5.01 5.01 5.01 5.03 5.03 5.03 5.03 5.68 5.68 5.68 5.68 5.63 5.63 5.63 5.63 5.61 10.34 5.61 5.61 5.66 5.66 5.66 5.66 6.17 6.17 3.44 3.44 3.43 3.43 3.43 5.80 3.41 3.41 3.41 3.41 6.16 6.16 6.16 6.16 6.47 6.47 6.47 3.64 3.63 3.63 3.63 2.68
4.70 4.70 4.70 4.70 4.71 4.71 4.71 4.71 4.70 4.70 8.68 4.70 4.79 4.79 4.79 4.79 4.71 4.71 4.71 4.71 4.69 4.69 4.69 8.70 4.75 4.75 4.75 4.75 9.30 4.92 4.92 4.92 4.96 4.96 4.96 4.96 14.07 5.01 5.01 5.01 5.03 5.03 5.03 5.03 5.68 5.68 5.68 5.68 5.63 5.63 5.63 5.63 5.61 5.61 5.61 5.61 5.66 5.66 5.66 5.66 6.17 6.17 3.44 3.44 3.43 6.15 6.15 3.43 3.41 3.41 3.41 2.51 6.16 6.16 6.16 6.16 6.47 6.47 6.47 6.47 6.45 3.63 3.63 3.63
4.70 4.70 4.70 4.70 4.71 4.71 4.71 4.71 4.70 4.70 4.70 4.70 4.79 8.84 4.79 8.78 4.71 8.69 4.71 4.71 4.69 8.66 4.69 4.69 4.75 4.75 4.75 4.75 13.71 4.92 4.92 4.92 4.96 4.96 4.96 4.96 5.01 5.01 5.01 5.01 5.03 9.66 9.66 5.03 5.68 5.68 5.68 5.68 10.39 5.63 5.63 5.63 5.61 5.61 5.61 5.61 5.66 5.66 5.66 5.66 6.17 6.17 6.17 6.17 11.38 6.15 3.43 3.43 6.12 6.12 3.41 2.51 6.16 6.16 6.16 6.16 6.47 6.47 4.33 6.47 6.45 6.45 6.45 6.45
4.70 4.70 4.70 4.70 4.71 4.71 4.71 4.71 4.70 4.70 4.70 4.70 4.79 4.79 4.79 4.79 4.71 4.71 4.71 8.67 8.65 4.69 4.69 4.69 4.75 4.75 4.75 4.75 4.92 4.92 4.92 4.92 4.96 4.96 4.96 4.96 5.01 5.01 5.01 5.01 5.03 5.03 9.61 5.03 5.68 5.68 5.68 5.68 5.63 10.39 5.63 5.63 5.61 5.61 5.61 5.61 5.66 5.66 5.66 5.66 6.17 6.17 6.17 6.17 6.15 6.15 3.43 6.15 6.12 6.12 3.41 6.12 6.16 6.16 6.16 6.16 6.47 6.47 6.47 6.47 6.45 6.45 6.45 6.45
4.63 4.63 8.54 8.54 4.62 4.62 4.62 4.62 4.61 4.61 4.61 4.61 4.68 3.06 4.68 8.60 4.64 4.64 4.64 4.64 4.69 4.69 4.69 4.69 4.75 4.75 4.75 4.75 4.93 4.93 4.93 4.93 4.99 4.99 4.99 4.99 4.99 4.99 4.99 4.99 4.96 4.96 4.96 4.96 5.62 5.62 5.62 5.62 5.63 5.63 5.63 5.63 5.68 5.68 5.68 5.68 5.75 5.75 5.75 5.75 6.24 6.24 6.24 6.24 6.18 6.18 6.18 6.18 6.15 6.15 6.15 6.15 6.21 6.21 6.21 6.21 6.53 6.53 12.06 6.53 6.54 6.54 6.54 6.54
4.63 4.63 4.63 4.63 4.62 4.62 4.62 4.62 4.61 12.59 4.61 4.61 4.68 4.68 4.68 4.68 4.64 4.64 4.64 4.64 4.69 4.69 4.69 4.69 4.75 4.75 4.75 4.75 4.93 4.93 4.93 4.93 4.99 4.99 4.99 4.99 4.99 4.99 4.99 14.04 4.96 4.96 4.96 4.96 5.62 5.62 5.62 5.62 5.63 5.63 5.63 5.63 5.68 5.68 5.68 5.68 5.75 5.75 5.75 5.75 6.24 6.24 17.11 6.24 6.18 6.18 6.18 6.18 11.38 6.15 6.15 6.15 6.21 6.21 6.21 6.21 6.53 6.53 6.53 6.53 6.54 6.54 6.54 6.54
8.54 4.63 4.63 4.63 4.62 4.62 4.62 4.62 4.61 4.61 4.61 4.61 4.68 4.68 4.68 4.68 4.64 4.64 4.64 4.64 4.69 4.69 4.69 4.69 4.75 4.75 4.75 4.75 4.93 4.93 4.93 4.93 4.99 4.99 4.99 4.99 18.66 9.59 17.89 4.99 4.96 9.53 4.96 4.96 5.62 5.62 5.62 5.62 5.63 5.63 5.63 5.63 5.68 5.68 5.68 5.68 5.75 5.75 5.75 5.75 6.24 6.24 6.24 17.06 6.18 6.18 6.18 6.18 6.15 6.15 6.15 6.15 6.21 6.21 6.21 6.21 6.53 6.53 6.53 4.39 4.39 6.54 6.54 6.54
8.46 4.63 4.63 4.63 4.62 4.62 8.46 4.62 4.61 4.61 4.61 4.61 4.68 4.68 4.68 4.68 4.64 4.64 4.64 4.64 4.69 4.69 4.69 4.69 4.75 4.75 4.75 4.75 4.93 4.93 4.93 4.93 4.99 4.99 4.99 14.07 4.99 4.99 4.99 4.99 4.96 4.96 4.96 4.96 5.62 5.62 5.62 5.62 5.63 5.63 5.63 5.63 5.68 5.68 5.68 5.68 5.75 5.75 5.75 5.75 6.24 6.24 6.24 6.24 6.18 6.18 6.18 6.18 6.15 6.15 6.15 6.15 6.21 6.21 6.21 6.21 6.53 6.53 6.53 6.53 4.39 6.54 6.54 6.54
4.54 4.54 4.54 8.37 4.54 4.54 4.54 4.54 4.53 4.53 4.53 4.53 4.63 4.63 4.63 4.63 4.71 4.71 4.71 4.71 4.80 4.80 4.80 4.80 4.85 4.85 4.85 4.85 5.02 5.02 5.02 5.02 5.03 5.03 5.03 9.61 4.97 4.97 4.97 4.97 4.96 4.96 4.96 4.96 5.69 5.69 5.69 5.69 5.74 5.74 5.74 5.74 5.80 5.80 5.80 5.80 5.84 5.84 5.84 5.84 6.31 6.31 6.31 11.63 6.21 11.47 6.21 6.21 6.17 6.17 6.17 6.17 6.25 6.25 6.25 6.25 6.57 6.57 6.57 6.57 6.59 4.43 6.59 6.59
4.54 4.54 4.54 4.54 4.54 4.54 4.54 4.54 4.53 4.53 8.35 4.53 4.63 4.63 4.63 4.63 4.71 4.71 4.71 4.71 4.80 4.80 4.80 4.80 4.85 4.85 4.85 4.85 5.02 5.02 5.02 5.02 5.03 5.03 5.03 5.03 4.97 4.97 4.97 4.97 4.96 4.96 4.96 4.96 5.69 5.69 5.69 5.69 5.74 5.74 5.74 5.74 5.80 5.80 5.80 5.80 5.84 5.84 5.84 5.84 6.31 6.31 6.31 6.31 6.21 6.21 6.21 6.21 6.17 6.17 6.17 6.17 6.25 6.25 6.25 6.25 6.57 6.57 6.57 6.57 6.59 12.23 6.59 6.59
4.54 4.54 8.37 4.54 4.54 4.54 4.54 4.54 4.53 4.53 4.53 4.53 4.63 4.63 4.63 4.63 4.71 4.71 4.71 4.71 4.80 4.80 4.80 4.80 4.85 4.85 4.85 4.85 5.02 5.02 5.02 5.02 5.03 5.03 5.03 5.03 4.97 4.97 4.97 4.97 4.96 4.96 4.96 4.96 5.69 5.69 5.69 5.69 5.74 5.74 5.74 5.74 5.80 5.80 5.80 5.80 5.84 5.84 5.84 5.84 6.31 6.31 6.31 6.31 6.21 6.21 6.21 8.56 6.17 6.17 6.17 6.17 6.25 6.25 6.25 6.25 6.57 6.57 6.57 6.57 6.59 12.23 6.59 6.59
4.54 4.54 4.54 4.54 4.54 4.54 4.54 4.54 12.37 4.53 4.53 4.53 4.63 4.63 4.63 4.63 4.71 4.71 4.71 4.71 4.80 4.80 4.80 4.80 4.85 4.85 4.85 4.85 5.02 5.02 5.02 5.02 5.03 14.17 5.03 9.61 4.97 4.97 4.97 4.97 4.96 4.96 4.96 4.96 5.69 5.69 5.69 5.69 5.74 5.74 5.74 5.74 5.80 5.80 5.80 5.80 5.84 5.84 5.84 5.84 6.31 6.31 17.32 6.31 6.21 20.88 4.14 6.21 6.17 6.17 6.17 6.17 6.25 6.25 6.25 6.25 6.57 6.57 6.57 6.57 6.59 6.59 12.23 6.59
4.51 4.51 4.51 4.51 4.54 4.54 4.54 4.54 4.56 4.56 4.56 4.56 4.71 4.71 4.71 4.71 4.83 4.83 4.83 4.83 4.91 4.91 4.91 4.91 4.95 4.95 4.95 4.95 5.41 5.41 5.41 5.41 5.02 5.02 5.02 5.02 4.98 4.98 4.98 4.98 4.99 4.99 4.99 4.99 5.74 5.74 5.74 5.74 5.82 5.82 5.82 5.82 5.87 5.87 5.87 5.87 5.89 5.89 5.89 5.89 6.31 6.31 6.31 11.60 11.43 6.18 6.18 6.18 6.16 4.11 4.11 6.16 6.25 6.25 6.25 6.25 6.57 6.57 6.57 6.57 6.63 6.63 6.63 6.63
6.11 4.59 4.51 4.51 4.54 4.54 4.54 4.54 8.40 4.56 4.56 4.56 4.71 4.71 3.08 4.71 4.83 4.83 4.83 4.83 4.91 4.91 4.91 4.91 4.95 4.95 4.95 4.95 5.41 5.41 5.41 5.41 14.39 9.64 5.02 5.02 4.98 4.98 4.98 4.98 4.99 4.99 4.99 4.99 5.74 5.74 5.74 5.74 5.82 5.82 5.82 5.82 5.87 5.87 5.87 5.87 5.89 5.89 5.89 5.89 6.31 6.31 6.31 6.31 6.18 6.18 6.18 6.18 6.16 6.16 6.16 6.16 6.25 6.25 6.25 6.25 6.57 6.57 6.57 6.57 6.63 6.63 6.63 6.63
2.96 2.96 2.96 2.96 2.98 2.98 4.50 4.50 4.52 8.37 4.52 4.52 4.57 4.57 4.57 4.57 4.69 4.69 4.69 4.69 4.77 4.77 4.77 4.77 4.81 4.81 4.81 3.16 4.87 4.87 4.87 4.87 4.81 8.88 4.81 4.81 4.77 4.77 4.77 4.77 4.78 4.78 9.00 4.78 5.42 5.42 5.42 5.42 5.50 5.50 5.50 5.50 5.55 5.55 5.55 5.55 5.57 5.57 5.57 10.26 5.88 5.88 5.88 5.88 5.76 10.98 5.76 5.76 5.75 5.75 5.75 5.75 5.82 5.82 5.82 5.82 6.18 6.18 6.18 6.18 6.24 6.24 6.24 6.24
2.96 2.96 2.96 2.96 2.98 2.98 2.98 2.98 3.00 4.52 4.52 4.52 4.57 4.57 4.57 4.57 4.69 4.69 4.69 4.69 4.77 4.77 4.77 4.77 4.81 4.81 4.81 4.81 4.87 4.87 4.87 4.87 4.81 4.81 4.81 4.81 4.77 4.77 4.77 4.77 8.83 8.83 4.78 4.78 5.42 5.42 5.42 5.42 5.50 5.50 5.50 5.50 5.55 5.55 5.55 5.55 5.57 5.57 5.57 3.66 5.88 5.88 5.88 5.88 5.76 5.76 5.76 5.76 5.75 5.75 5.75 5.75 5.82 5.82 5.82 5.82 6.18 11.45 6.18 6.18 6.24 6.24 6.24 6.24
2.97 2.97 2.97 2.97 3.00 3.00 3.00 3.00 3.01 6.96 3.01 3.01 4.62 4.62 4.62 4.62 4.74 4.74 4.74 4.74 4.83 4.83 4.83 4.83 4.87 4.87 4.87 4.87 4.88 4.88 4.88 4.88 4.78 4.78 4.78 4.78 4.78 4.78 4.78 4.78 4.79 4.79 4.79 4.79 5.41 5.41 5.41 5.41 5.51 5.51 5.51 5.51 5.58 5.58 5.58 5.58 5.55 5.55 5.55 5.55 5.81 5.81 5.81 5.81 5.72 5.72 5.72 5.72 5.73 5.73 5.73 5.73 5.77 5.77 5.77 5.77 6.16 6.16 6.16 11.42 6.27 6.27 6.27 6.27
2.97 2.97 2.97 2.97 3.00 3.00 3.00 3.00 3.01 3.01 3.01 3.01 3.07 3.07 3.07 4.62 4.74 4.74 4.74 4.74 4.83 4.83 4.83 4.83 4.87 4.87 4.87 3.28 3.21 4.88 4.88 4.88 4.78 4.78 4.78 4.78 4.78 4.78 4.78 4.78 4.79 4.79 4.79 4.79 5.41 5.41 5.41 5.41 14.85 5.51 5.51 5.51 5.58 5.58 3.68 3.81 5.55 5.55 5.55 5.55 5.81 5.81 5.81 10.65 5.72 5.72 5.72 5.72 5.73 5.73 5.73 5.73 5.77 5.77 5.77 5.77 6.16 11.40 6.16 6.16 17.11 6.27 6.27 6.27
2.97 2.97 2.97 2.97 3.00 3.00 3.00 3.00 3.01 3.01 3.01 3.01 3.07 3.07 3.07 3.07 3.60 3.60 3.60 4.74 4.83 4.83 4.83 4.83 4.87 4.87 4.87 3.28 5.40 5.01 4.88 3.21 4.78 4.78 4.78 4.78 4.78 4.78 4.78 4.78 4.79 4.79 4.79 4.79 5.41 5.41 5.41 5.41 10.07 5.51 5.51 5.51 5.58 5.58 5.58 5.58 5.55 5.55 5.55 5.55 5.81 5.81 5.81 10.65 5.72 5.72 5.72 5.72 5.73 5.73 5.73 5.73 5.77 5.77 5.77 5.77 6.16 6.16 6.16 6.16 6.27 6.27 6.27 6.27
2.97 2.97 2.97 2.97 5.31 3.00 3.00 3.00 1.80 5.33 3.01 3.01 3.07 3.07 3.07 3.07 3.60 3.60 3.60 3.60 3.67 3.67 4.83 4.83 4.87 9.34 9.43 4.97 2.91 2.91 5.01 4.88 4.78 4.78 4.78 4.78 4.78 4.78 4.78 4.78 5.73 4.79 4.79 8.84 5.41 5.41 5.41 5.41 5.51 5.51 5.51 10.16 5.58 5.58 5.58 10.29 5.55 5.55 5.55 5.55 3.84 5.81 5.81 5.81 5.72 5.72 5.72 5.72 5.73 5.73 5.73 5.73 10.66 5.77 5.77 5.77 6.16 6.16 6.16 6.16 6.27 6.27 6.27 6.27
2.98 2.98 2.98 2.98 3.01 3.01 3.01 3.01 3.02 3.02 3.02 3.02 3.07 3.07 3.07 3.07 3.61 3.61 3.61 3.61 3.70 3.70 3.70 3.70 5.53 4.87 3.28 2.86 2.91 4.99 8.95 4.85 4.76 4.76 4.76 4.76 4.78 4.78 2.61 2.61 5.74 4.80 4.80 4.80 5.05 5.05 5.05 5.05 5.47 5.47 5.47 10.08 5.57 5.57 5.57 15.13 5.50 5.50 5.50 5.50 5.76 5.76 5.76 5.76 5.73 5.73 5.73 10.57 5.72 5.72 5.72 5.72 7.83 5.73 5.73 5.73 6.14 6.14 6.14 6.14 6.25 6.25 6.25 11.58
2.98 2.98 2.98 2.98 3.01 3.01 3.01 3.01 3.02 1.80 3.02 3.02 3.07 3.07 3.07 3.07 3.61 9.66 3.61 3.61 3.70 3.70 3.70 3.70 3.70 3.70 2.32 2.37 4.99 5.46 4.85 4.85 4.76 4.76 4.76 4.76 4.78 4.78 2.61 2.61 2.63 2.63 8.86 4.80 5.05 5.05 5.05 5.05 5.47 5.47 5.47 5.47 5.57 5.57 5.67 5.67 5.50 10.14 5.50 10.36 5.76 5.76 5.76 5.76 5.73 5.73 5.73 5.73 5.72 5.72 5.72 5.72 5.73 5.73 5.73 5.73 6.14 6.14 6.14 6.14 6.25 6.25 6.25 6.25
2.98 2.98 2.98 2.98 3.01 3.01 3.01 3.01 3.02 3.02 3.02 3.02 3.07 3.07 3.07 3.07 3.61 3.61 3.61 3.61 3.70 3.74 3.70 6.65 3.74 3.70 2.32 3.70 2.31 2.39 3.68 3.68 4.76 4.76 4.76 4.76 4.78 4.78 4.78 2.61 2.63 2.63 2.63 4.80 5.05 5.05 5.05 5.05 5.47 5.47 5.47 5.47 5.57 10.26 5.67 5.67 5.50 5.50 5.50 5.50 5.76 5.76 3.81 5.76 5.73 5.73 5.73 5.73 5.72 5.72 5.72 5.72 5.73 5.73 5.73 5.73 6.14 6.14 6.14 6.14 6.25 6.25 6.25 11.58
2.98 2.98 2.98 2.98 3.01 3.01 3.01 3.01 3.02 3.02 5.34 3.02 3.07 3.07 3.07 3.07 3.61 9.66 3.61 3.61 3.74 3.74 1.92 1.50 3.78 3.70 3.70 3.70 3.68 3.68 3.80 11.64 3.61 3.61 3.61 4.76 4.78 4.78 4.78 2.61 2.63 4.43 2.63 2.63 14.25 5.05 5.05 5.05 5.47 5.47 5.47 5.47 5.57 5.57 5.57 10.45 5.50 5.50 5.50 5.50 5.76 5.76 3.81 5.76 5.73 3.94 3.94 5.73 5.72 5.72 5.72 5.72 5.73 5.73 3.78 5.73 6.14 6.14 6.14 6.14 6.25 6.25 6.25 11.58
2.99 2.99 2.99 2.99 3.02 3.02 3.02 3.02 3.02 3.02 3.65 3.02 3.08 3.08 3.08 3.08 3.61 3.61 3.61 3.61 3.73 1.50 1.50 1.50 1.92 3.69 3.69 3.69 3.80 3.69 3.80 2.31 2.26 3.62 3.62 3.62 1.85 1.85 2.61 2.61 2.63 4.44 4.44 4.80 5.03 5.03 5.03 5.03 5.41 5.41 5.41 5.41 5.64 5.64 5.52 10.17 5.46 5.46 5.46 3.59 3.81 5.77 10.64 5.77 5.76 5.95 5.95 5.76 5.70 3.76 10.52 5.70 5.69 5.69 5.69 5.69 6.14 6.14 6.14 6.14 6.25 6.25 6.25 6.25
2.99 2.99 2.99 2.99 3.02 3.02 3.02 3.02 3.02 3.02 3.02 1.80 3.08 3.08 3.08 3.08 3.61 3.61 3.61 3.61 3.73 1.50 1.72 1.50 1.50 2.00 2.00 2.00 1.96 3.69 3.80 3.69 3.62 3.62 3.62 3.62 3.63 3.63 3.63 1.85 1.87 1.87 2.63 4.80 5.03 5.03 5.03 5.03 5.41 5.41 5.41 5.41 5.52 5.64 5.64 10.26 5.46 5.46 5.46 5.46 3.81 3.95 3.81 3.81 3.80 3.80 3.80 3.80 5.70 3.76 5.70 5.70 5.69 5.69 5.69 5.69 6.14 6.14 6.14 6.14 6.25 6.25 6.25 8.66
2.99 2.99 3.63 3.63 3.02 7.78 3.02 5.33 3.02 3.02 3.02 3.02 3.08 3.68 3.68 3.68 3.73 3.66 3.66 3.61 3.73 1.72 1.72 1.72 3.33 1.72 1.72 1.72 1.76 1.96 3.69 3.69 3.62 3.62 3.62 3.62 3.63 3.77 3.77 3.63 1.87 1.87 3.04 1.87 1.98 5.03 5.03 5.03 5.41 5.41 5.41 5.41 5.52 5.64 3.09 10.26 5.46 5.46 5.46 3.70 3.95 3.95 3.95 3.95 3.80 5.76 5.76 5.76 3.76 3.76 5.70 5.70 5.69 5.69 5.69 5.69 6.14 6.14 6.14 6.14 6.25 6.25 6.25 6.25
2.27 3.63 3.63 1.96 3.02 5.33 3.02 3.02 3.02 3.02 3.02 3.02 1.84 3.08 3.08 3.68 2.32 3.73 3.61 3.66 3.73 3.33 3.33 1.72 14.28 0.00 0.00 0.00 0.00 1.76 2.03 3.69 3.62 3.62 3.62 3.62 3.63 2.00 2.37 3.63 3.65 1.87 1.87 1.34 1.98 3.83 3.83 3.83 5.41 5.41 5.41 5.41 5.52 3.63 3.09 3.09 5.46 5.46 5.46 3.59 3.95 3.95 4.09 3.95 5.76 5.76 5.76 5.76 3.76 3.76 5.70 5.70 5.69 5.69 5.69 5.69 6.14 6.14 6.14 6.14 6.25 6.25 6.25 6.25
1.80 3.64 3.64 3.64 5.33 3.01 3.01 3.01 3.01 3.01 3.01 3.01 3.09 4.59 3.09 3.09 3.66 3.60 3.66 3.66 2.00 3.33 0.00 0.00 0.00 0.00 0.00 0.00 0.00 0.00 1.87 9.75 3.64 3.64 2.28 3.64 3.62 3.76 3.76 3.62 3.63 1.85 3.97 1.85 1.97 1.97 3.82 3.82 3.83 3.83 3.83 5.03 5.45 7.25 5.52 3.09 5.61 3.59 5.46 5.46 3.83 3.96 3.83 5.79 5.75 3.80 7.87 5.75 5.67 5.67 10.47 19.99 10.48 5.67 5.67 5.67 6.14 6.14 6.14 6.14 6.28 6.28 6.28 6.28
3.64 3.64 3.64 3.64 3.01 3.01 3.01 3.64 3.01 3.01 3.01 3.01 3.09 3.09 3.09 3.09 3.60 3.60 3.60 3.60 14.28 0.00 0.00 0.00 0.00 0.00 0.00 0.00 0.00 0.00 0.00 1.87 1.86 3.64 3.64 3.64 3.62 3.62 3.76 3.62 3.63 1.85 1.85 1.94 2.07 1.97 6.95 3.82 3.83 3.83 3.83 3.83 3.91 3.91 3.91 5.61 5.61 5.61 5.46 5.46 3.96 3.96 3.83 5.79 3.80 9.06 3.80 3.95 3.74 5.67 5.67 5.67 5.67 5.67 5.67 5.67 6.14 6.14 6.14 6.14 6.28 6.28 6.28 6.32
2.76 2.76 2.76 2.76 2.77 1.90 1.90 1.90 2.52 1.90 1.90 1.90 1.91 1.91 1.91 1.91 1.97 1.97 2.79 0.00 0.00 0.00 0.00 0.00 0.00 0.00 0.00 0.00 0.00 0.00 0.00 14.53 1.45 1.68 2.71 2.71 5.33 1.97 1.97 1.97 2.70 2.70 1.28 2.41 1.44 1.37 2.88 2.88 2.89 2.89 2.89 2.89 2.95 2.95 2.95 3.04 3.04 4.80 4.46 7.77 3.08 4.70 3.08 3.08 4.68 4.68 3.06 4.68 4.61 4.61 4.61 4.61 4.61 4.61 4.61 4.61 4.98 4.98 4.98 4.98 5.42 5.42 5.46 3.47
2.76 2.76 2.76 2.76 2.77 1.90 1.90 1.90 1.90 1.90 1.90 0.87 0.88 0.62 0.64 3.00 1.95 1.95 0.00 0.00 0.00 0.00 0.00 0.00 0.00 0.00 0.00 0.00 0.00 0.00 0.00 0.00 1.45 1.45 4.41 2.71 1.97 1.97 2.74 1.97 2.70 2.70 1.28 1.30 1.37 1.37 2.88 2.88 2.89 2.89 2.89 2.89 2.95 2.95 2.95 3.04 1.82 3.04 3.04 2.95 3.57 4.70 4.70 3.08 10.22 4.68 8.60 4.68 4.61 4.61 4.61 4.61 4.61 4.61 4.61 4.80 4.98 4.98 4.98 4.98 5.42 5.42 5.42 5.42
2.75 4.85 2.75 2.75 2.75 1.88 0.86 1.88 1.89 1.89 1.89 1.89 0.62 0.62 1.24 1.12 1.43 0.00 0.00 0.00 0.00 0.00 0.00 0.00 0.00 0.00 0.00 0.00 0.00 0.00 0.00 0.00 2.87 1.45 1.68 2.69 1.95 1.95 1.95 2.79 1.96 1.96 1.96 0.64 1.37 1.37 2.93 1.37 2.87 2.87 2.87 2.87 2.92 2.92 2.92 3.03 3.04 5.92 2.98 2.94 1.87 1.87 2.30 3.27 4.64 4.64 4.64 4.64 4.61 4.61 4.61 4.61 4.62 4.62 3.02 4.62 4.93 4.93 4.93 4.93 5.05 5.05 3.34 3.34
1.88 2.75 2.75 2.75 1.88 1.88 1.88 1.88 1.89 1.89 1.89 1.89 0.62 0.62 1.24 1.01 1.43 0.00 0.00 0.00 0.00 0.00 0.00 0.00 0.00 0.00 0.00 0.00 0.00 0.00 0.00 0.00 2.87 1.45 1.34 1.27 1.95 1.95 1.95 0.90 1.96 1.96 0.91 0.64 1.44 1.24 1.44 1.37 2.87 2.87 2.87 2.87 2.92 2.92 2.92 2.92 1.80 2.87 2.94 4.46 1.87 2.26 8.66 1.87 2.29 1.85 3.09 3.09 4.61 4.61 4.61 4.61 4.62 4.62 4.62 3.02 3.55 3.24 4.93 3.24 5.05 9.71 9.71 3.56
1.88 1.88 1.88 1.88 1.88 1.88 3.89 1.88 1.89 1.89 1.63 1.89 0.62 0.64 1.24 1.43 0.00 0.00 0.00 0.00 0.00 0.00 0.00 0.00 0.00 0.00 0.00 0.00 0.00 0.00 0.00 0.00 1.45 1.45 1.26 0.89 0.64 1.95 1.95 2.79 1.96 1.96 2.80 0.64 1.37 1.37 1.44 1.37 2.87 2.87 2.87 1.79 1.81 2.92 2.92 3.03 2.13 5.30 2.94 2.94 3.11 2.26 2.30 2.30 2.29 1.85 1.85 1.85 3.06 3.06 3.06 4.61 4.62 4.62 4.62 3.02 4.93 4.93 4.93 4.93 9.60 5.05 5.05 5.48
1.88 1.88 1.88 2.75 2.75 2.75 1.88 1.88 2.76 1.89 0.87 1.89 1.31 1.01 1.43 0.00 0.00 0.00 0.00 0.00 0.00 0.00 0.00 0.00 0.00 0.00 0.00 0.00 0.00 0.00 0.00 0.00 13.08 2.87 1.26 2.76 1.95 2.79 2.72 1.95 0.91 2.80 1.98 1.26 1.22 1.37 2.24 1.37 2.87 2.87 2.87 1.79 1.81 1.74 1.77 2.13 5.02 2.94 5.19 2.94 3.11 2.30 2.30 2.30 2.29 1.85 4.42 1.85 2.28 3.06 3.06 3.06 3.06 3.06 4.62 4.62 4.93 4.93 4.93 4.93 5.05 5.05 5.05 5.48
1.88 1.88 1.88 1.63 1.98 2.75 1.88 1.88 1.87 2.75 2.75 1.15 1.01 1.01 0.00 0.00 0.00 0.00 0.00 0.00 0.00 0.00 0.00 0.00 0.00 0.00 0.00 0.00 0.00 0.00 0.00 0.00 0.00 1.98 3.35 1.94 2.70 4.05 1.93 1.93 1.95 2.79 1.66 1.26 1.57 1.40 2.86 2.86 2.87 2.87 2.87 2.92 1.81 2.91 1.81 3.58 2.13 1.39 2.91 2.91 3.08 1.85 2.29 5.55 2.29 3.66 1.84 3.08 3.07 3.07 3.07 3.07 3.07 3.07 3.07 3.07 3.72 3.72 4.89 4.89 4.98 4.98 4.98 5.04
1.88 1.88 1.88 1.88 0.43 0.43 1.88 1.88 1.87 1.87 2.75 1.98 1.43 0.00 0.00 0.00 0.00 0.00 0.00 0.00 0.00 0.00 0.00 0.00 0.00 0.00 0.00 0.00 0.00 0.00 0.00 0.00 0.00 1.94 1.98 3.66 2.70 1.93 1.93 1.93 1.95 1.95 2.72 1.68 1.37 1.37 2.86 2.86 2.87 2.87 2.87 2.92 1.80 2.91 2.91 3.58 2.13 1.39 5.14 2.91 3.08 3.08 2.24 2.24 3.66 3.66 3.08 3.08 3.07 3.07 3.07 1.84 3.07 3.07 3.07 3.07 3.72 3.72 3.72 3.72 3.79 4.98 4.98 4.98
