New_Model_Runs/9_Future_Present_Scn2_out/post_prcessed_with_MFR/Monthly_summaries/runoff_monthly_DEC.asc
NCOLS 700
NROWS 400
XLLCENTER 515000.000000
YLLCENTER 8409000.000000
CELLSIZE 50.000000
NODATA_value -999.000000
[rows 222 to 258 of 400, columns 252 to 335 of 700]
2.86 2.86 2.86 2.86 2.85 2.85 2.85 2.72 1.27 2.82 2.82 2.82 0.91 0.91 0.90 2.84 2.82 2.82 2.82 2.82 1.11 4.21 2.55 0.74 0.46 0.58 0.77 0.76 0.71 0.36 2.37 1.03 1.07 2.31 2.31 2.31 0.72 0.57 0.74 0.70 2.37 1.08 1.03 2.37 2.33 2.33 2.33 2.33 2.33 2.33 2.33 2.44 2.44 2.44 0.75 0.37 1.00 0.45 0.40 1.15 3.69 1.15 2.44 2.44 2.46 0.77 1.00 1.00 2.14 0.93 0.93 3.41 3.41 3.41 2.91 2.91 3.41 3.41 0.00 0.00 0.00 0.00 0.00 4.62
2.86 2.86 2.86 2.86 2.85 2.85 2.85 1.42 1.27 2.82 2.82 2.84 0.53 0.48 2.84 2.84 2.82 2.82 2.82 2.82 1.11 2.51 2.51 0.99 0.30 0.78 2.48 2.48 0.71 1.03 1.36 1.03 1.07 2.31 1.07 3.13 1.02 0.70 1.82 0.57 0.37 0.37 0.38 1.03 1.01 2.33 2.33 2.33 2.33 1.01 2.33 2.44 1.07 2.52 0.45 1.00 1.00 1.00 1.00 1.15 1.15 1.11 1.15 2.44 0.76 2.53 1.00 1.00 0.93 0.93 3.41 3.41 3.41 3.41 3.41 3.41 3.41 9.11 0.00 0.00 0.00 0.00 0.00 0.00
2.91 2.91 2.91 2.91 2.88 5.11 1.38 2.88 2.83 2.92 0.90 0.91 2.87 2.87 2.83 2.83 2.80 2.80 2.80 2.80 2.50 6.23 2.55 0.99 2.84 2.45 2.45 2.45 6.18 2.31 1.00 1.00 1.06 1.06 1.51 0.99 1.02 2.35 2.45 2.39 0.36 0.44 0.37 1.04 3.26 2.34 2.34 2.34 2.34 2.34 2.34 2.45 2.51 0.74 0.45 1.00 1.00 1.00 1.00 0.45 1.15 1.15 1.15 1.15 2.27 1.00 1.00 1.00 0.93 3.41 2.91 2.91 3.41 3.41 3.03 3.41 3.41 3.41 0.00 0.00 0.00 0.00 0.00 0.00
2.91 2.91 2.91 2.91 2.88 2.88 2.88 2.88 4.07 2.24 0.53 2.87 1.27 1.31 2.83 2.83 2.80 2.80 2.80 2.80 2.50 2.50 0.80 0.58 0.74 2.45 2.45 2.45 2.31 3.56 2.31 1.51 1.51 1.51 1.51 1.46 2.35 2.35 2.35 5.28 2.38 0.57 3.38 2.38 2.34 5.26 2.34 2.34 2.34 2.34 1.02 2.34 2.43 0.74 0.58 1.00 1.00 1.00 2.27 1.00 0.39 2.60 2.60 2.27 2.27 1.00 0.74 1.00 3.41 3.41 3.41 6.90 2.91 3.03 3.41 3.41 3.41 3.03 9.11 0.00 0.00 0.00 0.00 0.00
2.93 2.93 2.93 2.93 2.82 2.82 1.35 2.82 1.02 0.51 0.89 2.77 1.26 1.26 1.26 2.76 2.75 2.75 2.75 11.93 2.46 2.46 0.75 0.57 0.73 0.73 0.73 2.41 2.27 2.27 3.08 1.49 1.49 1.49 1.49 1.49 2.34 2.34 2.34 2.34 0.71 2.68 0.78 2.41 1.03 1.01 2.33 2.33 1.12 2.33 1.07 1.12 2.27 2.35 0.33 0.68 0.92 0.92 2.12 2.12 0.92 0.68 2.12 2.12 0.92 0.92 0.68 6.86 3.08 3.08 3.08 8.38 2.63 4.85 3.08 3.08 3.08 3.08 8.38 0.00 0.00 0.00 0.00 0.00
2.93 2.93 2.93 2.93 2.82 2.82 2.82 2.82 1.02 0.47 0.89 1.26 1.28 3.99 1.26 1.24 2.75 2.75 2.75 18.42 2.46 2.46 0.77 0.77 0.73 0.73 0.73 2.41 2.27 2.27 2.27 1.49 1.49 1.49 1.49 1.49 2.34 2.34 2.34 0.74 0.56 1.14 2.37 0.71 2.33 2.33 2.33 2.33 1.07 1.07 1.12 3.61 3.45 2.35 0.33 2.12 2.12 2.12 2.12 0.92 2.12 0.92 2.12 2.43 4.00 1.06 9.90 4.10 4.33 6.31 11.40 9.19 8.38 8.38 3.08 3.08 9.19 9.19 0.00 0.00 0.00 0.00 0.00 0.00
2.93 2.93 2.93 2.93 2.82 1.35 2.82 2.82 0.61 0.46 0.86 3.99 1.25 2.79 1.23 2.74 2.72 2.72 2.72 6.22 2.55 0.73 0.73 2.41 2.31 0.69 0.69 1.00 3.38 2.20 0.95 1.49 1.49 1.49 1.49 1.49 2.35 2.35 2.35 0.74 0.56 0.97 2.38 0.72 0.70 2.34 3.61 2.34 1.02 0.40 0.35 0.56 1.06 2.28 1.73 0.92 2.12 2.12 0.92 0.92 0.92 3.45 3.45 3.99 3.69 3.66 9.90 0.00 9.19 0.00 0.00 0.00 0.00 0.00 0.00 0.00 0.00 0.00 0.00 0.00 0.00 0.00 0.00 0.00
2.93 2.93 2.93 2.93 2.82 2.82 5.01 2.89 1.03 0.97 0.46 1.26 1.28 1.28 1.23 2.74 2.72 2.72 2.72 2.85 0.78 2.41 2.41 2.41 2.31 2.31 0.69 0.69 3.38 2.20 2.20 2.20 2.26 2.26 2.26 2.26 2.35 2.35 2.35 0.71 0.56 0.36 1.26 1.18 0.71 0.74 2.44 2.34 2.34 0.70 1.82 0.97 1.73 2.12 0.92 0.92 0.92 0.92 0.68 0.68 0.92 0.92 0.68 0.79 9.90 0.00 0.00 0.00 0.00 0.00 0.00 0.00 0.00 0.00 0.00 0.00 0.00 0.00 0.00 0.00 0.00 0.00 0.00 0.00
2.93 2.93 2.93 2.93 2.82 2.82 2.82 2.82 2.88 1.03 0.46 1.26 1.25 1.25 2.74 2.74 2.78 1.22 4.69 3.99 2.48 1.05 2.41 2.41 2.31 2.31 2.31 3.50 2.20 2.20 2.20 2.20 2.26 2.26 2.26 2.26 2.35 2.35 2.35 0.71 0.56 0.56 2.84 0.97 0.97 0.97 0.70 0.70 2.34 0.78 2.22 0.97 0.92 0.92 2.12 0.92 3.45 0.92 1.01 0.68 0.73 0.73 5.87 9.90 9.90 0.00 0.00 0.00 0.00 0.00 0.00 0.00 0.00 0.00 0.00 0.00 0.00 0.00 0.00 0.00 0.00 0.00 0.00 0.00
2.93 2.93 2.93 2.93 2.82 2.82 2.82 2.82 2.88 2.88 1.03 0.83 2.79 2.74 2.74 1.28 1.25 3.99 1.25 1.25 2.41 2.41 2.41 2.41 2.31 2.31 2.31 2.31 2.20 2.20 2.20 2.20 2.26 2.26 2.26 0.67 0.36 2.35 2.35 0.71 0.56 0.97 0.97 2.22 0.97 0.97 0.97 2.22 0.78 0.56 0.97 0.72 0.92 0.92 0.92 0.68 0.68 0.92 0.92 3.45 0.73 0.73 3.39 0.00 0.00 0.00 0.00 0.00 0.00 0.00 0.00 9.19 0.00 0.00 0.00 0.00 0.00 0.00 0.00 0.00 0.00 0.00 0.00 0.00
2.95 2.95 2.95 2.95 2.80 2.80 2.80 2.80 2.86 5.09 1.03 0.83 0.83 2.78 2.78 0.83 1.24 0.83 1.28 1.24 5.41 2.34 5.27 2.34 2.25 2.25 2.25 2.25 2.23 2.23 2.23 2.23 2.30 2.30 2.30 0.69 0.74 0.74 0.73 0.71 0.43 0.97 0.97 5.02 2.22 2.22 2.22 0.97 0.97 0.97 0.97 3.61 0.92 2.12 0.92 0.92 0.92 0.92 0.73 0.68 3.45 5.30 5.47 4.09 0.00 0.00 0.00 0.00 0.00 0.00 0.00 9.19 0.00 0.00 0.00 0.00 0.00 0.00 0.00 0.00 0.00 0.00 0.00 0.00
2.95 2.95 2.95 2.95 2.80 2.80 2.80 2.80 2.86 2.86 1.03 2.78 6.10 2.72 2.78 0.83 1.11 1.28 0.89 2.76 2.34 5.27 2.34 2.34 2.25 2.25 2.25 2.25 2.23 0.96 2.23 2.23 2.30 2.30 2.30 2.30 1.03 0.73 0.73 0.43 0.97 0.78 0.78 2.22 4.27 2.22 0.97 0.97 0.97 0.97 0.97 0.97 0.92 0.92 0.92 0.92 0.68 0.92 0.92 0.68 3.39 2.89 2.96 4.09 0.00 9.90 0.00 0.00 0.00 0.00 9.19 9.19 9.19 0.00 0.00 0.00 0.00 0.00 0.00 0.00 0.00 0.00 0.00 0.00
2.95 2.95 2.95 2.95 2.80 1.34 2.80 2.80 2.86 2.86 1.01 2.86 2.72 2.72 2.72 1.11 1.11 1.11 0.89 2.68 1.02 2.34 2.34 2.34 2.25 2.25 2.25 2.25 2.23 1.35 2.23 2.23 2.30 2.30 2.30 3.55 2.37 0.71 0.73 0.97 0.97 2.22 2.22 0.97 0.97 0.97 0.97 0.97 0.97 3.61 3.61 3.61 0.92 0.92 2.12 0.92 0.68 0.92 0.92 2.89 3.53 3.39 2.88 6.02 9.90 9.90 9.90 0.00 0.00 0.00 0.00 14.58 0.00 0.00 0.00 0.00 0.00 0.00 0.00 0.00 0.00 0.00 0.00 0.00
2.95 2.95 2.95 2.95 2.80 2.80 2.80 2.80 2.86 1.01 2.92 2.86 2.72 2.72 2.78 2.85 1.24 1.11 6.03 2.68 2.34 2.34 2.55 2.44 2.25 2.25 2.25 2.25 2.23 2.23 2.23 2.23 2.30 2.30 2.30 2.30 0.71 0.71 2.37 2.37 0.97 0.97 0.97 0.97 0.97 0.97 0.96 0.97 1.06 0.97 0.72 0.72 0.92 0.92 0.92 0.92 0.92 0.92 3.39 9.06 2.83 4.51 6.02 9.90 9.90 9.90 9.90 0.00 0.00 0.00 0.00 0.00 0.00 0.00 0.00 0.00 0.00 0.00 0.00 0.00 0.00 0.00 0.00 0.00
3.01 3.01 3.01 3.01 1.35 1.35 2.81 2.81 2.84 1.02 2.90 2.84 2.81 2.76 2.85 2.85 2.64 1.20 2.68 2.64 2.54 2.23 0.78 2.32 2.28 2.28 2.28 2.28 2.27 3.48 2.27 2.27 2.29 2.29 2.29 2.29 0.70 2.33 2.33 2.33 1.01 2.22 0.97 0.97 0.97 1.26 0.72 0.72 2.35 3.61 0.72 3.61 0.68 0.92 0.92 0.73 2.12 3.39 2.94 0.00 0.00 0.00 9.90 5.94 0.00 9.90 9.90 0.00 0.00 0.00 0.00 0.00 0.00 0.00 0.00 0.00 0.00 0.00 0.00 0.00 0.00 0.00 0.00 0.00
3.01 3.01 3.01 3.01 2.81 2.81 2.81 2.81 2.84 2.90 2.90 2.84 2.81 2.68 2.85 2.49 2.84 2.64 1.11 2.84 0.98 2.23 2.23 2.54 3.51 2.28 2.28 2.28 2.27 2.27 2.27 2.27 2.29 2.29 0.99 2.29 0.78 2.33 2.54 0.97 0.97 2.22 2.22 0.97 0.97 0.78 0.97 0.97 0.97 1.06 1.12 0.72 0.92 0.92 2.42 2.18 1.05 3.52 9.06 0.00 0.00 0.00 0.00 0.00 0.00 0.00 0.00 0.00 0.00 0.00 0.00 0.00 0.00 0.00 0.00 0.00 0.00 0.00 0.00 0.00 0.00 0.00 0.00 0.00
3.01 3.01 3.01 3.01 2.81 2.81 2.81 2.81 1.02 1.25 3.35 2.86 2.81 2.68 2.68 2.85 2.64 2.84 1.11 1.11 0.98 2.23 2.23 8.44 2.28 2.28 0.70 0.70 0.73 0.67 2.27 2.27 0.99 2.29 2.29 0.37 1.82 2.22 0.97 2.22 0.97 0.97 0.97 0.97 1.26 0.97 0.97 0.97 0.97 0.72 0.97 0.72 0.68 2.30 2.18 0.13 0.51 3.80 3.01 0.00 0.00 0.00 0.00 0.00 0.00 0.00 0.00 0.00 0.00 0.00 0.00 0.00 0.00 0.00 0.00 0.00 0.00 0.00 0.00 0.00 0.00 0.00 0.00 0.00
3.01 3.01 3.01 1.46 2.81 2.81 2.81 0.79 0.77 1.57 3.07 3.07 2.89 2.81 3.99 2.49 1.11 1.11 2.64 2.68 2.32 5.14 0.78 2.54 0.68 0.68 0.57 0.57 0.57 0.67 0.78 0.78 0.68 2.29 2.29 2.54 0.97 2.22 0.97 0.97 0.97 0.97 0.97 0.97 0.97 0.97 0.97 0.97 0.97 0.97 0.97 0.97 1.00 2.42 0.17 0.51 3.80 1.86 1.86 2.55 0.00 0.00 0.00 0.00 0.00 0.00 0.00 0.00 0.00 0.00 0.00 0.00 0.00 0.00 0.00 0.00 0.00 0.00 0.00 0.00 0.00 0.00 0.00 0.00
3.06 1.48 1.48 3.06 2.83 2.83 1.02 0.79 1.02 1.25 3.07 3.07 3.07 3.34 0.83 1.11 1.11 2.66 2.61 2.61 2.37 3.28 2.54 2.32 2.30 2.30 3.63 0.98 0.98 0.98 0.98 0.98 0.98 2.30 2.30 0.98 2.22 0.72 0.97 0.97 0.97 0.97 0.97 0.97 2.22 2.22 0.97 0.72 0.97 0.97 0.72 0.15 0.14 0.20 1.15 1.44 2.55 2.55 2.78 2.55 0.00 0.00 0.00 0.00 0.00 0.00 0.00 0.00 0.00 0.00 0.00 0.00 0.00 0.00 0.00 0.00 0.00 0.00 0.00 0.00 0.00 0.00 0.00 0.00
1.48 3.06 3.06 3.06 2.83 2.83 1.28 0.61 2.89 1.25 1.25 3.07 1.57 1.57 1.25 1.11 2.61 2.61 2.61 2.61 2.32 1.03 2.32 2.32 2.54 0.12 2.30 2.30 2.31 0.98 1.27 1.21 0.98 0.98 0.98 0.98 0.97 0.97 0.97 0.97 1.27 0.97 0.97 2.29 0.99 2.53 2.28 3.61 1.05 0.97 1.11 0.15 0.16 1.44 2.55 2.55 1.86 3.58 1.86 1.86 1.86 0.00 0.00 0.00 0.00 0.00 0.00 0.00 0.00 0.00 0.00 0.00 0.00 0.00 0.00 0.00 0.00 0.00 0.00 0.00 0.00 0.00 0.00 0.00
2.79 2.79 2.71 2.71 2.50 0.87 2.34 1.21 1.51 1.51 2.78 1.18 1.40 1.40 1.40 0.97 2.44 2.44 2.44 0.13 0.11 0.11 0.11 0.14 0.13 0.11 2.27 2.21 2.21 0.16 0.16 0.20 0.17 0.93 0.93 0.93 0.92 2.11 0.96 1.00 1.00 0.67 0.92 2.18 1.05 2.41 0.93 0.99 0.92 3.43 0.17 0.12 3.50 2.35 2.35 2.35 1.71 2.35 2.35 1.71 2.35 1.71 0.00 0.00 0.00 0.00 0.00 0.00 0.00 0.00 0.00 0.00 0.00 0.00 0.00 0.00 0.00 0.00 0.00 0.00 0.00 0.00 0.00 0.00
2.31 2.79 2.71 2.71 0.87 1.13 1.40 2.61 2.48 2.48 2.78 1.40 1.40 1.40 1.40 0.97 0.72 0.72 0.72 0.72 0.12 0.11 0.11 0.14 0.11 0.12 0.13 2.32 0.17 0.17 0.16 0.16 0.17 0.17 0.16 0.16 0.17 0.92 0.92 1.00 1.05 1.05 0.67 0.73 2.41 5.16 2.18 2.41 0.17 0.12 0.17 0.82 1.32 2.35 3.13 1.71 1.71 1.71 1.71 1.71 1.71 1.71 1.71 0.00 0.00 0.00 0.00 0.00 0.00 0.00 0.00 0.00 0.00 0.00 0.00 0.00 0.00 0.00 0.00 0.00 0.00 0.00 0.00 0.00
1.21 1.21 1.34 1.29 1.23 1.40 2.78 2.78 3.02 3.02 1.18 1.40 1.40 1.40 1.11 1.11 0.72 0.72 0.72 0.97 2.33 0.11 0.11 0.11 0.11 0.12 0.20 0.68 0.17 0.17 0.17 0.16 0.16 0.20 0.16 0.16 0.67 0.67 0.92 1.05 0.99 0.73 0.92 0.92 0.92 0.92 1.05 4.14 0.17 0.17 0.56 0.45 1.32 1.32 1.71 3.76 1.71 2.35 2.35 2.84 1.71 1.71 4.39 4.39 0.00 0.00 0.00 0.00 0.00 0.00 0.00 0.00 0.00 0.00 0.00 0.00 0.00 0.00 0.00 0.00 0.00 0.00 0.00 0.00
1.21 1.21 2.80 2.71 2.78 1.18 1.40 2.78 1.40 1.18 1.18 1.11 1.40 1.40 1.11 1.40 0.72 0.97 0.72 0.97 0.12 0.11 0.11 0.11 0.12 0.12 0.16 0.16 0.12 0.17 0.16 0.17 0.20 0.17 0.16 0.16 0.67 0.92 0.92 0.67 0.92 2.22 2.29 2.16 0.92 0.92 1.28 2.11 4.10 1.78 0.56 0.45 0.42 3.50 4.39 1.57 3.44 3.44 2.35 2.35 1.71 2.84 4.39 4.39 0.00 0.00 0.00 0.00 0.00 0.00 0.00 0.00 0.00 0.00 0.00 0.00 0.00 0.00 0.00 0.00 0.00 0.00 0.00 8.64
1.52 2.80 2.71 3.25 1.18 1.18 2.78 1.40 1.11 1.11 1.11 1.18 1.11 1.40 1.11 1.40 1.40 0.72 0.18 0.17 0.16 0.11 0.11 0.11 0.16 0.12 0.17 0.20 0.20 0.20 0.20 0.20 0.17 0.20 0.16 0.17 1.14 2.11 0.92 0.92 0.92 2.16 2.16 1.59 3.08 2.11 2.11 0.99 5.21 1.08 1.14 1.14 0.51 3.50 4.39 1.88 1.88 1.71 2.35 1.71 2.35 1.71 1.71 1.71 0.00 0.00 0.00 0.00 0.00 0.00 0.00 0.00 0.00 0.00 0.00 0.00 0.00 0.00 0.00 0.00 0.00 0.00 0.00 8.64
1.52 3.25 3.25 1.28 1.18 1.18 1.40 1.40 1.69 1.40 1.40 2.78 2.78 1.40 1.40 1.40 1.40 0.72 0.18 0.17 0.12 0.11 0.11 0.12 0.16 0.16 0.17 0.12 0.12 0.20 0.20 0.20 0.20 0.20 0.20 1.15 0.20 0.20 0.15 0.92 0.92 2.41 2.16 2.41 0.92 2.11 2.11 5.21 3.74 3.74 1.14 3.74 3.50 4.39 4.39 3.76 1.88 1.88 2.35 2.35 1.71 2.35 4.39 7.83 2.54 1.71 0.00 0.00 0.00 0.00 0.00 0.00 0.00 0.00 0.00 0.00 0.00 0.00 0.00 0.00 0.00 0.00 0.00 8.64
2.98 2.98 2.98 1.52 2.78 1.40 1.40 1.40 1.40 1.40 1.11 4.44 1.40 1.40 1.40 1.40 1.40 1.03 0.97 0.18 0.12 0.11 0.11 0.12 0.16 0.16 0.20 0.12 0.12 0.17 0.16 0.20 0.20 0.17 0.20 0.20 0.20 0.20 0.92 0.92 0.92 2.20 3.31 2.11 2.15 2.11 2.97 4.13 3.74 3.74 3.74 4.67 4.39 4.39 4.39 4.39 1.71 2.76 1.88 2.62 1.71 2.35 4.39 4.39 4.39 1.71 0.00 0.00 0.00 0.00 0.00 0.00 0.00 0.00 0.00 0.00 0.00 0.00 0.00 0.00 0.00 0.00 0.00 0.00
1.52 2.98 2.98 2.98 1.40 1.18 1.40 1.40 1.40 1.40 1.11 1.11 1.11 1.40 1.18 1.40 1.16 1.20 0.12 0.17 0.12 0.11 0.12 0.16 0.20 0.16 0.14 0.16 0.16 0.16 0.20 0.20 0.20 0.20 0.20 0.20 0.20 0.20 0.92 0.92 0.92 0.67 1.11 2.11 0.21 0.51 0.51 3.74 3.74 0.56 4.67 4.67 4.39 4.39 4.39 4.39 1.71 1.88 1.88 2.35 2.66 2.35 4.39 4.39 4.39 1.71 0.00 0.00 0.00 0.00 0.00 0.00 0.00 0.00 0.00 0.00 0.00 0.00 0.00 0.00 0.00 0.00 0.00 0.00
1.28 1.52 1.52 1.52 1.11 1.40 2.49 2.46 1.40 1.11 1.11 4.18 1.11 1.11 4.18 1.40 1.40 1.20 0.13 0.17 0.16 0.16 0.16 0.12 0.16 0.16 0.14 0.12 0.12 0.20 0.20 0.20 0.20 0.14 0.14 0.14 0.20 0.20 0.17 0.92 0.67 0.92 0.92 0.15 1.08 1.44 1.44 3.74 1.85 4.67 4.67 2.08 1.91 1.71 1.71 2.35 2.35 4.39 4.39 1.45 2.05 4.39 4.39 4.39 4.39 1.71 14.68 0.00 0.00 0.00 0.00 0.00 0.00 0.00 0.00 0.00 0.00 0.00 0.00 0.00 0.00 0.00 0.00 0.00
2.70 1.52 1.52 1.52 1.40 1.40 2.49 1.17 1.21 1.11 1.11 4.18 4.18 1.27 1.27 4.18 1.11 1.20 0.97 0.17 0.16 0.17 0.17 0.11 0.14 0.14 0.14 0.17 0.16 0.14 0.20 0.20 0.20 1.15 1.15 0.20 0.20 0.20 0.20 0.20 0.22 0.20 0.13 0.40 3.74 3.74 3.74 4.67 1.85 2.53 4.67 4.67 4.39 4.39 1.71 4.39 2.35 4.39 4.39 4.39 4.39 4.39 4.39 4.39 1.71 1.71 1.71 0.00 0.00 0.00 0.00 0.00 0.00 0.00 0.00 0.00 0.00 0.00 0.00 0.00 0.00 0.00 0.00 0.00
2.68 2.68 1.52 1.52 1.11 1.40 3.02 3.02 1.17 1.40 1.40 1.40 4.18 4.18 1.16 1.16 1.19 1.11 2.50 0.97 0.17 0.16 0.17 0.13 0.13 1.15 0.14 1.15 1.15 0.20 0.14 0.20 0.20 1.15 0.20 0.20 0.20 0.20 0.20 0.20 0.20 1.14 1.08 1.44 1.44 3.74 3.74 3.74 4.67 4.67 4.67 4.67 4.39 4.39 4.39 4.39 4.39 4.39 4.39 4.39 4.39 1.71 1.71 1.71 1.71 1.71 1.71 0.00 0.00 0.00 0.00 0.00 0.00 0.00 0.00 0.00 0.00 0.00 0.00 0.00 0.00 0.00 0.00 0.00
2.68 2.68 3.25 1.52 1.11 1.11 1.93 1.21 1.20 1.40 1.40 1.40 1.11 1.40 1.40 1.16 1.16 2.50 2.38 2.36 0.93 0.16 0.12 0.14 1.15 1.15 0.20 1.15 1.15 0.20 0.14 0.20 0.20 0.20 0.20 0.20 0.20 0.20 0.20 0.14 0.20 4.81 3.74 3.74 3.74 3.74 3.74 3.74 3.74 1.85 1.85 2.53 2.35 4.39 4.39 4.39 4.39 4.39 4.39 4.39 4.39 1.71 1.71 1.71 1.71 1.71 1.71 1.71 0.00 0.00 0.00 0.00 0.00 0.00 0.00 0.00 0.00 0.00 0.00 0.00 0.00 0.00 0.00 0.00
1.52 3.25 1.52 1.52 1.40 1.40 1.11 1.40 1.11 1.11 1.11 1.11 1.11 1.11 4.18 1.40 4.18 1.13 2.38 2.38 0.93 0.20 0.12 0.11 0.13 1.15 1.15 1.15 0.20 0.20 0.20 0.20 0.20 0.20 0.20 0.22 0.20 0.20 0.20 0.20 1.44 1.44 1.44 1.44 3.74 3.74 3.74 3.74 3.74 1.44 1.85 4.67 2.35 4.39 4.39 4.39 4.39 4.39 4.39 3.64 3.64 4.39 4.39 1.90 1.71 1.71 1.71 1.71 6.37 6.37 0.00 0.00 0.00 0.00 0.00 0.00 0.00 0.00 0.00 0.00 0.00 0.00 0.00 0.00
1.52 1.52 1.52 1.52 1.40 1.11 1.40 1.11 1.40 1.18 1.11 1.40 1.69 1.40 1.11 1.40 4.18 2.38 0.06 0.06 0.13 0.13 0.11 0.11 0.11 0.11 0.13 1.15 0.22 1.15 0.22 0.20 0.14 0.20 0.22 0.20 0.20 0.17 0.20 0.20 1.44 1.44 3.74 3.74 1.44 3.74 3.74 1.44 3.74 1.44 4.67 1.85 2.35 1.71 1.71 1.71 1.71 1.71 1.71 1.71 1.71 1.71 1.71 1.71 1.71 1.71 1.71 1.71 1.52 6.37 6.37 6.37 6.37 6.37 6.37 10.03 6.37 6.37 6.37 10.03 6.37 10.03 6.37 10.03
1.28 1.21 2.25 2.25 1.40 1.69 1.11 0.18 0.18 1.40 1.40 2.68 2.50 2.43 1.13 2.38 0.05 0.05 0.06 0.05 0.11 0.11 0.12 0.11 0.11 0.11 0.13 0.20 0.20 0.20 0.20 0.20 0.20 0.20 0.20 0.20 0.20 0.20 0.20 0.51 0.82 0.82 1.08 1.14 0.46 0.46 0.39 0.46 0.56 3.74 3.74 4.67 1.71 1.71 1.71 1.71 1.71 1.71 1.71 1.71 1.71 1.71 1.71 1.71 1.71 4.39 4.39 4.39 4.01 4.01 4.01 4.01 4.01 4.01 4.01 4.01 4.01 4.01 4.01 4.01 4.01 4.01 4.01 4.01
1.21 1.21 1.52 1.52 1.40 1.11 0.18 0.27 0.18 0.41 0.04 0.05 2.38 0.04 0.04 0.04 0.05 0.05 0.04 0.05 0.04 0.11 0.11 0.17 0.14 0.13 0.13 0.13 0.20 1.15 0.20 0.20 0.20 0.54 0.54 0.54 0.53 0.53 2.53 2.53 2.53 2.53 1.08 1.14 0.46 0.53 0.46 0.42 0.51 3.74 1.32 0.51 1.71 1.71 1.71 1.71 1.71 1.71 1.71 1.71 1.71 1.71 1.71 1.71 1.71 1.71 1.71 4.39 4.01 1.52 1.52 1.52 1.52 1.52 1.52 1.52 1.52 1.52 1.52 1.52 1.52 1.52 1.52 1.52
1.31 1.03 1.03 1.31 0.98 0.14 0.14 0.14 0.35 1.48 0.05 0.03 0.35 0.04 0.03 0.03 0.14 0.35 0.35 0.03 0.03 0.09 0.09 0.09 0.09 0.09 0.09 0.09 0.11 0.09 0.17 0.17 1.04 0.48 0.48 0.48 1.54 2.30 2.30 2.30 2.30 2.30 2.30 3.43 1.29 3.43 3.43 3.43 3.43 3.43 3.43 3.43 3.16 1.51 1.51 1.51 1.51 1.51 1.51 1.51 1.51 1.51 1.51 1.51 1.51 1.51 1.51 3.98 3.15 1.14 1.14 1.14 1.14 1.14 1.14 1.14 1.14 1.14 1.14 1.14 1.14 1.14 1.14 1.14
