New_Model_Runs/9_Future_Present_Scn2_out/post_prcessed_with_MFR/Monthly_summaries/runoff_monthly_OCT.asc
NCOLS 700
NROWS 400
XLLCENTER 515000.000000
YLLCENTER 8409000.000000
CELLSIZE 50.000000
NODATA_value -999.000000
[rows 304 to 341 of 400, columns 168 to 251 of 700]
0.25 0.25 0.25 0.25 0.25 0.20 0.25 0.25 0.25 0.25 0.19 0.25 0.25 0.19 0.07 0.11 0.07 0.07 0.11 0.11 0.15 0.15 0.15 0.17 0.11 0.11 0.11 0.11 0.11 0.11 0.11 0.17 0.17 0.07 0.07 0.07 0.11 0.11 0.11 0.11 0.04 0.05 0.11 0.11 0.11 0.11 0.07 0.11 0.07 0.07 0.11 0.24 0.15 0.15 0.16 0.11 0.10 0.07 0.10 0.10 0.10 0.06 0.06 0.06 0.10 0.10 0.10 0.10 0.10 0.10 0.10 0.10 0.03 0.05 0.03 0.03 0.18 0.06 0.06 0.09 0.09 0.09 0.09 0.09
0.25 0.19 0.25 0.20 0.20 0.20 0.20 0.20 0.20 0.19 0.25 0.25 0.19 0.07 0.11 0.11 0.07 0.08 0.11 0.11 0.05 0.15 0.05 0.11 0.11 0.15 0.15 0.11 0.11 0.11 0.16 0.15 0.15 0.15 0.17 0.15 0.17 0.15 0.05 0.05 0.05 0.04 0.05 0.12 0.09 0.11 0.11 0.11 0.32 0.11 0.11 0.11 0.11 0.04 0.08 0.08 0.07 0.07 0.10 0.10 0.10 0.07 0.10 0.10 0.10 0.10 0.10 0.10 0.10 0.10 0.10 0.10 0.05 0.05 0.05 0.03 0.18 0.06 0.09 0.09 0.09 0.09 0.09 0.09
0.23 0.25 0.29 0.23 0.17 0.23 0.54 0.54 0.24 0.24 0.24 0.24 0.24 0.04 0.06 0.04 0.04 0.10 0.10 0.10 0.15 0.14 0.15 0.10 0.10 0.16 0.17 0.10 0.10 0.04 0.28 0.14 0.14 0.04 0.04 0.14 0.14 0.14 0.14 0.04 0.04 0.04 0.04 0.06 0.06 0.09 0.09 0.09 0.09 0.09 0.09 0.09 0.07 0.29 0.09 0.09 0.18 0.04 0.05 0.04 0.03 0.04 0.03 0.04 0.03 0.03 0.04 0.04 0.05 0.04 0.04 0.04 0.03 0.03 0.03 0.02 0.02 0.03 0.06 0.06 0.06 0.04 0.04 0.06
0.23 0.23 0.23 0.23 0.23 0.30 0.23 0.54 0.24 0.24 0.24 0.24 0.24 0.10 0.06 0.10 0.10 0.10 0.10 0.10 0.10 0.15 0.16 0.10 0.10 0.10 0.10 0.10 0.04 0.14 0.14 0.14 0.14 0.14 0.14 0.14 0.14 0.14 0.14 0.14 0.04 0.09 0.09 0.09 0.09 0.09 0.09 0.09 0.09 0.09 0.06 0.09 0.09 0.07 0.09 0.09 0.18 0.04 0.05 0.04 0.18 0.03 0.04 0.04 0.04 0.04 0.04 0.04 0.04 0.03 0.04 0.04 0.03 0.03 0.02 0.03 0.02 0.03 0.04 0.04 0.04 0.04 0.04 0.06
0.23 0.17 0.17 0.23 0.23 0.23 0.39 0.54 0.24 0.24 0.30 0.19 0.24 0.10 0.10 0.10 0.06 0.10 0.10 0.10 0.10 0.06 0.06 0.10 0.10 0.10 0.10 0.10 0.15 0.14 0.14 0.14 0.16 0.16 0.16 0.14 0.14 0.14 0.14 0.23 0.21 0.09 0.09 0.09 0.09 0.09 0.06 0.06 0.09 0.07 0.06 0.09 0.09 0.29 0.09 0.09 0.06 0.04 0.04 0.04 0.03 0.04 0.03 0.04 0.03 0.04 0.04 0.04 0.04 0.09 0.09 0.23 0.02 0.03 0.03 0.03 0.03 0.03 0.04 0.04 0.04 0.04 0.06 0.03
0.17 0.23 0.23 0.23 0.23 0.23 0.23 0.23 0.55 0.24 0.24 0.24 0.24 0.10 0.10 0.13 0.20 0.15 0.15 0.10 0.10 0.06 0.06 0.06 0.06 0.10 0.10 0.10 0.15 0.14 0.14 0.14 0.16 0.10 0.06 0.10 0.16 0.14 0.14 0.23 0.14 0.14 0.14 0.09 0.09 0.09 0.06 0.09 0.09 0.09 0.06 0.09 0.29 0.09 0.09 0.06 0.04 0.04 0.04 0.04 0.04 0.04 0.04 0.08 0.08 0.08 0.06 0.04 0.08 0.21 0.21 0.23 0.03 0.03 0.02 0.04 0.04 0.04 0.23 0.19 0.04 0.04 0.04 0.04
0.23 0.23 0.23 0.23 0.18 0.23 0.23 0.23 0.32 0.43 0.24 0.24 0.06 0.06 0.10 0.15 0.14 0.14 0.14 0.16 0.10 0.10 0.06 0.10 0.10 0.10 0.10 0.06 0.16 0.14 0.19 0.14 0.16 0.16 0.16 0.16 0.16 0.23 0.23 0.14 0.10 0.10 0.04 0.14 0.09 0.06 0.07 0.06 0.09 0.06 0.06 0.09 0.14 0.09 0.09 0.09 0.09 0.08 0.08 0.04 0.04 0.04 0.08 0.08 0.06 0.08 0.10 0.08 0.22 0.21 0.38 0.08 0.20 0.10 0.06 0.03 0.21 0.18 0.18 0.18 0.10 0.06 0.06 0.06
0.23 0.23 0.23 0.23 0.23 0.23 0.23 0.18 0.24 0.55 0.83 0.24 0.10 0.10 0.10 0.06 0.10 0.15 0.14 0.16 0.12 0.13 0.07 0.10 0.04 0.10 0.10 0.10 0.10 0.15 0.14 0.14 0.14 0.16 0.04 0.04 0.14 0.16 0.14 0.14 0.10 0.10 0.02 0.10 0.09 0.06 0.06 0.06 0.06 0.09 0.09 0.14 0.14 0.09 0.09 0.09 0.08 0.08 0.08 0.23 0.08 0.08 0.08 0.08 0.08 0.08 0.08 0.08 0.22 0.21 0.22 0.22 0.18 0.18 0.19 0.06 0.20 0.18 0.18 0.19 0.06 0.06 0.06 0.06
0.17 0.23 0.23 0.23 0.54 0.18 0.23 0.18 0.18 0.55 0.55 0.24 0.10 0.08 0.10 0.10 0.10 0.10 0.10 0.13 0.10 0.10 0.10 0.10 0.10 0.10 0.10 0.10 0.10 0.10 0.14 0.14 0.16 0.14 0.14 0.14 0.14 0.14 0.14 0.14 0.14 0.04 0.09 0.09 0.09 0.06 0.06 0.09 0.06 0.06 0.09 0.14 0.09 0.02 0.02 0.09 0.22 0.03 0.21 0.08 0.80 0.23 0.03 0.62 0.62 0.33 0.30 0.03 0.21 0.22 0.08 0.22 0.11 0.18 0.19 0.18 0.00 0.03 0.19 0.03 0.03 0.06 0.06 0.06
0.23 0.23 0.23 0.23 0.17 0.23 0.23 0.23 0.24 0.24 0.19 0.24 0.10 0.16 0.10 0.10 0.10 0.10 0.12 0.10 0.10 0.10 0.10 0.10 0.12 0.10 0.06 0.10 0.10 0.10 0.06 0.06 0.16 0.14 0.14 0.14 0.14 0.14 0.04 0.21 0.21 0.19 0.19 0.14 0.14 0.06 0.06 0.06 0.06 0.09 0.09 0.14 0.14 0.04 0.04 0.09 0.22 0.03 0.21 0.33 0.62 0.62 0.62 0.62 0.62 0.33 0.21 0.21 0.21 0.33 0.08 0.22 0.18 0.03 0.06 0.11 0.11 0.20 0.19 0.03 0.06 0.06 0.06 0.03
0.23 0.30 0.23 0.23 0.23 0.23 0.23 0.23 0.24 0.24 0.05 0.97 0.14 0.14 0.10 0.10 0.10 0.12 0.10 0.06 0.10 0.10 0.10 0.10 0.10 0.10 0.06 0.06 0.06 0.06 0.06 0.06 0.06 0.14 0.14 0.16 0.16 0.16 0.16 0.04 0.09 0.09 0.14 0.09 0.06 0.06 0.06 0.09 0.09 0.09 0.09 0.09 0.09 0.04 0.56 0.09 0.21 0.21 0.21 0.33 0.33 0.62 0.62 0.62 0.62 0.06 0.03 0.33 0.48 0.29 0.22 0.21 0.11 0.19 0.06 0.18 0.11 0.11 0.11 0.18 0.06 0.06 0.06 0.06
0.05 0.23 0.23 0.23 0.23 0.23 0.17 0.23 0.24 0.24 0.04 0.60 0.10 0.16 0.10 0.10 0.10 0.12 0.10 0.06 0.10 0.10 0.06 0.10 0.10 0.10 0.06 0.06 0.06 0.06 0.06 0.06 0.06 0.10 0.21 0.10 0.10 0.06 0.06 0.06 0.14 0.14 0.14 0.09 0.06 0.06 0.06 0.09 0.09 0.09 0.09 0.09 0.06 0.14 0.09 0.09 0.22 0.21 0.21 0.21 0.21 0.21 0.21 0.21 0.21 0.21 0.03 0.62 0.33 0.21 0.03 0.04 0.03 0.18 0.06 0.06 0.06 0.18 0.18 0.18 0.06 0.06 0.06 0.03
0.23 0.23 0.23 0.23 0.23 0.23 0.17 0.17 0.24 0.24 0.24 0.10 0.07 0.10 0.10 0.12 0.10 0.10 0.06 0.10 0.10 0.10 0.12 0.07 0.09 0.11 0.06 0.06 0.06 0.06 0.06 0.06 0.10 0.16 0.04 0.16 0.06 0.06 0.06 0.15 0.17 0.06 0.06 0.06 0.06 0.06 0.06 0.06 0.06 0.09 0.09 0.09 0.14 0.09 0.09 0.09 0.09 0.22 0.21 0.21 0.22 0.22 0.22 0.22 0.22 0.22 0.22 0.22 0.21 0.33 0.62 0.06 0.03 0.11 0.18 0.06 0.05 0.18 0.19 0.19 0.03 0.03 0.06 0.06
0.23 0.23 0.23 0.23 0.23 0.23 0.23 0.23 0.24 0.24 0.24 0.10 0.09 0.07 0.06 0.10 0.10 0.10 0.10 0.10 0.06 0.10 0.10 0.10 0.10 0.06 0.06 0.06 0.16 0.06 0.07 0.06 0.16 0.14 0.14 0.14 0.14 0.15 0.14 0.14 0.09 0.02 0.14 0.06 0.06 0.08 0.06 0.06 0.14 0.09 0.09 0.14 0.09 0.09 0.09 0.09 0.03 0.21 0.03 0.03 0.22 0.22 0.22 0.22 0.22 0.22 0.22 0.22 0.21 0.21 0.03 0.33 0.04 0.03 0.18 0.06 0.03 0.03 0.06 0.03 0.06 0.06 0.06 0.06
0.23 0.23 0.23 0.23 0.23 0.23 0.18 0.18 0.18 0.18 0.19 0.31 0.06 0.07 0.10 0.10 0.10 0.10 0.10 0.11 0.10 0.10 0.06 0.10 0.06 0.06 0.16 0.16 0.16 0.16 0.07 0.09 0.16 0.19 0.14 0.14 0.14 0.14 0.14 0.26 0.09 0.56 0.56 0.04 0.14 0.14 0.05 0.05 0.14 0.56 0.04 0.02 0.09 0.13 0.14 0.06 0.21 0.21 0.21 0.21 0.22 0.22 0.22 0.22 0.22 0.22 0.22 0.22 0.21 0.21 0.21 0.21 0.23 0.11 0.11 0.11 0.18 0.06 0.03 0.03 0.06 0.06 0.06 0.06
0.30 0.30 0.23 0.23 0.23 0.23 0.23 0.23 0.18 0.24 0.24 0.10 0.10 0.10 0.10 0.10 0.10 0.10 0.31 0.10 0.10 0.06 0.06 0.06 0.06 0.20 0.14 0.14 0.14 0.04 0.06 0.06 0.16 0.14 0.14 0.14 0.14 0.19 0.23 0.61 0.56 0.56 0.56 0.09 0.09 0.02 0.05 0.05 0.14 0.06 0.56 0.21 0.15 0.13 0.33 0.06 0.21 0.21 0.21 0.21 0.03 0.03 0.24 0.24 0.22 0.22 0.22 0.22 0.21 0.21 0.21 0.04 0.00 0.00 0.11 0.00 0.11 0.06 0.06 0.03 0.03 0.06 0.06 0.06
0.23 0.23 0.23 0.23 0.23 0.23 0.17 0.23 0.18 0.24 0.06 0.10 0.23 0.14 0.23 0.10 0.12 0.10 0.12 0.10 0.14 0.10 0.06 0.06 0.10 0.10 0.14 0.14 0.16 0.16 0.10 0.06 0.15 0.14 0.14 0.15 0.15 0.14 0.15 0.06 0.06 0.06 0.21 0.09 0.04 0.05 0.05 0.05 0.56 0.07 0.21 0.24 0.02 0.04 0.24 0.24 0.03 0.03 0.03 0.21 0.03 0.03 0.04 0.08 0.08 0.22 0.22 0.22 0.21 0.21 0.21 0.03 0.11 0.11 0.11 0.11 0.11 0.18 0.18 0.06 0.03 0.03 0.06 0.06
0.23 0.23 0.23 0.23 0.23 0.17 0.17 0.23 0.18 0.23 0.14 0.06 0.15 0.14 0.23 0.07 0.10 0.10 0.10 0.14 0.14 0.15 0.04 0.04 0.10 0.10 0.15 0.16 0.06 0.06 0.10 0.11 0.15 0.15 0.06 0.06 0.06 0.15 0.06 0.06 0.56 0.06 0.04 0.21 0.62 0.62 0.62 0.62 0.56 0.56 0.02 0.09 0.09 0.09 0.04 0.24 0.04 0.21 0.03 0.21 0.03 0.04 0.02 0.08 0.08 0.08 0.22 0.22 0.21 0.21 0.21 0.21 0.11 0.11 0.19 0.18 0.06 0.06 0.19 0.11 0.18 0.19 0.18 0.18
0.07 0.10 0.07 0.10 0.10 0.07 0.33 0.07 0.33 0.07 0.09 0.06 0.09 0.09 0.07 0.07 0.07 0.09 0.09 0.13 0.10 0.15 0.06 0.06 0.06 0.04 0.07 0.09 0.06 0.06 0.06 0.14 0.09 0.14 0.06 0.06 0.14 0.54 0.54 0.04 0.04 0.04 0.02 0.38 0.43 0.83 0.14 0.38 0.04 0.38 0.04 0.04 0.14 0.08 0.20 0.20 0.00 0.10 0.10 0.10 0.11 0.11 0.02 0.02 0.02 0.02 0.02 0.11 0.11 0.11 0.11 0.11 0.06 0.06 0.06 0.09 0.03 0.03 0.03 0.06 0.06 0.06 0.06 0.00
0.07 0.07 0.10 0.07 0.33 0.07 0.07 0.69 0.10 0.10 0.09 0.07 0.09 0.09 0.09 0.07 0.07 0.09 0.13 0.13 0.10 0.06 0.06 0.07 0.06 0.09 0.10 0.09 0.09 0.02 0.09 0.09 0.09 0.14 0.06 0.06 0.04 0.54 0.54 0.09 0.02 0.03 0.03 0.09 0.02 0.04 0.38 0.04 0.04 0.04 0.04 0.14 0.14 0.10 0.20 0.20 0.00 0.00 0.10 0.10 0.00 0.11 0.07 0.07 0.02 0.02 0.02 0.11 0.03 0.19 0.11 0.11 0.09 0.09 0.06 0.06 0.10 0.03 0.03 0.03 0.06 0.06 0.06 0.00
0.07 0.10 0.10 0.10 0.10 0.07 0.21 0.22 0.20 0.10 0.09 0.06 0.09 0.09 0.07 0.07 0.07 0.09 0.09 0.21 0.06 0.06 0.06 0.06 0.06 0.09 0.09 0.09 0.02 0.09 0.09 0.09 0.09 0.09 0.06 0.04 0.04 0.04 0.06 0.06 0.02 0.09 0.09 0.03 0.09 0.09 0.03 0.09 0.02 0.02 0.09 0.43 0.14 0.08 0.08 0.21 0.10 0.00 0.10 0.10 0.11 0.11 0.02 0.02 0.02 0.07 0.07 0.07 0.19 0.19 0.11 0.11 0.06 0.06 0.06 0.10 0.10 0.10 0.10 0.10 0.09 0.06 0.06 0.00
0.10 0.10 0.10 0.20 0.20 0.10 0.10 1.06 0.26 0.09 0.09 0.09 0.09 0.09 0.09 0.09 0.09 0.09 0.09 0.09 0.09 0.09 0.06 0.06 0.06 0.09 0.09 0.06 0.06 0.14 0.09 0.09 0.09 0.14 0.14 0.04 0.04 0.06 0.06 0.06 0.03 0.11 0.08 0.09 0.08 0.08 0.09 0.03 0.03 0.03 0.03 0.04 0.04 0.14 0.14 0.21 0.10 0.00 0.10 0.10 0.11 0.02 0.02 0.00 0.02 0.07 0.07 0.07 0.02 0.19 0.11 0.11 0.09 0.06 0.06 0.11 0.10 0.06 0.06 0.10 0.10 0.06 0.06 0.06
0.00 0.77 0.10 0.19 0.19 0.10 0.10 0.10 0.10 0.09 0.09 0.13 0.09 0.09 0.10 0.06 0.09 0.06 0.07 0.09 0.15 0.10 0.06 0.06 0.10 0.06 0.06 0.14 0.09 0.09 0.09 0.09 0.09 0.09 0.04 0.04 0.04 0.06 0.06 0.14 0.02 0.08 0.08 0.08 0.08 0.08 0.02 0.04 0.03 0.04 0.04 0.04 0.02 0.14 0.08 0.08 0.10 0.00 0.10 0.10 0.11 0.11 0.02 0.02 0.02 0.07 0.03 0.07 0.19 0.11 0.20 0.11 0.06 0.06 0.00 0.10 0.06 0.10 0.09 0.06 0.10 0.04 0.09 0.00
0.00 0.00 0.77 0.07 0.07 0.07 0.10 0.10 0.10 0.09 0.09 0.11 0.09 0.09 0.06 0.09 0.09 0.07 0.07 0.14 0.15 0.15 0.06 0.06 0.09 0.06 0.09 0.18 0.14 0.09 0.09 0.09 0.09 0.09 0.09 0.09 0.04 0.02 0.04 0.23 0.20 0.20 0.20 0.20 0.21 0.08 0.08 0.09 0.03 0.04 0.04 0.04 0.03 0.09 0.08 0.08 0.10 0.10 0.10 0.10 0.11 0.11 0.11 0.02 0.02 0.02 0.00 0.02 0.11 0.11 0.11 0.11 0.06 0.00 0.01 0.10 0.06 0.06 0.06 0.10 0.01 0.03 0.06 0.00
0.00 0.00 0.00 0.00 0.00 0.00 0.00 0.00 0.10 0.09 0.11 0.09 0.09 0.09 0.09 0.09 0.09 0.09 0.06 0.15 0.10 0.09 0.09 0.06 0.10 0.09 0.11 0.14 0.14 0.09 0.09 0.09 0.09 0.09 0.02 0.04 0.02 0.09 0.23 0.23 0.20 0.20 0.20 0.20 0.21 0.21 0.08 0.08 0.08 0.02 0.04 0.03 0.05 0.03 0.08 0.08 0.02 0.10 0.10 0.10 0.10 0.10 0.10 0.20 0.11 0.00 0.00 0.00 0.11 0.11 0.00 0.00 0.00 0.08 0.00 0.10 0.10 0.10 0.06 0.10 0.01 0.03 0.01 0.03
0.00 0.00 0.00 0.00 0.00 0.00 0.00 0.00 0.00 0.00 0.62 0.09 0.07 0.09 0.06 0.06 0.09 0.09 0.09 0.21 0.04 0.09 0.10 0.06 0.09 0.09 0.14 0.09 0.09 0.09 0.09 0.09 0.09 0.09 0.09 0.09 0.09 0.09 0.09 0.09 0.09 0.09 0.08 0.20 0.21 0.21 0.08 0.08 0.10 0.02 0.03 0.02 0.02 0.08 0.08 0.08 0.02 0.10 0.10 0.10 0.10 0.10 0.10 0.10 0.11 0.00 0.00 0.00 0.00 0.00 0.00 0.00 0.00 0.00 0.00 0.03 0.10 0.00 0.06 0.10 0.09 0.03 0.03 0.03
0.00 0.00 0.00 0.00 0.00 0.00 0.00 0.00 0.00 0.00 0.62 0.62 0.62 0.15 0.10 0.15 0.15 0.09 0.04 0.04 0.04 0.04 0.04 0.09 0.04 0.06 0.04 0.09 0.09 0.09 0.09 0.09 0.09 0.09 0.09 0.09 0.09 0.09 0.09 0.09 0.10 0.13 0.09 0.08 0.21 0.21 0.21 0.08 0.02 0.02 0.02 0.08 0.08 0.08 0.08 0.08 0.02 0.02 0.10 0.10 0.10 0.10 0.10 0.10 0.11 0.20 0.11 0.00 0.00 0.00 0.00 0.00 0.00 0.00 0.00 0.00 0.00 0.00 0.06 0.10 0.09 0.09 0.04 0.01
0.00 0.00 0.00 0.00 0.00 0.00 0.00 0.00 0.00 0.00 0.00 0.00 0.86 0.86 0.10 0.10 0.15 0.14 0.04 0.04 0.03 0.03 0.15 0.06 0.06 0.05 0.04 0.09 0.09 0.09 0.09 0.09 0.09 0.09 0.09 0.09 0.09 0.09 0.09 0.09 0.08 0.08 0.23 0.20 0.21 0.28 0.21 0.21 0.21 0.02 0.02 0.02 0.08 0.08 0.08 0.10 0.02 0.02 0.10 0.10 0.10 0.10 0.10 0.10 0.11 0.11 0.11 0.00 0.00 0.00 0.00 0.00 0.00 0.00 0.00 0.00 0.03 0.03 0.03 0.03 0.03 0.03 0.10 0.09
0.00 0.00 0.00 0.00 0.00 0.00 0.00 0.00 0.00 0.00 0.00 0.00 0.00 0.86 0.86 0.26 0.09 0.14 0.10 0.10 0.21 0.10 0.21 0.15 0.14 0.54 0.54 0.02 0.09 0.09 0.11 0.09 0.09 0.23 0.23 0.23 0.24 0.24 0.24 0.24 0.21 0.21 0.21 0.21 0.21 0.21 0.21 0.21 0.21 0.03 0.03 0.03 0.22 0.08 0.08 0.08 0.02 0.02 0.02 0.02 0.02 0.10 0.10 0.00 7.24 0.00 0.00 0.00 0.00 0.00 0.00 0.00 0.00 0.00 0.00 0.00 0.06 0.01 0.03 0.03 0.03 0.05 0.05 0.09
0.00 0.00 0.00 0.00 0.00 0.00 0.00 0.00 0.00 0.00 0.00 0.00 0.00 0.00 1.37 0.86 0.15 0.33 0.26 0.62 0.62 0.21 0.21 0.14 0.09 0.05 0.09 0.09 0.09 0.09 0.09 0.09 0.23 0.23 0.04 0.23 0.24 0.24 0.24 0.24 0.21 0.21 0.21 0.21 0.21 0.21 0.21 0.21 0.21 0.03 0.21 0.21 0.22 0.22 0.22 0.08 0.02 0.02 0.02 0.02 0.02 0.02 0.00 0.00 0.00 0.00 0.00 0.00 0.00 0.00 0.00 0.00 0.00 0.00 0.00 0.00 0.30 0.30 0.02 0.03 0.01 0.05 0.05 0.09
0.00 0.00 0.00 0.00 0.00 0.00 0.00 0.00 0.00 0.00 0.00 0.00 0.00 0.00 0.00 0.86 0.86 0.86 0.42 1.08 0.86 0.47 0.26 0.26 0.23 0.23 0.09 0.11 0.09 0.09 0.09 0.09 0.23 0.23 0.23 0.23 0.24 0.24 0.24 0.24 0.21 0.21 0.21 0.21 0.21 0.21 0.21 0.21 0.21 0.03 0.21 0.21 0.20 0.03 0.22 0.20 0.02 0.02 0.02 0.02 0.02 0.00 0.00 0.00 0.00 0.00 0.00 0.00 0.00 0.00 0.00 0.00 0.00 0.00 0.00 0.00 0.00 0.50 0.30 0.30 0.03 0.00 0.05 0.05
0.00 0.00 0.00 0.00 0.00 0.00 0.00 0.00 0.00 0.00 0.00 0.00 0.00 0.00 0.00 0.00 0.00 0.86 0.86 0.86 0.86 0.86 0.26 0.26 0.23 0.23 0.09 0.09 0.09 0.09 0.09 0.23 0.23 0.23 0.00 0.00 0.00 0.00 0.00 0.00 0.00 0.00 0.00 0.00 0.00 0.00 0.21 0.21 0.21 0.03 0.21 0.21 0.20 0.03 0.22 0.20 0.02 0.02 0.02 0.02 0.02 0.00 0.00 0.00 0.00 0.00 0.00 0.00 0.00 0.00 0.00 0.00 0.00 0.00 0.00 0.00 0.00 0.00 0.00 0.00 0.00 0.05 0.00 0.05
0.00 0.00 0.00 0.00 0.00 0.00 0.00 0.00 0.00 0.00 0.00 0.00 0.00 0.00 0.00 0.00 0.00 0.00 0.00 0.00 0.00 0.00 0.86 0.26 0.23 0.23 0.23 0.09 0.09 0.09 0.23 0.23 0.24 0.00 0.00 0.00 0.00 0.00 0.00 0.00 0.00 0.00 0.00 0.00 0.00 0.00 0.00 0.00 0.00 0.29 0.21 0.21 0.20 0.20 0.21 0.20 0.10 0.02 0.02 0.02 0.02 0.00 0.00 0.00 0.00 0.00 0.00 0.00 0.00 0.00 0.00 0.00 0.00 0.00 0.00 0.00 0.00 0.00 0.00 0.00 0.00 0.05 0.00 0.00
0.00 0.00 0.00 0.00 0.00 0.00 0.00 0.00 0.00 0.00 0.00 0.00 0.00 0.00 0.00 0.00 0.00 0.00 0.00 0.00 0.00 0.00 0.00 0.86 0.23 0.23 0.23 0.23 0.23 0.23 0.23 0.23 0.00 0.00 0.00 0.00 0.00 0.00 0.00 0.00 0.00 0.00 0.00 0.00 0.00 0.00 0.00 0.00 0.00 0.00 0.21 0.21 0.20 0.20 0.21 0.03 0.12 0.10 0.10 0.10 0.10 0.40 0.00 0.00 0.00 0.00 0.00 0.00 0.00 0.00 0.00 0.00 0.00 0.00 0.00 0.00 0.00 0.00 0.00 0.00 0.00 0.04 0.05 0.00
0.00 0.00 0.00 0.00 0.00 0.00 0.00 0.00 0.00 0.00 0.00 0.00 0.00 0.00 0.00 0.00 0.00 0.00 0.00 0.00 0.00 0.00 0.00 0.00 0.00 0.00 0.00 0.19 0.19 0.19 0.19 0.00 0.00 0.00 0.00 0.00 0.00 0.00 0.00 0.00 0.00 0.00 0.00 0.00 0.00 0.00 0.00 0.00 0.00 0.00 0.20 0.11 0.10 0.10 0.11 0.11 0.05 0.00 0.05 0.05 0.06 0.09 0.00 0.00 0.00 0.00 0.00 0.00 0.00 0.00 0.00 0.00 0.00 0.00 0.00 0.00 0.00 0.00 0.00 0.00 0.00 0.00 0.27 0.05
0.00 0.00 0.00 0.00 0.00 0.00 0.00 0.00 0.00 0.00 0.00 0.00 0.00 0.00 0.00 0.00 0.00 0.00 0.00 0.00 0.00 0.00 0.00 0.00 0.00 0.00 0.00 0.00 0.19 0.19 7.65 0.00 0.00 0.00 0.00 0.00 0.00 0.00 0.00 0.00 0.00 0.00 0.00 0.00 0.00 0.00 0.00 0.00 0.00 0.00 0.11 0.11 0.10 0.10 0.00 0.00 0.00 0.05 0.09 0.05 0.06 0.06 0.06 0.06 0.00 0.00 0.00 0.00 0.00 0.00 0.00 0.00 0.00 0.00 0.00 0.00 0.00 0.00 0.00 0.00 0.00 0.00 0.00 0.00
0.00 0.00 0.00 0.00 0.00 0.00 0.00 0.00 0.00 0.00 0.00 0.00 0.00 0.00 0.00 0.00 0.00 0.00 0.00 0.00 0.00 0.00 0.00 0.00 0.00 0.00 0.00 0.00 0.20 0.20 0.00 0.00 0.00 0.00 0.00 0.00 0.00 0.00 0.00 0.00 0.00 0.00 0.00 0.00 0.00 0.00 0.00 0.00 0.00 0.00 0.11 0.11 0.10 0.10 0.00 0.00 0.09 0.09 0.09 0.05 0.06 0.06 0.00 0.06 0.00 0.00 0.00 0.00 0.00 0.00 0.00 0.00 0.00 0.00 0.00 0.00 0.00 0.00 0.00 0.00 0.00 0.00 0.00 6.60
0.00 0.00 0.00 0.00 0.00 0.00 0.00 0.00 0.00 0.00 0.00 0.00 0.00 0.00 0.00 0.00 0.00 0.00 0.00 0.00 0.00 0.00 0.00 0.00 0.00 0.00 0.00 0.00 0.69 7.65 0.00 0.00 0.00 0.00 0.00 0.00 0.00 0.00 0.00 0.00 0.00 0.00 0.00 0.00 0.00 0.00 0.00 0.00 0.00 0.00 0.11 0.11 0.10 0.10 0.10 0.10 0.05 0.09 0.05 0.05 0.06 0.06 0.06 0.09 0.00 0.00 0.00 0.00 0.00 0.00 0.00 0.00 0.00 0.00 0.00 0.00 0.00 0.00 0.00 0.00 0.00 0.00 0.00 0.00
