New_Model_Runs/9_Future_Present_Scn2_out/post_prcessed_with_MFR/Monthly_summaries/runoff_monthly_NOV.asc
NCOLS 700
NROWS 400
XLLCENTER 515000.000000
YLLCENTER 8409000.000000
CELLSIZE 50.000000
NODATA_value -999.000000
[rows 228 to 265 of 400, columns 168 to 251 of 700]
1.81 1.14 2.38 2.68 1.83 1.91 1.91 1.91 2.04 2.04 1.30 1.30 1.99 1.99 3.03 3.13 2.22 2.59 2.59 2.59 1.77 2.59 2.59 2.59 2.11 2.11 2.11 2.11 2.11 2.36 2.11 2.36 2.11 2.75 3.19 1.19 1.16 0.99 0.99 0.99 0.90 0.90 0.90 1.61 1.50 1.60 1.60 0.90 0.90 0.90 0.90 1.60 1.61 1.61 1.61 0.96 1.28 1.28 5.07 5.07 5.13 5.13 5.13 5.13 7.41 5.17 5.17 3.51 5.17 5.17 5.17 5.17 4.63 4.63 4.63 4.63 4.55 4.55 4.55 4.55 4.48 4.48 4.70 4.48
1.81 1.81 1.81 1.81 1.83 1.83 1.91 1.91 1.95 3.88 1.99 3.03 2.75 1.99 1.99 2.22 2.22 2.22 1.99 1.99 2.59 1.77 1.77 1.77 5.63 2.57 2.57 1.89 2.57 2.75 2.11 1.89 2.75 5.63 2.75 2.11 2.11 2.11 0.84 2.28 0.90 0.90 1.61 1.61 1.60 1.87 0.76 0.76 0.76 0.90 0.90 1.60 1.51 4.27 4.27 4.27 3.75 3.75 5.07 5.07 5.13 5.13 6.20 3.48 3.51 4.70 5.17 5.17 5.17 5.17 5.17 6.23 3.57 4.77 4.77 3.10 4.55 4.55 4.55 4.55 4.48 4.70 4.70 4.48
4.35 4.35 4.35 4.35 4.38 2.39 4.38 1.83 2.95 2.04 2.04 2.04 2.75 1.99 1.99 2.22 3.13 1.99 1.99 1.99 2.59 1.77 1.77 1.77 1.89 1.89 1.89 1.89 1.89 4.02 5.63 5.63 1.89 1.89 1.89 6.98 1.89 5.63 2.75 2.75 1.82 1.82 0.90 1.61 0.90 3.59 0.76 0.76 0.76 0.96 0.90 0.90 0.90 1.51 1.51 4.27 3.75 5.07 5.07 5.07 5.13 5.13 5.13 3.48 3.51 5.17 5.17 5.17 5.17 5.17 3.55 5.22 4.02 4.77 4.63 4.63 4.55 4.55 4.55 4.55 4.48 8.74 4.70 4.48
4.35 4.35 4.35 4.35 4.38 4.38 4.38 10.36 4.63 1.95 1.24 2.04 1.99 1.99 1.99 2.75 1.99 1.99 1.99 2.83 2.22 2.22 1.99 5.37 1.89 4.56 1.89 2.75 1.89 2.75 9.66 5.63 1.89 1.89 1.89 1.89 4.56 2.06 5.63 1.89 2.36 1.82 1.82 1.97 2.83 1.62 1.70 1.70 1.50 0.83 1.50 0.83 1.51 1.51 1.51 1.51 1.28 5.07 5.07 5.07 5.13 5.13 5.13 4.56 6.23 6.23 5.17 5.17 10.97 10.97 5.17 6.23 4.77 3.10 4.63 4.63 4.55 4.55 4.55 4.55 4.70 4.70 4.48 8.38
2.42 4.43 4.43 4.43 4.45 4.45 12.50 6.34 2.57 2.66 2.57 1.30 1.30 1.30 2.84 1.99 1.99 1.99 1.99 1.99 3.13 2.22 2.83 2.22 2.11 2.06 1.33 2.11 1.89 2.36 5.63 5.63 2.11 2.75 2.75 2.77 6.20 3.05 4.02 2.75 1.62 1.62 1.62 1.62 2.36 1.86 1.86 1.86 1.90 1.54 1.54 1.54 1.56 1.56 1.56 1.56 1.30 2.95 7.78 10.70 10.81 5.18 10.80 6.23 16.45 4.46 4.46 6.26 5.21 5.21 12.01 6.25 4.65 4.65 4.65 4.65 4.54 4.54 4.54 8.40 4.49 4.49 4.49 4.49
4.43 4.43 4.43 4.43 4.45 8.93 4.45 4.45 4.67 4.67 2.57 2.66 2.65 2.54 2.54 2.04 2.75 1.99 1.99 2.22 2.22 2.22 2.75 1.99 2.11 2.06 2.36 2.11 2.11 2.67 2.11 5.63 2.11 6.34 2.77 3.82 3.81 2.61 2.61 2.50 1.96 1.89 1.83 1.89 2.36 1.86 1.86 1.86 1.90 1.90 1.26 1.90 1.92 1.56 1.56 1.56 2.95 2.95 2.95 5.13 5.18 5.18 5.18 5.18 6.26 3.97 13.63 4.46 6.25 6.25 3.97 3.97 4.78 4.65 4.65 4.65 4.54 4.54 16.16 8.40 4.49 4.49 4.49 4.49
4.43 4.43 4.43 4.43 2.43 8.93 4.45 4.45 4.67 4.67 4.67 2.57 2.54 2.54 6.17 5.45 2.03 2.03 2.03 1.99 1.99 4.07 2.22 3.09 2.11 4.56 2.11 2.11 2.11 2.05 2.05 1.37 2.68 2.70 4.76 6.34 3.34 3.83 1.28 2.06 1.15 1.15 1.84 1.15 1.89 1.86 1.25 2.83 2.83 1.99 2.59 2.59 2.60 4.56 1.21 1.92 2.21 2.21 2.21 2.95 5.18 5.18 5.18 5.18 6.26 6.26 4.46 4.46 4.46 4.46 4.46 7.09 4.78 4.65 3.12 4.65 4.54 4.73 4.54 4.54 4.49 4.49 4.49 4.49
4.43 4.43 4.43 4.43 4.45 10.99 4.45 4.45 4.67 4.67 2.57 4.67 4.63 4.63 4.63 1.96 2.03 1.94 2.03 2.22 1.99 1.99 2.22 2.22 2.11 4.56 4.09 2.14 1.37 1.89 1.37 1.37 1.29 2.02 4.76 5.36 3.83 3.83 2.36 2.06 1.15 2.73 1.84 1.94 1.86 1.86 1.86 1.25 2.83 1.99 1.26 2.74 5.56 3.56 2.60 2.60 3.11 3.97 3.97 2.95 5.18 5.18 5.18 5.18 5.22 6.20 4.46 4.46 4.46 4.55 5.21 6.25 8.61 8.61 4.65 4.65 4.73 4.54 4.54 8.40 4.49 4.49 4.49 4.49
4.50 4.50 4.50 4.50 4.52 4.52 4.52 4.52 4.72 2.60 2.60 4.72 4.65 4.65 2.56 2.56 4.58 1.93 2.03 1.99 1.99 2.22 2.22 1.99 2.11 1.37 1.29 2.03 2.14 6.37 6.37 1.36 1.27 2.01 2.01 2.75 2.74 2.74 2.05 1.35 1.89 1.86 1.86 1.86 1.92 1.92 1.92 1.92 1.28 1.94 2.92 1.82 2.87 9.21 3.30 3.30 4.46 6.23 3.52 6.23 5.20 5.20 6.17 6.17 6.20 4.46 6.15 4.46 8.15 6.24 5.19 5.19 4.60 4.60 8.73 8.65 4.52 4.52 4.52 4.52 4.54 4.54 4.54 4.54
4.50 4.50 4.50 4.50 4.52 9.07 4.52 4.52 4.72 4.72 4.72 4.72 4.65 4.65 4.65 4.65 2.52 2.55 1.22 1.29 1.99 2.22 2.22 2.22 2.11 1.37 1.37 1.29 2.14 1.32 6.37 2.05 2.13 2.13 2.01 2.01 2.74 3.81 1.35 1.35 1.17 1.86 1.86 1.86 1.92 1.92 1.92 1.92 1.28 1.94 1.94 1.25 2.74 2.87 3.30 5.04 4.46 3.97 6.23 4.46 6.24 6.24 4.46 4.46 4.46 4.46 6.15 4.70 13.61 4.53 4.70 10.35 4.60 4.60 4.60 4.60 6.30 4.52 4.52 4.52 4.54 4.54 4.54 4.54
4.50 4.50 4.50 4.50 4.52 4.52 4.52 4.52 4.72 4.72 4.72 4.72 4.65 4.65 4.65 4.65 6.04 1.93 1.93 2.03 1.99 1.99 2.22 2.83 2.36 2.08 3.88 2.03 1.36 1.36 1.36 5.96 2.13 4.06 2.13 1.36 2.58 2.05 1.35 1.35 1.86 1.86 1.86 1.86 1.92 1.92 1.21 1.92 1.94 1.28 1.28 1.25 1.62 3.30 2.74 4.51 7.91 3.97 4.09 4.46 4.46 4.46 4.46 4.46 4.46 4.46 4.46 4.46 8.35 4.46 4.59 3.53 4.76 8.56 4.60 4.60 4.52 4.52 4.52 4.52 18.14 4.54 4.54 4.54
4.50 4.50 4.50 4.50 4.52 4.52 4.52 4.52 4.72 4.72 4.72 4.72 4.65 4.65 4.65 4.65 4.58 2.03 1.99 2.22 1.99 2.02 2.02 4.75 3.83 2.14 2.03 2.03 2.02 2.02 2.02 1.28 2.01 2.01 2.70 1.36 4.68 1.35 2.64 1.26 1.86 1.86 1.86 1.86 1.92 1.92 2.00 2.00 2.01 1.28 1.90 1.94 1.98 2.02 2.02 5.04 3.97 4.46 4.46 4.46 4.46 4.46 4.46 4.46 3.97 4.46 4.46 4.46 4.46 4.46 9.60 6.24 4.76 4.60 4.60 4.60 4.52 4.52 4.52 4.52 4.54 4.54 4.54 4.54
4.54 4.54 4.54 4.54 4.52 9.08 4.52 4.52 4.72 4.72 4.72 4.72 4.64 4.64 4.64 4.64 2.63 2.56 2.22 2.56 1.25 4.57 4.57 4.76 5.00 5.00 2.05 2.05 2.04 2.04 2.04 2.04 2.05 3.04 3.04 1.27 2.01 4.62 3.61 1.27 1.90 1.90 1.90 1.90 1.94 2.01 1.94 2.01 2.02 1.90 2.83 1.96 2.02 2.02 2.02 3.52 3.97 4.46 4.46 4.46 4.46 4.46 4.46 4.46 3.97 7.75 8.15 4.46 7.48 3.97 4.46 9.11 3.07 4.58 4.58 4.58 4.55 4.55 4.55 8.45 4.60 4.60 4.60 4.60
4.54 9.12 4.54 4.54 4.52 4.52 2.48 4.52 4.72 4.72 4.72 9.42 4.64 4.64 4.64 4.64 2.51 2.63 2.63 2.56 2.63 4.57 4.57 4.57 4.81 4.81 2.05 2.05 2.04 2.04 2.04 2.04 2.01 2.01 1.36 2.01 2.01 1.27 1.36 2.01 1.90 1.90 1.90 1.90 1.94 2.01 2.01 1.82 1.82 1.82 2.36 2.02 2.02 2.36 2.02 4.28 3.30 6.94 4.46 4.46 4.46 4.46 4.46 4.46 7.85 4.46 4.46 4.46 4.46 4.46 6.21 5.15 8.52 4.58 4.58 4.58 4.55 4.55 4.55 4.55 4.60 4.60 4.60 4.60
4.59 4.59 4.59 4.59 4.57 6.41 9.15 13.07 4.55 4.55 17.06 9.08 4.47 4.47 4.47 4.47 4.41 2.41 4.49 2.41 4.41 4.41 4.41 4.41 4.43 4.43 4.43 4.43 1.84 1.84 1.84 1.84 1.82 1.82 1.82 1.82 1.82 1.82 1.14 1.82 1.71 1.71 1.07 1.07 1.78 1.83 1.64 3.03 2.62 2.57 1.77 1.81 1.14 1.64 1.83 3.24 3.01 4.10 4.10 4.10 4.10 4.10 4.10 4.10 5.69 4.10 4.10 4.10 3.24 3.24 4.88 4.75 4.02 4.02 4.02 4.02 3.99 3.99 3.99 3.99 4.04 4.04 4.04 4.04
4.59 4.59 4.59 4.59 4.57 4.57 4.57 4.57 4.55 4.55 4.55 4.55 8.98 8.98 8.98 8.93 4.41 4.41 4.41 4.41 4.41 4.41 4.41 4.41 4.43 4.43 4.43 4.43 4.41 4.41 1.84 1.84 1.82 1.82 1.82 1.82 1.82 1.82 1.82 1.82 1.71 1.71 1.71 1.13 1.83 1.83 1.83 2.31 1.77 1.73 1.73 1.77 1.81 1.81 4.15 3.24 2.81 2.81 4.10 4.10 4.10 4.10 4.10 3.75 4.10 4.10 3.64 4.10 3.24 4.81 4.75 4.75 4.02 4.02 4.02 4.02 3.99 3.99 3.99 4.15 4.04 4.04 4.04 4.18
4.57 4.57 13.00 9.13 4.50 9.08 4.50 4.50 4.47 4.47 4.47 4.47 4.43 4.43 4.43 4.43 4.41 4.41 4.41 4.41 4.43 4.43 4.43 4.43 4.48 4.48 4.48 4.48 4.46 4.46 4.46 1.87 1.83 1.83 1.83 1.83 1.85 1.85 1.85 1.16 1.72 1.72 1.72 1.80 1.13 1.83 1.71 1.13 1.07 1.71 1.71 1.71 1.73 1.73 4.14 3.24 2.81 3.01 3.64 3.64 4.10 3.22 3.30 3.22 3.75 4.10 4.10 3.64 3.23 3.23 4.74 4.74 4.04 4.04 4.04 4.04 4.02 4.02 4.17 4.17 2.68 4.06 4.06 4.19
4.57 4.57 4.57 4.57 4.50 4.50 9.04 4.50 4.47 4.47 4.47 4.47 4.43 4.43 4.43 4.43 4.41 4.41 5.79 2.40 4.43 4.43 4.43 4.43 4.48 4.48 4.48 4.48 4.46 4.46 4.46 1.87 1.83 1.83 1.83 1.83 1.85 1.85 1.85 1.23 1.72 1.07 1.72 1.80 1.13 3.18 1.07 1.72 1.07 2.57 1.71 1.71 2.57 2.14 4.14 3.47 3.01 2.81 3.64 4.10 4.10 4.10 4.10 4.10 4.10 4.10 4.10 3.25 3.23 4.74 4.74 4.80 4.04 4.04 11.08 4.04 4.02 4.17 6.59 2.76 2.78 2.68 2.68 4.19
4.57 12.97 4.57 4.57 4.50 4.50 9.04 4.50 4.47 4.47 2.44 2.54 2.53 2.42 2.42 2.42 4.41 4.59 2.52 4.41 4.43 4.43 4.43 4.43 4.48 4.48 4.48 4.48 4.46 4.46 4.46 4.46 1.83 1.83 1.83 1.83 1.85 1.85 1.85 1.85 1.72 1.72 1.07 2.57 1.80 1.72 1.72 2.57 5.14 2.57 2.57 1.71 1.73 2.14 3.34 4.14 2.78 3.01 3.75 4.10 3.38 4.10 3.64 4.10 4.10 4.10 4.83 4.78 3.29 3.38 4.74 4.87 4.32 4.18 4.04 4.04 4.02 7.45 4.02 4.02 4.06 2.68 4.19 2.68
4.57 4.57 4.57 4.57 4.50 4.50 4.50 4.50 4.47 4.47 2.44 4.62 2.53 2.42 2.42 4.43 3.71 2.68 4.41 4.41 4.43 4.43 4.43 4.43 4.48 4.48 4.48 4.48 4.46 8.96 4.46 4.46 4.39 1.83 2.72 1.83 1.85 1.85 1.85 1.85 1.72 1.72 1.72 1.80 2.62 1.72 1.91 2.57 5.14 1.71 1.71 1.71 2.14 4.51 3.25 3.25 2.78 3.64 4.10 3.25 3.30 3.26 4.10 4.10 3.64 4.10 4.83 8.99 4.74 3.18 6.87 3.64 4.04 7.48 4.04 4.04 4.09 4.02 4.02 4.02 4.06 4.06 4.19 2.32
4.53 4.53 9.10 4.53 4.46 4.46 4.46 4.46 4.43 4.43 2.53 1.23 4.42 2.41 2.41 2.41 3.84 2.68 4.59 4.41 4.44 4.44 4.44 12.61 4.50 4.50 4.50 4.50 8.98 4.48 4.48 4.48 4.45 1.86 1.86 1.86 1.87 1.87 1.87 1.87 1.71 1.07 1.71 1.71 1.70 1.70 1.56 1.70 5.14 1.71 1.71 1.71 1.64 3.24 4.15 3.25 3.30 3.64 3.64 3.64 4.10 4.10 5.69 5.69 4.10 4.10 4.10 4.10 4.72 4.86 4.10 4.10 4.11 4.05 4.05 2.72 2.32 4.13 4.13 4.20 4.09 4.09 4.20 2.32
4.53 4.53 4.53 4.53 4.46 4.46 4.46 4.46 4.43 4.43 2.57 1.23 1.85 1.16 2.98 2.41 2.52 2.52 4.59 4.41 2.43 4.44 4.44 4.44 4.50 4.50 4.50 4.50 4.48 4.48 4.48 4.48 4.45 1.86 1.86 1.86 1.87 1.87 1.87 1.87 1.71 2.57 2.57 2.57 1.70 2.73 3.91 5.14 5.14 5.14 1.13 1.71 2.58 3.25 3.24 3.25 3.25 4.10 4.10 4.10 3.64 3.75 4.10 4.10 4.10 4.10 4.10 3.64 7.45 4.10 4.10 4.10 2.32 4.32 4.05 2.77 4.63 2.32 2.68 2.68 4.14 4.09 4.20 2.68
4.53 4.53 4.53 4.53 4.46 4.46 4.46 8.95 4.43 1.85 1.85 1.23 1.23 1.85 2.43 1.94 1.84 2.41 2.52 2.52 2.43 4.44 4.44 4.44 4.50 4.50 4.50 4.50 4.48 4.48 4.48 4.48 4.45 4.45 1.86 1.86 1.87 1.87 1.87 1.87 1.71 2.57 5.14 5.14 2.57 2.57 2.57 2.57 5.14 1.71 1.71 1.71 1.14 4.15 3.47 3.24 3.30 3.25 4.10 4.10 4.10 3.64 3.64 4.10 4.10 4.10 3.64 4.10 6.45 3.64 4.10 3.64 2.32 4.32 2.72 2.86 4.66 2.32 2.68 2.68 2.68 4.32 4.05 2.32
4.53 4.53 4.53 4.53 4.46 4.46 8.95 4.46 4.43 4.43 1.85 1.23 1.23 1.85 1.85 1.23 1.16 1.22 2.52 2.52 2.43 4.44 4.44 4.44 4.50 4.50 4.50 9.02 8.99 4.48 4.48 4.48 4.45 1.86 1.86 1.86 1.87 1.87 1.87 1.87 1.71 2.57 5.14 5.14 5.14 5.14 5.14 5.14 1.71 1.07 1.07 1.13 1.81 3.24 3.47 4.15 4.76 3.25 3.20 4.10 4.10 4.10 3.64 4.10 4.10 3.64 3.64 3.64 3.64 3.64 4.10 4.10 5.17 2.68 2.72 2.86 2.68 2.68 2.68 2.68 2.68 2.68 2.40 4.32
4.56 4.56 4.56 4.56 4.50 4.50 4.50 4.50 4.44 4.44 4.44 1.17 1.16 1.84 1.93 1.63 1.15 1.22 1.22 2.40 2.43 4.45 4.45 4.45 9.09 4.54 4.54 9.11 4.53 4.53 4.53 4.53 4.51 1.90 1.90 1.90 1.89 1.89 1.89 1.89 1.70 2.57 5.14 5.14 5.14 1.46 1.46 1.46 1.72 1.72 1.72 1.13 1.14 3.24 3.47 4.15 3.64 4.10 4.10 3.64 4.10 4.10 4.10 4.10 4.10 3.75 3.64 3.64 3.64 3.64 3.64 3.64 5.17 4.19 2.68 2.32 2.68 2.68 2.40 2.68 2.68 2.68 4.05 4.32
4.56 4.56 4.56 4.56 4.50 4.50 9.03 4.50 4.44 4.44 5.35 1.17 1.22 1.93 1.85 5.10 1.22 1.22 1.22 4.40 4.45 4.45 4.45 4.45 9.05 4.54 9.12 4.54 4.53 4.53 4.53 4.53 4.51 1.90 1.90 1.90 1.89 1.89 1.89 1.89 1.70 4.95 5.14 3.62 1.70 1.69 1.69 1.78 1.72 1.72 1.76 1.10 1.77 3.47 3.34 3.26 2.81 3.01 4.10 4.10 3.75 5.69 4.10 4.10 4.10 4.10 3.64 4.10 4.10 3.64 3.64 6.45 2.68 2.68 2.68 2.68 2.68 2.68 2.68 2.68 2.68 2.68 4.05 4.05
2.50 4.56 4.56 4.56 4.50 4.50 4.50 4.50 8.92 4.44 4.44 1.17 1.22 1.77 1.77 1.22 1.22 1.15 1.22 4.40 4.45 4.45 4.45 4.45 4.54 4.54 4.54 4.54 4.53 4.53 4.53 4.53 4.51 1.90 1.90 1.90 1.89 1.89 1.89 2.80 1.70 4.95 5.14 5.14 1.69 1.69 1.69 1.69 1.72 1.72 1.80 1.83 3.47 3.47 3.47 3.47 3.01 3.64 4.10 4.10 4.10 3.75 4.10 3.64 4.10 4.10 3.64 4.10 4.10 3.64 3.64 4.10 2.68 2.68 2.68 2.68 2.68 2.68 2.68 2.68 2.68 2.68 2.68 2.68
4.56 2.50 4.56 4.56 4.50 4.50 4.50 4.50 6.22 4.44 4.44 1.86 1.22 1.77 3.24 1.77 1.70 1.22 1.83 4.40 4.45 4.45 4.45 4.45 4.54 4.54 4.54 4.54 4.53 4.53 4.53 4.53 1.90 1.90 1.90 1.90 1.89 1.89 2.80 1.89 1.70 1.70 1.70 2.57 1.78 1.69 1.69 1.69 1.72 1.80 1.80 1.83 3.47 3.47 3.47 4.69 4.10 4.10 4.10 3.64 4.10 4.10 5.69 4.10 4.10 4.10 4.10 4.10 4.10 3.64 3.64 3.27 2.72 2.86 2.32 2.68 2.68 2.68 2.40 2.40 2.68 2.68 2.68 2.68
9.41 4.59 4.59 4.59 4.50 12.75 4.50 8.97 4.42 2.41 2.41 3.87 1.77 3.87 1.77 3.87 3.87 1.22 1.83 4.38 4.48 4.48 4.48 4.48 1.93 4.57 4.57 4.57 4.60 4.60 1.94 1.94 1.94 1.94 1.94 1.94 1.91 1.91 1.91 1.91 1.68 1.68 1.68 1.05 1.67 1.67 1.67 1.04 1.13 1.10 1.83 1.83 3.47 3.24 3.24 4.69 3.64 4.10 4.10 3.64 4.10 4.10 4.10 4.10 4.10 4.10 4.10 4.10 3.64 3.64 3.64 3.64 2.68 2.68 2.32 2.68 2.68 2.68 2.68 2.68 4.05 2.68 4.60 2.68
4.59 17.66 9.23 4.59 4.50 4.50 4.50 8.50 4.42 4.42 4.42 1.85 1.77 1.77 1.85 1.85 1.18 1.22 1.15 4.38 4.48 4.48 4.48 1.88 1.93 2.86 4.57 4.57 1.94 1.94 1.94 1.94 1.94 1.94 1.94 1.94 1.91 1.91 1.91 1.91 1.68 1.68 1.68 1.68 1.67 1.67 1.67 1.04 1.13 1.10 1.83 1.83 3.47 3.47 4.69 4.18 4.10 4.10 3.75 4.10 4.10 4.10 4.10 4.10 4.10 4.10 4.10 4.10 3.64 3.64 4.10 4.10 2.32 2.68 2.68 2.68 2.68 2.68 2.68 2.68 2.68 2.68 2.40 2.32
2.82 4.11 4.08 4.08 6.79 4.00 4.00 2.15 3.81 3.81 2.02 1.00 1.05 1.05 0.93 1.51 1.52 1.52 0.94 3.77 3.86 3.86 3.86 1.56 1.55 1.55 3.83 3.83 1.56 3.46 1.56 1.56 1.56 1.56 1.56 1.56 1.53 1.53 1.53 2.50 1.95 1.35 1.35 1.35 1.34 1.34 1.34 1.42 1.47 1.47 1.47 1.31 3.98 3.98 3.98 3.53 2.76 2.76 2.48 2.39 2.76 2.76 2.76 2.76 2.76 2.39 2.76 2.76 2.76 2.76 2.76 2.76 2.36 2.04 2.36 2.36 2.41 2.41 2.41 2.36 2.36 2.36 2.04 2.36
4.23 2.82 4.08 4.08 4.00 4.00 2.15 4.00 2.03 1.53 1.53 0.95 0.93 0.93 1.51 1.51 1.52 1.52 1.52 1.52 3.86 3.86 3.86 1.56 1.55 1.55 1.55 1.55 1.56 1.56 1.56 1.56 1.56 1.56 1.56 1.56 2.24 1.53 1.53 1.53 1.35 1.35 1.35 1.35 0.82 1.34 1.34 1.34 1.45 1.47 1.47 3.98 3.98 3.98 3.98 3.53 2.76 2.76 2.76 2.76 2.39 2.76 2.76 2.76 2.48 2.48 2.76 2.76 2.39 2.76 2.76 2.76 2.04 2.04 2.04 2.04 2.04 2.36 2.36 2.04 2.36 2.36 2.04 2.36
2.19 4.07 4.07 4.07 3.98 3.98 3.98 5.44 2.01 2.22 1.52 1.52 1.50 0.93 1.50 1.50 2.21 2.21 1.52 1.52 3.84 3.84 6.50 1.55 3.17 2.26 1.54 1.54 1.57 1.57 1.57 1.57 2.30 1.57 1.57 1.57 2.23 1.53 1.53 1.53 1.35 1.35 1.35 1.35 0.81 0.87 1.33 1.33 1.36 1.44 1.44 2.66 2.68 3.53 3.98 3.53 2.76 2.76 2.76 2.76 2.39 2.76 2.76 2.76 2.76 2.76 2.76 2.76 2.76 2.76 2.76 2.76 2.36 2.04 2.04 2.04 2.36 2.36 2.36 2.36 2.11 2.36 2.36 2.36
5.64 11.58 4.07 2.21 2.14 11.23 3.98 3.98 3.78 1.52 1.52 1.52 0.93 0.99 1.50 1.50 1.52 2.61 2.21 1.52 1.55 3.84 3.84 3.84 1.54 1.54 1.54 4.96 1.57 1.52 1.57 1.57 1.57 1.57 1.57 1.57 1.53 1.53 1.53 1.53 1.35 1.35 1.35 1.35 1.33 1.33 1.33 1.33 1.36 1.36 1.75 2.55 2.60 2.60 3.98 3.53 2.39 2.39 2.76 2.76 2.76 2.39 2.76 2.76 2.76 2.76 2.76 2.76 2.76 2.76 2.76 2.76 2.36 2.36 2.04 2.04 2.36 2.04 2.36 2.36 2.36 2.36 2.36 2.36
4.14 2.21 4.14 4.10 3.98 2.14 3.98 3.98 3.78 3.78 1.52 0.94 0.99 0.99 1.45 1.50 1.52 1.52 1.52 1.52 1.55 3.84 3.84 3.84 3.83 1.54 1.54 3.83 3.87 3.87 1.57 1.57 1.57 1.57 2.30 1.57 1.53 2.23 1.53 1.53 1.35 1.35 1.35 1.35 1.33 1.33 1.33 0.81 1.36 0.83 0.83 2.55 2.60 2.63 3.98 3.53 2.39 2.76 2.39 2.76 2.76 2.76 2.76 2.76 2.48 2.76 2.76 2.76 5.31 2.79 2.79 2.76 2.04 2.04 2.04 2.04 2.36 2.36 2.36 2.36 2.36 2.36 2.36 2.36
2.82 4.14 2.28 4.07 3.98 3.98 6.76 3.98 3.78 3.78 1.52 1.05 1.50 1.50 0.93 1.50 1.52 0.94 1.52 1.52 1.55 1.55 3.84 3.84 6.47 1.54 1.54 1.54 3.87 3.87 3.87 1.57 1.57 1.57 1.57 1.57 1.53 1.53 1.53 1.53 2.28 1.95 1.35 1.35 1.33 0.81 0.87 0.87 0.88 0.88 1.36 2.55 2.60 2.63 3.98 3.53 2.39 2.39 2.76 2.76 2.39 2.76 2.76 2.76 2.76 2.76 2.76 2.39 2.76 2.76 2.76 2.76 2.04 2.36 2.04 2.36 2.36 2.11 2.36 2.36 2.36 2.36 2.36 2.04
2.82 2.82 5.05 4.05 3.99 3.99 3.99 3.99 3.75 3.75 0.93 0.93 0.92 0.92 1.50 1.50 1.52 1.52 1.52 1.52 1.54 1.54 1.54 3.82 3.80 1.53 1.53 1.53 2.28 3.87 3.87 1.57 1.56 1.56 1.56 1.56 1.51 1.51 1.51 1.51 1.34 1.34 1.34 1.34 1.33 1.33 0.81 1.42 1.43 1.43 1.35 2.65 2.67 2.72 3.53 3.53 2.39 2.76 2.39 2.76 2.76 2.76 2.76 2.39 2.76 2.76 2.48 2.76 2.76 2.76 2.76 2.76 2.36 2.36 2.36 2.36 3.62 2.11 2.36 2.04 2.36 2.36 2.36 2.36
2.82 2.82 2.82 2.82 4.04 3.99 3.99 3.99 6.34 3.75 0.93 0.93 1.50 1.50 1.50 1.50 1.52 1.52 1.52 1.52 1.54 1.54 1.54 3.82 3.80 1.53 1.53 1.53 1.57 1.57 3.87 1.57 1.56 1.56 1.56 1.56 1.51 2.60 2.20 1.51 1.34 1.34 1.34 2.03 1.33 1.33 1.33 1.42 1.47 1.31 2.65 2.65 2.67 3.53 3.53 6.24 2.39 2.39 2.76 2.76 2.76 2.76 2.39 2.76 2.76 2.76 2.39 2.39 2.76 2.76 2.76 2.76 2.36 2.36 2.04 2.36 2.36 2.36 2.36 2.04 2.36 2.36 2.04 2.36
