New_Model_Runs/9_Future_Present_Scn2_out/post_prcessed_with_MFR/Monthly_summaries/runoff_monthly_JAN.asc
NCOLS 700
NROWS 400
XLLCENTER 515000.000000
YLLCENTER 8409000.000000
CELLSIZE 50.000000
NODATA_value -999.000000
[rows 228 to 265 of 400, columns 168 to 251 of 700]
0.08 0.03 0.09 0.10 0.08 0.09 0.09 0.09 0.08 0.08 0.03 0.03 0.03 0.03 0.05 0.05 0.04 0.06 0.06 0.06 0.03 0.06 0.06 0.06 0.03 0.03 0.03 0.03 0.03 0.04 0.03 0.04 0.03 0.07 0.04 0.54 0.54 0.47 0.47 0.47 0.44 0.44 0.44 0.55 0.51 0.54 0.54 0.44 0.44 0.44 0.44 0.54 0.55 0.55 0.55 0.44 0.42 0.42 0.12 0.12 0.13 0.13 0.13 0.13 0.56 0.13 0.13 0.00 0.13 0.13 0.13 0.13 0.08 0.08 0.08 0.08 0.08 0.08 0.08 0.08 0.07 0.07 0.09 0.07
0.08 0.08 0.08 0.08 0.08 0.08 0.09 0.09 0.07 0.10 0.03 0.05 0.04 0.03 0.03 0.04 0.04 0.04 0.03 0.03 0.06 0.03 0.03 0.03 0.43 0.03 0.03 0.03 0.03 0.07 0.03 0.03 0.07 0.43 0.07 0.03 0.03 0.03 0.41 0.47 0.44 0.31 0.55 0.55 0.54 0.67 0.38 0.38 0.38 0.44 0.44 0.54 0.51 1.63 1.63 1.63 1.34 1.34 0.12 0.12 0.13 0.13 0.14 0.00 0.00 0.01 0.13 0.13 0.13 0.13 0.13 0.14 0.00 0.09 0.09 0.00 0.08 0.08 0.08 0.08 0.07 0.09 0.09 0.07
0.61 0.61 0.61 0.61 0.62 0.16 0.62 0.08 0.09 0.08 0.08 0.08 0.04 0.03 0.03 0.04 0.05 0.03 0.03 0.03 0.06 0.03 0.03 0.03 0.03 0.03 0.03 0.03 0.03 0.08 0.43 0.43 0.03 0.03 0.03 0.44 0.03 0.43 0.07 0.07 0.03 0.03 0.44 0.55 0.44 1.63 0.38 0.38 0.38 0.44 0.31 0.31 0.31 0.51 0.51 1.63 1.34 0.12 0.12 0.12 0.13 0.13 0.13 0.00 0.00 0.13 0.13 0.13 0.13 0.13 0.00 0.13 0.00 0.09 0.08 0.08 0.08 0.08 0.08 0.08 0.07 0.10 0.09 0.07
0.61 0.61 0.61 0.61 0.62 0.62 0.62 0.86 0.52 0.07 0.03 0.08 0.03 0.03 0.03 0.04 0.03 0.03 0.03 0.04 0.04 0.04 0.03 0.42 0.03 0.25 0.03 0.07 0.03 0.07 0.59 0.43 0.03 0.03 0.03 0.03 0.25 0.03 0.43 0.03 0.06 0.03 0.03 0.07 0.08 0.02 0.74 0.74 0.51 0.29 0.51 0.29 0.51 0.51 0.51 0.51 0.42 0.12 0.12 0.12 0.13 0.13 0.13 0.00 0.14 0.14 0.13 0.13 0.16 0.16 0.13 0.14 0.09 0.00 0.08 0.08 0.08 0.08 0.08 0.08 0.09 0.09 0.07 0.08
0.16 0.63 0.63 0.63 0.63 0.63 1.06 0.69 0.15 0.16 0.15 0.03 0.03 0.03 0.09 0.03 0.03 0.03 0.03 0.03 0.05 0.04 0.04 0.04 0.03 0.03 0.03 0.03 0.03 0.04 0.43 0.43 0.03 0.07 0.07 0.16 0.20 0.04 0.09 0.07 0.02 0.02 0.02 0.02 0.06 0.06 0.06 0.06 0.06 0.52 0.52 0.52 0.53 0.53 0.53 0.53 0.43 0.00 0.13 0.14 0.15 0.13 0.15 0.14 0.16 0.02 0.02 0.14 0.13 0.13 0.16 0.14 0.08 0.08 0.08 0.08 0.08 0.08 0.08 0.08 0.07 0.07 0.07 0.07
0.63 0.63 0.63 0.63 0.63 0.84 0.63 0.63 0.59 0.59 0.15 0.16 0.16 0.13 0.13 0.08 0.04 0.03 0.03 0.04 0.04 0.04 0.04 0.03 0.03 0.03 0.04 0.03 0.03 0.03 0.03 0.43 0.03 0.66 0.16 0.17 0.17 0.13 0.13 0.03 0.07 0.03 0.03 0.03 0.06 0.06 0.06 0.06 0.06 0.03 0.02 0.06 0.07 0.53 0.53 0.53 0.00 0.00 0.00 0.13 0.13 0.13 0.13 0.13 0.14 0.01 0.02 0.02 0.14 0.14 0.01 0.01 0.09 0.08 0.08 0.08 0.08 0.08 0.09 0.08 0.07 0.07 0.07 0.07
0.63 0.63 0.63 0.63 0.16 0.84 0.63 0.63 0.59 0.59 0.59 0.15 0.13 0.13 0.62 0.10 0.08 0.08 0.08 0.03 0.03 0.04 0.04 0.05 0.03 0.25 0.03 0.03 0.03 0.03 0.03 0.03 0.08 0.03 0.51 0.66 0.11 0.16 0.02 0.08 0.02 0.02 0.06 0.02 0.03 0.06 0.02 0.08 0.08 0.08 0.14 0.14 0.15 0.49 0.02 0.07 0.00 0.00 0.00 0.00 0.13 0.13 0.13 0.13 0.14 0.14 0.02 0.02 0.02 0.02 0.02 0.01 0.09 0.08 0.00 0.08 0.08 0.09 0.08 0.08 0.07 0.07 0.07 0.07
0.63 0.63 0.63 0.63 0.63 0.91 0.63 0.63 0.59 0.59 0.15 0.59 0.52 0.52 0.52 0.07 0.08 0.07 0.08 0.04 0.03 0.03 0.04 0.04 0.03 0.25 0.10 0.08 0.03 0.03 0.03 0.03 0.02 0.07 0.51 0.19 0.16 0.16 0.04 0.08 0.02 0.07 0.06 0.03 0.06 0.06 0.06 0.02 0.08 0.08 0.02 0.09 0.55 0.16 0.15 0.15 0.00 0.00 0.00 0.00 0.13 0.13 0.13 0.13 0.13 0.14 0.02 0.02 0.02 0.00 0.13 0.14 0.09 0.09 0.08 0.08 0.09 0.08 0.08 0.08 0.07 0.07 0.07 0.07
0.64 0.64 0.64 0.64 0.65 0.65 0.65 0.65 0.60 0.15 0.15 0.60 0.59 0.59 0.15 0.15 0.51 0.07 0.08 0.03 0.03 0.04 0.04 0.03 0.03 0.03 0.02 0.07 0.08 0.59 0.59 0.03 0.02 0.07 0.07 0.16 0.15 0.15 0.03 0.03 0.03 0.06 0.06 0.06 0.07 0.07 0.07 0.07 0.03 0.07 0.08 0.03 0.10 0.27 0.14 0.14 0.02 0.14 0.00 0.14 0.13 0.13 0.14 0.14 0.14 0.02 0.19 0.02 0.02 0.14 0.13 0.13 0.08 0.08 0.10 0.10 0.08 0.08 0.08 0.08 0.08 0.08 0.08 0.08
0.64 0.64 0.64 0.64 0.65 0.86 0.65 0.65 0.60 0.60 0.60 0.60 0.59 0.59 0.59 0.59 0.13 0.08 0.02 0.03 0.03 0.04 0.04 0.04 0.03 0.03 0.03 0.02 0.08 0.03 0.59 0.03 0.08 0.08 0.07 0.07 0.15 0.17 0.03 0.03 0.02 0.06 0.06 0.06 0.07 0.07 0.07 0.07 0.03 0.07 0.07 0.02 0.09 0.10 0.14 0.03 0.02 0.01 0.14 0.02 0.14 0.14 0.02 0.02 0.02 0.02 0.19 0.01 0.02 0.00 0.01 0.14 0.08 0.08 0.08 0.08 0.00 0.08 0.08 0.08 0.08 0.08 0.08 0.08
0.64 0.64 0.64 0.64 0.65 0.65 0.65 0.65 0.60 0.60 0.60 0.60 0.59 0.59 0.59 0.59 0.60 0.07 0.07 0.08 0.03 0.03 0.04 0.04 0.04 0.08 0.09 0.07 0.03 0.03 0.03 0.14 0.08 0.10 0.08 0.03 0.12 0.03 0.03 0.03 0.06 0.06 0.06 0.06 0.07 0.07 0.02 0.07 0.07 0.03 0.03 0.02 0.02 0.14 0.09 0.01 0.01 0.01 0.01 0.02 0.02 0.02 0.02 0.02 0.02 0.02 0.02 0.02 0.02 0.02 0.00 0.00 0.09 0.09 0.08 0.08 0.08 0.08 0.08 0.08 0.10 0.08 0.08 0.08
0.64 0.64 0.64 0.64 0.65 0.65 0.65 0.65 0.60 0.60 0.60 0.60 0.59 0.59 0.59 0.59 0.51 0.08 0.03 0.04 0.03 0.08 0.08 0.61 0.16 0.08 0.07 0.07 0.07 0.07 0.07 0.02 0.07 0.07 0.08 0.03 0.50 0.03 0.04 0.02 0.06 0.06 0.06 0.06 0.07 0.07 0.08 0.08 0.08 0.03 0.03 0.07 0.07 0.04 0.04 0.03 0.01 0.02 0.02 0.02 0.02 0.02 0.02 0.02 0.01 0.02 0.02 0.02 0.02 0.02 0.02 0.14 0.09 0.08 0.08 0.08 0.08 0.08 0.08 0.08 0.08 0.08 0.08 0.08
0.65 0.65 0.65 0.65 0.65 0.86 0.65 0.65 0.60 0.60 0.60 0.60 0.52 0.52 0.52 0.52 0.16 0.15 0.04 0.15 0.03 0.51 0.51 0.61 0.62 0.62 0.07 0.07 0.07 0.07 0.07 0.07 0.03 0.09 0.09 0.02 0.07 0.06 0.09 0.02 0.06 0.06 0.06 0.06 0.07 0.08 0.07 0.08 0.04 0.03 0.08 0.07 0.04 0.04 0.04 0.00 0.01 0.02 0.02 0.02 0.02 0.02 0.02 0.02 0.01 0.02 0.02 0.02 0.01 0.01 0.02 0.14 0.00 0.08 0.08 0.08 0.08 0.08 0.08 0.09 0.08 0.08 0.08 0.08
0.65 0.87 0.65 0.65 0.65 0.65 0.17 0.65 0.60 0.60 0.60 0.77 0.52 0.52 0.52 0.52 0.13 0.16 0.16 0.15 0.16 0.51 0.51 0.51 0.52 0.52 0.07 0.07 0.07 0.07 0.07 0.07 0.07 0.07 0.03 0.07 0.07 0.02 0.03 0.07 0.06 0.06 0.06 0.06 0.07 0.08 0.08 0.03 0.03 0.03 0.06 0.04 0.04 0.06 0.04 0.00 0.00 0.02 0.02 0.02 0.02 0.02 0.02 0.02 0.02 0.02 0.02 0.02 0.02 0.02 0.14 0.13 0.09 0.08 0.08 0.08 0.08 0.08 0.08 0.08 0.08 0.08 0.08 0.08
0.61 0.61 0.61 0.61 0.60 0.67 0.82 0.98 0.50 0.50 1.02 0.72 0.49 0.49 0.49 0.49 0.48 0.12 0.49 0.12 0.48 0.48 0.48 0.48 0.47 0.47 0.47 0.47 0.06 0.06 0.06 0.06 0.06 0.06 0.06 0.06 0.06 0.06 0.02 0.06 0.05 0.05 0.02 0.02 0.06 0.03 0.03 0.03 0.03 0.07 0.06 0.06 0.02 0.03 0.03 0.00 0.00 0.01 0.01 0.01 0.01 0.01 0.01 0.01 0.13 0.01 0.01 0.01 0.00 0.00 0.11 0.09 0.06 0.06 0.06 0.06 0.06 0.06 0.06 0.06 0.06 0.06 0.06 0.06
0.61 0.61 0.61 0.61 0.60 0.60 0.60 0.60 0.50 0.50 0.50 0.50 0.71 0.71 0.71 0.70 0.48 0.48 0.48 0.48 0.48 0.48 0.48 0.48 0.47 0.47 0.47 0.47 0.47 0.47 0.06 0.06 0.06 0.06 0.06 0.06 0.06 0.06 0.06 0.06 0.05 0.05 0.05 0.02 0.03 0.03 0.03 0.04 0.06 0.06 0.06 0.06 0.06 0.06 0.00 0.00 0.00 0.00 0.01 0.01 0.01 0.01 0.01 0.00 0.01 0.01 0.00 0.01 0.00 0.09 0.09 0.09 0.06 0.06 0.06 0.06 0.06 0.06 0.06 0.07 0.06 0.06 0.06 0.07
0.60 0.60 1.02 0.80 0.59 0.27 0.59 0.59 0.49 0.49 0.49 0.49 0.48 0.48 0.48 0.48 0.48 0.48 0.48 0.48 0.48 0.48 0.48 0.48 0.48 0.48 0.48 0.48 0.48 0.48 0.48 0.06 0.06 0.06 0.06 0.06 0.06 0.06 0.06 0.02 0.06 0.06 0.06 0.06 0.02 0.03 0.02 0.02 0.02 0.05 0.05 0.05 0.06 0.06 0.00 0.00 0.00 0.00 0.00 0.00 0.01 0.00 0.00 0.00 0.00 0.01 0.01 0.00 0.00 0.00 0.09 0.09 0.06 0.06 0.06 0.06 0.06 0.06 0.07 0.07 0.00 0.06 0.06 0.07
0.60 0.60 0.60 0.60 0.59 0.59 0.78 0.59 0.49 0.49 0.49 0.49 0.48 0.48 0.48 0.48 0.48 0.48 0.20 0.12 0.48 0.48 0.48 0.48 0.48 0.48 0.48 0.48 0.48 0.48 0.48 0.06 0.06 0.06 0.06 0.06 0.06 0.06 0.06 0.02 0.06 0.02 0.06 0.06 0.02 0.07 0.02 0.06 0.02 0.07 0.05 0.05 0.07 0.05 0.00 0.00 0.00 0.00 0.00 0.01 0.01 0.01 0.01 0.01 0.01 0.01 0.01 0.00 0.00 0.09 0.09 0.09 0.06 0.06 0.08 0.06 0.06 0.07 0.07 0.00 0.00 0.00 0.00 0.07
0.60 1.01 0.60 0.60 0.59 0.59 0.78 0.59 0.49 0.49 0.12 0.15 0.14 0.12 0.12 0.12 0.48 0.57 0.14 0.48 0.48 0.48 0.48 0.48 0.48 0.48 0.48 0.48 0.48 0.48 0.48 0.48 0.06 0.06 0.06 0.06 0.06 0.06 0.06 0.06 0.06 0.06 0.02 0.06 0.06 0.06 0.06 0.07 0.49 0.07 0.07 0.05 0.06 0.05 0.00 0.00 0.00 0.00 0.00 0.01 0.00 0.01 0.00 0.01 0.01 0.01 0.09 0.09 0.00 0.00 0.09 0.11 0.10 0.07 0.06 0.06 0.06 0.07 0.06 0.06 0.06 0.00 0.07 0.00
0.60 0.60 0.60 0.60 0.59 0.59 0.59 0.59 0.49 0.49 0.12 0.58 0.14 0.12 0.12 0.48 0.15 0.09 0.48 0.48 0.48 0.48 0.48 0.48 0.48 0.48 0.48 0.48 0.48 0.69 0.48 0.48 0.47 0.06 0.07 0.06 0.06 0.06 0.06 0.06 0.06 0.06 0.06 0.06 0.07 0.06 0.03 0.07 0.49 0.02 0.05 0.05 0.05 0.35 0.00 0.00 0.00 0.00 0.01 0.00 0.00 0.00 0.01 0.01 0.00 0.01 0.09 0.10 0.09 0.00 0.43 0.00 0.06 0.07 0.06 0.06 0.06 0.06 0.06 0.06 0.06 0.06 0.07 0.00
0.60 0.60 0.79 0.60 0.52 0.52 0.52 0.52 0.48 0.48 0.14 0.02 0.48 0.12 0.12 0.12 0.16 0.09 0.57 0.48 0.48 0.48 0.48 0.87 0.48 0.48 0.48 0.48 0.69 0.48 0.48 0.48 0.47 0.06 0.06 0.06 0.06 0.06 0.06 0.06 0.05 0.02 0.05 0.05 0.04 0.04 0.02 0.02 0.49 0.02 0.06 0.06 0.03 0.00 0.00 0.00 0.00 0.00 0.00 0.00 0.01 0.01 0.13 0.13 0.01 0.01 0.01 0.01 0.09 0.10 0.01 0.01 0.07 0.06 0.06 0.00 0.00 0.07 0.07 0.07 0.07 0.07 0.07 0.00
0.60 0.60 0.60 0.60 0.52 0.52 0.52 0.52 0.48 0.48 0.08 0.02 0.06 0.02 0.08 0.12 0.14 0.14 0.57 0.48 0.12 0.48 0.48 0.48 0.48 0.48 0.48 0.48 0.48 0.48 0.48 0.48 0.47 0.06 0.06 0.06 0.06 0.06 0.06 0.06 0.05 0.07 0.07 0.07 0.04 0.06 0.08 0.49 0.49 0.49 0.02 0.06 0.07 0.00 0.00 0.00 0.00 0.01 0.01 0.01 0.00 0.00 0.01 0.01 0.01 0.01 0.01 0.00 0.01 0.01 0.01 0.01 0.00 0.10 0.06 0.00 0.00 0.00 0.00 0.00 0.07 0.07 0.07 0.00
0.60 0.60 0.60 0.60 0.52 0.52 0.52 0.75 0.48 0.06 0.06 0.02 0.02 0.06 0.07 0.08 0.06 0.12 0.14 0.14 0.12 0.48 0.48 0.48 0.48 0.48 0.48 0.48 0.48 0.48 0.48 0.48 0.47 0.47 0.06 0.06 0.06 0.06 0.06 0.06 0.05 0.07 0.49 0.49 0.07 0.07 0.07 0.07 0.49 0.02 0.06 0.06 0.02 0.00 0.00 0.00 0.00 0.00 0.01 0.01 0.01 0.00 0.00 0.01 0.01 0.01 0.00 0.01 0.00 0.00 0.01 0.00 0.00 0.10 0.00 0.00 0.00 0.00 0.00 0.00 0.00 0.10 0.07 0.00
0.60 0.60 0.60 0.60 0.52 0.52 0.75 0.52 0.48 0.48 0.06 0.02 0.02 0.06 0.03 0.02 0.02 0.02 0.14 0.14 0.12 0.48 0.48 0.48 0.48 0.48 0.48 0.70 0.69 0.48 0.48 0.48 0.47 0.06 0.06 0.06 0.06 0.06 0.06 0.06 0.05 0.07 0.49 0.49 0.49 0.49 0.49 0.49 0.02 0.02 0.02 0.02 0.06 0.00 0.00 0.00 0.09 0.00 0.00 0.01 0.01 0.01 0.00 0.01 0.01 0.00 0.00 0.00 0.00 0.00 0.01 0.01 0.28 0.00 0.00 0.00 0.00 0.00 0.00 0.00 0.00 0.00 0.00 0.10
0.60 0.60 0.60 0.60 0.59 0.59 0.59 0.59 0.48 0.48 0.48 0.02 0.02 0.06 0.07 0.02 0.02 0.02 0.02 0.12 0.12 0.48 0.48 0.48 0.71 0.49 0.49 0.71 0.49 0.49 0.49 0.49 0.49 0.07 0.07 0.07 0.06 0.06 0.06 0.06 0.04 0.07 0.49 0.49 0.49 0.02 0.02 0.02 0.06 0.06 0.06 0.02 0.02 0.00 0.00 0.00 0.00 0.01 0.01 0.00 0.01 0.01 0.01 0.01 0.01 0.00 0.00 0.00 0.00 0.00 0.00 0.00 0.28 0.07 0.00 0.00 0.00 0.00 0.00 0.00 0.00 0.00 0.07 0.10
0.60 0.60 0.60 0.60 0.59 0.59 0.78 0.59 0.48 0.48 0.49 0.02 0.02 0.07 0.03 0.25 0.02 0.02 0.02 0.47 0.48 0.48 0.48 0.48 0.71 0.49 0.71 0.49 0.49 0.49 0.49 0.49 0.49 0.07 0.07 0.07 0.06 0.06 0.06 0.06 0.04 0.10 0.49 0.20 0.02 0.04 0.04 0.06 0.06 0.06 0.06 0.02 0.06 0.00 0.00 0.00 0.00 0.00 0.01 0.01 0.00 0.13 0.01 0.01 0.01 0.01 0.00 0.01 0.01 0.00 0.00 0.00 0.00 0.00 0.00 0.00 0.00 0.00 0.00 0.00 0.00 0.00 0.07 0.07
0.15 0.60 0.60 0.60 0.59 0.59 0.59 0.59 0.70 0.48 0.48 0.02 0.02 0.03 0.03 0.02 0.02 0.02 0.02 0.47 0.48 0.48 0.48 0.48 0.49 0.49 0.49 0.49 0.49 0.49 0.49 0.49 0.49 0.07 0.07 0.07 0.06 0.06 0.06 0.08 0.04 0.10 0.49 0.49 0.04 0.04 0.04 0.04 0.06 0.06 0.06 0.03 0.00 0.00 0.00 0.00 0.00 0.00 0.01 0.01 0.01 0.00 0.01 0.00 0.01 0.01 0.00 0.01 0.01 0.00 0.00 0.01 0.00 0.00 0.00 0.00 0.00 0.00 0.00 0.00 0.00 0.00 0.00 0.00
0.60 0.15 0.60 0.60 0.59 0.59 0.59 0.59 0.59 0.48 0.48 0.06 0.02 0.03 0.04 0.03 0.03 0.02 0.06 0.47 0.48 0.48 0.48 0.48 0.49 0.49 0.49 0.49 0.49 0.49 0.49 0.49 0.07 0.07 0.07 0.07 0.06 0.06 0.08 0.06 0.04 0.04 0.02 0.07 0.06 0.04 0.04 0.04 0.06 0.06 0.06 0.03 0.00 0.00 0.00 0.02 0.01 0.01 0.01 0.00 0.01 0.01 0.13 0.01 0.01 0.01 0.01 0.01 0.01 0.00 0.00 0.00 0.00 0.00 0.00 0.00 0.00 0.00 0.00 0.00 0.00 0.00 0.00 0.00
0.85 0.61 0.61 0.61 0.59 0.99 0.59 0.75 0.48 0.12 0.12 0.23 0.03 0.23 0.03 0.23 0.23 0.02 0.06 0.47 0.49 0.49 0.49 0.49 0.07 0.50 0.50 0.50 0.50 0.50 0.07 0.07 0.07 0.07 0.07 0.07 0.07 0.07 0.07 0.07 0.04 0.04 0.04 0.02 0.04 0.04 0.04 0.01 0.02 0.02 0.03 0.03 0.00 0.00 0.00 0.02 0.00 0.01 0.01 0.00 0.01 0.01 0.01 0.01 0.01 0.01 0.01 0.01 0.00 0.00 0.00 0.00 0.00 0.00 0.00 0.00 0.00 0.00 0.00 0.00 0.07 0.00 0.00 0.00
0.61 1.53 0.81 0.61 0.59 0.59 0.59 0.67 0.48 0.48 0.48 0.03 0.03 0.03 0.03 0.03 0.02 0.02 0.02 0.47 0.49 0.49 0.49 0.07 0.07 0.08 0.50 0.50 0.07 0.07 0.07 0.07 0.07 0.07 0.07 0.07 0.07 0.07 0.07 0.07 0.04 0.04 0.04 0.04 0.04 0.04 0.04 0.01 0.02 0.02 0.03 0.03 0.00 0.00 0.02 0.01 0.01 0.01 0.00 0.01 0.01 0.01 0.01 0.01 0.01 0.01 0.01 0.01 0.00 0.00 0.01 0.01 0.00 0.00 0.00 0.00 0.00 0.00 0.00 0.00 0.00 0.00 0.00 0.00
0.10 0.34 0.34 0.34 0.39 0.27 0.27 0.06 0.24 0.24 0.03 0.01 0.01 0.01 0.01 0.03 0.03 0.03 0.01 0.24 0.25 0.25 0.25 0.03 0.03 0.03 0.26 0.26 0.03 0.05 0.03 0.03 0.03 0.03 0.03 0.03 0.03 0.03 0.03 0.04 0.03 0.03 0.03 0.03 0.03 0.03 0.03 0.03 0.02 0.02 0.02 0.02 0.00 0.00 0.00 0.00 0.00 0.00 0.00 0.00 0.00 0.00 0.00 0.00 0.00 0.00 0.00 0.00 0.00 0.00 0.00 0.00 0.00 0.00 0.00 0.00 0.00 0.00 0.00 0.00 0.00 0.00 0.00 0.00
0.42 0.10 0.34 0.34 0.27 0.27 0.06 0.27 0.05 0.03 0.03 0.01 0.01 0.01 0.03 0.03 0.03 0.03 0.03 0.03 0.25 0.25 0.25 0.03 0.03 0.03 0.03 0.03 0.03 0.03 0.03 0.03 0.03 0.03 0.03 0.03 0.04 0.03 0.03 0.03 0.03 0.03 0.03 0.03 0.01 0.03 0.03 0.03 0.03 0.02 0.02 0.00 0.00 0.00 0.00 0.00 0.00 0.00 0.00 0.00 0.00 0.00 0.00 0.00 0.00 0.00 0.00 0.00 0.00 0.00 0.00 0.00 0.00 0.00 0.00 0.00 0.00 0.00 0.00 0.00 0.00 0.00 0.00 0.00
0.07 0.33 0.33 0.33 0.26 0.26 0.26 0.29 0.05 0.03 0.03 0.03 0.03 0.01 0.03 0.03 0.03 0.03 0.03 0.03 0.25 0.25 0.32 0.03 0.06 0.04 0.03 0.03 0.03 0.03 0.03 0.03 0.04 0.03 0.03 0.03 0.04 0.03 0.03 0.03 0.03 0.03 0.03 0.03 0.00 0.01 0.00 0.00 0.03 0.03 0.03 0.00 0.00 0.00 0.00 0.00 0.00 0.00 0.00 0.00 0.00 0.00 0.00 0.00 0.00 0.00 0.00 0.00 0.00 0.00 0.00 0.00 0.00 0.00 0.00 0.00 0.00 0.00 0.00 0.00 0.00 0.00 0.00 0.00
0.36 0.62 0.33 0.07 0.06 0.59 0.26 0.26 0.24 0.03 0.03 0.03 0.01 0.01 0.03 0.03 0.03 0.03 0.03 0.03 0.03 0.25 0.25 0.25 0.03 0.03 0.03 0.28 0.03 0.02 0.03 0.03 0.03 0.03 0.03 0.03 0.03 0.03 0.03 0.03 0.03 0.03 0.03 0.03 0.00 0.00 0.00 0.00 0.03 0.03 0.03 0.00 0.00 0.00 0.00 0.00 0.00 0.00 0.00 0.00 0.00 0.00 0.00 0.00 0.00 0.00 0.00 0.00 0.00 0.00 0.00 0.00 0.00 0.00 0.00 0.00 0.00 0.00 0.00 0.00 0.00 0.00 0.00 0.00
0.35 0.07 0.35 0.34 0.26 0.06 0.26 0.26 0.24 0.24 0.03 0.01 0.01 0.01 0.01 0.03 0.03 0.03 0.03 0.03 0.03 0.25 0.25 0.25 0.26 0.03 0.03 0.26 0.27 0.27 0.03 0.03 0.03 0.03 0.04 0.03 0.03 0.04 0.03 0.03 0.03 0.03 0.03 0.03 0.00 0.00 0.00 0.00 0.03 0.01 0.01 0.00 0.00 0.00 0.00 0.00 0.00 0.00 0.00 0.00 0.00 0.00 0.00 0.00 0.00 0.00 0.00 0.00 0.28 0.00 0.00 0.00 0.00 0.00 0.00 0.00 0.00 0.00 0.00 0.00 0.00 0.00 0.00 0.00
0.10 0.35 0.10 0.33 0.26 0.26 0.39 0.26 0.24 0.24 0.03 0.01 0.03 0.03 0.01 0.03 0.03 0.01 0.03 0.03 0.03 0.03 0.25 0.25 0.38 0.03 0.03 0.03 0.27 0.27 0.27 0.03 0.03 0.03 0.03 0.03 0.03 0.03 0.03 0.03 0.03 0.03 0.03 0.03 0.00 0.00 0.01 0.01 0.01 0.01 0.03 0.00 0.00 0.00 0.00 0.00 0.00 0.00 0.00 0.00 0.00 0.00 0.00 0.00 0.00 0.00 0.00 0.00 0.00 0.00 0.00 0.00 0.00 0.00 0.00 0.00 0.00 0.00 0.00 0.00 0.00 0.00 0.00 0.00
0.10 0.10 0.14 0.27 0.26 0.26 0.26 0.26 0.24 0.24 0.01 0.01 0.01 0.01 0.03 0.03 0.03 0.03 0.03 0.03 0.03 0.03 0.03 0.25 0.26 0.03 0.03 0.03 0.04 0.27 0.27 0.03 0.03 0.03 0.03 0.03 0.03 0.03 0.03 0.03 0.03 0.03 0.03 0.03 0.00 0.00 0.00 0.03 0.03 0.03 0.03 0.00 0.00 0.00 0.00 0.00 0.00 0.00 0.00 0.00 0.00 0.00 0.00 0.00 0.00 0.00 0.00 0.00 0.00 0.00 0.00 0.00 0.00 0.00 0.00 0.00 0.05 0.00 0.00 0.00 0.00 0.00 0.00 0.00
0.10 0.10 0.10 0.10 0.27 0.26 0.26 0.26 0.31 0.24 0.01 0.01 0.03 0.03 0.03 0.03 0.03 0.03 0.03 0.03 0.03 0.03 0.03 0.25 0.26 0.03 0.03 0.03 0.03 0.03 0.27 0.03 0.03 0.03 0.03 0.03 0.03 0.04 0.04 0.03 0.03 0.03 0.03 0.03 0.00 0.00 0.00 0.03 0.02 0.02 0.00 0.00 0.00 0.00 0.00 0.00 0.00 0.00 0.00 0.00 0.00 0.00 0.00 0.00 0.00 0.00 0.00 0.00 0.00 0.00 0.00 0.00 0.00 0.00 0.00 0.00 0.00 0.00 0.00 0.00 0.00 0.00 0.00 0.00
