New_Model_Runs/9_Future_Present_Scn2_out/post_prcessed_with_MFR/Monthly_summaries/runoff_monthly_AUG.asc
NCOLS 700
NROWS 400
XLLCENTER 515000.000000
YLLCENTER 8409000.000000
CELLSIZE 50.000000
NODATA_value -999.000000
[rows 152 to 189 of 400, columns 336 to 419 of 700]
0.00 0.00 0.00 0.00 0.00 0.00 0.00 0.00 0.00 0.00 1.49 1.49 2.08 2.08 1.43 1.43 1.20 1.20 1.72 1.20 1.27 1.27 1.27 1.27 1.31 1.31 0.20 0.20 0.20 0.99 0.99 0.20 0.74 0.74 0.74 0.15 0.15 0.15 1.03 1.64 1.62 0.80 0.78 0.70 0.70 2.86 1.57 1.57 1.34 0.00 0.00 0.00 0.00 0.00 0.00 0.00 0.00 0.00 0.00 0.00 0.00 0.00 0.00 0.00 0.00 0.00 0.00 0.00 0.00 0.00 0.00 0.00 0.00 0.00 0.00 0.00 0.00 0.00 0.00 0.00 0.00 0.00 0.00 0.00
0.00 0.00 0.00 0.00 0.00 0.00 0.00 0.00 0.00 0.00 0.00 1.49 1.43 1.43 1.43 1.43 1.20 1.20 1.20 1.20 1.27 1.27 1.27 1.27 1.31 0.29 0.29 0.29 0.20 0.24 0.20 0.20 0.15 0.16 0.15 0.15 0.86 1.10 1.80 1.64 1.62 1.66 0.91 0.57 0.57 1.57 1.57 1.57 1.34 0.00 0.00 0.00 0.00 0.00 0.00 0.00 0.00 0.00 0.00 0.00 0.00 0.00 0.00 0.00 0.00 0.00 0.00 0.00 0.00 0.00 0.00 0.00 0.00 0.00 0.00 0.00 0.00 0.00 0.00 0.00 0.00 0.00 0.00 0.00
0.00 0.00 0.00 0.00 0.00 0.00 0.00 0.00 0.00 0.00 0.00 1.49 1.43 1.43 1.43 1.98 1.20 1.20 1.20 1.20 1.27 1.27 1.27 1.27 0.29 0.29 0.29 0.50 0.29 0.20 0.20 0.20 0.15 0.15 0.57 0.57 0.57 0.39 1.80 1.67 1.62 0.58 0.46 0.57 0.57 0.57 0.33 0.33 1.34 0.28 0.00 0.00 0.00 0.00 0.00 0.00 0.00 0.00 0.00 0.00 0.00 0.00 0.00 0.00 0.00 0.00 0.00 0.00 0.00 0.00 0.00 0.00 0.00 0.00 0.00 0.00 0.00 0.00 0.00 0.00 0.00 0.00 0.00 0.00
0.00 0.00 0.00 0.00 0.00 0.00 0.00 0.00 0.00 0.00 0.00 0.00 0.86 1.43 1.43 1.43 1.20 1.20 1.20 1.20 1.27 1.27 1.27 1.27 1.31 1.31 1.31 1.31 0.29 0.10 0.20 0.72 0.57 0.57 0.57 0.46 0.46 1.67 0.80 1.64 1.66 0.46 0.57 0.57 1.57 1.57 0.33 0.33 1.34 0.48 0.00 0.00 0.00 0.00 0.00 0.00 0.00 0.00 0.00 0.00 0.00 0.00 0.00 0.00 0.00 0.00 0.00 0.00 0.00 0.00 0.00 0.00 0.00 0.00 0.00 0.00 0.00 0.00 0.00 0.00 0.00 0.00 0.00 0.00
0.00 0.00 0.00 0.00 0.00 0.00 0.00 0.00 0.00 0.00 0.00 0.00 0.02 2.06 1.42 1.42 1.20 1.20 1.20 1.20 1.26 1.26 1.26 1.26 1.28 1.28 1.28 1.28 2.19 0.77 1.16 0.72 0.74 0.57 0.57 0.91 1.78 1.61 1.61 1.61 0.91 0.46 1.57 0.39 0.57 1.57 0.57 0.57 0.48 1.34 10.00 0.00 0.00 0.00 0.00 0.00 0.00 0.00 0.00 0.00 0.00 0.00 0.00 0.00 0.00 0.00 0.00 0.00 0.00 0.00 0.00 0.00 0.00 0.00 0.00 0.00 0.00 0.00 0.00 0.00 0.00 0.00 0.00 0.00
0.00 0.00 0.00 0.00 0.00 0.00 0.00 0.00 0.00 0.00 0.00 0.00 0.00 0.00 1.42 1.42 1.20 1.20 1.20 1.20 1.79 1.26 1.26 1.26 1.28 1.28 2.11 2.18 2.19 2.13 0.58 0.72 0.57 0.91 1.83 1.83 1.61 1.61 1.61 1.61 1.76 0.70 0.39 0.57 0.57 1.57 1.57 0.57 0.48 1.34 2.84 0.00 0.00 0.00 0.00 0.00 0.00 0.00 0.00 0.00 0.00 0.00 0.00 0.00 0.00 0.00 0.00 0.00 0.00 0.00 0.00 0.00 0.00 0.00 0.00 0.00 0.00 0.00 0.00 0.00 0.00 0.00 0.00 0.00
0.00 0.00 0.00 0.00 0.00 0.00 0.00 0.00 0.00 0.00 0.00 0.00 0.00 0.00 1.42 1.42 1.20 1.20 1.20 1.73 1.26 1.26 1.26 2.09 2.11 2.11 2.11 2.11 2.13 2.13 2.16 2.16 1.77 1.77 1.66 1.77 1.61 1.61 1.61 1.61 1.64 1.64 0.57 1.57 0.57 0.57 1.57 1.57 1.34 1.34 0.48 0.00 0.00 0.00 0.00 0.00 0.00 0.00 0.00 0.00 0.00 0.00 0.00 0.00 0.00 0.00 0.00 0.00 0.00 0.00 0.00 0.00 0.00 0.00 0.00 0.00 0.00 0.00 0.00 0.00 0.00 0.00 0.00 0.00
0.00 0.00 0.00 0.00 0.00 0.00 0.00 0.00 0.00 0.00 0.00 0.00 0.00 0.00 0.00 1.42 1.20 1.20 1.20 1.20 1.26 3.41 2.09 2.09 2.11 3.44 2.11 2.11 2.13 2.13 2.19 3.19 1.66 1.66 1.66 1.66 1.61 1.61 1.61 1.61 1.64 1.76 0.57 0.57 0.57 0.57 1.57 1.57 1.34 1.34 1.34 0.00 0.00 0.00 0.00 0.00 0.00 0.00 0.00 0.00 0.00 0.00 0.00 0.00 0.00 0.00 0.00 0.00 0.00 0.00 0.00 0.00 0.00 0.00 0.00 0.00 0.00 0.00 0.00 0.00 0.00 0.00 0.00 0.00
0.00 0.00 0.00 0.00 0.00 0.00 0.00 0.00 0.00 0.00 0.00 0.00 0.00 0.00 0.00 0.00 1.19 1.19 2.02 2.02 2.05 2.05 2.05 2.05 2.06 2.06 2.06 2.06 2.06 3.38 2.06 2.06 1.61 1.61 1.61 3.40 1.62 1.62 1.62 1.62 1.65 1.65 0.91 0.46 0.46 0.57 0.46 0.57 0.28 0.39 2.08 1.75 0.00 0.00 0.00 0.00 0.00 0.00 0.00 0.00 0.00 0.00 0.00 0.00 0.00 0.00 0.00 0.00 0.00 0.00 0.00 0.00 0.00 0.00 0.00 0.00 0.00 0.00 0.00 0.00 0.00 0.00 0.00 0.00
0.00 0.00 0.00 0.00 0.00 0.00 0.00 0.00 0.00 0.00 0.00 0.00 0.00 0.00 0.00 0.00 2.02 2.02 2.02 2.02 2.05 2.05 2.05 2.05 2.06 3.79 2.06 2.06 2.06 3.79 2.06 2.06 1.61 1.61 2.70 2.70 1.62 1.62 1.62 1.62 2.86 1.83 1.32 0.91 0.91 0.81 0.81 1.67 0.77 1.33 0.77 0.48 1.34 1.34 2.04 1.34 0.00 0.00 0.00 0.00 0.00 0.00 0.00 0.00 0.00 0.00 0.00 0.00 0.00 0.00 0.00 0.00 0.00 0.00 0.00 0.00 0.00 0.00 0.00 0.00 0.00 0.00 0.00 0.00
0.00 0.00 0.00 0.00 0.00 0.00 0.00 0.00 0.00 0.00 0.00 0.00 0.00 0.00 0.00 0.00 2.70 4.51 2.70 2.70 2.75 2.75 2.75 2.75 2.76 4.62 2.76 2.76 4.62 2.76 8.27 2.76 1.82 1.82 1.82 1.82 1.83 0.88 0.88 2.98 1.87 1.87 1.87 3.08 1.89 1.86 1.86 1.86 1.45 1.48 0.77 0.48 0.48 1.35 1.50 1.35 1.35 0.74 0.58 10.01 0.00 0.00 0.00 0.00 0.00 0.00 0.00 0.00 0.00 0.00 0.00 0.00 0.00 0.00 0.00 0.00 0.00 0.00 0.00 0.00 0.00 0.00 0.00 0.00
0.00 0.00 0.00 0.00 0.00 0.00 0.00 0.00 0.00 0.00 0.00 0.00 0.00 0.00 0.00 0.00 2.70 2.70 2.70 2.70 2.75 2.75 2.75 2.75 2.76 2.76 2.76 2.76 2.76 2.76 4.60 2.76 1.82 1.82 1.82 1.82 1.83 1.83 2.99 1.83 1.87 1.87 1.87 1.87 1.86 1.86 1.86 1.86 1.45 1.45 1.45 0.28 0.30 0.28 1.35 1.35 0.58 0.49 0.49 0.49 1.35 0.00 0.00 0.00 0.00 0.00 0.00 0.00 0.00 0.00 0.00 0.00 0.00 0.00 0.00 0.00 0.00 0.00 0.00 0.00 0.00 0.00 0.00 0.00
0.00 0.00 0.00 0.00 0.00 0.00 0.00 0.00 0.00 0.00 0.00 0.00 0.00 0.00 0.00 3.33 2.74 2.74 2.74 2.74 2.77 2.77 2.77 2.77 2.76 2.76 2.76 2.76 2.75 2.75 2.75 2.75 1.83 1.83 1.83 1.83 1.84 1.84 1.84 1.84 1.84 1.84 1.84 1.84 1.83 3.80 1.83 1.83 1.45 1.45 1.48 0.39 0.33 0.28 1.35 0.58 0.48 1.41 1.41 1.41 1.67 1.41 1.04 10.01 0.00 0.00 0.00 0.00 0.00 0.00 0.00 0.00 0.00 0.00 0.00 0.00 0.00 0.00 0.00 0.00 0.00 0.00 0.00 0.00
0.00 0.00 0.00 0.00 0.00 0.00 0.00 0.00 0.00 0.00 0.00 0.00 0.00 0.00 0.00 3.33 2.74 2.74 2.74 2.74 2.77 2.77 2.77 2.77 2.76 2.76 2.76 2.76 2.75 2.75 2.75 2.75 1.83 0.88 1.83 1.83 1.84 1.84 1.84 1.84 1.84 1.84 1.84 1.84 1.83 2.97 1.83 1.83 1.45 1.48 0.77 0.33 0.33 1.35 0.48 0.49 1.41 1.41 1.41 1.41 1.41 1.41 1.41 1.41 0.00 0.00 0.00 0.00 0.00 0.00 0.00 0.00 0.00 0.00 0.00 0.00 0.00 0.00 0.00 0.00 0.00 0.00 0.00 0.00
0.00 0.00 0.00 0.00 0.00 0.00 0.00 0.00 0.00 0.00 0.00 0.00 0.00 0.00 0.00 3.33 2.74 2.74 2.74 2.74 2.77 2.77 2.77 2.77 2.76 2.76 2.76 2.76 2.75 2.75 2.75 2.75 1.83 1.83 1.83 1.83 1.84 1.84 1.84 1.84 1.84 1.84 1.84 1.84 1.83 1.83 1.83 1.83 1.45 1.51 0.60 0.60 0.39 0.39 0.39 0.50 1.41 1.41 1.41 1.41 1.41 1.41 1.41 1.41 0.00 0.00 0.00 0.00 0.00 0.00 0.00 0.00 0.00 0.00 0.00 0.00 0.00 0.00 0.00 0.00 0.00 0.00 0.00 0.00
0.00 0.00 0.00 0.00 0.00 0.00 0.00 0.00 0.00 0.00 0.00 0.00 0.00 0.00 3.33 3.33 2.74 2.74 2.74 2.74 2.77 2.77 2.77 2.77 2.76 2.76 2.76 2.76 2.75 2.75 2.75 2.75 1.83 1.83 1.83 1.83 1.84 1.84 1.84 1.84 0.88 0.88 1.84 1.84 1.83 1.83 1.83 1.83 1.48 0.70 0.72 1.51 0.50 0.50 0.50 0.50 1.41 1.41 1.41 1.45 1.49 0.66 1.44 1.41 0.00 0.00 0.00 0.00 0.00 0.00 0.00 0.00 0.00 0.00 0.00 0.00 0.00 0.00 0.00 0.00 0.00 0.00 0.00 0.00
0.00 0.00 0.00 0.00 0.00 0.00 0.00 0.00 0.00 0.00 0.00 0.00 0.00 0.00 3.46 3.46 2.92 2.92 2.92 2.92 2.92 2.92 2.92 4.79 2.92 2.92 2.92 2.92 2.93 2.93 2.93 2.93 1.89 1.89 1.89 1.89 1.89 1.89 1.89 1.89 0.99 0.92 0.94 1.86 1.85 0.89 1.85 1.85 1.44 1.26 0.67 1.44 1.43 1.43 1.43 1.43 1.41 1.41 1.41 0.77 1.50 1.67 0.00 0.00 0.00 0.00 0.00 0.00 0.00 0.00 0.00 0.00 0.00 0.00 0.00 0.00 0.00 0.00 0.00 0.00 0.00 0.00 0.00 0.00
0.00 0.00 0.00 0.00 0.00 0.00 0.00 0.00 0.00 0.00 0.00 0.00 0.00 0.00 3.46 3.46 2.92 2.92 2.92 2.92 2.92 2.92 2.92 2.92 2.92 2.92 2.92 2.92 2.93 2.93 2.93 2.93 1.89 1.89 1.89 1.89 1.89 1.89 1.89 1.89 1.94 0.90 0.94 1.86 1.85 0.89 1.85 1.85 1.44 1.44 1.44 1.44 1.43 1.43 1.43 1.46 1.45 1.45 0.68 0.68 0.00 0.00 0.00 0.00 0.00 0.00 0.00 0.00 0.00 0.00 0.00 0.00 0.00 0.00 0.00 0.00 0.00 0.00 0.00 0.00 0.00 0.00 0.00 0.00
0.00 0.00 0.00 0.00 0.00 0.00 0.00 0.00 0.00 0.00 0.00 0.00 0.00 3.46 3.46 3.46 2.92 2.92 2.92 2.92 2.92 2.92 2.92 2.92 2.92 2.92 2.92 1.59 1.54 2.93 2.93 2.93 1.89 1.89 1.89 1.89 1.89 1.89 0.91 0.91 1.94 0.94 1.86 1.86 1.85 1.85 1.85 1.85 1.44 1.44 1.44 1.44 1.43 1.46 0.69 0.69 1.45 1.41 1.41 1.94 0.00 0.00 0.00 0.00 0.00 0.00 0.00 0.00 0.00 0.00 0.00 0.00 0.00 0.00 0.00 0.00 0.00 0.00 0.00 0.00 0.00 0.00 0.00 0.00
0.00 0.00 0.00 0.00 0.00 0.00 0.00 0.00 0.00 0.00 0.00 0.00 0.00 3.46 3.46 3.46 2.92 4.86 4.86 8.44 2.92 2.92 2.92 2.92 2.92 2.92 2.92 3.12 3.12 2.93 2.93 2.93 1.89 1.89 1.89 1.89 1.89 1.89 1.91 1.89 1.86 0.94 1.86 1.86 0.91 1.89 1.85 1.85 1.44 1.44 1.44 1.44 1.43 0.77 0.77 1.35 1.35 1.35 0.00 0.00 0.00 0.00 0.00 0.00 0.00 0.00 0.00 0.00 0.00 0.00 0.00 0.00 0.00 0.00 0.00 0.00 0.00 0.00 0.00 0.00 0.00 0.00 0.00 0.00
0.00 0.00 0.00 0.00 0.00 0.00 0.00 0.00 0.00 0.00 0.00 0.00 0.00 3.49 3.49 8.47 5.16 2.77 2.77 4.63 2.81 2.81 4.84 2.81 2.94 2.94 2.94 3.12 1.60 2.97 1.12 1.12 0.68 1.93 1.93 1.93 1.92 1.92 0.94 1.94 1.90 1.90 1.90 1.90 0.67 0.69 1.88 1.88 1.45 1.52 0.70 1.45 0.70 1.62 0.28 0.48 1.35 10.01 0.00 0.00 0.00 0.00 0.00 0.00 0.00 0.00 0.00 0.00 0.00 0.00 0.00 0.00 0.00 0.00 0.00 0.00 0.00 0.00 0.00 0.00 0.00 0.00 0.00 0.00
0.00 0.00 0.00 0.00 0.00 0.00 0.00 0.00 0.00 0.00 0.00 0.00 0.00 3.49 5.88 3.49 2.77 2.77 2.77 2.77 2.81 2.81 2.81 2.81 4.84 4.90 2.94 3.12 3.12 1.19 1.12 1.12 0.68 0.70 0.68 0.68 1.92 1.92 0.93 1.97 0.70 0.92 1.90 1.90 0.66 0.89 1.88 1.88 1.48 0.77 0.77 0.39 0.32 1.35 1.35 0.48 10.01 0.00 0.00 0.00 0.00 0.00 0.00 0.00 0.00 0.00 0.00 0.00 0.00 0.00 0.00 0.00 0.00 0.00 0.00 0.00 0.00 0.00 0.00 0.00 0.00 0.00 0.00 0.00
0.00 0.00 0.00 0.00 0.00 0.00 0.00 0.00 0.00 0.00 0.00 0.00 3.49 6.19 3.49 5.88 2.77 2.77 2.77 2.77 2.81 2.81 2.81 4.80 2.94 2.94 4.90 2.94 2.97 2.97 2.97 3.75 1.61 0.93 0.68 0.68 0.68 1.92 1.94 0.62 0.62 0.68 1.93 1.90 0.72 0.72 0.66 1.88 1.48 0.77 0.39 0.39 0.00 0.00 0.00 0.00 0.00 0.00 0.00 0.00 0.00 0.00 0.00 0.00 0.00 0.00 0.00 0.00 0.00 0.00 0.00 0.00 0.00 0.00 0.00 0.00 0.00 0.00 0.00 0.00 0.00 0.00 0.00 0.00
0.00 0.00 0.00 0.00 0.00 0.00 0.00 0.00 0.00 0.00 0.00 0.00 3.49 5.80 3.49 3.49 6.00 2.77 2.77 2.77 2.81 2.81 4.78 2.81 2.94 2.94 2.94 2.94 2.97 4.94 4.94 3.01 0.62 0.72 0.92 0.68 0.72 0.72 0.62 0.62 0.36 0.62 0.72 0.67 0.72 0.62 0.72 0.66 1.45 0.50 0.48 0.00 0.00 0.00 0.00 0.00 0.00 0.00 0.00 0.00 0.00 0.00 0.00 0.00 0.00 0.00 0.00 0.00 0.00 0.00 0.00 0.00 0.00 0.00 0.00 0.00 0.00 0.00 0.00 0.00 0.00 0.00 0.00 0.00
0.00 0.00 0.00 0.00 0.00 0.00 0.00 0.00 0.00 0.00 0.00 0.00 3.38 3.38 3.38 3.38 4.53 2.72 2.72 2.72 2.78 2.78 2.78 2.78 2.92 2.92 2.92 2.92 2.96 2.96 2.96 2.96 0.73 0.62 0.62 0.90 0.84 0.62 0.80 0.62 1.67 1.67 1.67 0.72 1.67 0.62 0.62 0.72 1.35 0.48 0.00 0.00 0.00 0.00 0.00 0.00 0.00 0.00 0.00 0.00 0.00 0.00 0.00 0.00 0.00 0.00 0.00 0.00 0.00 0.00 0.00 0.00 0.00 0.00 0.00 0.00 0.00 0.00 0.00 0.00 0.00 0.00 0.00 0.00
0.00 0.00 0.00 0.00 0.00 0.00 0.00 0.00 0.00 0.00 0.15 5.94 5.83 5.83 3.38 3.38 2.72 2.72 2.72 2.72 2.78 2.78 5.00 2.78 2.92 2.92 2.92 2.92 2.96 2.96 2.96 2.96 1.93 0.69 0.73 0.36 1.21 1.00 0.62 0.62 1.67 1.67 1.67 1.67 1.67 0.62 1.67 1.67 0.48 0.00 0.00 0.00 0.00 0.00 0.00 0.00 0.00 0.00 0.00 0.00 0.00 0.00 0.00 0.00 0.00 0.00 0.00 0.00 0.00 0.00 0.00 0.00 0.00 0.00 0.00 0.00 0.00 0.00 0.00 0.00 0.00 0.00 0.00 0.00
0.00 0.00 0.00 0.00 0.00 0.00 0.00 0.00 0.00 0.00 0.00 3.70 3.60 3.60 3.60 3.60 3.15 3.15 3.15 3.15 3.22 3.22 3.22 3.22 3.26 3.26 3.26 3.26 3.31 3.31 3.31 3.31 1.98 1.98 3.24 1.98 2.02 1.97 1.97 0.72 0.75 1.71 2.62 1.71 0.64 0.64 0.38 1.71 0.00 0.00 0.00 0.00 0.00 0.00 0.00 0.00 0.00 0.00 0.00 0.00 0.00 0.00 0.00 0.00 0.00 0.00 0.00 0.00 0.00 0.00 0.00 0.00 0.00 0.00 0.00 0.00 0.00 0.00 0.00 0.00 0.00 0.00 0.00 0.00
0.00 0.00 0.00 0.00 0.00 0.00 0.00 0.00 0.00 0.00 0.00 3.70 3.60 3.60 3.60 3.60 3.15 3.15 3.15 3.15 3.22 3.22 3.22 3.22 3.26 3.26 3.26 3.26 3.31 3.31 3.31 3.31 1.98 1.98 1.98 1.98 1.97 1.97 1.97 1.97 1.95 0.69 0.75 0.64 0.64 0.64 0.64 3.49 0.00 0.00 0.00 0.00 0.00 0.00 0.00 0.00 0.00 0.00 0.00 0.00 0.00 0.00 0.00 0.00 0.00 0.00 0.00 0.00 0.00 0.00 0.00 0.00 0.00 0.00 0.00 0.00 0.00 0.00 0.00 0.00 0.00 0.00 0.00 0.00
0.00 0.00 0.00 0.00 0.00 0.00 0.00 0.00 0.00 0.00 2.99 5.50 2.99 3.55 3.55 3.55 3.20 3.20 3.20 3.20 3.22 3.22 3.22 3.22 3.24 3.24 5.43 5.43 3.28 3.28 3.28 3.28 1.95 3.18 1.95 1.95 1.92 1.92 1.92 1.92 1.91 3.11 1.91 1.94 0.64 0.64 0.64 0.64 0.00 0.00 0.00 0.00 0.00 0.00 0.00 0.00 0.00 0.00 0.00 0.00 0.00 0.00 0.00 0.00 0.00 0.00 0.00 0.00 0.00 0.00 0.00 0.00 0.00 0.00 0.00 0.00 0.00 0.00 0.00 0.00 0.00 0.00 0.00 0.00
0.00 0.00 0.00 0.00 0.00 0.00 0.00 0.00 0.00 0.00 2.99 2.99 4.99 3.55 3.55 3.55 3.20 3.20 3.20 3.20 3.22 3.22 3.22 3.22 3.24 3.24 5.43 3.24 3.28 3.28 3.28 7.24 2.01 1.95 1.95 1.95 1.92 1.92 1.92 1.92 1.91 1.91 3.11 1.91 3.16 1.94 1.94 3.16 0.47 1.29 0.26 0.00 0.00 0.00 0.00 0.00 0.00 0.00 0.00 0.00 0.00 0.00 0.00 0.00 0.00 0.00 0.00 0.00 0.00 0.00 0.00 0.00 0.00 0.00 0.00 0.00 0.00 0.00 0.00 0.00 0.00 0.00 0.00 0.00
0.00 0.00 0.00 0.00 0.00 0.00 0.00 0.00 0.00 0.00 2.99 3.52 3.55 3.55 3.55 3.55 3.20 3.20 3.20 3.20 3.22 3.22 3.22 3.22 3.24 3.24 3.24 3.24 3.28 3.28 5.50 3.28 2.01 1.95 3.18 1.95 1.92 1.92 0.97 1.92 1.91 1.91 1.91 1.91 1.91 1.91 1.91 1.91 0.67 1.29 1.29 0.26 0.26 0.00 0.00 0.00 0.00 0.00 0.00 0.00 0.00 0.00 0.00 0.00 0.00 0.00 0.00 0.00 0.00 0.00 0.00 0.00 0.00 0.00 0.00 0.00 0.00 0.00 0.00 0.00 0.00 0.00 0.00 0.00
0.00 0.00 0.00 0.00 0.00 0.00 0.00 0.00 0.00 0.00 2.99 3.52 3.55 3.55 3.55 3.55 3.20 3.20 3.20 3.20 3.22 3.22 3.22 3.22 3.24 3.24 3.24 3.24 3.28 3.28 3.28 3.28 1.95 1.95 1.95 1.95 1.92 1.92 3.11 1.92 1.91 1.91 1.91 1.91 1.91 1.91 3.09 1.91 1.40 1.43 1.29 1.29 0.26 0.26 0.00 0.00 0.00 0.00 0.00 0.00 0.00 0.00 0.00 0.00 0.00 0.00 0.00 0.00 0.00 0.00 0.00 0.00 0.00 0.00 0.00 0.00 0.00 0.00 0.00 0.00 0.00 0.00 0.00 0.00
0.00 0.00 0.00 0.00 0.00 0.00 0.00 0.00 0.00 2.99 3.54 5.97 3.63 3.63 3.63 3.63 3.23 3.23 3.23 3.23 3.23 7.78 5.40 5.40 5.43 1.25 3.24 3.24 3.24 3.24 5.43 5.43 3.10 1.90 1.90 1.90 3.07 1.89 1.89 1.89 1.87 3.05 1.87 1.87 1.87 1.87 1.87 1.87 1.38 1.41 2.27 0.46 0.46 0.52 1.52 1.52 0.00 0.00 0.00 0.00 0.00 0.00 0.00 0.00 0.00 0.00 0.00 0.00 0.00 0.00 0.00 0.00 0.00 0.00 0.00 0.00 0.00 0.00 0.00 0.00 0.00 0.00 0.00 0.00
0.00 0.00 0.00 0.00 0.00 0.00 0.00 0.00 0.00 0.91 3.54 3.54 6.08 3.63 3.63 3.63 3.23 3.23 3.23 3.23 3.23 3.23 3.23 3.23 3.24 1.25 1.25 3.24 3.24 3.24 3.24 3.24 1.90 1.90 1.90 1.90 1.89 1.89 1.89 1.89 1.87 1.87 1.87 1.87 1.87 1.87 1.87 1.87 1.38 1.38 1.38 1.41 0.74 2.02 1.14 1.14 1.11 1.52 0.00 0.00 0.00 0.00 0.00 0.00 0.00 0.00 0.00 0.00 0.00 0.00 0.00 0.00 0.00 0.00 0.00 0.00 0.00 0.00 0.00 0.00 0.00 0.00 0.00 0.00
0.00 0.00 0.00 0.00 0.00 0.00 0.00 0.00 0.00 0.91 0.91 3.54 3.63 6.14 3.63 3.63 3.23 3.23 3.23 3.23 3.23 3.23 3.23 3.23 5.42 3.24 1.25 1.25 1.25 3.24 3.24 3.24 1.90 1.90 1.90 1.90 1.89 1.89 1.89 1.89 1.87 1.87 1.87 1.87 1.87 1.87 1.87 1.87 1.38 1.38 1.38 1.38 1.44 1.39 1.14 1.14 1.11 1.11 0.47 1.11 0.00 0.00 0.00 0.00 0.00 0.00 0.00 0.00 0.00 0.00 0.00 0.00 0.00 0.00 0.00 0.00 0.00 0.00 0.00 0.00 0.00 0.00 0.00 0.00
0.00 0.00 0.00 0.00 0.00 0.00 0.00 0.00 3.54 3.54 3.54 3.54 3.63 3.63 3.63 3.63 3.23 3.23 3.23 3.23 3.23 3.23 3.23 3.23 5.42 5.43 5.43 1.76 1.76 1.25 3.24 3.24 1.90 1.90 1.90 1.90 1.89 1.89 1.89 1.89 1.87 1.87 0.90 1.87 1.87 1.87 1.87 1.87 1.38 1.38 1.38 2.04 1.14 1.14 1.14 1.14 1.11 1.11 1.11 1.11 1.09 0.00 0.00 0.00 0.00 0.00 0.00 0.00 0.00 0.00 0.00 0.00 0.00 0.00 0.00 0.00 0.00 0.00 0.00 0.00 0.00 0.00 0.00 0.00
0.00 0.00 0.00 0.00 0.00 0.00 0.00 0.00 3.63 3.63 3.63 3.63 3.68 3.68 2.99 3.68 3.22 3.22 3.22 3.22 3.22 3.22 3.22 3.22 3.23 3.23 1.24 3.64 5.98 3.24 3.24 3.24 1.90 1.90 1.90 1.90 1.89 1.89 1.89 1.89 1.88 0.91 0.91 1.88 1.87 1.87 1.87 1.87 1.13 1.13 1.13 1.13 1.12 1.12 1.12 1.12 1.11 1.11 1.11 0.74 1.29 0.00 0.00 0.00 0.00 0.00 0.00 0.00 0.00 0.00 0.00 0.00 0.00 0.00 0.00 0.00 0.00 0.00 0.00 0.00 0.00 0.00 0.00 0.00
0.00 0.00 0.00 0.00 0.00 0.00 0.00 0.00 3.63 3.63 3.63 3.63 3.68 3.68 3.68 3.68 3.22 3.22 3.22 3.22 3.22 3.22 3.22 3.22 3.23 5.42 5.42 3.23 5.42 3.24 3.18 5.42 1.90 1.90 0.92 1.90 1.89 1.89 1.89 1.89 1.88 1.88 1.88 1.88 1.87 1.87 1.87 1.87 1.13 1.13 1.13 1.13 1.12 1.12 1.12 1.12 1.11 1.11 1.42 1.29 0.00 0.00 0.00 0.00 0.00 0.00 0.00 0.00 0.00 0.00 0.00 0.00 0.00 0.00 0.00 0.00 0.00 0.00 0.00 0.00 0.00 0.00 0.00 0.00
