New_Model_Runs/9_Future_Present_Scn2_out/post_prcessed_with_MFR/Monthly_summaries/runoff_monthly_JAN.asc
NCOLS 700
NROWS 400
XLLCENTER 515000.000000
YLLCENTER 8409000.000000
CELLSIZE 50.000000
NODATA_value -999.000000
[rows 190 to 227 of 400, columns 84 to 167 of 700]
0.00 0.00 0.00 0.00 0.00 0.00 0.00 0.00 0.00 0.00 0.00 0.00 0.00 0.00 0.00 0.00 0.00 0.00 0.00 0.00 0.00 0.00 0.00 0.00 0.00 2.23 2.23 2.23 2.31 2.31 2.31 2.31 2.28 2.28 2.28 2.28 2.26 3.72 3.72 2.26 2.27 2.27 2.27 2.27 2.43 2.43 2.43 2.43 2.44 5.29 4.04 2.44 2.43 2.43 2.43 2.43 2.41 2.41 2.41 2.41 2.38 2.38 2.38 2.38 2.36 2.36 2.36 2.36 2.39 2.39 2.39 2.39 1.18 2.38 2.38 3.89 2.32 2.32 2.32 2.32 0.90 0.90 0.90 0.90
0.00 0.00 0.00 0.00 0.00 0.00 0.00 0.00 0.00 0.00 0.00 0.00 0.00 0.00 0.00 0.00 0.00 0.00 0.00 0.00 0.00 0.00 0.00 0.00 0.00 2.23 2.23 1.14 1.19 2.31 2.31 2.31 2.28 2.28 2.28 3.74 2.26 2.26 2.26 2.26 2.27 2.27 2.27 2.27 2.43 2.43 2.43 2.43 2.44 2.44 4.04 2.44 2.43 4.01 2.43 2.43 2.41 3.97 2.41 2.41 2.38 3.93 2.38 2.38 2.36 2.36 2.36 2.36 2.39 2.39 2.39 2.39 2.38 2.38 2.38 2.38 2.32 2.32 2.32 2.32 0.90 0.90 0.90 0.90
0.00 0.00 0.00 0.00 0.00 0.00 0.00 0.00 0.00 0.00 0.00 0.00 0.00 0.00 0.00 0.00 0.00 0.00 0.00 0.00 0.00 0.00 0.00 0.00 0.00 0.00 2.67 0.83 2.44 1.20 2.19 2.34 2.29 2.29 1.13 2.29 3.71 2.25 2.25 2.25 2.24 2.24 2.24 3.69 2.42 2.42 2.42 2.42 5.79 2.44 2.44 2.44 2.41 2.41 2.41 2.41 2.39 2.39 3.95 2.39 2.37 2.37 2.37 2.37 2.36 2.36 2.36 2.36 2.39 2.39 2.39 4.86 2.39 2.39 2.39 2.39 2.42 2.42 2.42 2.42 2.50 0.93 0.93 0.56
0.00 0.00 0.00 0.00 0.00 0.00 0.00 0.00 0.00 0.00 0.00 0.00 0.00 0.00 0.00 0.00 0.00 0.00 0.00 0.00 0.00 0.00 0.00 0.00 0.00 0.00 0.72 2.26 1.20 1.20 3.86 2.34 2.29 2.29 2.29 2.29 2.25 2.25 2.25 2.25 2.24 2.24 2.24 2.24 2.42 2.42 2.42 2.42 2.44 4.70 2.44 2.44 2.41 2.41 2.41 2.41 2.39 2.39 2.39 2.39 2.37 2.37 2.37 2.37 2.36 2.36 2.36 2.36 2.39 2.39 2.39 1.19 2.39 4.64 2.39 2.39 2.42 2.42 2.42 2.42 2.50 2.50 2.50 0.93
0.00 0.00 0.00 0.00 0.00 0.00 0.00 0.00 0.00 0.00 0.00 0.00 0.00 0.00 0.00 0.00 0.00 0.00 0.00 0.00 0.00 0.00 0.00 0.00 0.00 0.00 0.66 3.08 3.19 3.19 3.19 5.74 5.27 3.13 3.13 3.13 3.07 3.07 3.07 5.17 3.06 3.06 3.06 3.06 3.44 3.44 3.44 3.44 3.46 3.46 3.46 3.46 3.43 3.43 3.43 3.43 3.40 3.40 3.40 6.14 3.43 3.43 3.43 11.59 3.43 3.43 3.43 3.43 6.23 8.53 3.46 3.46 3.46 3.46 3.46 3.46 3.38 3.38 3.38 3.38 3.49 3.49 3.49 3.49
0.00 0.00 0.00 0.00 0.00 0.00 0.00 0.00 0.00 0.00 0.00 0.00 0.00 0.00 0.00 0.00 0.00 0.00 0.00 0.00 0.00 0.00 13.57 0.00 0.00 2.04 1.24 3.08 3.19 3.19 3.19 3.19 3.13 3.13 3.13 3.13 3.07 3.07 3.07 3.07 3.06 5.15 3.06 3.06 3.44 3.44 3.44 3.44 3.46 3.46 3.46 3.46 3.43 3.43 3.43 3.43 3.40 3.40 4.69 3.40 3.43 3.43 3.43 3.43 3.43 3.43 3.43 3.43 3.46 3.46 3.46 3.46 3.46 3.46 3.46 3.46 3.38 3.38 3.38 3.38 3.49 3.49 3.49 3.49
0.00 0.00 0.00 0.00 0.00 0.00 0.00 0.00 0.00 0.00 0.00 0.00 0.00 0.00 0.00 0.00 0.00 0.00 0.00 0.00 0.00 2.94 4.03 1.13 1.16 1.02 2.38 2.99 3.20 3.20 3.20 3.20 3.15 3.15 7.39 5.26 3.09 3.09 3.09 3.09 3.07 3.07 3.07 3.07 3.41 3.41 3.41 3.41 3.42 3.42 3.42 3.42 3.38 3.38 3.38 3.38 6.07 3.35 1.76 3.77 3.43 3.43 3.43 3.43 3.44 3.44 3.44 3.44 3.47 3.47 3.47 3.47 3.59 3.59 3.59 3.59 3.49 3.49 3.49 3.49 3.50 3.50 3.50 9.05
0.00 0.00 0.00 0.00 0.00 0.00 0.00 0.00 0.00 0.00 0.00 0.00 0.00 0.00 0.00 0.00 0.00 0.00 0.00 0.00 2.94 4.93 1.51 1.13 1.20 1.55 0.85 3.03 3.20 3.20 3.20 3.20 3.15 3.15 3.15 5.26 3.09 7.92 3.09 3.09 3.07 3.07 3.07 3.07 3.41 6.16 3.41 3.41 3.42 3.42 3.42 3.42 3.38 3.38 3.38 3.38 3.35 3.35 3.35 3.35 3.43 3.43 3.43 3.43 3.44 3.44 3.44 3.44 3.47 3.47 3.47 3.47 3.59 3.59 3.59 3.59 3.49 3.49 3.49 3.49 3.50 6.34 3.50 3.50
0.00 0.00 0.00 0.00 0.00 0.00 0.00 0.00 0.00 0.00 0.00 0.00 0.00 0.00 0.00 0.00 0.00 0.00 0.00 2.94 2.94 2.94 2.94 0.73 0.74 1.52 1.18 1.16 1.28 3.20 3.20 3.20 3.15 3.15 3.15 3.15 3.09 3.09 3.09 3.09 3.07 3.07 3.07 3.07 3.41 3.41 3.41 3.41 6.19 3.42 3.42 3.42 3.38 3.38 3.38 3.38 6.07 3.35 3.35 3.35 3.43 3.43 3.43 3.43 8.88 3.44 3.44 3.44 3.47 3.47 3.47 3.47 3.59 3.59 3.59 3.59 3.49 3.49 3.49 1.85 3.50 3.50 3.50 3.50
0.00 0.00 2.50 0.00 0.00 0.00 0.00 0.00 0.00 0.00 0.00 0.00 0.00 0.00 2.56 13.56 0.00 4.51 2.94 2.94 1.51 2.94 2.94 1.13 0.72 1.16 1.16 1.99 1.26 1.26 1.26 1.26 1.23 3.15 3.15 3.15 3.09 3.09 3.09 3.09 3.07 3.07 3.07 3.07 3.41 3.41 3.41 6.14 3.42 3.42 3.42 3.42 3.38 3.38 3.38 3.38 6.06 3.35 3.35 3.35 3.43 3.43 3.43 6.20 3.44 3.44 3.44 6.22 6.28 3.47 3.47 3.47 3.59 3.59 3.59 3.59 3.49 3.49 1.85 3.49 3.50 3.50 3.50 3.50
0.00 0.98 0.98 0.98 13.39 0.00 0.00 0.00 0.00 0.00 0.00 0.00 0.00 0.00 2.56 1.07 1.05 1.70 1.70 4.88 2.91 1.49 2.91 1.12 2.22 1.14 1.14 1.68 1.25 1.82 1.25 1.82 1.23 8.06 5.29 3.15 3.13 3.13 3.13 3.13 3.11 3.11 3.11 3.11 3.38 3.38 3.38 3.38 8.65 3.35 3.35 8.02 3.34 3.34 3.34 8.60 3.36 3.36 3.36 3.36 3.47 3.47 3.47 8.94 3.47 3.47 3.47 8.00 6.41 3.54 3.54 3.54 3.69 3.69 3.69 3.69 3.51 1.86 7.87 3.51 3.47 6.27 6.27 3.47
0.00 13.39 0.98 0.98 1.00 0.00 0.00 0.00 0.00 0.00 0.00 0.00 0.00 0.00 1.07 0.32 1.05 1.05 1.05 1.05 0.51 1.04 1.04 1.12 1.14 1.14 1.14 1.14 1.25 1.25 3.18 3.18 5.29 3.15 3.15 3.15 3.13 3.13 7.36 5.25 3.11 3.11 3.11 3.11 3.38 3.38 3.38 3.38 3.35 3.35 3.35 4.35 1.33 4.34 3.34 3.34 3.36 3.36 3.36 3.36 6.27 6.27 3.47 3.47 3.47 6.27 6.27 6.32 3.54 3.54 3.54 3.54 3.69 3.69 3.69 3.69 3.51 6.35 3.51 3.51 3.47 3.47 3.47 3.47
0.00 14.37 0.98 0.98 1.00 1.00 0.00 0.00 0.00 0.00 0.00 0.00 0.00 1.07 1.07 1.07 1.05 0.32 1.05 1.78 1.04 1.04 1.04 0.18 0.18 0.46 0.18 1.14 1.25 1.25 3.18 3.18 3.15 3.15 3.15 3.15 3.13 3.13 3.13 3.13 3.11 5.23 3.11 3.11 3.38 3.38 3.38 1.35 1.33 1.33 1.33 1.96 1.33 1.33 3.34 3.34 3.36 3.36 3.36 3.36 6.19 3.47 3.47 3.47 6.27 3.47 3.47 1.83 3.54 3.54 3.54 3.54 3.69 3.69 3.69 3.69 1.86 3.51 3.51 3.51 3.47 3.47 3.47 3.47
0.98 1.33 1.33 0.98 1.00 1.36 0.00 0.00 0.00 0.00 0.00 0.00 0.00 0.00 1.07 1.73 1.05 0.32 1.05 1.71 2.21 1.04 1.04 1.04 0.18 1.06 1.06 1.06 0.21 0.21 3.18 3.18 3.15 3.15 3.15 3.15 3.13 3.13 3.13 5.25 3.11 3.11 3.11 3.11 3.38 3.38 3.38 3.38 1.33 1.33 1.33 1.33 1.33 1.33 3.34 3.34 3.36 3.36 3.36 3.36 3.47 3.47 3.47 3.47 3.47 3.47 3.47 3.47 3.54 3.54 3.54 3.54 3.69 3.69 3.69 1.97 3.51 3.51 3.51 3.51 3.47 3.47 3.47 6.25
0.96 0.96 0.96 0.96 0.99 0.99 0.99 0.00 0.00 0.00 0.00 0.00 0.00 0.00 1.08 1.08 1.19 1.06 1.06 1.06 1.03 1.45 1.03 1.03 1.45 1.03 1.03 1.03 1.13 1.13 1.13 1.13 1.14 1.14 3.10 3.10 3.11 3.11 3.11 3.11 3.11 3.11 5.23 3.11 3.36 3.36 3.36 3.36 3.32 1.32 1.32 1.94 1.33 1.33 4.34 3.35 8.71 3.38 3.38 3.38 3.48 3.48 3.48 3.48 11.82 6.32 3.49 3.49 3.60 3.60 3.60 3.60 4.07 4.07 4.07 7.03 3.51 3.51 3.51 3.51 3.43 3.43 3.43 3.43
0.96 0.96 0.96 0.96 0.99 0.99 0.99 0.99 0.00 0.00 0.00 0.00 0.00 0.00 0.19 1.08 1.06 1.06 1.06 1.06 1.03 1.03 1.03 1.03 1.03 1.03 1.03 1.03 1.13 1.13 1.13 1.13 1.14 1.14 1.14 1.14 1.14 3.11 3.11 3.11 3.11 3.11 3.11 3.11 6.07 3.36 3.36 3.36 3.32 1.32 1.32 1.32 1.33 1.33 1.33 3.35 3.38 3.38 3.38 3.38 3.48 3.48 3.48 3.48 3.49 3.49 3.49 3.49 3.60 3.60 3.60 3.60 4.07 4.07 7.03 2.24 3.51 6.36 3.51 8.58 6.20 3.43 3.43 3.43
0.96 0.96 0.96 0.96 0.99 0.99 0.99 0.99 0.79 0.00 0.00 0.00 0.00 13.56 0.19 0.19 1.72 1.06 1.06 1.71 1.03 1.03 1.03 1.03 1.03 1.03 1.03 1.45 1.13 1.13 1.85 1.13 1.14 1.14 1.14 1.14 1.14 1.14 1.14 1.14 1.14 3.11 3.11 3.11 3.36 3.36 3.36 3.36 1.32 1.32 1.32 1.32 1.33 1.33 1.33 1.33 3.38 3.38 3.38 8.71 3.48 3.48 1.94 9.00 3.49 3.49 3.49 3.49 3.60 3.60 3.60 3.60 7.03 4.07 4.07 4.07 3.94 3.51 3.51 3.51 3.43 3.43 3.43 3.43
0.96 0.96 0.96 0.96 0.99 0.99 0.99 0.99 0.33 0.06 0.20 0.20 0.59 0.21 0.19 0.19 0.18 0.75 1.06 1.06 1.03 1.03 1.03 1.03 1.03 1.03 1.03 1.03 1.13 1.13 1.13 1.13 1.14 1.14 1.14 1.14 1.14 1.86 1.14 1.14 1.14 1.14 1.14 1.14 3.36 3.36 3.36 1.34 1.32 1.32 1.32 1.32 1.33 1.33 1.33 1.33 3.38 3.38 3.38 3.38 3.48 3.48 8.63 3.48 3.49 3.49 3.49 3.49 3.60 3.60 3.60 9.35 4.07 2.24 2.24 2.24 4.73 3.51 6.36 6.30 3.83 6.20 3.43 1.81
0.96 0.96 0.96 0.96 0.98 0.98 0.98 0.98 0.31 0.31 0.07 0.18 0.27 1.04 0.24 0.19 0.07 0.32 1.07 1.07 1.05 1.05 1.05 1.05 1.04 1.04 1.04 1.04 1.13 1.13 1.13 1.13 1.13 1.13 1.13 1.13 1.13 1.13 1.85 1.13 1.12 1.12 1.12 1.12 1.26 0.24 0.24 0.24 1.34 1.34 1.34 1.34 1.36 1.36 1.36 1.36 1.36 1.36 3.40 3.40 3.49 6.31 5.37 1.85 3.53 3.53 3.53 3.53 3.64 3.64 6.59 3.64 4.07 4.07 2.25 2.25 3.95 3.52 3.52 3.52 3.41 3.41 3.41 3.41
0.96 0.96 0.96 0.96 0.98 0.98 2.15 0.98 0.31 3.24 0.31 0.18 0.21 0.17 0.20 0.19 0.07 0.07 1.07 1.07 1.05 1.05 1.05 1.05 1.04 1.04 1.04 1.04 1.13 1.13 1.13 1.13 1.13 1.13 1.13 1.13 2.53 1.13 1.13 1.13 1.12 1.12 1.12 2.50 1.49 0.53 0.24 0.24 1.28 1.28 1.28 3.37 1.36 1.36 1.36 1.36 1.36 2.34 2.34 3.40 3.49 1.40 2.42 3.49 3.53 3.53 3.53 3.53 3.64 3.64 7.88 3.64 4.07 4.07 4.07 4.07 3.52 3.52 3.52 3.52 3.41 3.41 7.41 3.41
1.91 1.91 2.72 2.73 2.20 2.20 2.20 2.20 0.98 4.49 1.82 2.29 2.45 2.45 0.77 0.74 0.73 0.73 0.73 1.41 2.40 2.40 2.40 2.40 2.36 2.36 2.36 2.36 2.43 2.43 2.43 2.43 2.44 2.44 2.44 2.44 2.44 2.44 2.44 2.44 3.99 2.42 2.42 2.42 2.60 0.79 0.79 2.60 2.77 2.77 2.77 2.77 2.79 2.79 2.79 2.25 2.25 2.25 2.25 5.04 7.03 2.33 2.33 5.18 5.24 5.24 5.24 5.24 13.63 5.38 5.38 5.38 5.51 5.51 5.51 5.51 3.02 3.06 3.02 5.25 5.11 5.11 5.11 5.11
1.91 1.91 1.91 1.91 2.20 2.20 2.20 2.20 2.29 2.29 2.29 2.29 2.45 2.45 2.45 0.74 0.75 0.50 0.73 0.42 0.72 0.72 2.40 2.40 2.36 2.36 2.36 2.36 2.43 2.43 2.43 2.43 2.44 2.44 2.44 2.44 2.44 2.44 2.44 2.44 2.42 2.42 2.42 2.42 2.60 2.60 2.60 2.60 2.77 2.77 2.77 2.77 2.79 6.18 2.79 1.34 0.85 0.85 0.85 2.25 2.33 2.33 2.33 5.18 5.24 5.24 5.24 5.24 5.38 9.45 5.38 5.38 5.51 5.51 5.51 5.51 5.25 5.25 5.25 5.25 5.11 5.11 8.96 5.11
2.20 0.94 2.20 2.20 2.18 2.18 2.18 2.18 0.95 2.23 4.49 2.23 1.04 4.01 1.04 2.43 0.75 0.41 0.40 0.74 0.74 0.74 0.74 0.74 2.43 2.43 2.43 2.43 2.50 2.50 2.50 2.50 2.51 2.51 2.51 2.51 2.47 2.47 2.47 2.47 2.44 2.44 2.44 2.44 2.81 2.81 2.81 2.81 2.85 2.85 4.54 2.85 4.55 2.85 2.85 0.87 0.86 0.86 0.86 0.86 0.89 0.89 5.19 5.19 5.25 5.25 5.25 5.25 9.42 5.35 5.35 5.35 5.47 5.47 5.47 5.47 5.20 5.20 5.20 5.20 5.07 5.07 5.07 5.07
2.20 2.20 2.20 2.20 2.18 2.18 2.18 2.18 3.52 2.23 2.23 2.23 2.43 2.43 2.06 1.07 1.08 0.75 0.77 1.55 0.74 0.74 0.74 0.74 2.43 2.43 2.43 2.43 2.50 2.50 2.50 2.50 2.51 2.51 2.51 2.51 2.47 2.47 2.47 2.47 2.44 2.44 2.44 2.44 2.81 2.81 2.81 2.81 2.85 2.85 2.85 2.85 2.85 2.85 2.85 0.87 2.82 2.82 2.82 2.82 0.89 0.89 2.90 2.90 2.94 2.94 6.18 5.25 5.35 5.35 5.35 5.35 5.47 5.47 3.17 7.97 5.20 5.20 9.12 9.12 5.07 5.07 5.07 8.82
2.20 2.20 2.20 4.97 2.18 2.18 2.18 2.18 3.52 2.23 2.23 2.23 2.43 2.43 2.43 1.04 1.56 2.46 2.46 2.46 2.45 0.77 0.74 1.49 2.43 2.43 2.43 2.43 2.50 2.50 2.50 2.50 2.51 2.51 2.51 2.51 2.47 2.47 2.47 2.47 2.44 2.44 2.44 2.44 2.81 2.81 2.81 2.81 2.85 2.85 2.85 2.85 4.55 2.85 2.85 2.85 2.82 2.82 2.82 2.82 0.89 0.89 0.89 2.90 2.94 5.15 2.94 2.94 3.50 5.35 5.35 5.35 5.47 5.47 5.47 5.47 5.20 5.20 5.20 5.20 5.07 5.07 5.07 8.82
2.20 2.20 2.20 2.20 4.32 3.47 2.18 2.18 2.23 2.23 2.23 2.23 2.43 2.43 1.04 2.43 2.46 1.06 2.46 2.46 2.54 2.54 1.05 2.45 2.43 4.01 2.43 2.43 2.50 2.50 2.50 2.50 2.51 2.51 2.51 2.51 2.47 2.47 2.47 2.47 2.44 2.44 2.44 2.44 2.81 2.81 2.81 2.81 2.85 2.85 2.85 2.85 4.55 2.31 4.55 2.85 2.82 2.82 4.49 3.46 0.89 0.89 0.89 2.90 2.94 2.94 2.94 5.14 3.50 3.50 3.50 3.50 3.59 5.47 5.47 5.47 5.20 5.20 5.20 5.20 8.87 5.07 5.07 5.07
2.26 2.26 2.26 2.26 2.21 3.52 2.21 2.21 2.19 2.19 2.19 2.19 2.39 2.39 2.39 3.94 2.44 2.44 2.44 1.05 2.44 2.44 2.44 1.05 2.43 2.43 2.43 2.43 2.53 2.53 2.53 2.53 2.55 2.55 2.55 2.55 2.52 2.52 2.52 2.52 2.49 2.49 2.49 2.49 2.88 2.88 2.88 2.88 2.90 2.90 2.90 2.90 2.88 2.88 2.88 2.88 2.83 2.83 2.83 2.83 0.89 0.89 0.89 1.21 3.56 2.91 2.91 2.91 5.16 2.96 2.96 2.96 3.39 3.39 3.39 5.49 5.04 5.04 5.04 5.04 5.00 5.00 2.85 5.00
2.26 2.26 2.26 2.26 2.21 2.21 2.21 2.21 2.19 2.19 3.48 2.19 2.39 2.39 3.94 2.39 2.44 2.44 2.44 1.05 2.44 1.05 2.44 1.05 2.43 4.00 2.43 2.43 2.53 2.53 2.53 2.53 2.55 2.55 2.55 2.55 2.52 2.52 2.52 2.52 2.49 2.49 2.49 2.49 2.88 2.88 2.88 2.88 2.90 2.90 2.90 2.90 2.88 2.88 2.88 2.88 2.83 2.83 2.83 2.83 0.89 0.89 0.89 0.89 0.48 2.91 2.91 2.91 5.16 2.96 5.19 2.96 5.23 3.39 3.39 3.39 2.80 2.80 2.80 2.80 5.00 5.00 5.00 5.00
5.12 2.26 2.26 2.26 2.21 2.21 2.21 2.21 2.19 2.19 2.19 2.19 3.83 2.39 2.39 3.94 2.44 2.44 2.44 2.44 2.44 4.02 2.44 2.44 2.43 2.43 2.43 2.43 2.53 2.53 2.53 2.53 4.22 6.98 5.82 4.22 2.52 4.16 2.52 2.52 4.12 2.49 2.49 2.49 2.88 2.88 2.88 2.88 2.90 2.90 2.90 2.90 2.88 2.88 2.88 4.60 2.83 2.83 2.83 1.19 0.89 0.89 0.89 0.89 0.89 0.89 0.89 2.91 2.96 2.96 2.96 2.96 3.39 3.39 3.39 3.39 2.80 2.80 2.80 2.80 2.77 2.77 4.41 2.85
2.26 2.26 3.60 2.26 2.21 2.21 2.21 2.21 2.19 2.19 2.19 2.19 2.39 2.39 2.39 2.39 2.44 2.44 2.44 4.00 2.44 2.44 5.00 2.44 2.43 2.43 3.98 2.43 2.53 2.53 2.53 2.53 2.55 4.21 2.55 2.55 2.52 2.52 2.52 2.52 2.49 2.49 2.49 2.49 2.88 2.88 2.88 2.88 6.97 2.90 4.63 4.60 2.88 8.88 4.58 2.88 2.83 2.83 2.83 0.86 0.89 0.89 0.89 0.89 1.22 0.89 0.89 0.89 0.91 2.96 2.96 2.96 3.39 3.39 3.39 3.39 2.80 2.80 2.80 2.80 2.77 2.77 2.77 4.40
0.99 2.27 3.64 5.14 2.26 2.26 2.26 2.26 2.22 2.22 2.22 2.22 2.33 2.33 2.33 6.30 1.02 2.39 2.39 2.39 2.38 2.38 2.38 3.93 2.39 2.39 2.39 2.39 4.10 2.52 4.17 2.52 2.53 4.18 2.53 2.53 2.53 4.19 2.53 2.53 2.53 2.53 2.53 2.53 2.90 2.90 6.93 2.90 2.89 2.89 2.89 2.89 2.85 4.54 2.85 2.85 2.80 2.80 0.85 0.85 0.89 0.89 0.89 0.89 0.89 0.89 0.89 0.89 0.89 0.89 0.89 0.89 0.89 1.22 0.89 1.22 0.79 0.79 3.19 2.59 4.38 2.75 2.75 4.38
1.29 0.99 2.32 2.27 2.26 2.26 2.26 3.58 2.22 3.53 2.22 3.59 2.33 2.33 2.33 3.72 2.39 1.02 2.39 2.39 2.38 2.38 2.38 2.38 2.39 2.39 2.39 2.39 2.52 2.52 2.52 2.52 2.53 2.53 2.53 2.53 2.53 2.53 4.19 2.53 2.53 2.53 2.53 2.53 2.90 4.62 2.90 2.90 2.89 2.89 2.89 2.89 2.85 2.85 2.85 2.85 2.80 2.80 0.85 0.85 0.89 0.89 0.89 0.89 0.89 0.89 0.89 0.89 0.89 0.89 0.89 0.89 0.89 0.89 0.89 0.89 1.11 0.79 0.79 4.30 2.75 2.75 2.75 2.75
3.94 2.39 2.39 2.27 5.13 2.26 2.26 2.26 2.22 2.22 2.22 2.22 2.33 2.33 2.33 2.33 2.39 1.02 2.39 2.39 2.38 3.92 2.38 2.38 2.39 2.39 2.39 2.39 2.52 2.52 2.52 2.52 2.53 2.53 2.53 2.53 2.53 2.53 2.53 2.53 2.53 1.10 2.53 2.53 2.90 2.90 2.90 2.90 2.89 2.89 2.89 4.59 2.85 2.85 2.85 2.85 2.80 1.16 1.16 0.85 0.89 0.89 0.89 0.89 0.89 0.89 0.89 0.89 0.89 0.89 0.89 0.48 0.89 0.89 0.48 0.89 0.79 0.79 2.59 2.59 2.75 2.75 4.38 2.75
2.27 2.27 2.27 2.27 2.26 2.26 2.26 2.26 2.22 2.22 3.53 2.22 2.33 2.33 2.33 2.33 2.39 2.39 2.39 4.83 2.38 2.38 2.38 2.38 2.39 2.39 2.39 2.39 4.08 2.52 4.15 2.52 2.53 2.53 2.53 2.53 2.53 2.53 4.18 4.18 2.53 3.29 2.53 2.53 2.90 2.90 2.90 2.90 2.89 2.89 2.89 4.59 2.85 2.85 2.85 0.87 1.16 0.85 0.85 0.85 0.89 0.89 0.89 0.89 0.89 0.89 0.89 0.89 0.89 0.89 0.89 0.64 0.89 0.89 0.89 0.89 0.79 0.79 2.59 2.59 4.32 3.88 2.75 2.75
2.26 2.26 2.26 2.26 2.27 2.27 3.62 3.61 2.26 2.26 2.26 2.26 2.33 2.33 2.33 2.33 2.31 2.31 2.31 3.69 1.83 2.31 3.68 2.31 2.35 2.35 2.35 2.35 2.49 2.49 2.49 2.49 4.09 2.48 2.48 2.48 2.50 2.50 4.14 2.50 2.52 2.52 2.52 2.52 2.86 2.86 2.86 4.55 4.52 2.84 4.52 4.50 2.80 2.80 0.85 0.85 0.84 0.84 0.84 0.84 0.89 0.89 0.89 2.91 0.89 0.89 0.89 0.89 0.88 0.88 0.48 0.88 0.88 0.88 0.88 0.88 0.79 0.79 0.79 0.79 0.79 0.79 0.79 1.30
2.26 2.26 5.79 2.26 2.27 2.27 2.27 4.38 4.49 3.60 2.26 4.57 3.73 2.33 2.33 2.33 2.31 2.31 2.31 2.31 2.31 4.43 2.31 2.31 2.35 2.35 2.35 2.35 2.49 2.49 2.49 4.69 2.48 2.48 2.48 2.48 2.50 2.50 2.50 4.73 4.76 2.52 2.52 2.52 2.86 2.86 2.86 5.05 2.84 2.84 2.84 2.84 2.80 4.45 2.80 2.80 2.78 2.78 2.78 0.84 2.91 2.91 2.91 2.91 0.89 0.89 1.23 0.89 0.88 0.88 0.88 0.88 0.88 0.88 0.88 0.88 0.79 0.79 0.79 0.79 0.79 0.79 1.33 1.18
3.68 3.68 3.68 3.68 3.70 3.70 3.70 3.70 3.68 3.68 3.68 3.68 3.75 3.75 3.75 3.75 3.72 3.72 3.72 3.72 3.71 3.71 3.71 3.71 3.78 3.78 3.78 3.78 6.10 3.82 3.82 3.82 3.81 3.81 3.81 3.81 3.84 3.84 3.84 3.84 3.86 3.86 3.86 6.26 3.95 3.95 3.95 3.95 3.92 3.92 3.92 3.92 3.87 3.87 3.87 3.87 3.85 5.53 3.85 3.85 3.97 3.97 3.97 1.82 1.35 1.35 1.35 1.35 1.34 0.75 1.34 1.34 1.34 1.34 1.34 1.34 1.30 1.30 0.77 1.30 1.30 1.30 1.74 1.30
3.68 3.68 3.68 3.68 3.70 3.70 3.70 3.70 3.68 3.68 3.68 3.68 3.75 3.75 3.75 3.75 3.72 3.72 3.72 3.72 3.71 3.71 3.71 3.71 3.78 3.78 3.78 3.78 3.82 3.82 3.82 3.82 3.81 3.81 3.81 3.81 3.84 3.84 3.84 3.84 3.86 3.86 3.86 3.86 3.95 3.95 3.95 3.95 3.92 3.92 3.92 3.92 3.87 3.87 3.87 8.76 3.85 3.85 3.85 3.85 3.97 3.97 1.82 1.35 1.35 1.35 1.35 1.35 1.34 1.34 1.34 1.34 3.95 3.95 3.95 1.34 1.30 1.30 1.30 1.30 1.30 1.30 1.30 1.30
