New_Model_Runs/9_Future_Present_Scn2_out/post_prcessed_with_MFR/Monthly_summaries/runoff_monthly_JUL.asc
NCOLS 700
NROWS 400
XLLCENTER 515000.000000
YLLCENTER 8409000.000000
CELLSIZE 50.000000
NODATA_value -999.000000
[rows 266 to 303 of 400, columns 252 to 335 of 700]
3.69 3.60 0.78 0.78 0.66 1.16 1.16 1.16 1.70 0.66 3.15 1.46 1.46 1.46 1.46 1.46 1.46 0.63 0.63 0.57 0.54 3.31 1.56 1.56 0.02 0.08 0.08 0.08 0.08 1.53 1.53 2.75 1.53 1.53 0.31 0.89 0.52 0.52 0.52 0.52 0.52 0.52 0.52 0.52 0.00 0.00 0.28 1.55 0.69 1.14 1.14 0.69 0.61 0.61 0.61 0.61 1.73 1.73 0.61 0.61 0.61 0.61 0.61 0.61 0.61 0.61 0.61 0.61 1.63 0.00 0.00 0.00 0.00 1.63 1.63 0.56 0.56 1.63 1.63 1.63 0.56 0.00 0.00 0.00
3.60 0.78 0.75 0.78 0.66 1.16 1.16 1.16 1.16 1.16 1.46 0.63 1.46 1.54 1.46 2.26 1.46 1.46 1.46 1.46 1.26 3.31 2.02 1.56 1.56 0.08 0.08 0.08 1.53 1.53 1.53 1.18 1.53 0.67 0.31 0.89 0.52 0.52 0.52 0.52 0.52 0.52 0.52 0.52 1.49 0.00 0.46 0.79 0.79 0.46 0.46 0.51 0.61 0.61 1.73 0.61 1.73 0.61 0.61 0.61 0.61 0.61 0.61 0.61 0.61 0.61 0.61 0.61 1.63 8.49 0.00 0.00 0.00 0.56 1.63 1.63 1.63 1.63 0.56 0.00 0.00 0.00 0.00 0.00
3.47 0.77 1.32 1.66 1.16 1.16 1.16 1.16 0.94 1.16 1.46 1.46 0.94 0.94 0.94 0.94 1.46 1.46 0.63 1.46 2.02 3.31 3.31 3.31 3.31 0.08 0.46 1.53 1.53 1.53 1.18 1.18 0.22 0.89 0.89 0.89 0.52 0.52 0.52 0.52 0.52 0.52 0.52 0.52 0.97 0.46 0.46 0.28 0.46 0.46 0.46 0.25 0.61 0.61 0.61 1.73 0.61 0.61 1.73 1.73 1.73 0.61 0.61 0.61 0.61 0.61 0.61 1.73 0.56 0.00 0.00 0.00 0.56 1.63 1.63 1.63 0.56 0.56 0.00 0.00 0.00 0.00 0.00 0.00
0.70 1.08 1.08 1.54 0.94 0.94 2.61 0.63 3.06 1.16 3.15 1.16 1.19 0.94 0.94 0.94 1.46 1.46 1.46 1.16 1.69 2.57 7.43 1.56 2.02 2.02 1.53 1.53 1.53 1.53 1.36 1.18 0.89 0.89 0.89 0.89 0.52 0.52 0.52 0.52 0.52 0.97 0.97 0.97 1.91 1.14 0.28 0.28 0.28 0.46 0.46 0.28 0.61 0.61 0.61 1.73 1.73 1.73 1.73 1.73 1.73 1.73 1.73 0.61 0.61 0.61 0.61 1.73 0.56 0.00 0.56 1.63 1.63 1.63 1.63 0.56 0.56 0.00 0.00 0.00 0.00 0.00 0.00 0.00
0.70 1.08 1.08 1.08 3.34 3.06 2.71 2.71 2.71 1.46 2.26 0.63 1.46 0.63 0.63 3.15 1.13 0.65 1.46 1.16 1.69 2.02 1.56 1.56 3.10 2.02 1.53 1.53 1.53 1.14 1.36 1.53 0.89 0.89 0.89 0.89 0.52 0.52 0.52 0.52 0.97 0.97 1.91 0.97 1.14 0.46 0.28 1.28 1.55 0.46 1.20 0.28 1.02 0.61 0.61 1.73 1.73 1.73 1.73 0.61 0.61 1.73 1.73 0.61 0.61 1.73 1.73 0.61 0.56 0.56 1.63 1.63 1.63 0.56 0.00 0.00 0.56 0.56 0.00 0.00 0.00 0.00 0.00 0.00
0.68 1.08 1.08 3.39 3.34 2.71 2.71 2.71 3.06 1.46 0.63 3.15 0.63 0.63 1.46 1.46 0.57 0.57 0.57 0.57 2.06 2.02 2.02 1.56 2.02 2.75 1.14 4.01 1.53 1.14 1.53 0.89 0.89 0.89 0.89 0.89 0.52 0.52 0.97 0.97 0.97 0.97 1.91 0.97 0.79 0.46 1.14 0.69 0.69 1.14 0.46 0.28 1.02 1.73 1.73 1.73 1.73 0.61 0.61 1.73 1.73 0.61 0.61 1.73 1.73 0.61 0.61 0.61 1.63 1.63 1.63 0.56 0.00 0.00 0.00 0.00 0.00 0.00 0.00 0.00 0.00 0.00 0.00 0.00
0.74 0.77 3.74 3.69 2.71 2.71 2.71 2.71 1.16 1.46 3.15 3.15 3.15 3.15 1.46 0.61 0.65 0.60 0.56 0.56 3.31 1.56 1.56 2.02 1.69 2.75 2.75 1.53 4.01 1.24 1.53 1.53 0.67 2.23 0.51 0.31 0.52 0.97 0.97 0.97 0.97 0.28 1.14 1.14 1.14 0.69 0.69 0.69 0.69 0.69 1.14 1.14 1.73 1.73 1.73 1.73 0.61 0.61 1.73 1.73 1.73 0.61 1.73 1.73 0.61 0.61 1.73 1.73 2.81 0.56 1.63 0.00 0.00 0.00 0.00 0.00 0.00 0.00 0.00 0.00 0.00 0.00 0.00 0.00
0.77 3.74 3.01 3.01 2.71 2.71 2.71 1.16 1.16 1.46 1.46 0.66 1.46 1.46 1.46 0.65 0.60 0.56 0.65 2.45 2.26 1.56 1.56 1.56 1.33 1.14 1.14 1.33 1.33 1.53 1.53 1.36 0.67 2.23 0.51 0.51 0.38 0.76 0.69 0.97 1.14 0.51 0.46 0.46 0.24 0.69 0.69 1.91 0.69 1.91 0.69 0.69 1.97 1.73 1.73 1.73 0.61 0.61 1.73 0.61 1.73 1.73 0.61 0.61 1.73 1.73 1.73 0.61 0.56 0.00 0.00 0.00 0.00 0.00 0.00 0.00 0.00 0.00 0.00 0.00 0.00 0.00 0.00 0.00
3.53 2.85 2.85 2.85 2.97 2.63 1.11 0.90 0.90 1.41 0.61 0.61 1.41 1.41 1.41 1.41 1.41 1.41 0.62 2.26 2.03 1.54 1.99 2.24 1.17 0.87 1.12 1.17 1.16 1.34 1.52 1.52 1.52 0.88 0.50 0.88 0.39 0.17 0.86 0.98 1.16 0.47 0.47 0.47 0.28 1.15 0.70 1.94 1.58 1.58 1.58 2.20 2.00 1.76 2.00 1.76 1.76 0.62 1.76 1.76 0.62 0.62 0.62 1.76 1.76 1.76 0.62 0.62 0.00 0.00 0.00 0.00 0.00 0.00 0.00 0.00 0.00 0.00 0.00 0.00 0.00 0.00 0.00 0.00
3.12 3.36 2.85 3.12 2.97 2.97 0.61 0.61 1.11 1.41 0.61 0.61 0.61 0.61 0.61 0.61 1.41 1.41 2.48 2.26 2.03 2.03 1.99 1.31 1.24 1.24 1.12 1.31 1.31 1.52 1.12 1.86 2.72 1.52 0.50 0.23 0.29 0.53 0.70 1.08 0.47 0.28 0.28 0.52 0.86 0.86 1.58 1.58 1.58 2.20 2.20 2.20 2.00 1.76 1.76 0.62 0.62 1.76 0.62 0.62 0.62 1.76 1.76 1.76 0.62 0.62 0.39 1.01 0.00 0.00 0.00 0.00 0.00 0.00 0.00 0.00 0.00 0.00 0.00 0.00 0.00 0.00 0.00 0.00
3.22 3.22 3.12 4.49 2.63 2.63 1.41 1.41 1.41 1.41 1.41 1.41 0.61 0.61 0.61 1.41 1.41 2.23 2.23 2.25 2.02 1.99 2.80 2.29 1.12 1.12 1.52 2.72 2.72 1.52 1.52 1.52 1.52 1.52 1.52 0.66 0.53 0.53 0.98 0.80 1.15 0.80 0.28 0.78 2.20 2.20 1.58 2.20 2.20 2.20 2.20 2.20 1.43 0.62 0.62 1.76 1.76 0.62 0.62 1.76 1.76 1.76 0.62 0.62 0.39 1.01 1.01 2.00 0.00 0.00 0.00 0.00 0.00 0.00 0.00 0.00 0.00 0.00 0.00 0.00 0.00 0.00 0.00 0.00
2.85 3.51 4.49 5.54 2.63 2.97 1.41 0.90 0.90 1.41 1.41 1.41 1.41 0.60 1.41 0.54 0.55 0.90 1.41 1.41 1.99 1.99 1.34 1.52 1.52 1.52 1.52 2.72 2.72 2.72 2.72 1.52 1.52 1.52 1.12 1.52 0.53 0.53 0.53 0.98 0.98 0.70 1.94 1.94 2.20 2.20 2.20 2.20 2.20 2.20 0.70 1.94 1.76 1.76 1.76 1.76 0.62 1.76 1.76 1.76 0.62 0.62 1.01 1.01 2.00 2.00 2.00 0.00 0.00 0.00 0.00 0.00 0.00 0.00 0.00 0.00 0.00 0.00 0.00 0.00 0.00 0.00 0.00 0.00
2.85 2.85 3.51 3.51 3.24 2.97 2.97 2.63 2.97 1.41 1.41 0.54 0.54 0.54 1.41 0.62 0.58 1.41 1.41 1.41 1.25 0.88 0.66 1.24 1.52 1.52 1.52 3.97 3.97 2.72 2.72 2.72 1.12 1.12 1.12 1.12 1.94 1.94 0.53 0.78 0.98 1.94 0.70 1.94 2.20 2.20 2.20 2.20 0.70 1.94 1.94 0.70 0.62 0.62 0.62 1.76 1.76 1.76 1.76 0.62 1.01 1.01 2.00 0.00 0.00 0.00 0.00 0.00 0.00 0.00 0.00 0.00 0.00 0.00 0.00 0.00 0.00 0.00 0.00 0.00 0.00 0.00 0.00 0.00
3.22 3.22 3.22 2.85 2.63 2.97 0.90 0.90 1.41 1.11 1.11 0.58 0.54 0.58 0.90 1.41 1.41 1.11 1.11 1.41 1.25 0.50 0.50 0.21 0.88 1.52 1.52 1.52 0.88 0.88 1.52 1.52 1.52 1.12 1.12 1.12 0.70 1.94 1.94 0.98 0.98 1.94 1.58 2.20 2.20 2.20 0.70 1.94 1.94 0.70 0.70 0.70 0.62 0.62 1.76 1.76 1.76 0.62 1.01 1.01 1.01 2.00 0.00 0.00 0.00 0.00 0.00 0.00 0.00 0.00 0.00 0.00 0.00 0.00 0.00 0.00 0.00 0.00 0.00 0.00 0.00 0.00 0.00 0.00
4.83 3.22 3.22 2.85 2.97 2.63 0.90 1.41 1.41 2.63 2.97 0.58 0.58 2.97 1.41 1.41 0.66 0.62 1.11 1.41 0.88 0.50 0.50 0.88 0.88 0.88 0.88 2.21 0.66 0.66 0.50 0.88 0.88 2.72 1.12 1.12 0.70 1.94 0.98 0.98 1.94 1.94 1.94 2.20 2.20 0.70 1.94 1.94 0.70 0.70 0.70 0.70 1.76 1.76 1.76 1.76 1.76 2.00 1.43 2.00 2.00 0.00 0.00 0.00 0.00 0.00 0.00 0.00 0.00 0.00 0.00 0.00 0.00 0.00 0.00 0.00 0.00 0.00 0.00 0.00 0.00 0.00 0.00 0.00
4.75 4.83 3.51 3.51 1.41 1.41 1.41 1.11 1.41 2.97 2.97 1.41 3.08 3.08 1.41 1.41 0.62 0.62 1.11 0.61 0.88 2.21 0.88 0.88 0.88 0.88 2.21 2.21 2.21 0.50 0.50 2.21 0.88 2.21 2.72 1.12 1.11 1.25 0.98 0.98 1.94 1.94 1.94 0.70 1.94 1.94 0.70 0.70 0.70 0.70 1.94 1.94 1.76 1.76 1.76 2.00 0.00 0.00 0.00 0.00 0.00 0.00 0.00 0.00 0.00 0.00 0.00 0.00 0.00 0.00 0.00 0.00 0.00 0.00 0.00 0.00 0.00 0.00 0.00 0.00 0.00 0.00 0.00 0.00
5.25 4.83 3.22 3.12 0.90 0.66 1.41 2.97 4.17 2.97 2.97 2.97 3.08 3.08 3.08 1.41 1.41 3.06 1.41 1.00 0.88 2.21 0.88 0.88 0.88 0.88 0.66 2.21 0.66 0.66 0.30 0.88 0.88 2.21 1.52 1.52 1.94 0.78 0.98 0.98 0.26 0.70 0.70 0.70 1.94 1.94 1.94 0.70 0.70 1.94 1.94 1.94 0.62 2.00 0.00 0.00 0.00 0.00 0.00 0.00 0.00 0.00 0.00 0.00 0.00 0.00 0.00 0.00 0.00 0.00 0.00 0.00 0.00 0.00 0.00 0.00 0.00 0.00 0.00 0.00 0.00 0.00 0.00 0.00
3.51 3.51 3.12 3.22 2.88 0.90 1.41 2.96 2.88 2.88 2.97 2.88 3.00 5.75 0.90 1.41 1.41 0.61 1.41 2.45 0.88 0.88 0.88 0.88 0.88 0.88 0.88 0.88 2.21 0.50 0.50 0.50 0.88 1.52 1.52 1.52 1.69 0.78 0.86 0.98 0.26 0.80 0.70 0.70 0.70 1.94 1.94 1.94 1.94 1.94 0.70 0.70 2.00 0.00 0.00 0.00 0.00 0.00 0.00 0.00 0.00 0.00 0.00 0.00 0.00 0.00 0.00 0.00 0.00 0.00 0.00 0.00 0.00 0.00 0.00 0.00 0.00 0.00 0.00 0.00 0.00 0.00 0.00 0.00
3.51 3.51 3.51 3.22 2.97 2.88 2.88 2.88 2.88 2.88 4.81 2.95 2.97 5.75 0.90 1.41 1.41 3.06 2.45 2.45 0.50 0.88 0.88 0.88 0.88 2.84 0.88 0.88 0.88 0.88 2.21 1.52 1.52 1.52 1.52 1.52 0.98 0.98 1.52 0.98 0.70 0.70 0.70 0.70 0.70 1.94 1.94 1.94 0.70 0.70 1.12 0.00 0.00 0.00 0.00 0.00 0.00 0.00 0.00 0.00 0.00 0.00 0.00 0.00 0.00 0.00 0.00 0.00 0.00 0.00 0.00 0.00 0.00 0.00 0.00 0.00 0.00 0.00 0.00 0.00 0.00 0.00 0.00 0.00
3.22 3.22 3.51 2.85 2.97 2.88 2.88 2.88 2.88 5.75 2.88 2.88 2.97 2.97 2.97 1.41 1.41 0.61 0.36 0.76 0.50 0.88 0.88 0.88 0.88 0.88 0.70 2.21 0.88 0.88 2.72 2.72 1.52 1.52 1.52 1.52 1.94 0.70 0.70 0.70 1.94 1.94 0.70 1.94 1.94 1.94 0.70 0.70 1.12 2.20 0.00 0.00 0.00 0.00 0.00 0.00 0.00 0.00 0.00 0.00 0.00 0.00 0.00 0.00 0.00 0.00 0.00 0.00 0.00 0.00 0.00 0.00 0.00 0.00 0.00 0.00 0.00 0.00 0.00 0.00 0.00 0.00 0.00 0.00
2.77 3.22 3.12 3.12 2.88 2.88 2.88 2.88 2.88 5.17 2.88 2.88 2.88 2.63 2.97 1.41 1.41 1.00 0.36 0.76 0.50 0.50 0.66 0.66 0.66 0.88 0.88 2.21 2.21 1.52 1.34 2.72 2.72 1.52 1.12 1.12 0.70 0.70 0.70 1.94 1.94 1.94 1.94 1.94 1.94 0.70 0.70 1.12 0.00 0.00 0.00 0.00 0.00 0.00 0.00 0.00 0.00 0.00 0.00 0.00 0.00 0.00 0.00 0.00 0.00 0.00 0.00 0.00 0.00 0.00 0.00 0.00 0.00 0.00 0.00 0.00 0.00 0.00 0.00 0.00 0.00 0.00 0.00 0.00
2.77 2.77 3.12 3.12 2.88 2.88 2.88 2.88 2.88 2.88 2.88 2.88 2.88 3.22 2.63 2.97 1.41 0.59 0.59 1.00 0.66 0.66 0.66 0.66 0.66 0.88 0.50 0.88 0.88 1.34 1.34 1.12 1.12 1.12 1.12 1.12 0.70 0.70 0.70 3.38 1.94 1.94 1.94 0.70 0.70 0.70 1.94 1.12 0.00 0.00 0.00 0.00 0.00 0.00 0.00 0.00 0.00 0.00 0.00 0.00 0.00 0.00 0.00 0.00 0.00 0.00 0.00 0.00 0.00 0.00 0.00 0.00 0.00 0.00 0.00 0.00 0.00 0.00 0.00 0.00 0.00 0.00 0.00 0.00
2.77 2.77 3.12 3.12 2.88 2.88 2.88 2.88 2.88 2.88 2.88 2.88 2.88 2.88 3.24 2.63 2.62 0.59 0.59 0.59 0.88 0.88 0.66 0.66 0.88 0.50 0.66 2.21 0.88 0.30 1.12 1.12 1.12 1.12 1.12 1.12 0.70 0.70 1.94 1.94 1.94 0.70 0.70 0.70 0.70 1.15 0.28 0.44 1.23 0.00 0.00 0.00 0.00 0.00 0.00 0.00 0.00 0.00 0.00 0.00 0.00 0.00 0.00 0.00 0.00 0.00 0.00 0.00 0.00 0.00 0.00 0.00 0.00 0.00 0.00 0.00 0.00 0.00 0.00 0.00 0.00 0.00 0.00 0.00
3.12 3.12 3.12 3.12 2.88 2.88 2.88 2.88 2.88 2.88 2.88 2.88 2.88 2.88 5.75 2.88 0.59 0.59 0.59 1.00 1.28 0.88 0.19 0.88 0.50 2.21 0.88 0.88 0.50 0.30 1.12 1.12 1.12 1.12 1.12 1.12 0.70 0.70 0.70 1.94 0.70 0.70 0.70 0.70 0.98 0.70 0.18 1.51 1.23 0.00 0.00 0.00 0.00 0.00 0.00 0.00 0.00 0.00 0.00 0.00 0.00 0.00 0.00 0.00 0.00 0.00 0.00 0.00 0.00 0.00 0.00 0.00 0.00 0.00 0.00 0.00 0.00 0.00 0.00 0.00 0.00 0.00 0.00 0.00
2.95 2.95 2.95 2.95 2.78 2.78 2.78 2.78 2.78 2.78 2.78 5.58 2.78 2.78 5.53 0.95 0.55 0.95 0.34 2.19 0.51 0.51 0.19 0.18 0.66 0.30 0.88 0.18 0.18 0.21 0.30 1.13 1.13 1.13 1.13 1.13 0.73 1.07 0.73 0.84 0.84 0.73 2.01 1.02 0.56 0.18 0.18 0.18 1.27 0.00 0.00 0.00 0.00 0.00 0.00 0.00 0.00 0.00 0.00 0.00 0.00 0.00 0.00 0.00 0.00 0.00 0.00 0.00 0.00 0.00 0.00 0.00 0.00 0.00 0.00 0.00 0.00 0.00 0.00 0.00 0.00 0.00 0.00 0.00
2.95 2.95 2.95 2.95 2.78 2.78 2.78 2.86 2.78 2.78 2.78 3.11 2.78 2.78 2.78 0.95 0.95 0.34 2.27 3.43 4.84 0.51 0.51 0.51 0.88 0.88 0.88 0.18 0.18 0.18 0.18 1.13 1.13 1.13 1.13 1.13 0.73 0.73 0.73 0.73 0.73 0.73 2.01 0.56 0.56 0.56 0.18 0.18 1.27 0.00 0.00 0.00 0.00 0.00 0.00 0.00 0.00 0.00 0.00 0.00 0.00 0.00 0.00 0.00 0.00 0.00 0.00 0.00 0.00 0.00 0.00 0.00 0.00 0.00 0.00 0.00 0.00 0.00 0.00 0.00 0.00 0.00 0.00 0.00
2.95 2.95 2.95 2.95 2.78 2.78 2.78 2.78 2.78 2.78 2.78 2.78 2.78 2.78 2.19 2.27 2.27 2.27 2.27 2.19 2.14 0.88 0.51 0.66 0.88 0.88 0.51 0.18 0.18 0.18 0.18 0.34 1.13 1.13 1.13 1.13 0.73 0.73 0.73 0.73 0.73 1.02 0.00 0.00 0.56 0.29 0.00 0.56 1.27 0.00 0.00 0.00 0.00 0.00 0.00 0.00 0.00 0.00 0.00 0.00 0.00 0.00 0.00 0.00 0.00 0.00 0.00 0.00 0.00 0.00 0.00 0.00 0.00 0.00 0.00 0.00 0.00 0.00 0.00 0.00 0.00 0.00 0.00 0.00
2.95 2.95 5.01 3.16 4.67 2.78 4.67 4.25 4.67 2.78 2.78 2.78 2.78 2.78 2.27 2.27 1.97 2.53 2.27 2.19 2.14 2.14 0.66 0.66 0.64 0.51 0.51 3.41 3.20 0.21 0.88 0.30 0.30 1.13 1.13 1.13 0.73 0.73 0.73 1.02 0.56 0.19 0.00 0.00 0.19 0.00 0.00 0.19 1.57 0.00 0.00 0.00 0.00 0.00 0.00 0.00 0.00 0.00 0.00 0.00 0.00 0.00 0.00 0.00 0.00 0.00 0.00 0.00 0.00 0.00 0.00 0.00 0.00 0.00 0.00 0.00 0.00 0.00 0.00 0.00 0.00 0.00 0.00 0.00
2.95 2.95 2.95 5.01 2.78 2.78 5.58 4.67 4.67 2.78 2.78 2.78 2.86 2.27 2.53 2.27 2.19 2.19 2.27 2.27 1.85 1.85 2.38 0.51 0.66 0.66 2.38 1.85 3.49 1.85 1.85 0.30 0.88 1.13 1.13 1.13 0.73 0.73 1.02 0.56 0.56 0.19 0.00 0.00 0.00 0.00 0.00 0.00 0.20 0.00 0.00 0.00 0.00 0.00 0.00 0.00 0.00 0.00 0.00 0.00 0.00 0.00 0.00 0.00 0.00 0.00 0.00 0.00 0.00 0.00 0.00 0.00 0.00 0.00 0.00 0.00 0.00 0.00 0.00 0.00 0.00 0.00 0.00 0.00
2.95 2.95 2.95 2.95 2.78 2.78 2.78 2.78 2.78 2.78 2.78 2.86 2.53 3.61 2.53 2.27 2.53 2.19 5.07 2.27 1.85 2.14 2.38 2.38 2.38 2.38 2.38 2.38 1.85 2.38 1.85 2.38 3.24 0.30 1.13 1.13 0.73 1.63 0.56 0.56 0.18 0.00 0.18 0.19 0.00 0.00 0.00 0.00 0.18 0.00 0.00 0.00 0.00 0.00 0.00 0.00 0.00 0.00 0.00 0.00 0.00 0.00 0.00 0.00 0.00 0.00 0.00 0.00 0.00 0.00 0.00 0.00 0.00 0.00 0.00 0.00 0.00 0.00 0.00 0.00 0.00 0.00 0.00 0.00
2.95 2.95 2.95 5.01 2.78 2.78 2.78 2.78 4.97 2.86 3.13 3.13 1.87 3.43 3.51 1.97 2.53 2.53 2.27 2.27 2.14 2.06 2.14 2.38 2.14 2.14 2.14 2.06 2.14 1.85 2.38 2.38 2.38 0.30 1.13 1.13 0.89 0.31 0.31 0.00 0.31 0.31 0.56 0.00 0.00 0.00 0.00 0.17 0.00 1.27 0.00 0.00 0.00 0.00 0.00 0.00 0.00 0.00 0.00 0.00 0.00 0.00 0.00 0.00 0.00 0.00 0.00 0.00 0.00 0.00 0.00 0.00 0.00 0.00 0.00 0.00 0.00 0.00 0.00 0.00 0.00 0.00 0.00 0.00
2.95 2.95 5.01 4.50 4.67 2.78 2.78 2.86 2.86 2.86 4.32 4.24 3.43 3.43 2.27 2.53 2.53 2.19 2.27 3.43 2.14 2.14 2.14 2.14 2.14 2.14 2.14 2.14 2.06 1.85 2.38 3.40 0.88 0.88 0.88 0.51 0.19 0.19 0.31 0.31 0.41 0.31 0.56 0.00 0.00 0.00 0.00 0.17 0.00 0.00 0.00 0.00 0.00 0.00 0.00 0.00 0.00 0.00 0.00 0.00 0.00 0.00 0.00 0.00 0.00 0.00 0.00 0.00 0.00 0.00 0.00 0.00 0.00 0.00 0.00 0.00 0.00 0.00 0.00 0.00 0.00 0.00 0.00 0.00
3.32 2.95 5.01 5.01 4.67 2.86 2.78 2.78 2.86 4.32 4.24 3.44 3.51 3.43 2.27 2.53 3.61 3.51 2.27 2.27 3.25 2.14 2.14 2.14 2.14 2.14 2.14 2.38 4.84 0.71 0.20 0.18 0.17 0.88 0.88 0.88 0.00 0.00 0.19 0.17 0.20 0.00 0.19 0.00 0.00 0.17 0.46 1.27 0.00 0.00 0.00 0.00 0.00 0.00 0.00 0.00 0.00 0.00 0.00 0.00 0.00 0.00 0.00 0.00 0.00 0.00 0.00 0.00 0.00 0.00 0.00 0.00 0.00 0.00 0.00 0.00 0.00 0.00 0.00 0.00 0.00 0.00 0.00 0.00
3.04 3.04 2.95 3.04 2.86 2.53 3.13 3.13 4.67 4.24 4.24 1.93 2.53 2.53 2.27 5.07 5.07 3.61 3.78 2.19 3.25 2.14 2.38 2.38 2.14 2.38 2.38 2.38 4.84 0.21 0.18 0.18 0.17 0.21 0.30 0.88 0.56 0.19 0.00 0.00 0.00 0.00 0.20 0.00 0.46 0.00 0.00 0.00 0.00 0.00 0.00 0.00 0.00 0.00 0.00 0.00 0.00 0.00 0.00 0.00 0.00 0.00 0.00 0.00 0.00 0.00 0.00 0.00 0.00 0.00 0.00 0.00 0.00 0.00 0.00 0.00 0.00 0.00 0.00 0.00 0.00 0.00 0.00 0.00
3.04 3.04 3.32 3.04 2.86 2.53 3.13 3.13 4.31 4.23 3.44 3.44 2.27 2.53 2.53 1.97 5.07 3.42 3.78 2.19 2.14 2.14 2.38 2.38 2.38 2.38 2.38 2.38 0.17 0.17 0.19 0.21 0.17 0.17 0.21 0.21 0.56 0.19 0.19 0.00 0.00 0.00 0.00 0.46 0.46 0.00 0.00 0.00 0.00 0.00 0.00 0.00 0.00 0.00 0.00 0.00 0.00 0.00 0.00 0.00 0.00 0.00 0.00 0.00 0.00 0.00 0.00 0.00 0.00 0.00 0.00 0.00 0.00 0.00 0.00 0.00 0.00 0.00 0.00 0.00 0.00 0.00 0.00 0.00
3.04 5.01 4.68 4.49 4.67 5.79 3.13 2.78 2.78 4.46 3.61 2.53 2.53 2.53 2.53 3.51 3.60 3.42 3.42 3.78 2.06 2.38 2.38 2.38 2.14 2.38 2.38 0.18 0.17 0.17 0.21 2.22 0.21 0.17 0.21 0.17 0.18 0.00 0.00 0.00 0.00 0.56 0.56 0.46 1.27 0.00 0.00 0.00 0.00 0.00 0.00 0.00 0.00 0.00 0.00 0.00 0.00 0.00 0.00 0.00 0.00 0.00 0.00 0.00 0.00 0.00 0.00 0.00 0.00 0.00 0.00 0.00 0.00 0.00 0.00 0.00 0.00 0.00 0.00 0.00 0.00 0.00 0.00 0.00
4.49 4.49 4.49 4.49 4.32 2.86 2.78 2.86 2.53 2.53 2.53 2.53 2.27 2.53 2.53 3.61 3.42 3.42 3.42 3.78 2.38 2.38 2.38 2.38 2.38 3.58 3.29 3.20 3.19 0.19 0.51 0.18 0.19 0.21 0.88 0.88 0.18 0.00 0.00 0.46 0.46 1.27 1.27 1.27 1.27 0.00 0.00 0.00 0.00 0.00 0.00 0.00 0.00 0.00 0.00 0.00 0.00 0.00 0.00 0.00 0.00 0.00 0.00 0.00 0.00 0.00 0.00 0.00 0.00 0.00 0.00 0.00 0.00 0.00 0.00 0.00 0.00 0.00 0.00 0.00 0.00 0.00 0.00 0.00
4.49 4.49 4.49 4.68 2.53 3.13 2.78 2.86 2.78 2.53 2.53 2.53 3.78 3.51 2.53 2.53 3.50 3.60 1.92 3.42 2.38 2.38 2.14 2.14 2.38 3.29 3.20 3.20 3.27 0.18 0.19 0.17 0.17 0.21 0.23 0.75 1.27 1.27 0.46 1.27 1.27 0.00 0.00 0.00 0.00 0.00 0.00 0.00 0.00 0.00 0.00 0.00 0.00 0.00 0.00 0.00 0.00 0.00 0.00 0.00 0.00 0.00 0.00 0.00 0.00 0.00 0.00 0.00 0.00 0.00 0.00 0.00 0.00 0.00 0.00 0.00 0.00 0.00 0.00 0.00 0.00 0.00 0.00 0.00
