New_Model_Runs/7_FutureClimate_RCP85_out/D8_Flow_Routing__Upslope_Contributing_Area.asc
NCOLS        700
NROWS        400
XLLCORNER     515000.000
YLLCORNER    8409000.000
CELLSIZE         50.000
NODATA_VALUE          -9999
[rows 79 to 157 of 400, columns 480 to 575 of 700]
0 0 0 0 0 0 0 0 0 0 0 0 0 0 0 0 0 0 0 0 0 0 0 0 0 0 0 0 0 0 0 0 0 0 0 0 0 0 0 0 0 0 0 0 0 0 0 0 0 0 0 0 0 0 0 0 0 0 0 0 0 0 0 0 0 0 0 0 0 0 0 0 0 0 0 0 0 0 0 0 0 0 0 0 0 0 0 0 0 0 0 0 0 0 0 0
0 0 0 0 0 0 0 0 0 0 0 0 0 0 0 0 0 0 0 0 0 0 0 0 0 0 0 0 0 0 0 0 0 0 0 0 0 0 0 0 0 0 0 0 0 0 0 0 0 0 0 0 0 0 0 0 0 0 0 0 0 0 0 0 0 0 0 0 0 0 0 0 0 0 0 0 0 0 0 0 0 0 0 0 0 0 0 0 0 0 0 0 0 0 0 0
0 0 0 0 0 0 0 0 0 0 0 0 0 0 0 0 0 0 0 0 0 0 0 0 0 0 0 0 0 0 0 0 0 0 0 0 0 0 0 0 0 0 0 0 0 0 0 0 0 0 0 0 0 0 0 0 0 0 0 0 0 0 0 0 0 0 0 0 0 0 0 0 0 0 0 0 0 0 0 0 0 0 0 0 0 0 0 0 0 0 0 0 0 0 0 0
0 0 0 0 0 0 0 0 0 0 0 0 0 0 0 0 0 0 0 0 0 0 0 0 0 0 0 0 0 0 0 0 0 0 0 0 0 0 0 0 0 0 0 0 0 0 0 0 0 0 0 0 0 0 0 0 0 0 0 0 0 0 0 0 0 0 0 0 0 0 0 0 0 0 0 0 0 0 0 0 0 0 0 0 0 0 0 0 0 0 0 0 0 0 0 0
0 0 0 0 0 0 0 0 0 2 1 0 0 0 0 0 0 0 0 0 0 0 0 0 0 0 0 0 0 0 0 0 0 0 0 0 0 0 0 0 0 0 0 0 0 0 0 0 0 0 0 0 0 0 0 0 0 0 0 0 0 0 0 0 0 0 0 0 0 0 0 0 0 0 0 0 0 0 0 0 0 0 0 0 0 0 0 0 0 0 0 0 0 0 0 0
0 0 0 0 0 0 0 0 10 2 1 0 0 0 0 0 0 0 0 0 0 0 0 0 0 0 0 0 0 0 0 0 0 0 0 0 0 0 0 0 0 0 0 0 0 0 0 0 0 0 0 0 0 0 0 0 0 0 0 0 0 0 0 0 0 0 0 0 0 0 0 0 0 0 0 0 0 0 0 0 0 0 0 0 0 0 0 0 0 0 0 0 0 0 0 0
0 0 0 0 0 0 0 2 7 2 1 1 0 0 0 0 0 0 0 0 0 0 0 0 0 0 0 0 0 0 0 0 0 0 0 0 0 0 0 0 0 0 0 0 0 0 0 0 0 0 0 0 0 0 0 0 0 0 0 0 0 0 0 0 0 0 0 0 0 0 0 0 0 0 0 0 0 0 0 0 0 0 0 0 0 0 0 0 0 0 0 0 0 0 0 0
0 0 0 0 0 0 0 1 3 1 1 1 2 0 0 0 0 0 0 0 0 3 2 1 0 0 0 0 0 0 0 0 0 0 0 0 0 0 0 0 0 0 0 0 0 0 0 0 0 0 0 0 0 0 0 0 0 0 0 0 0 0 0 0 0 0 0 0 0 0 0 0 0 0 0 0 0 0 0 0 0 0 0 0 0 0 0 0 0 0 0 0 0 0 0 0
2 0 4 8 1 1 50 8 1 2 1 1 1 0 0 0 0 0 0 0 1 2 1 1 0 0 0 0 0 0 0 0 0 0 0 0 0 0 0 0 0 0 0 0 0 0 0 0 0 0 0 0 0 0 0 0 0 0 0 0 0 0 0 0 0 0 0 0 0 0 0 0 0 0 0 0 0 0 0 0 0 0 0 0 0 0 0 0 0 0 0 0 0 0 0 0
2 11 3 3 4 1 31 17 6 3 1 1 2 0 0 0 0 0 0 7 4 2 1 1 2 2 0 0 0 0 0 0 0 0 0 0 0 0 0 0 0 0 0 0 0 0 0 0 0 0 0 0 0 0 0 0 0 0 0 0 0 0 0 0 0 0 0 0 0 0 0 0 0 0 0 0 0 0 0 0 0 0 0 0 0 0 0 0 0 0 0 0 0 0 0 0
4 6 2 2 3 1 29 14 2 2 1 1 3 9 15 0 0 0 9 2 2 1 1 1 1 1 2 0 0 0 0 0 0 0 0 0 0 0 0 0 0 0 0 0 0 0 0 0 0 0 0 0 0 0 0 0 0 0 0 0 0 0 0 0 0 0 0 0 0 0 0 0 0 0 0 0 0 0 0 0 0 0 0 0 0 0 0 0 0 0 0 0 0 0 0 0
2 5 1 1 2 4 24 6 7 1 1 1 5 4 1 7 0 4 4 2 1 1 1 1 1 1 2 0 0 0 0 0 0 0 0 0 0 0 0 0 0 0 0 0 0 0 0 0 0 0 0 0 0 0 0 0 0 0 0 0 0 0 0 0 0 0 0 0 0 0 0 0 0 0 0 0 0 0 0 0 0 0 0 0 0 0 0 0 0 0 0 0 0 0 0 0
1 3 1 1 3 18 5 5 4 2 1 4 3 3 6 3 2 3 2 1 1 1 1 2 2 2 0 0 0 0 0 0 0 0 0 0 0 0 0 0 0 0 0 0 0 0 0 0 0 0 0 0 0 0 0 0 0 0 0 0 0 0 0 0 0 0 0 0 0 0 0 0 0 0 0 0 0 0 0 0 0 0 0 0 0 0 0 0 0 0 0 0 0 0 0 0
2 1 1 2 13 4 4 4 3 1 2 2 2 2 1 1 1 1 1 1 1 1 3 1 3 0 0 0 0 0 0 0 0 0 0 0 0 0 0 0 0 0 0 0 0 0 0 0 0 0 0 0 0 0 0 0 0 0 0 0 0 0 0 0 0 0 0 0 0 0 0 0 0 0 0 0 0 0 0 0 0 0 0 0 0 0 0 0 0 0 0 0 0 0 0 0
2 1 1 2 10 3 3 3 2 1 1 1 1 1 2 1 1 1 1 1 2 1 5 2 0 0 0 0 0 0 0 0 0 0 0 0 0 0 0 0 0 0 0 0 0 0 0 0 0 0 0 0 0 1 0 0 0 0 0 0 0 0 0 0 0 0 0 0 0 0 0 0 0 0 0 0 0 0 0 0 0 0 0 0 0 0 0 0 0 0 0 0 0 0 0 0
2 1 1 6 3 2 2 2 1 1 1 1 1 1 1 3 3 3 1 2 1 3 0 0 0 0 0 0 0 0 0 0 0 0 0 0 0 0 0 0 0 0 0 0 0 0 0 0 0 0 0 0 4 2 1 0 0 0 0 0 0 0 0 0 0 0 0 0 0 0 0 0 0 0 0 0 0 0 0 0 0 0 0 0 0 0 0 0 0 0 0 0 0 0 0 0
1 1 1 4 2 1 1 1 1 1 3 2 2 2 3 4 4 4 0 0 0 0 0 0 0 0 0 0 0 0 0 0 0 0 0 0 0 0 0 0 0 0 0 0 0 0 0 0 0 0 3 2 1 1 1 0 0 0 0 0 0 0 0 0 0 0 0 0 0 0 0 0 0 0 0 0 0 0 0 0 0 0 0 0 0 0 0 0 0 0 0 0 0 0 0 0
3 1 1 2 1 1 1 1 1 2 3 4 3 3 6 5 5 0 0 0 0 0 0 0 0 0 0 0 0 0 0 0 0 0 0 0 0 0 0 0 0 0 0 0 0 0 0 0 0 0 3 2 1 1 2 0 0 0 0 0 0 0 0 0 0 0 0 0 0 0 0 0 0 0 0 0 0 0 0 0 0 0 0 0 0 0 0 0 0 0 0 0 0 0 0 0
1 1 1 1 1 1 2 2 2 2 3 4 5 4 14 6 0 0 0 0 0 0 0 0 0 0 0 0 0 0 0 0 0 0 0 0 0 0 0 0 0 0 0 0 0 0 0 0 0 23 2 2 1 1 2 0 0 0 0 0 0 0 0 0 0 0 0 0 0 0 0 0 0 0 1 0 0 0 0 0 0 0 0 0 0 0 0 0 0 0 0 0 0 0 0 0
1 1 2 1 1 2 2 3 3 3 1 4 5 6 7 28 0 0 0 0 0 0 0 0 0 0 0 0 0 0 0 0 0 0 0 0 0 0 0 0 0 0 0 0 3 7 1 4 37 20 2 1 1 1 2 0 0 0 0 0 0 0 0 0 0 0 0 0 0 0 0 0 0 0 0 1 0 0 0 0 0 0 0 0 0 0 0 0 0 0 0 0 0 0 0 0
2 1 4 2 2 1 5 4 1 4 5 5 11 12 13 0 0 0 0 0 0 0 0 0 0 0 0 0 0 0 0 0 0 0 0 0 0 0 0 0 0 0 3 4 2 4 2 3 36 16 1 1 1 2 3 7 1 0 3 2 0 0 0 80 0 0 0 0 0 0 0 0 0 0 2 1 1 0 4 0 0 0 0 0 0 0 0 0 0 0 0 0 0 0 0 0
3 1 6 3 3 1 2 6 5 2 12 1 1 1 0 0 0 0 0 0 0 0 0 0 0 0 0 0 0 0 0 0 0 0 0 0 0 0 0 0 0 1 2 3 1 3 1 2 35 12 3 1 1 2 3 1 2 198 2 1 1 0 78 1 0 0 0 0 0 0 0 0 0 0 18 1 1 1 2 1 2 0 0 0 0 0 1 0 0 0 0 0 0 0 0 0
4 1 2 10 4 1 2 3 7 6 19 2 1 2 3 0 0 0 0 0 0 0 0 0 0 0 0 0 0 0 0 0 0 0 0 0 0 0 0 0 10 4 3 1 2 2 1 2 32 9 2 1 1 2 3 4 191 6 2 1 1 2 76 1 1 2 4 0 0 0 0 0 0 0 1 16 2 1 1 1 2 3 0 0 0 0 4 0 0 0 0 0 0 0 0 0
5 1 2 3 11 5 2 6 8 1 20 3 2 1 2 3 0 0 0 0 0 0 0 0 0 0 0 0 0 0 0 0 0 0 0 0 0 0 0 3 4 5 2 2 1 1 1 14 17 7 1 1 1 2 3 4 182 2 1 1 1 2 68 3 1 2 1 0 0 0 0 0 0 0 6 4 13 2 1 1 2 2 25 9 4 3 2 1 0 0 0 0 0 0 0 0
6 1 2 3 4 12 6 9 9 11 46 100 130 131 148 150 1 0 0 0 0 0 0 0 0 0 0 0 0 0 0 0 0 0 0 0 0 0 0 10 2 3 2 1 1 2 6 7 16 4 2 1 3 5 8 177 2 2 1 1 2 61 5 1 2 1 1 0 0 0 0 0 0 6 2 1 3 10 1 1 1 2 22 8 3 2 1 1 1 16 0 0 0 0 0 0
7 2 3 4 5 13 20 30 32 34 20 10 27 8 8 1 11 6 0 0 0 0 0 0 0 0 0 0 0 0 0 0 0 1 2 2 3 53 10 4 5 1 2 1 1 2 1 6 15 3 1 1 1 2 1 167 1 1 1 4 17 41 2 2 1 1 3 3 0 0 0 0 4 1 2 1 2 5 3 1 1 3 19 7 2 1 2 10 15 2 128 6 0 0 0 0
23 8 3 4 10 1 1 1 1 11 8 9 26 7 7 4 6 5 5 6 5 0 0 0 0 0 0 0 0 3 2 5 22 2 1 1 2 52 5 4 3 4 2 1 1 3 5 14 2 1 1 1 1 1 2 165 1 1 2 8 4 37 3 1 1 1 2 2 0 0 0 0 3 2 1 1 1 2 2 1 2 3 12 6 1 1 3 4 4 1 127 5 3 2 0 0
6 30 39 43 58 60 6 4 5 5 7 8 25 6 6 3 5 4 4 5 4 1 2 0 0 0 0 20 13 4 1 4 19 2 1 1 2 36 13 4 3 2 1 1 2 1 11 2 1 1 3 3 1 1 2 158 2 1 3 4 3 2 34 2 1 1 1 1 1 0 0 0 3 2 1 1 1 1 1 1 2 6 5 4 1 2 3 3 2 122 4 4 2 1 2 4
16 1 2 3 4 68 2 3 4 4 6 7 24 5 5 2 4 3 3 4 3 1 1 1 6 169 22 6 5 2 1 3 16 2 1 1 8 19 8 12 3 2 1 1 1 5 5 1 1 2 3 7 101 102 110 42 5 1 2 3 2 1 31 2 1 1 2 3 4 0 0 0 89 3 2 2 1 1 1 1 2 3 4 3 1 2 2 1 1 119 3 3 1 1 3 17
9 26 27 28 523 1 1 2 3 3 5 6 23 4 4 1 3 2 2 3 2 1 2 5 6 162 11 10 5 4 1 2 3 12 1 7 7 11 2 5 11 2 1 1 3 3 1 1 1 1 2 89 3 7 6 7 28 3 1 2 1 2 25 3 1 1 2 3 4 5 159 3 15 70 3 2 2 2 1 1 1 2 3 2 1 1 1 2 43 74 2 1 1 2 10 6
5 6 7 287 134 2 1 1 2 2 4 5 17 5 3 3 2 1 1 2 1 1 2 5 128 33 10 3 6 4 3 1 2 5 6 6 6 10 1 4 3 7 1 1 2 1 2 3 5 7 61 25 2 3 5 6 3 24 2 1 1 9 3 12 1 1 2 3 4 5 153 2 3 11 66 28 25 22 2 1 1 1 2 1 1 2 3 40 2 3 68 1 1 1 8 5
6 7 8 271 128 3 2 1 1 1 3 4 12 4 4 2 2 1 1 1 2 3 4 121 6 28 4 9 2 5 3 2 1 4 5 5 5 8 1 3 2 5 1 1 1 2 3 4 5 45 8 24 1 2 4 5 2 15 8 1 1 7 2 8 3 1 2 3 4 5 147 1 2 5 5 35 4 3 18 4 2 1 1 1 2 3 34 2 1 2 64 3 1 2 5 4
5 6 264 6 123 4 3 2 1 1 1 3 3 8 3 3 1 1 1 2 3 4 5 115 5 20 7 3 8 1 4 2 1 3 4 4 4 6 1 2 1 4 1 1 1 2 3 4 39 7 1 20 2 1 3 4 1 14 6 1 3 3 1 7 2 1 2 3 4 5 139 2 1 4 4 5 25 4 2 12 3 2 1 1 2 3 27 1 1 1 59 3 1 1 4 3
2 177 257 2 3 122 5 4 3 2 1 2 2 6 1 2 2 1 2 3 4 5 86 28 4 3 16 6 2 7 3 3 1 2 3 3 3 4 1 1 3 3 6 9 14 19 23 34 4 2 1 10 8 1 2 3 1 12 4 1 2 2 2 4 1 1 2 3 4 5 126 2 1 3 3 4 20 3 3 1 8 4 1 1 3 17 8 1 1 2 52 4 2 1 3 2
174 73 6 1 2 91 25 4 3 2 1 1 1 3 2 1 1 1 2 3 4 5 75 27 3 2 1 14 5 1 3 2 2 1 2 2 2 1 2 2 2 2 1 3 4 3 7 3 3 1 2 7 6 1 1 2 3 8 2 1 1 1 1 3 2 3 4 8 9 117 3 5 1 2 2 3 5 11 2 2 2 1 2 1 2 11 4 3 1 35 10 6 3 1 2 1
8 64 3 2 1 4 86 20 6 5 4 3 2 1 2 1 1 2 3 4 5 39 35 11 15 2 1 4 9 4 2 2 1 1 1 1 1 1 1 1 1 1 2 3 2 2 4 2 2 1 3 3 4 1 1 2 2 4 1 1 1 1 2 1 1 2 3 6 13 94 2 2 2 1 1 2 2 2 10 1 1 1 1 1 2 8 3 2 1 32 9 3 2 1 1 1
3 60 3 2 1 3 4 81 13 6 5 4 3 2 1 1 1 2 3 4 33 32 2 10 12 2 1 3 6 2 1 1 1 1 1 1 1 1 1 1 1 1 2 1 1 1 2 1 1 1 1 2 2 1 1 1 1 1 1 1 1 2 1 1 1 3 5 4 2 93 1 1 1 1 1 1 1 1 2 7 3 2 1 1 3 4 2 1 1 30 6 2 2 1 1 2
2 57 2 2 1 2 3 2 78 6 5 4 3 2 1 1 1 2 3 28 17 14 1 9 4 7 1 2 3 2 1 1 1 1 3 3 1 1 3 2 2 1 1 1 1 1 1 1 1 1 1 1 1 1 1 1 1 1 1 2 2 3 3 1 1 1 3 1 2 88 1 1 1 1 2 1 1 1 1 1 3 2 1 2 1 2 1 1 16 13 3 2 1 1 2 5
1 8 48 1 1 1 2 1 6 71 14 7 5 3 1 1 3 7 24 8 8 11 2 8 3 4 2 1 2 1 1 2 2 1 5 4 2 1 2 6 3 2 2 1 2 2 1 2 3 3 1 1 1 1 2 2 3 2 1 2 5 4 5 1 1 1 1 1 2 5 82 79 75 1 52 48 45 4 2 1 5 4 2 1 1 1 5 14 2 8 2 2 1 1 2 2
2 5 47 3 2 1 1 3 2 29 27 6 1 1 1 1 3 3 13 7 7 10 1 7 2 2 1 1 1 1 2 4 5 1 7 5 3 1 2 9 4 3 3 2 3 3 2 1 6 4 2 2 2 2 3 1 6 3 2 1 4 10 7 2 1 1 1 1 1 1 2 2 2 69 6 1 1 38 17 15 8 1 1 1 1 3 5 3 1 6 1 1 1 1 1 1
4 3 36 4 3 2 1 2 1 28 15 11 5 2 1 1 2 7 5 6 6 7 2 4 2 1 1 1 1 1 1 1 10 1 2 13 5 1 1 12 5 4 4 1 3 7 3 1 2 11 5 3 1 1 7 1 2 10 3 1 1 6 20 2 2 1 2 1 1 1 1 1 1 2 8 5 1 19 1 1 1 6 3 1 1 2 2 2 2 2 1 1 1 1 1 1
2 3 35 4 3 2 1 1 2 25 9 5 10 2 1 1 1 5 4 5 5 6 1 2 1 1 1 2 4 2 2 2 2 11 2 3 20 1 1 14 6 9 1 1 2 4 11 1 2 14 9 2 1 1 2 9 1 13 5 1 1 1 29 3 1 2 3 2 3 1 1 1 1 1 2 5 3 1 18 4 3 2 2 1 1 1 1 1 1 1 1 1 3 2 2 1
2 2 10 17 5 3 1 1 2 22 4 4 4 9 4 1 2 2 3 4 4 4 1 1 1 1 1 1 1 5 5 1 3 14 1 3 24 3 1 1 21 11 1 1 4 1 17 1 1 3 26 2 1 1 1 12 2 1 20 1 1 3 33 1 2 3 4 3 14 9 7 5 2 1 1 1 3 1 3 10 3 2 1 1 1 1 1 1 1 1 2 2 2 6 4 1
1 1 6 1 10 1 1 1 1 20 3 3 3 1 3 2 1 1 2 3 3 2 1 1 2 4 7 2 1 2 8 15 19 15 2 1 28 4 2 2 22 13 1 2 5 1 19 2 1 3 30 3 2 2 1 2 15 2 21 3 1 4 34 2 3 39 29 23 6 4 2 1 1 1 1 1 1 1 2 2 4 1 1 1 1 2 2 2 2 2 2 3 3 9 6 2
1 2 1 2 7 2 1 1 3 13 3 2 2 2 1 1 1 1 1 1 2 1 1 2 3 4 5 10 1 2 3 20 22 43 61 70 74 107 3 3 23 15 1 3 7 1 1 22 1 1 34 4 3 4 1 1 3 18 25 1 1 6 35 3 45 2 2 2 2 1 1 1 1 2 3 1 2 1 1 1 1 1 1 1 2 6 1 3 3 5 3 1 4 4 16 3
4 6 2 1 1 6 1 1 2 8 2 2 1 1 1 1 1 1 1 1 1 1 1 2 3 4 5 11 11 2 16 1 1 1 8 2 1 3 112 117 122 39 1 5 9 1 1 25 1 1 37 5 4 6 1 1 2 22 26 2 1 8 36 51 2 1 1 1 1 1 1 1 3 14 8 6 3 2 1 1 1 1 2 4 2 3 10 31 37 46 1 4 2 5 124 147
12 57 3 2 1 4 1 1 1 4 2 1 1 1 1 1 3 3 2 1 1 1 2 1 1 1 2 3 12 12 1 1 2 5 1 1 1 1 1 1 1 124 40 47 10 3 1 27 1 1 39 6 5 8 2 1 1 25 27 3 2 106 61 7 4 2 1 1 1 1 1 2 19 5 4 3 2 1 2 2 1 1 2 3 8 14 19 2 3 6 65 67 106 114 3 1
3 35 6 4 2 1 1 1 1 1 1 1 1 2 2 1 5 6 2 1 1 2 4 1 2 2 3 4 4 13 1 1 2 1 1 1 1 1 1 1 1 1 126 1 58 5 1 28 1 2 40 7 6 9 4 1 1 27 28 4 114 5 2 2 2 1 1 2 2 2 2 3 25 1 1 1 1 3 3 2 1 1 1 3 5 4 1 2 2 12 11 34 3 2 2 1
9 14 2 1 1 1 1 2 1 1 1 1 2 3 3 2 6 7 3 2 2 1 7 2 3 1 1 1 5 18 2 1 1 1 3 6 10 13 15 17 20 21 22 149 2 65 1 1 30 3 41 8 7 10 5 2 2 28 33 116 1 2 1 1 1 1 1 4 3 3 3 29 2 1 13 11 9 4 3 2 3 1 1 1 2 1 1 1 11 10 3 19 2 1 1 1
5 12 1 1 1 1 2 3 2 3 2 1 1 4 4 4 3 14 4 3 3 1 9 3 1 5 1 2 2 6 21 3 1 1 1 1 2 2 3 6 7 8 9 12 162 230 1 2 2 31 76 0 0 0 0 0 0 29 153 3 2 1 1 1 1 1 2 6 4 4 94 61 47 45 31 28 25 22 10 7 3 2 1 1 2 3 4 10 9 2 3 15 1 1 1 9
6 4 1 1 2 5 3 4 3 6 2 1 1 2 7 12 17 35 5 4 4 1 12 4 1 7 2 1 3 3 28 4 3 1 1 1 1 1 2 1 1 1 2 1 3 4 232 233 236 0 0 0 0 0 0 0 0 0 4 3 2 1 1 1 2 3 3 7 5 107 8 5 11 2 1 2 2 2 8 6 4 2 1 1 1 2 5 8 1 2 10 4 1 2 7 10
2 2 1 1 1 1 9 1 8 9 2 1 1 1 1 2 4 6 47 5 5 1 1 13 6 1 10 1 2 4 32 8 2 2 1 1 1 1 1 1 2 2 1 1 2 5 11 12 13 0 0 0 0 0 0 0 0 0 0 2 1 1 2 1 2 6 4 13 112 4 3 2 4 8 2 1 1 1 1 1 1 1 1 1 1 2 4 3 1 2 7 3 1 3 7 2
1 1 1 2 4 2 2 10 10 14 2 1 2 2 1 1 1 1 2 55 6 3 1 1 15 22 12 2 3 1 46 3 1 4 1 2 1 2 2 2 4 5 1 1 1 1 1 1 0 0 0 0 0 0 0 0 0 0 0 3 2 1 3 0 0 7 18 113 3 2 1 2 1 3 5 3 2 1 1 1 1 1 3 1 1 1 2 2 1 3 3 2 1 4 2 1
1 1 1 2 3 8 5 1 21 16 1 2 3 4 1 1 2 3 4 5 61 12 1 1 2 3 26 41 4 1 50 1 2 6 3 1 1 3 3 3 7 7 1 1 1 1 1 0 0 0 0 0 0 0 0 0 0 0 0 5 1 0 0 0 0 0 0 117 4 3 2 1 1 1 1 1 1 1 2 2 2 2 5 2 1 1 1 1 1 1 2 1 2 1 1 1
7 9 2 1 2 4 13 7 38 2 1 3 4 7 1 1 1 2 3 1 2 75 1 1 1 2 4 6 49 55 52 2 9 4 2 1 1 1 5 7 8 8 2 2 1 1 0 0 0 0 0 0 0 0 0 0 0 0 0 0 0 0 0 0 0 0 0 127 5 4 3 2 1 1 1 1 3 3 1 3 3 8 5 2 2 1 1 1 1 1 1 1 1 2 3 4
4 5 12 1 1 1 2 16 48 1 1 4 5 8 2 1 1 1 2 4 1 79 1 2 1 1 1 1 1 1 57 55 14 3 1 2 2 1 2 6 8 17 0 0 0 0 0 0 0 0 0 0 0 0 0 0 0 0 0 0 0 0 0 0 0 0 0 0 4 3 2 1 1 2 2 2 7 2 1 4 12 7 1 1 4 1 2 3 2 1 1 1 1 2 3 4
4 7 14 29 30 1 2 3 68 3 1 5 6 11 2 1 1 2 3 3 5 81 1 3 2 1 1 2 3 1 1 58 70 4 2 3 3 0 0 0 0 0 0 0 0 0 0 0 0 0 0 0 0 0 0 0 0 0 0 0 0 0 0 0 0 0 0 8 7 1 1 1 2 3 3 3 10 1 2 5 20 1 1 2 6 1 3 4 4 2 1 1 2 3 1 2
2 1 1 2 4 36 37 38 39 108 113 6 7 12 4 2 1 1 2 6 10 97 2 4 3 2 1 2 3 7 9 11 59 75 0 0 0 0 0 0 0 0 0 0 0 0 0 0 0 0 0 0 0 0 0 0 0 0 0 0 0 0 0 0 0 0 0 1 1 1 2 2 3 4 4 14 2 1 3 26 3 1 2 3 8 1 4 5 5 4 2 1 1 2 6 18
1 1 1 1 1 2 4 6 7 8 75 189 197 217 7 2 1 1 1 2 3 4 100 5 6 1 1 1 1 1 2 3 0 0 0 0 0 0 0 0 0 0 0 0 0 0 0 0 0 0 0 0 0 0 0 0 0 0 0 0 0 0 0 0 0 0 0 0 0 0 0 3 4 5 19 3 2 1 4 32 2 1 3 12 1 2 10 1 10 6 3 1 1 2 8 3
3 3 1 1 1 1 1 1 48 52 14 1 2 5 225 4 2 1 1 1 3 5 110 6 7 3 1 1 2 4 5 0 0 0 0 0 0 0 0 0 0 0 0 0 0 0 0 0 0 0 0 0 0 0 0 0 0 0 0 0 0 0 0 0 0 0 0 0 0 0 0 0 11 1 20 4 4 1 37 3 2 1 4 14 1 13 2 1 17 3 2 1 1 2 3 2
11 21 23 2 1 39 44 46 3 11 2 1 2 2 233 7 2 2 1 1 1 2 6 119 135 139 2 2 1 1 2 0 0 0 0 0 0 0 0 0 0 0 0 0 0 0 0 0 0 0 0 0 0 0 0 0 0 0 0 0 0 0 0 0 0 0 0 0 0 0 0 0 0 22 1 5 7 2 43 2 1 1 19 2 1 16 1 2 24 3 2 1 1 1 1 1
1 2 2 31 37 4 1 2 3 7 1 1 1 1 2 248 3 2 1 1 1 1 2 2 2 2 144 4 1 1 2 0 0 0 0 0 0 0 0 0 0 0 0 0 0 0 0 0 0 0 0 0 0 0 0 0 0 0 0 0 0 0 0 0 0 0 0 0 0 0 0 0 0 1 6 8 1 44 1 1 1 21 3 1 1 19 50 47 2 1 1 2 1 1 1 1
1 1 1 4 3 3 1 2 5 1 1 2 3 4 5 254 3 2 2 1 1 1 1 1 1 1 2 150 1 1 1 0 0 0 0 0 0 0 0 0 0 0 0 0 0 0 0 0 0 0 0 0 0 0 0 0 0 0 0 0 0 0 0 0 0 0 0 0 0 0 0 0 0 0 1 200 190 145 144 142 140 138 82 78 76 55 4 3 20 17 8 5 3 1 1 3
1 1 1 2 2 2 1 2 2 1 1 1 2 3 4 5 260 3 1 2 2 1 1 1 1 2 3 156 2 2 0 0 0 0 0 0 0 0 0 0 0 0 0 0 0 0 0 0 0 0 0 0 0 0 0 0 0 0 0 0 0 0 0 0 0 0 0 0 0 0 0 0 0 0 201 8 7 6 5 4 3 1 34 30 27 3 2 1 2 2 7 5 3 1 1 2
3 1 1 1 1 1 1 1 1 2 4 6 7 8 9 10 276 6 1 3 3 2 2 2 1 1 2 3 0 0 0 0 0 0 0 0 0 0 0 0 0 0 0 0 0 0 0 0 0 0 0 0 0 0 0 0 0 0 0 0 0 0 0 0 0 0 0 0 0 0 0 0 0 0 0 1 5 4 3 2 1 1 3 2 3 20 3 2 1 1 1 1 1 1 1 2
1 2 1 1 1 1 1 1 2 3 4 5 6 7 8 9 10 293 1 4 4 3 3 4 1 1 0 0 0 0 0 0 0 0 0 0 0 0 0 0 0 0 0 0 0 0 0 0 0 0 0 0 0 0 0 0 0 0 0 0 0 0 0 0 0 0 0 0 0 0 0 0 0 0 0 6 4 3 2 1 1 1 1 1 1 2 16 9 4 3 2 1 1 1 1 1
3 1 2 2 2 3 1 1 1 2 3 4 12 16 20 24 28 33 328 333 5 4 4 5 2 0 0 0 0 0 0 0 0 0 0 0 0 0 0 0 0 0 0 0 0 0 0 0 0 0 0 0 0 0 0 0 0 0 0 0 0 0 0 0 0 0 0 0 0 0 0 0 0 0 0 62 45 44 9 8 6 4 3 2 1 1 3 3 4 2 1 1 3 2 1 1
2 1 3 3 6 2 1 1 2 3 5 7 3 3 3 3 4 4 9 10 344 350 359 6 0 0 0 0 0 0 0 0 0 0 0 0 0 0 0 0 0 0 0 0 0 0 0 0 0 0 0 0 0 0 0 0 0 0 0 0 0 0 0 0 0 0 0 0 0 0 0 0 0 0 0 6 2 1 34 32 6 5 4 3 2 1 2 1 1 1 1 2 6 1 2 2
2 1 4 4 9 2 2 1 1 1 1 2 2 2 2 3 3 3 1 1 2 3 4 0 0 0 0 0 0 0 0 0 0 0 0 0 0 0 0 0 0 0 0 0 0 0 0 0 0 0 0 0 0 0 0 0 0 0 0 0 0 0 0 0 0 0 0 0 0 0 0 0 0 0 0 3 2 1 1 2 23 9 4 3 2 1 1 1 1 1 1 4 8 1 3 4
1 2 5 5 12 3 2 1 2 1 1 1 1 1 2 2 2 2 3 4 5 6 7 0 0 0 0 0 0 0 0 0 0 0 0 0 0 0 0 0 0 0 0 0 0 0 0 0 0 0 0 0 0 0 0 0 0 0 0 0 0 0 0 0 0 0 0 0 0 0 0 0 0 0 0 34 3 2 1 1 3 10 4 3 2 1 1 2 3 1 1 2 14 1 4 6
2 3 6 6 13 4 4 3 1 2 1 1 2 1 1 1 1 2 3 4 5 6 7 0 0 0 0 0 0 0 0 0 0 0 0 0 0 0 0 0 0 0 0 0 0 0 0 0 0 0 0 0 0 0 0 0 0 0 0 0 0 0 0 0 0 0 0 0 0 0 0 0 0 0 5 3 27 25 18 1 1 1 9 4 2 1 2 6 2 1 1 2 18 1 5 9
1 4 13 14 1 9 4 2 3 2 1 1 1 4 1 1 1 1 2 5 6 7 0 0 0 0 0 0 0 0 0 0 0 0 0 0 0 0 0 0 0 0 0 0 0 0 0 0 0 0 0 0 0 0 0 0 0 0 0 0 0 0 0 0 0 0 0 0 0 0 0 0 0 4 4 2 1 2 4 16 3 2 2 2 1 1 2 11 1 1 2 4 19 2 6 10
2 5 28 1 1 15 10 7 3 1 3 1 1 1 6 2 1 1 2 3 4 1 0 0 0 0 0 0 0 0 0 0 0 0 0 0 0 0 0 0 0 0 0 0 0 0 0 0 0 0 0 0 0 0 0 0 0 0 0 0 0 0 0 0 0 0 0 0 0 0 0 0 5 1 3 3 1 1 3 8 4 2 1 1 1 1 2 14 2 1 2 3 24 3 7 14
259 6 29 2 2 28 2 1 1 2 5 1 1 2 8 4 1 1 2 1 2 7 0 0 0 0 0 0 0 0 0 0 0 0 0 0 0 0 0 0 0 0 0 0 0 0 0 0 0 0 0 0 0 0 0 0 0 0 0 0 0 0 0 0 0 0 0 0 0 0 0 1 3 2 1 1 2 1 2 5 2 1 1 1 1 1 2 5 17 2 1 3 28 4 8 15
2 262 36 3 3 30 1 2 1 3 7 1 1 2 11 6 1 1 1 1 1 2 0 0 0 0 0 0 0 0 0 0 0 0 0 0 0 0 0 0 0 0 0 0 0 0 0 0 0 0 0 0 0 0 0 0 0 0 0 0 0 0 0 0 0 0 0 0 0 0 2 6 4 1 1 1 1 1 1 2 2 1 1 2 2 1 1 1 23 3 1 2 4 33 9 16
1 1 300 4 4 31 3 1 2 11 1 2 2 3 12 7 2 2 2 2 1 0 0 0 0 0 0 0 0 0 0 0 0 0 0 0 0 0 0 0 0 0 0 0 0 0 0 0 0 0 0 0 0 0 0 0 0 0 0 0 0 0 0 0 0 0 0 0 0 1 1 1 1 1 1 2 5 2 1 1 1 1 2 3 4 1 1 3 28 4 1 2 3 38 0 17
0 0 0 0 0 0 2 1 3 13 1 1 5 4 13 8 3 3 3 0 0 0 0 0 0 0 0 0 0 0 0 0 0 0 0 0 0 0 0 0 0 0 0 0 0 0 0 0 0 0 0 0 0 0 0 0 0 0 0 0 0 0 0 0 0 0 0 0 2 1 1 1 1 1 2 8 4 3 2 1 1 2 4 7 9 1 1 1 1 34 1 1 0 0 0 0
0 0 0 0 0 0 0 0 4 15 1 0 0 0 0 0 0 0 0 0 0 0 0 0 0 0 0 0 0 0 0 0 0 0 0 0 0 0 0 0 0 0 0 0 0 0 0 0 0 0 0 0 0 0 0 0 0 0 0 0 0 0 0 0 0 0 0 0 0 2 1 2 2 2 3 17 4 3 2 1 1 2 3 4 17 2 2 1 2 36 2 1 0 0 0 0
0 0 0 0 0 0 0 0 0 0 0 0 0 0 0 0 0 0 0 0 0 0 0 0 0 0 0 0 0 0 0 0 0 0 0 0 0 0 0 0 0 0 0 0 0 0 0 0 0 0 0 0 0 0 0 0 0 0 0 0 0 0 0 0 0 0 0 0 0 0 0 3 5 4 23 5 4 3 2 1 1 2 3 4 9 20 3 1 0 0 0 0 0 0 0 0
