New_Model_Runs/7_FutureClimate_RCP85_out/SUM_of_RECHARGE.asc
NCOLS        700
NROWS        400
XLLCORNER     515000.000
YLLCORNER    8409000.000
CELLSIZE         50.000
NODATA_VALUE     -9999.    
[rows 224 to 251 of 400, columns 126 to 188 of 700]
70.26 70.26 75.36 75.36 75.36 79.53 79.24 75.05 79.24 79.22 74.45 74.45 84.66 84.66 84.36 84.36 84.36 84.36 90.10 90.10 90.10 78.27 90.26 90.26 90.26 90.26 89.87 89.87 89.87 89.87 89.78 89.78 89.78 89.78 93.33 93.33 93.33 93.33 93.33 93.33 93.33 100.2 93.58 93.58 93.58 80.40 80.67 80.67 80.67 80.67 91.07 83.85 98.06 98.06 91.78 94.44 91.07 136.4 97.10 91.78 91.78 91.78 91.78
70.26 70.26 75.36 75.36 75.36 80.56 75.05 75.05 75.05 75.05 74.45 79.57 74.45 74.45 74.21 74.21 74.21 84.36 78.27 78.27 78.27 78.27 90.26 90.26 93.52 90.26 89.87 89.87 89.87 89.87 89.78 89.78 89.78 89.78 93.33 93.33 93.33 93.33 93.33 93.33 100.4 98.44 93.58 93.58 93.58 93.58 93.91 98.18 93.91 93.91 98.06 98.06 98.06 98.06 91.78 91.78 102.4 78.70 91.07 94.44 91.78 91.78 91.78
76.84 82.50 78.77 78.77 78.77 78.77 78.56 78.56 78.56 78.56 77.96 77.96 77.96 77.96 77.72 82.43 77.72 77.72 81.32 81.32 81.32 99.40 95.15 95.15 95.15 95.15 94.75 94.75 94.75 94.75 94.66 94.66 94.66 94.66 99.42 99.42 100.8 99.42 99.41 99.41 104.2 99.41 99.68 99.68 99.68 99.68 100.0 100.0 100.0 100.0 103.3 103.3 103.3 96.46 96.46 98.54 101.8 111.8 137.4 99.12 96.46 96.46 96.46
76.84 76.84 78.77 78.77 78.77 78.77 78.56 78.56 78.56 78.56 77.96 77.96 77.96 88.50 77.72 77.72 77.72 77.72 81.32 81.32 99.38 94.99 95.15 95.15 95.15 95.15 94.75 94.75 94.75 94.75 81.06 81.06 81.06 94.66 99.42 99.42 99.42 99.42 99.41 99.41 99.41 99.41 99.68 99.68 99.68 99.68 100.0 103.4 104.8 100.0 103.3 96.46 96.46 98.54 98.54 96.46 96.46 99.12 141.2 144.5 105.9 143.2 96.46
76.24 76.24 78.16 78.16 78.16 78.16 77.69 77.69 77.69 77.69 78.04 83.43 78.04 78.04 77.92 77.92 77.92 77.92 81.49 81.49 95.21 95.21 94.95 94.95 94.95 99.34 94.64 94.64 94.64 94.64 81.40 81.40 81.40 81.40 85.26 85.26 85.26 100.0 99.83 99.83 99.83 99.83 100.0 100.0 104.8 104.8 100.4 94.55 94.55 94.55 96.46 96.46 96.46 96.46 96.46 96.46 101.0 104.3 106.5 137.4 74.03 143.8 135.9
76.24 76.24 78.16 78.16 78.16 78.16 77.69 77.69 77.69 77.69 78.04 78.04 78.04 78.04 77.92 77.92 77.92 77.92 81.49 81.49 95.21 95.21 94.95 81.29 81.29 94.95 94.64 94.64 94.64 94.64 81.40 81.40 81.40 81.40 85.26 85.26 85.26 85.26 85.10 99.83 99.83 99.83 100.0 100.0 100.0 100.0 100.4 100.4 94.55 94.55 103.6 101.0 96.46 101.0 101.0 96.46 96.46 96.46 98.54 96.46 99.12 147.2 143.8
82.26 76.24 78.16 78.16 78.16 78.16 83.73 77.69 77.69 77.69 78.04 78.04 78.04 78.04 77.92 77.92 77.92 77.92 81.49 81.49 81.49 81.49 87.68 81.29 94.95 94.95 81.05 81.05 94.64 94.64 81.40 81.40 81.40 81.40 85.26 85.26 85.26 85.26 85.10 85.10 85.10 85.10 85.25 85.25 85.25 85.25 85.58 85.58 85.58 100.4 108.0 96.46 96.46 96.46 101.0 96.46 96.46 96.46 101.7 96.46 96.46 96.46 134.7
82.08 76.24 78.16 78.16 78.16 78.16 77.69 83.73 77.69 77.69 78.04 78.04 78.04 78.04 77.92 77.92 77.92 77.92 81.49 81.49 81.49 81.49 81.29 81.29 94.95 81.29 81.05 81.05 94.64 81.05 81.40 81.40 81.40 81.40 85.26 85.26 85.26 85.26 85.10 85.10 85.10 85.10 85.25 85.25 85.25 85.25 85.58 85.58 85.58 93.15 87.80 103.6 103.6 96.46 96.46 96.46 96.46 101.0 96.46 96.46 96.46 101.7 98.54
75.81 75.81 78.14 78.14 78.14 78.14 77.63 77.63 77.63 77.63 78.15 78.15 78.15 78.15 78.69 78.69 78.69 78.69 82.07 82.07 82.07 82.07 81.55 81.55 81.55 81.55 81.29 81.29 81.29 81.29 81.86 81.86 81.86 81.86 85.86 85.86 92.42 85.86 85.94 85.94 85.94 85.94 86.09 86.09 86.09 86.09 86.24 86.24 97.88 93.40 88.03 91.20 88.03 96.46 96.46 96.46 101.0 96.46 96.46 96.46 96.46 96.46 101.7
75.81 75.81 78.14 78.14 78.14 78.14 77.63 77.63 77.63 77.63 78.15 78.15 78.15 78.15 78.69 78.69 78.69 78.69 82.07 82.07 93.71 82.07 81.55 81.55 81.55 81.55 87.68 81.29 81.29 81.29 81.86 81.86 81.86 81.86 85.86 85.86 85.86 85.86 85.94 85.94 85.94 85.94 86.09 86.09 86.09 86.09 86.24 92.68 86.24 86.24 88.03 88.03 88.03 97.22 96.97 87.84 87.84 96.46 101.0 96.46 96.46 96.46 96.46
75.81 75.81 78.14 78.14 78.14 78.14 77.63 77.63 77.63 77.63 78.15 78.15 78.15 78.15 78.69 78.69 78.69 78.69 82.08 82.08 82.08 93.64 81.55 81.55 81.55 81.55 81.29 81.29 81.29 81.29 81.86 81.86 81.86 81.86 85.86 85.86 85.86 85.86 85.94 85.94 85.94 85.94 86.09 86.09 86.09 86.09 86.24 92.68 86.24 86.24 88.03 88.03 88.03 88.03 87.84 87.84 89.96 107.3 96.46 96.46 96.46 96.46 96.46
75.81 75.81 78.14 78.14 78.14 78.14 77.63 77.63 77.63 77.63 78.15 78.15 78.15 78.15 78.69 78.69 78.69 78.69 82.08 82.08 82.08 82.08 81.55 81.55 81.55 81.55 81.29 81.29 81.29 81.29 81.86 81.86 81.86 81.86 85.86 85.86 85.86 85.86 85.94 85.94 85.94 85.94 86.09 86.09 86.09 86.09 86.24 98.16 86.24 86.24 88.03 88.03 88.03 88.03 87.84 87.84 87.84 103.7 96.46 103.1 96.46 96.46 96.46
75.76 75.76 78.22 78.22 78.22 78.22 78.62 78.62 78.62 78.62 79.15 79.15 79.15 79.15 79.50 79.50 79.50 79.50 82.71 82.71 82.71 89.12 81.82 88.17 81.82 81.82 81.50 81.50 81.50 81.50 82.22 82.22 82.22 82.22 86.09 86.09 86.09 86.09 86.32 86.32 86.32 86.32 86.86 86.86 86.86 86.86 86.99 86.99 86.99 86.99 88.61 88.61 88.61 88.61 87.88 87.88 87.88 87.88 87.35 103.0 96.46 96.46 96.46
75.76 75.76 78.22 78.22 78.22 78.22 78.62 78.62 78.62 78.62 79.15 79.15 79.15 79.15 79.50 79.50 79.50 79.50 82.71 82.71 82.71 82.71 81.82 81.82 81.82 81.82 81.50 81.50 81.50 81.50 82.22 82.22 82.22 82.22 86.09 86.09 86.09 86.09 86.32 92.76 86.32 86.32 86.86 86.86 86.86 86.86 86.99 93.50 86.99 86.99 88.61 88.61 88.61 88.61 87.88 87.88 87.88 87.88 87.35 108.2 103.0 96.46 96.46
75.76 75.76 78.22 78.22 78.22 78.22 78.62 78.62 78.62 78.62 79.15 79.15 79.15 79.15 79.50 79.50 79.50 79.50 82.71 82.71 82.71 82.71 81.82 81.82 81.82 88.16 81.50 81.50 81.50 81.50 82.22 82.22 82.22 82.22 86.09 86.09 86.09 86.09 86.32 92.76 86.32 86.32 86.86 86.86 86.86 86.86 86.99 86.99 86.99 86.99 88.61 88.61 88.61 88.61 87.88 87.88 87.88 87.88 89.74 103.0 103.0 96.46 96.46
75.76 75.76 78.22 78.22 78.22 78.22 78.62 78.62 78.62 78.62 79.15 79.15 79.15 79.15 79.50 79.50 79.50 79.50 82.71 82.71 94.54 82.71 81.82 97.73 81.82 81.82 81.50 81.50 81.50 81.50 82.22 82.22 82.22 82.22 86.09 86.09 86.09 86.09 86.32 86.32 92.76 86.32 86.86 86.86 86.86 86.86 86.99 86.99 86.99 86.99 88.61 88.61 88.61 88.61 87.88 87.88 87.88 87.88 87.35 96.46 96.46 96.46 96.46
76.13 76.13 78.58 78.58 78.58 78.58 79.28 79.28 79.28 79.28 79.78 79.78 79.78 79.78 79.96 79.96 79.96 79.96 82.67 82.67 82.67 89.03 87.97 81.55 81.55 81.55 81.45 81.45 81.45 81.45 82.17 82.17 82.17 82.17 86.16 86.16 86.16 86.16 86.66 86.66 86.66 86.66 87.27 87.27 87.27 87.27 87.09 93.60 87.09 87.09 88.51 88.51 88.51 88.51 87.70 87.70 87.70 87.70 96.60 91.44 96.46 91.44 98.54
76.13 76.13 78.58 78.58 78.58 78.58 79.28 79.28 79.28 79.28 79.78 79.78 79.78 79.78 79.96 79.96 79.96 79.96 82.67 82.67 82.67 82.67 81.55 81.55 81.55 81.55 81.45 81.45 81.45 81.45 82.17 82.17 82.17 82.17 86.16 86.16 86.16 86.16 86.66 86.66 86.66 86.66 87.27 93.81 87.27 87.27 87.09 87.09 87.09 87.09 88.51 88.51 88.51 94.83 87.70 87.70 87.70 87.70 87.79 96.60 96.60 91.44 96.62
76.71 70.88 74.36 74.36 74.36 74.36 75.12 75.12 75.12 75.12 75.62 75.62 75.62 75.62 75.80 75.80 75.80 80.59 77.75 77.75 77.75 77.75 76.94 82.35 76.94 76.94 76.84 76.84 76.84 76.84 77.37 77.37 77.37 77.37 81.09 81.09 81.09 81.09 81.57 81.57 81.57 81.57 82.17 82.17 82.17 82.17 81.99 89.35 89.35 94.81 83.63 83.63 98.16 89.46 82.88 82.88 82.88 82.88 82.23 82.23 85.12 82.23 82.25
70.88 70.88 74.36 74.36 74.36 74.36 75.12 75.12 75.12 75.12 75.62 75.62 75.62 75.62 75.80 75.80 75.80 75.80 77.75 77.75 77.75 77.75 76.94 76.94 76.94 76.94 76.84 76.84 76.84 76.84 77.37 77.37 77.37 77.37 81.09 87.40 81.09 81.09 81.57 81.57 81.57 81.57 82.17 82.17 82.17 82.17 81.99 81.99 81.99 81.99 83.63 83.63 83.63 83.63 88.70 88.70 88.70 88.55 82.23 82.23 82.23 82.23 82.25
70.95 70.95 74.27 74.27 74.27 74.27 75.28 75.28 75.28 75.28 75.96 75.96 75.96 75.96 75.64 75.64 75.64 75.64 77.23 77.23 77.23 77.23 76.64 76.64 76.64 76.64 76.72 76.72 76.72 76.72 77.10 77.10 77.10 77.10 80.89 80.89 80.89 87.20 81.86 81.86 81.86 81.86 81.96 81.96 93.69 88.23 81.20 90.37 81.20 81.20 82.83 82.83 82.83 82.83 82.44 82.44 82.44 82.44 82.22 82.22 82.22 82.22 82.45
70.95 70.95 74.27 74.27 74.27 74.27 83.95 75.28 75.28 75.28 75.96 75.96 75.96 52.02 75.64 75.64 75.64 75.64 77.23 77.23 77.23 81.57 76.64 76.64 76.64 76.64 76.72 76.72 76.72 76.72 77.10 77.10 77.10 77.10 80.89 87.17 80.89 80.89 93.36 81.86 81.86 81.86 81.96 81.96 81.96 81.96 81.20 81.20 87.52 81.20 82.83 82.83 82.83 82.83 82.44 82.44 82.44 82.44 82.22 82.22 87.91 82.22 82.45
70.95 70.95 74.27 74.27 74.27 74.27 81.01 75.28 75.28 75.28 75.96 75.96 75.96 75.96 75.64 75.64 75.64 75.64 77.23 77.23 77.23 81.57 76.64 76.64 76.64 76.64 76.72 76.72 76.72 76.72 77.10 77.10 77.10 77.10 80.89 80.89 80.89 80.89 81.86 81.86 81.86 81.86 81.96 93.63 81.96 81.96 81.20 81.20 87.52 81.20 82.83 82.83 82.83 84.28 89.75 82.44 82.44 82.44 82.22 84.28 84.28 82.22 82.45
70.95 76.23 74.27 74.27 74.27 74.27 75.28 75.28 75.28 81.12 75.96 75.96 75.96 80.77 75.64 75.64 75.64 75.64 77.23 77.23 77.23 77.23 76.64 76.64 76.64 76.64 76.72 76.72 76.72 76.72 81.35 77.10 77.10 77.10 80.89 80.89 80.89 80.89 81.86 81.86 81.86 81.86 81.96 81.96 81.96 81.96 81.21 81.21 81.21 81.21 82.83 82.83 82.83 84.28 89.75 82.44 82.44 82.44 84.80 84.28 82.22 82.22 82.45
71.05 71.05 73.96 73.96 73.96 73.96 74.90 74.90 74.90 80.79 75.81 75.81 75.81 84.82 75.19 75.19 75.19 75.19 77.01 77.01 77.01 77.01 76.67 76.67 76.67 81.62 76.63 76.63 76.63 76.63 81.65 76.69 76.69 76.69 81.28 81.28 81.28 81.28 81.70 81.70 81.70 88.07 81.51 81.51 87.86 81.51 81.29 81.29 81.29 81.29 82.47 82.47 89.77 88.61 82.31 82.31 82.31 82.31 88.61 84.28 86.94 82.26 82.58
76.35 71.05 73.96 73.96 73.96 73.96 74.90 74.90 74.90 74.90 75.81 75.81 71.41 71.41 75.19 81.02 75.19 81.08 77.01 77.01 77.01 77.01 76.67 76.67 76.67 76.67 76.63 76.63 76.63 76.63 76.69 76.69 76.69 76.69 81.28 81.28 81.28 81.28 81.70 81.70 81.70 81.70 81.51 81.51 81.51 81.51 81.29 81.29 81.29 81.29 82.47 82.47 91.67 96.39 96.08 96.08 107.8 82.31 89.65 86.94 86.94 82.26 82.58
81.09 71.05 73.96 73.96 73.96 73.96 74.90 74.90 74.90 74.90 75.81 80.60 71.41 71.41 75.19 75.19 75.19 75.19 77.01 77.01 77.01 77.01 76.67 76.67 76.67 76.67 76.63 76.63 76.63 76.63 76.69 76.69 76.69 76.69 81.28 81.28 81.28 81.28 81.70 81.70 81.70 88.07 81.51 81.51 81.51 81.51 81.29 81.29 81.29 86.94 82.47 96.28 96.28 96.39 96.29 96.08 100.5 88.61 96.01 82.26 89.65 89.65 82.58
81.09 81.09 82.75 73.96 73.96 73.96 74.90 74.90 74.90 74.90 75.81 75.81 75.81 75.49 75.19 75.19 75.19 75.19 77.01 77.01 77.01 77.01 76.67 82.72 82.72 76.67 76.63 76.63 76.63 76.63 76.69 76.69 76.69 76.69 81.28 81.28 81.28 81.28 81.70 81.70 81.70 88.07 81.51 81.51 81.51 81.51 81.29 81.29 86.94 81.29 82.47 82.47 96.28 96.39 96.29 96.08 80.71 96.29 96.01 96.25 89.65 89.65 82.58
