New_Model_Runs/5_FutureClimate_BASE_out/post_prcessed_with_MFR/actual_et_annual.asc
NCOLS 700
NROWS 400
XLLCENTER 515000.000000
YLLCENTER 8409000.000000
CELLSIZE 50.000000
NODATA_value -999.000000
[rows 144 to 179 of 400, columns 324 to 404 of 700]
13.32 13.32 13.32 13.32 13.32 36.22 36.56 13.32 44.31 30.55 30.55 30.55 43.30 43.87 43.87 43.87 42.56 42.56 13.11 13.11 13.11 13.11 13.11 13.11 13.11 49.38 49.38 42.56 45.85 45.85 45.85 45.85 45.85 45.85 54.27 52.77 52.77 38.30 38.30 0.00 0.00 0.00 0.00 0.00 0.00 0.00 0.00 0.00 0.00 0.00 0.00 0.00 0.00 0.00 0.00 0.00 0.00 0.00 0.00 0.00 0.00 0.00 0.00 0.00 0.00 0.00 0.00 0.00 0.00 0.00 0.00 0.00 0.00 0.00 0.00 0.00 0.00 0.00 0.00 0.00 0.00
13.32 13.32 13.32 13.32 13.32 36.56 13.32 13.32 45.89 30.55 30.55 13.12 43.87 43.87 43.87 36.09 13.11 13.11 13.11 13.11 13.11 13.11 13.11 13.11 42.56 42.37 42.56 49.70 53.21 53.21 45.85 14.32 14.32 45.85 45.85 52.77 52.77 52.77 38.30 38.30 0.00 0.00 0.00 0.00 0.00 0.00 0.00 0.00 0.00 0.00 0.00 0.00 0.00 0.00 0.00 0.00 0.00 0.00 0.00 0.00 0.00 0.00 0.00 0.00 0.00 0.00 0.00 0.00 0.00 0.00 0.00 0.00 0.00 0.00 0.00 0.00 0.00 0.00 0.00 0.00 0.00
12.69 12.69 12.69 12.69 12.69 12.69 12.69 12.69 29.94 29.94 29.94 43.13 46.07 46.07 40.15 40.15 40.15 40.15 45.11 13.97 13.97 13.97 13.97 20.49 45.11 38.21 45.11 52.54 51.78 44.43 20.14 13.73 13.73 13.73 44.43 44.43 51.42 51.42 51.42 37.72 37.72 0.00 0.00 0.00 0.00 0.00 0.00 0.00 0.00 0.00 0.00 0.32 36.88 0.00 0.00 0.00 0.00 0.00 0.00 35.45 35.21 35.21 35.21 48.97 0.00 0.00 0.00 0.00 0.00 0.00 0.00 0.00 0.00 0.00 0.00 0.00 0.00 0.00 0.00 0.00 0.00
12.69 12.69 12.69 12.69 18.53 37.38 35.30 44.50 29.94 29.94 29.94 43.13 38.11 40.15 38.10 38.10 40.15 13.97 13.97 13.97 13.97 13.97 13.97 20.49 45.11 45.11 45.11 45.11 44.43 44.43 13.73 13.73 13.73 13.73 13.73 41.21 44.43 44.43 44.20 51.42 37.72 37.72 37.72 37.72 0.00 0.00 0.00 0.00 0.00 0.00 36.88 36.88 36.88 36.88 35.45 35.45 35.45 35.45 35.45 49.20 48.96 35.21 47.38 35.21 35.21 0.00 0.00 0.00 0.00 0.00 0.00 0.00 0.00 0.00 0.00 0.00 0.00 0.00 0.00 0.00 0.00
12.69 12.69 12.69 12.69 35.30 43.13 37.01 42.61 29.94 42.61 12.79 12.69 13.97 40.15 40.15 40.15 13.97 13.97 13.97 13.97 13.97 13.97 13.97 13.97 13.97 13.97 13.97 45.11 13.73 13.73 13.73 13.73 13.73 13.73 13.73 13.73 13.73 13.73 13.73 13.73 20.14 52.64 37.72 37.72 51.35 36.88 0.00 0.00 0.00 36.88 36.88 36.88 36.88 36.88 35.45 35.45 49.20 49.20 13.37 35.55 13.34 35.21 35.21 47.38 47.38 0.00 0.00 0.00 0.00 0.00 0.00 0.00 0.00 0.00 0.00 0.00 0.00 0.00 0.00 0.00 0.00
12.69 12.69 37.38 37.01 42.61 42.61 29.94 42.61 29.94 29.94 42.61 35.30 38.10 13.97 13.97 13.97 13.97 13.97 13.97 13.97 13.97 13.97 13.97 13.97 13.97 13.97 13.97 13.97 13.73 13.73 13.73 13.73 13.73 13.73 13.73 13.73 13.73 13.73 13.73 44.43 44.20 37.72 37.72 37.72 36.88 36.88 36.88 36.88 36.88 36.88 36.88 40.04 40.04 40.15 40.15 39.06 39.06 39.06 39.06 39.06 35.21 35.21 1.05 0.00 0.00 0.00 0.00 0.00 0.00 0.00 0.00 0.00 0.00 0.00 0.00 0.00 0.00 0.00 0.00 0.00 0.00
12.69 12.69 37.38 34.99 42.61 29.94 29.94 42.61 42.61 34.99 34.99 42.61 46.07 40.15 13.97 13.97 13.97 13.97 13.97 13.97 13.97 13.97 13.97 13.97 13.97 13.97 13.97 13.97 13.73 13.73 13.73 13.73 13.73 13.73 13.73 13.73 13.73 13.73 13.73 44.43 37.72 37.72 37.72 37.72 36.88 36.88 36.88 36.88 36.88 36.88 36.88 50.19 43.32 40.15 40.15 39.06 48.09 39.06 41.63 35.45 35.21 35.21 35.21 0.00 0.00 0.00 0.00 0.00 0.00 0.00 0.00 0.00 0.00 0.00 0.00 0.00 0.00 0.00 0.00 0.00 0.00
12.69 12.69 12.69 35.30 42.61 29.94 42.61 42.61 42.61 42.61 34.99 42.61 45.45 46.07 13.97 13.97 13.97 38.10 40.15 13.97 13.97 13.97 13.97 13.97 13.97 13.97 13.97 13.97 13.73 13.73 13.73 13.73 13.73 13.73 13.73 13.73 13.73 13.73 20.14 37.72 37.72 37.72 37.72 37.72 36.88 36.88 50.19 50.19 36.88 43.11 43.11 40.15 13.37 13.37 38.66 38.66 38.66 40.37 34.94 34.87 35.21 0.00 0.00 0.00 0.00 0.00 0.00 0.00 0.00 0.00 0.00 0.00 0.00 0.00 0.00 0.00 0.00 0.00 0.00 0.00 0.00
12.69 12.69 37.38 43.13 42.61 42.61 42.61 42.61 42.61 42.61 42.61 42.61 45.45 37.74 13.97 13.97 13.97 38.10 40.15 40.15 40.15 13.97 13.97 13.97 13.97 13.97 13.97 13.97 13.73 13.73 13.73 13.73 13.73 13.73 13.73 13.73 13.73 13.73 15.43 37.72 37.72 37.72 37.72 37.72 36.88 36.88 36.88 50.19 50.19 40.24 40.15 13.37 13.37 38.66 48.28 41.54 41.54 40.37 34.87 34.87 34.67 0.00 0.00 0.00 0.00 0.00 0.00 0.00 0.00 0.00 0.00 0.00 0.00 0.00 0.00 0.00 0.00 0.00 0.00 0.00 0.00
37.38 37.38 42.61 42.61 44.50 12.69 42.61 42.61 42.61 34.99 43.13 43.13 45.45 45.45 45.45 40.15 40.15 40.15 40.15 13.97 40.16 13.97 13.97 13.97 13.97 13.97 13.97 13.97 13.73 13.73 13.73 13.73 13.73 13.73 13.73 13.73 13.73 51.42 51.42 51.42 15.43 51.42 37.72 15.43 50.19 50.19 50.19 50.19 47.90 47.90 41.54 13.37 13.37 38.66 48.28 47.90 47.90 34.87 34.87 34.87 34.67 0.00 0.00 0.00 0.00 0.00 0.00 0.00 0.00 0.00 0.00 0.00 0.00 0.00 0.00 0.00 0.00 0.00 0.00 0.00 0.00
37.01 44.50 42.61 42.61 29.94 42.61 42.61 34.99 37.38 29.93 35.30 35.30 46.07 39.69 39.69 46.07 46.07 38.11 13.97 13.97 13.97 13.97 13.97 13.97 13.97 13.97 13.97 13.97 13.73 13.73 13.73 13.73 13.73 13.73 13.73 13.73 13.73 13.73 13.73 13.73 51.42 51.42 51.42 51.42 36.88 50.19 47.90 47.90 47.90 41.28 41.54 38.66 13.37 38.52 38.52 47.90 34.87 47.90 47.90 47.90 34.67 47.63 0.00 0.00 0.00 0.00 0.00 0.00 0.00 0.00 0.00 0.00 0.00 0.00 0.00 0.00 0.00 0.00 0.00 0.00 0.00
37.01 37.01 42.61 29.94 42.61 42.61 43.13 35.30 12.69 12.69 37.38 18.53 13.97 40.15 39.69 40.15 40.15 40.15 40.16 13.97 13.97 13.97 13.97 13.97 13.97 13.97 13.97 13.97 13.73 13.73 13.73 13.73 13.73 13.73 13.73 13.73 13.73 13.73 13.73 13.73 41.09 44.20 37.72 49.12 47.90 47.90 47.90 41.28 38.52 38.66 38.66 13.37 38.66 41.28 34.87 47.90 34.87 34.87 47.90 47.90 34.67 47.63 0.00 0.00 0.00 0.00 0.00 0.00 0.00 0.00 0.00 0.00 0.00 0.00 0.00 0.00 0.00 0.00 0.00 0.00 0.00
12.69 12.69 12.69 29.94 42.61 12.69 43.13 35.30 12.69 37.38 37.38 12.69 46.07 40.15 40.16 40.15 13.97 13.97 13.97 13.97 13.97 13.97 13.97 13.97 13.97 13.97 13.97 13.97 13.73 13.73 13.73 13.73 13.73 13.73 13.73 13.73 13.73 13.73 13.73 13.73 42.64 49.12 39.57 49.12 47.90 47.90 47.90 41.54 41.54 13.37 13.37 13.37 38.66 38.52 34.87 47.90 47.90 34.87 47.90 34.87 34.67 34.67 0.00 0.00 0.00 0.00 0.00 0.00 0.00 0.00 0.00 0.00 0.00 0.00 0.00 0.00 0.00 0.00 0.00 0.00 0.00
12.69 12.69 42.61 42.61 37.01 12.69 37.38 12.69 37.38 37.38 12.69 12.69 40.15 40.15 13.97 40.15 13.97 13.97 13.97 13.97 13.97 13.97 13.97 13.97 13.97 13.97 13.97 13.97 13.73 13.73 13.73 13.73 13.73 13.73 13.73 13.73 13.73 13.73 13.73 42.64 42.64 13.73 39.57 49.12 47.90 38.66 41.54 41.54 13.37 13.37 13.37 13.37 38.66 41.54 49.26 34.87 14.37 34.87 34.87 47.90 14.29 34.67 34.67 0.00 0.00 0.00 0.00 0.00 0.00 0.00 0.00 0.00 0.00 0.00 0.00 0.00 0.00 0.00 0.00 0.00 0.00
34.99 42.61 42.61 42.61 42.61 12.69 12.69 12.69 12.69 12.69 12.69 12.69 13.97 40.16 13.97 13.97 13.97 13.97 13.97 40.15 40.15 13.97 13.97 13.97 13.97 13.97 13.97 13.97 13.73 13.73 13.73 13.73 13.73 13.73 13.73 13.73 13.73 13.73 13.73 13.73 13.73 13.73 39.71 39.71 38.66 38.66 13.37 38.66 13.37 13.37 13.37 13.37 13.37 13.37 34.87 34.87 47.90 47.90 34.87 34.87 34.67 34.67 47.63 0.00 0.00 0.00 0.00 0.00 0.00 0.00 0.00 0.00 0.00 0.00 0.00 0.00 0.00 0.00 0.00 0.00 0.00
34.99 42.61 44.50 42.61 42.61 37.01 37.01 12.69 12.69 12.69 12.69 12.69 13.97 13.97 40.16 13.97 13.97 13.97 40.15 40.15 40.15 13.97 13.97 13.97 13.97 13.97 13.97 13.97 13.73 13.73 13.73 13.73 13.73 13.73 13.73 13.73 13.73 13.73 13.73 13.73 13.73 13.73 42.64 13.73 13.37 13.37 13.37 13.37 13.37 13.37 13.37 13.37 13.37 38.66 34.87 47.90 47.90 47.90 34.87 34.87 34.67 34.67 34.67 0.00 0.00 0.00 0.00 0.00 0.00 0.00 0.00 0.00 0.00 0.00 0.00 0.00 0.00 0.00 0.00 0.00 0.00
42.61 42.61 29.94 29.94 34.99 34.99 12.69 12.69 12.69 12.69 12.69 12.69 13.97 13.97 40.15 13.97 13.97 13.97 40.15 40.15 13.97 13.97 13.97 13.97 13.97 13.97 13.97 13.97 13.73 13.73 13.73 13.73 13.73 13.73 13.73 13.73 13.73 13.73 13.73 13.73 13.73 13.73 13.73 13.73 13.37 13.37 13.37 13.37 13.37 13.37 13.37 13.37 13.37 48.28 48.28 38.52 38.52 47.90 38.52 47.90 38.37 38.37 34.45 34.67 0.00 0.00 0.00 0.00 0.00 0.00 0.00 0.00 0.00 0.00 0.00 0.00 0.00 0.00 0.00 0.00 0.00
44.50 29.94 42.61 42.61 34.99 34.99 34.99 12.69 12.69 12.69 12.69 12.69 13.97 40.17 40.17 13.97 13.97 13.97 40.15 40.15 40.15 13.97 13.97 39.75 13.97 13.97 13.97 13.97 13.73 13.73 13.73 13.73 13.73 13.73 13.73 13.73 13.73 13.73 13.73 13.73 13.73 13.73 13.73 13.73 13.37 13.37 13.37 13.37 13.37 13.37 13.37 13.37 41.54 41.54 41.54 38.66 38.66 38.66 38.66 38.66 38.51 38.51 38.51 47.63 34.67 34.67 34.63 34.67 0.00 0.00 0.00 0.00 0.00 0.00 0.00 0.00 0.00 0.00 0.00 0.00 0.00
38.19 40.24 38.19 20.33 46.17 46.17 38.19 14.06 14.07 14.07 14.07 14.07 12.20 12.20 12.20 12.20 12.20 12.20 12.20 12.20 36.59 12.20 12.20 12.20 12.20 12.20 12.20 12.20 11.32 11.32 11.32 11.32 11.32 11.32 11.32 11.32 11.32 11.32 11.32 11.32 11.32 11.32 11.32 11.32 13.32 13.32 13.32 13.32 13.32 13.32 13.32 13.32 13.32 13.32 13.32 38.54 38.54 13.32 13.32 13.32 13.48 38.91 38.91 48.08 48.08 34.94 34.94 34.94 34.94 34.94 34.94 34.94 0.00 0.00 0.00 0.00 0.00 0.00 0.00 0.00 0.00
38.19 40.24 40.24 46.17 46.17 46.17 46.17 14.06 14.07 14.07 14.07 14.07 12.20 12.20 12.20 12.20 12.20 12.20 12.20 12.20 12.20 12.20 12.20 12.20 12.20 12.20 12.20 12.20 11.32 11.32 11.32 11.32 11.32 11.32 11.32 11.32 11.32 11.32 11.32 11.32 11.32 11.32 11.32 11.32 13.32 13.32 13.32 13.32 13.32 13.32 13.32 13.32 13.32 13.32 13.32 13.32 13.32 13.32 13.32 13.32 13.48 13.48 13.48 48.08 19.48 48.08 34.94 34.94 34.94 13.47 13.47 14.42 49.52 0.00 0.00 0.00 0.00 0.00 0.00 0.00 0.00
46.17 46.17 46.76 46.18 46.17 14.06 40.24 14.06 40.68 14.07 14.07 14.07 12.20 12.20 12.20 12.20 12.20 12.20 12.20 12.20 12.20 12.20 12.20 12.20 12.20 12.20 12.20 12.20 11.32 11.32 11.32 11.32 11.32 11.32 11.32 11.32 11.32 11.32 11.32 11.32 11.32 11.32 11.32 11.32 13.32 13.32 13.32 13.32 13.32 13.32 13.32 13.32 13.32 13.32 13.32 13.32 13.32 13.32 13.32 13.32 13.48 13.48 38.91 49.52 41.47 48.08 34.94 34.94 13.47 13.48 13.48 13.48 35.02 48.49 34.85 1.05 0.00 0.00 0.00 0.00 0.00
38.54 40.68 46.76 46.17 40.68 14.07 14.07 14.07 38.56 14.07 14.07 14.07 12.20 12.20 12.20 12.20 12.20 12.20 12.20 12.20 12.20 12.20 12.20 12.20 12.20 12.20 12.20 12.20 11.32 11.32 11.32 11.32 11.32 11.32 11.32 11.32 11.32 11.32 11.32 11.32 11.32 11.32 11.32 11.32 13.32 13.32 13.32 13.32 13.32 13.32 13.32 13.32 13.32 13.32 13.32 13.32 13.32 13.32 13.32 13.32 13.48 38.91 38.91 49.52 41.47 34.94 14.42 48.08 13.48 13.48 13.48 13.48 13.48 13.48 13.48 13.48 0.00 0.00 0.00 0.00 0.00
40.68 40.68 38.54 46.17 14.07 14.07 14.07 14.07 14.07 14.07 14.07 14.07 12.20 12.20 12.20 12.20 12.20 12.20 12.20 12.20 12.20 12.20 12.20 12.20 12.20 12.20 12.20 12.20 11.32 11.32 11.32 11.32 11.32 11.32 11.32 11.32 11.32 11.32 11.32 11.32 11.32 11.32 11.32 11.32 13.32 13.32 13.32 13.32 13.32 13.32 13.32 13.32 13.32 13.32 13.32 13.32 13.32 13.32 13.32 13.32 13.48 41.75 41.75 41.75 48.08 38.76 38.76 38.76 13.48 13.48 13.48 13.48 13.48 13.48 13.48 13.48 0.00 0.00 0.00 0.00 0.00
40.68 40.68 38.54 14.07 14.07 14.07 14.07 14.07 14.07 14.07 14.07 14.07 12.20 12.20 12.20 12.20 12.20 12.20 12.20 12.20 12.20 12.20 12.20 12.20 12.20 12.20 12.20 12.20 11.32 11.32 11.32 11.32 11.32 11.32 11.32 11.32 11.32 11.32 11.32 11.32 11.32 11.32 11.32 11.32 13.32 13.32 13.32 13.32 13.32 13.32 13.32 13.32 13.32 13.32 13.32 13.32 13.32 13.32 13.32 13.32 38.91 38.91 19.54 41.75 38.76 38.76 38.76 38.76 13.48 13.48 13.48 38.91 41.75 13.48 38.91 13.48 0.00 0.00 0.00 0.00 0.00
40.70 40.68 40.68 14.07 14.07 14.07 14.07 14.07 14.07 14.07 14.07 14.07 12.20 12.20 12.20 12.20 12.20 12.20 12.20 12.20 12.20 12.20 12.20 12.20 12.20 12.20 12.20 12.20 11.32 11.32 11.32 11.32 11.32 11.32 11.32 11.32 11.32 11.32 11.32 11.32 11.32 11.32 11.32 11.32 13.32 13.32 13.32 13.32 13.32 13.32 13.32 13.32 40.25 38.54 19.33 13.32 13.32 13.32 13.32 13.32 13.48 38.91 13.48 13.48 13.48 13.48 13.48 13.48 13.48 13.48 13.48 38.91 41.75 35.02 0.00 0.00 0.00 0.00 0.00 0.00 0.00
14.07 14.07 40.68 14.07 14.07 14.07 14.07 14.07 14.07 14.07 14.07 14.07 12.20 12.20 12.20 12.20 12.20 12.20 12.20 12.20 12.20 12.20 12.20 12.20 12.20 12.20 12.20 12.20 11.32 11.32 11.32 11.32 11.32 11.32 11.32 11.32 11.32 11.32 11.32 11.32 11.32 11.32 11.32 11.32 13.32 13.32 13.32 13.32 13.32 13.32 13.32 13.32 41.48 13.32 19.33 13.32 13.32 13.32 13.32 13.32 13.48 13.48 13.48 13.48 13.48 13.48 13.48 38.91 38.91 38.91 38.91 38.91 0.00 0.00 0.00 0.00 0.00 0.00 0.00 0.00 0.00
14.07 14.07 14.07 14.07 14.07 14.07 14.07 14.07 14.07 14.07 14.07 14.07 12.20 12.20 12.20 12.20 12.20 12.20 12.20 12.20 12.20 12.20 12.20 12.20 12.20 12.20 12.20 12.20 11.32 11.32 11.32 11.32 11.32 11.32 11.32 11.32 11.32 11.32 11.32 42.33 16.56 11.32 11.32 11.32 13.32 13.32 13.32 13.32 13.32 13.32 13.32 13.32 41.48 19.33 13.32 13.32 13.32 13.32 13.32 13.32 13.48 13.48 13.48 13.48 13.48 38.91 38.91 38.91 38.91 13.48 13.48 1.13 0.00 0.00 0.00 0.00 0.00 0.00 0.00 0.00 0.00
14.06 14.06 14.06 14.06 14.06 14.06 14.06 14.06 14.06 14.06 14.06 14.06 12.20 12.20 12.20 12.20 12.20 12.20 12.20 12.20 12.20 12.20 12.20 12.20 12.20 12.20 12.20 12.20 11.32 11.32 11.32 11.32 11.32 11.32 11.32 11.32 11.32 11.32 11.32 42.33 42.33 11.32 11.32 11.32 13.32 13.32 13.32 13.32 13.32 13.32 38.54 13.32 13.32 41.48 13.32 13.32 38.54 38.54 13.32 13.32 13.48 13.48 13.48 13.48 13.48 38.91 48.49 34.94 34.94 34.94 0.00 0.00 0.00 0.00 0.00 0.00 0.00 0.00 0.00 0.00 0.00
14.06 14.06 14.06 14.06 14.06 14.06 14.06 14.06 14.06 14.06 14.06 14.06 12.20 12.20 12.20 12.20 12.20 12.20 12.20 12.20 12.20 12.20 12.20 12.20 12.20 12.20 12.20 12.20 11.32 11.32 11.32 11.32 11.32 11.32 11.32 11.32 11.32 11.32 11.32 42.33 42.33 11.32 11.32 11.32 13.32 13.32 13.32 13.32 13.32 13.32 38.54 38.54 13.32 13.32 13.32 13.32 38.42 41.24 13.32 13.32 13.48 41.75 38.91 13.48 38.91 35.02 14.42 14.42 34.94 34.94 0.00 0.00 0.00 0.00 0.00 0.00 0.00 0.00 0.00 0.00 0.00
14.06 14.06 14.06 14.06 14.06 14.06 14.06 14.06 14.06 14.06 14.06 14.06 12.20 12.20 12.20 12.20 12.20 12.20 12.20 12.20 12.20 12.20 12.20 12.20 12.20 12.20 12.20 12.20 11.32 11.32 11.32 11.32 11.32 11.32 11.32 11.32 11.32 11.32 11.32 42.33 42.33 42.16 42.16 42.16 13.32 41.24 13.32 13.32 13.32 13.32 13.32 41.48 41.24 13.32 13.32 13.32 47.91 47.91 13.32 13.32 38.91 41.75 38.91 38.76 48.08 49.52 34.94 48.08 0.32 0.00 0.00 0.00 0.00 0.00 0.00 0.00 0.00 0.00 0.00 0.00 0.00
14.06 14.06 14.06 14.06 14.06 14.06 14.06 14.06 14.06 14.06 14.06 14.06 12.20 12.20 12.20 12.20 12.20 12.20 12.20 12.20 12.20 12.20 12.20 12.20 12.20 12.20 12.20 12.20 11.32 11.32 11.32 11.32 11.32 11.32 11.32 11.32 11.32 11.32 11.32 11.32 11.32 11.32 11.32 11.32 47.91 47.91 13.32 13.32 13.32 13.32 38.54 47.91 47.91 38.42 38.54 13.32 34.93 49.20 13.32 13.32 38.91 38.91 38.76 48.08 0.00 0.00 0.00 0.00 0.00 0.00 0.00 0.00 0.00 0.00 0.00 0.00 0.00 0.00 0.00 0.00 0.00
14.06 14.06 14.06 14.06 14.06 14.06 14.06 14.06 14.06 14.06 14.06 14.06 12.20 12.20 12.20 12.20 12.20 12.20 12.20 12.20 12.20 12.20 12.20 12.20 12.20 12.20 12.20 12.20 11.32 11.32 11.32 11.32 11.32 11.32 11.32 11.32 11.32 11.32 11.32 11.32 11.32 11.32 11.32 33.15 34.93 34.93 13.32 13.32 34.93 34.93 34.93 47.91 14.37 34.93 34.93 13.32 14.37 47.91 49.20 13.32 13.48 48.08 48.08 0.00 0.00 0.00 0.00 0.00 0.00 0.00 0.00 0.00 0.00 0.00 0.00 0.00 0.00 0.00 0.00 0.00 0.00
14.06 14.06 14.06 14.06 14.06 14.06 14.06 14.06 14.06 14.06 14.06 14.06 12.20 12.20 37.20 37.20 12.20 12.20 12.20 12.20 12.20 12.20 12.20 12.20 12.20 12.20 12.20 12.20 11.32 11.32 11.32 11.32 11.32 11.32 11.32 11.32 11.32 11.32 11.32 11.32 11.32 11.32 11.32 11.32 47.91 47.91 34.93 47.91 47.91 47.91 47.91 49.20 34.93 34.93 34.93 34.93 34.93 47.91 34.93 34.93 34.94 48.08 0.00 0.00 0.00 0.00 0.00 0.00 0.00 0.00 0.00 0.00 0.00 0.00 0.00 0.00 0.00 0.00 0.00 0.00 0.00
14.06 14.06 14.06 14.06 14.06 14.06 14.06 14.06 14.06 14.06 14.06 14.06 12.20 12.20 12.20 37.20 37.20 12.20 12.20 12.20 12.20 12.20 12.20 12.20 12.20 12.20 12.20 12.20 11.32 11.32 11.32 11.32 11.32 11.32 11.32 11.32 11.32 11.32 11.32 11.32 11.32 11.32 11.32 11.32 13.32 13.32 49.20 14.37 47.92 47.91 47.91 47.91 34.93 34.93 34.93 34.93 34.93 49.20 34.93 34.93 49.52 0.00 0.00 0.00 0.00 0.00 0.00 0.00 0.00 0.00 0.00 0.00 0.00 0.00 0.00 0.00 0.00 0.00 0.00 0.00 0.00
11.33 11.33 11.33 11.33 11.33 11.33 11.33 11.33 11.33 11.33 11.33 11.33 11.42 11.42 11.42 11.42 11.42 11.42 35.33 35.33 16.73 11.42 11.42 11.42 11.42 11.42 11.42 11.42 9.41 9.41 9.41 9.41 9.41 9.41 9.41 9.41 9.41 9.41 9.41 9.41 9.41 9.41 9.41 9.41 11.89 11.89 11.89 11.89 37.62 11.89 11.89 37.46 32.50 32.50 32.34 32.50 44.68 43.77 43.77 32.50 0.00 0.00 0.00 0.00 0.00 0.00 0.00 0.00 0.00 0.00 0.00 0.00 0.00 0.00 0.00 0.00 0.00 0.00 0.00 0.00 0.00
11.33 11.33 11.33 11.33 11.33 11.33 11.33 11.33 11.33 11.33 11.33 11.33 11.42 11.42 11.42 35.33 35.33 35.33 35.33 35.33 35.33 35.33 11.42 11.42 11.42 11.42 11.42 11.42 9.41 9.41 9.41 9.41 9.41 9.41 9.41 9.41 9.41 9.41 9.41 9.41 9.41 9.41 9.41 9.41 11.89 11.89 11.89 11.89 11.89 11.89 11.89 11.89 11.89 43.77 43.77 32.50 43.77 43.77 32.50 32.50 0.00 0.00 0.00 0.00 0.00 0.00 0.00 0.00 0.00 0.00 0.00 0.00 0.00 0.00 0.00 0.00 0.00 0.00 0.00 0.00 0.00
