New_Model_Runs/5_FutureClimate_BASE_out/post_prcessed_with_MFR/interception_annual.asc
NCOLS 700
NROWS 400
XLLCENTER 515000.000000
YLLCENTER 8409000.000000
CELLSIZE 50.000000
NODATA_value -999.000000
[rows 108 to 143 of 400, columns 405 to 485 of 700]
15.56 15.54 15.54 15.32 15.32 15.32 15.32 15.68 15.68 15.68 15.68 16.85 16.85 16.85 16.85 17.82 17.82 17.82 17.82 17.59 15.69 15.69 15.69 15.44 15.44 15.44 15.44 15.90 15.90 15.90 15.90 14.85 14.85 14.85 14.85 12.31 12.31 12.31 12.31 0.00 0.00 0.00 0.00 0.00 0.00 0.00 0.00 0.00 0.00 0.00 9.05 0.00 11.10 11.10 11.10 12.63 12.63 12.63 12.63 13.57 13.57 13.57 13.57 14.24 14.24 14.24 14.24 13.05 13.05 13.05 13.05 10.60 10.60 10.60 10.60 0.00 0.00 0.00 8.76 0.00 10.36
15.56 15.56 15.54 15.32 15.32 15.32 11.04 11.42 11.42 11.42 11.42 12.62 12.62 12.62 12.62 13.63 13.63 13.63 13.63 13.40 15.69 15.69 15.69 15.44 15.44 15.44 15.44 15.90 15.90 15.90 15.90 14.85 14.85 14.85 14.85 12.31 12.31 12.31 12.31 0.00 0.00 0.00 0.00 0.00 0.00 0.00 0.00 0.00 0.00 0.00 0.00 0.00 0.00 11.10 11.10 12.63 12.63 12.63 12.63 13.57 13.57 13.57 13.57 14.24 14.24 14.24 14.24 13.05 13.05 13.05 13.05 10.60 10.60 10.60 0.00 0.00 0.00 0.00 0.00 0.00 10.36
15.56 15.56 15.56 11.04 11.04 11.04 11.04 11.42 11.42 11.42 11.42 12.62 12.62 12.62 12.62 13.63 13.63 13.63 13.63 13.40 13.40 15.69 15.69 15.44 15.44 15.44 15.44 15.90 15.90 15.90 15.90 14.85 14.85 14.85 14.85 12.31 12.31 12.31 12.31 11.45 0.00 0.00 0.00 0.00 0.00 0.00 0.00 0.00 0.00 0.00 0.00 0.00 0.00 11.10 11.10 12.63 12.63 12.63 12.63 13.57 13.57 13.57 13.57 14.24 14.24 14.24 14.24 13.05 13.05 13.05 13.05 10.60 10.60 0.00 0.00 0.00 0.00 8.76 0.00 0.00 0.00
15.56 15.56 11.27 11.04 11.04 11.04 11.04 11.42 11.42 11.42 11.42 12.62 12.62 12.62 12.62 13.63 13.63 13.63 13.63 13.40 13.40 15.69 15.69 15.44 15.44 15.44 15.44 15.90 15.90 15.90 15.90 14.85 14.85 14.85 14.85 12.31 12.31 12.31 12.31 11.45 0.00 0.00 0.00 0.00 0.00 0.00 0.00 0.00 0.00 0.00 10.35 11.10 0.00 11.10 11.10 12.63 12.63 12.63 12.63 13.57 13.57 13.57 13.57 14.24 14.24 14.24 14.24 13.05 13.05 13.05 13.05 10.60 10.60 0.00 0.00 0.00 0.00 0.00 0.00 0.00 0.00
16.84 16.84 12.59 12.35 12.35 12.35 12.35 12.79 12.79 12.79 12.79 13.88 13.88 13.88 13.88 14.07 14.07 14.07 14.07 13.53 13.53 13.53 15.82 15.93 15.93 15.93 15.93 15.47 15.47 15.47 15.47 13.49 13.49 13.49 13.49 11.60 11.60 11.60 11.60 11.34 11.34 0.00 0.00 0.00 0.00 0.00 0.00 10.51 0.00 10.51 10.51 11.18 11.18 11.18 11.18 12.44 12.44 12.44 12.44 13.74 13.74 13.74 13.74 13.66 13.66 13.66 13.66 11.49 11.49 11.49 11.49 9.93 9.93 0.00 0.00 0.00 0.00 0.00 8.69 0.00 0.00
16.84 16.84 12.59 12.35 12.35 12.35 12.35 12.79 12.79 12.79 12.79 13.88 13.88 13.88 13.88 14.07 14.07 14.07 14.07 13.53 13.53 13.53 15.82 15.93 15.93 15.93 15.93 15.47 15.47 15.47 15.47 13.49 13.49 13.49 13.49 11.60 11.60 11.60 0.00 11.34 11.34 0.00 0.00 0.00 0.00 0.00 0.00 10.51 10.51 10.51 10.51 11.18 11.18 11.18 11.18 12.44 12.44 12.44 12.44 13.74 13.74 13.74 13.74 13.66 13.66 13.66 13.66 11.49 11.49 11.49 11.49 9.93 0.00 0.00 0.00 0.00 8.69 8.69 9.75 0.00 0.00
16.67 16.67 12.45 12.22 12.22 12.22 12.22 12.65 12.65 12.65 12.65 10.47 13.75 13.75 13.75 13.93 13.93 13.93 13.93 13.40 13.40 13.40 15.69 15.80 15.80 15.80 15.80 15.42 15.42 15.42 15.42 13.46 13.46 13.46 13.46 11.58 11.58 0.00 0.00 11.33 11.33 0.00 0.00 0.00 0.00 0.00 0.00 0.00 0.00 10.61 10.61 11.31 11.31 11.31 11.31 12.62 12.62 12.62 12.62 14.20 14.20 14.20 14.20 14.11 14.11 14.11 14.11 11.77 11.77 11.77 11.77 10.09 0.00 0.00 0.00 8.80 8.80 9.88 9.88 10.32 0.00
16.67 12.45 12.45 12.22 12.22 12.22 12.22 12.65 12.65 12.65 12.65 13.75 13.75 13.75 13.75 13.93 13.93 13.93 13.93 13.40 13.40 13.40 13.40 15.80 15.80 15.80 15.80 15.42 15.42 15.42 15.42 13.46 13.46 13.46 13.46 11.58 11.58 11.58 11.58 11.33 0.00 0.00 11.33 0.00 0.00 0.00 0.00 10.61 10.61 0.00 10.61 11.31 11.31 11.31 11.31 12.62 12.62 12.62 12.62 14.20 14.20 14.20 14.20 14.11 14.11 14.11 14.11 11.77 11.77 11.77 11.77 0.00 0.00 0.00 0.00 0.00 9.88 9.88 9.88 10.32 0.00
16.76 12.55 12.55 13.09 13.09 13.09 13.09 10.46 13.74 13.74 13.74 13.29 13.29 13.29 13.29 12.06 12.06 12.06 12.06 11.53 11.53 11.53 11.53 14.43 14.43 14.43 14.43 14.37 14.37 14.37 14.37 13.67 13.67 13.67 13.67 12.40 12.40 12.40 12.40 12.13 12.13 12.13 12.13 12.06 12.06 0.00 0.00 0.00 0.00 0.00 10.55 10.95 10.95 10.95 10.95 12.04 12.04 12.04 12.04 13.70 13.70 13.70 13.70 13.87 13.87 13.87 13.87 12.02 12.02 12.02 12.02 10.62 0.00 0.00 0.00 0.00 0.00 10.35 10.35 11.00 11.00
16.76 12.55 12.55 13.09 13.09 13.09 13.09 13.74 13.74 13.74 13.74 13.29 13.29 13.29 13.29 12.06 12.06 12.06 12.06 11.53 11.53 11.53 11.53 12.12 14.43 14.43 14.43 14.37 14.37 14.37 14.37 13.67 13.67 13.67 13.67 12.40 12.40 12.40 12.40 12.13 12.13 12.13 0.00 12.06 0.00 0.00 0.00 0.00 0.00 10.55 10.55 0.00 10.95 10.95 10.95 12.04 12.04 12.04 12.04 13.70 13.70 13.70 13.70 13.87 13.87 13.87 13.87 12.02 12.02 12.02 12.02 10.62 10.62 10.62 10.62 10.35 10.35 9.04 10.35 11.00 11.00
16.76 12.55 12.55 13.09 13.09 13.09 13.09 13.74 13.74 13.74 13.74 13.29 13.29 13.29 13.29 12.06 12.06 12.06 12.06 11.53 11.53 11.53 11.53 12.12 14.43 14.43 14.43 14.37 14.37 14.37 14.37 13.67 13.67 13.67 13.67 12.40 12.40 12.40 12.40 12.13 12.13 12.13 12.13 0.00 0.00 0.00 0.00 0.00 10.55 10.55 10.55 10.95 10.95 10.95 10.95 12.04 12.04 12.04 12.04 13.70 13.70 13.70 13.70 13.87 13.87 13.87 13.87 12.02 12.02 12.02 12.02 10.62 10.62 10.62 10.62 10.35 10.35 9.04 10.35 11.00 11.00
16.76 12.55 12.55 13.09 13.09 13.09 13.09 13.74 13.74 13.74 13.74 13.29 13.29 13.29 13.29 12.06 12.06 12.06 12.06 11.53 11.53 11.53 11.53 12.12 14.43 14.43 14.43 14.37 14.37 14.37 14.37 13.67 13.67 13.67 13.67 12.40 12.40 12.40 12.40 12.13 12.13 12.13 12.13 12.06 10.63 10.63 10.63 10.55 0.00 10.55 10.55 10.95 10.95 10.95 10.95 12.04 12.04 12.04 12.04 13.70 13.70 13.70 13.70 13.87 13.87 13.87 13.87 12.02 12.02 12.02 12.02 10.62 10.62 10.62 10.62 10.35 10.35 10.35 10.35 11.00 11.00
11.14 11.14 11.14 12.38 12.38 12.38 12.38 12.31 12.31 12.31 12.31 10.47 10.47 10.47 10.47 9.40 9.40 9.40 9.40 9.50 9.50 9.50 9.50 9.95 9.95 12.30 12.30 12.90 12.90 12.90 12.90 13.84 13.84 13.84 13.84 13.99 13.99 13.99 13.99 13.04 13.04 13.04 13.04 12.25 10.82 10.82 10.82 0.00 0.00 10.55 10.55 11.24 11.24 11.24 11.24 12.35 12.35 12.35 12.35 13.29 13.29 13.29 13.29 13.38 13.38 13.38 13.38 12.74 12.74 12.74 12.74 12.02 12.02 12.02 12.02 11.51 11.51 11.51 11.51 12.49 12.49
11.14 11.14 11.14 12.38 12.38 12.38 12.38 12.31 12.31 12.31 12.31 10.47 10.47 10.47 10.47 9.40 9.40 9.40 9.40 9.50 9.50 9.50 9.50 9.95 9.95 12.30 12.30 12.90 12.90 12.90 12.90 13.84 13.84 13.84 13.84 13.99 13.99 13.99 13.99 13.04 13.04 13.04 13.04 12.25 10.82 10.82 0.00 0.00 0.00 10.55 10.55 11.24 11.24 11.24 11.24 12.35 12.35 12.35 12.35 13.29 13.29 13.29 13.29 13.38 13.38 13.38 13.38 12.74 12.74 12.74 12.74 12.02 12.02 12.02 12.02 11.51 11.51 11.51 11.51 12.49 12.49
11.14 11.14 11.14 12.38 12.38 12.38 12.38 12.31 12.31 12.31 12.31 10.47 10.47 10.47 10.47 9.40 9.40 9.40 9.40 9.50 9.50 9.50 8.33 9.95 9.95 9.95 12.30 12.90 12.90 12.90 12.90 13.84 13.84 13.84 13.84 13.99 13.99 13.99 13.99 13.04 13.04 13.04 13.04 12.25 10.82 0.00 0.00 0.00 10.55 10.55 10.55 11.24 11.24 11.24 11.24 12.35 12.35 12.35 12.35 13.29 13.29 13.29 13.29 13.38 13.38 13.38 13.38 12.74 12.74 12.74 12.74 12.02 12.02 12.02 12.02 11.51 11.51 11.51 11.51 12.49 12.49
11.14 11.14 11.14 12.38 12.38 12.38 12.38 12.31 12.31 12.31 12.31 10.47 10.47 10.47 10.47 9.40 9.40 9.40 9.40 9.50 9.50 9.50 9.50 9.95 9.95 9.95 12.30 12.90 12.90 12.90 12.90 13.84 13.84 13.84 13.84 13.99 13.99 13.99 13.99 13.04 13.04 13.04 13.04 12.25 10.82 10.82 0.00 0.00 0.00 10.55 0.00 11.24 11.24 11.24 11.24 12.35 12.35 12.35 12.35 13.29 13.29 13.29 13.29 13.38 13.38 13.38 13.38 12.74 12.74 12.74 12.74 12.02 12.02 12.02 12.02 11.51 11.51 11.51 11.51 12.49 12.49
10.45 10.45 10.45 11.14 11.14 11.14 11.14 10.75 10.75 10.75 10.75 9.60 9.60 9.60 9.60 8.78 8.78 0.00 8.78 8.57 8.57 8.57 8.57 0.00 0.00 0.00 8.70 11.52 11.52 11.52 11.52 12.47 12.47 12.47 12.47 14.04 14.04 0.00 14.04 14.11 14.11 14.11 14.11 13.03 11.61 11.61 0.00 0.00 0.00 0.00 0.00 11.52 11.52 11.52 11.52 12.13 12.13 12.13 12.13 12.56 12.56 12.56 12.56 13.19 13.19 13.19 13.19 13.49 13.49 13.49 13.49 13.14 13.14 13.14 13.14 13.23 13.23 13.23 13.23 14.20 14.20
10.45 10.45 10.45 11.14 11.14 11.14 11.14 10.75 10.75 10.75 10.75 9.60 9.60 9.60 9.60 0.00 0.00 8.78 0.00 8.57 0.00 8.57 0.00 0.00 0.00 0.00 0.00 11.52 11.52 11.52 11.52 0.00 12.47 12.47 0.00 11.36 14.04 14.04 14.04 14.11 14.11 14.11 14.11 13.03 11.61 11.61 11.61 0.00 0.00 0.00 0.00 11.52 11.52 11.52 11.52 12.13 12.13 12.13 12.13 12.56 12.56 12.56 12.56 13.19 13.19 13.19 13.19 13.49 13.49 13.49 13.49 13.14 13.14 13.14 13.14 13.23 13.23 13.23 13.23 14.20 14.20
10.45 10.45 10.45 11.14 11.14 11.14 11.14 10.75 10.75 10.75 10.75 9.60 9.60 0.00 0.00 0.00 0.00 0.00 0.00 0.00 0.00 8.57 8.57 0.00 0.00 0.00 0.00 0.00 0.00 0.00 0.00 0.00 12.47 0.00 0.00 14.04 14.04 14.04 14.04 14.11 14.11 14.11 14.11 13.03 11.61 11.61 11.61 11.12 0.00 0.00 0.00 11.52 11.52 11.52 11.52 12.13 12.13 12.13 12.13 12.56 12.56 12.56 12.56 13.19 13.19 13.19 13.19 13.49 13.49 13.49 13.49 13.14 13.14 13.14 13.14 13.23 13.23 13.23 13.23 14.20 14.20
10.45 10.45 10.45 11.14 11.14 11.14 11.14 10.75 10.75 10.75 10.75 9.60 9.60 0.00 0.00 0.00 0.00 0.00 0.00 0.00 0.00 0.00 0.00 0.00 0.00 0.00 0.00 0.00 0.00 0.00 11.52 12.47 12.47 12.47 0.00 0.00 14.04 14.04 14.04 14.11 14.11 14.11 14.11 13.03 11.61 11.61 11.61 11.12 11.12 11.12 0.00 0.00 11.52 11.52 11.52 12.13 12.13 12.13 12.13 12.56 12.56 12.56 12.56 13.19 13.19 13.19 13.19 13.49 13.49 13.49 13.49 13.14 13.14 13.14 13.14 13.23 13.23 13.23 13.23 14.20 14.20
10.18 10.18 10.18 10.37 10.37 10.37 10.37 10.02 0.00 0.00 0.00 9.35 0.00 9.35 0.00 8.83 0.00 0.00 0.00 0.00 0.00 0.00 0.00 0.00 0.00 0.00 0.00 0.00 0.00 11.29 11.29 12.01 12.01 0.00 0.00 0.00 11.13 11.13 13.58 14.84 14.84 0.00 14.84 14.39 12.99 12.99 12.99 11.59 11.59 11.59 0.00 11.29 11.29 11.29 11.29 11.60 11.60 11.60 9.70 12.17 12.17 12.17 12.17 13.08 13.08 13.08 13.08 14.01 14.01 14.01 14.01 14.33 14.33 14.33 14.33 14.19 14.19 14.19 14.19 13.76 13.76
0.00 0.00 10.18 0.00 0.00 10.37 10.37 10.02 0.00 0.00 0.00 9.35 0.00 0.00 0.00 0.00 0.00 0.00 0.00 0.00 0.00 0.00 0.00 0.00 0.00 0.00 0.00 0.00 0.00 11.29 11.29 12.01 12.01 0.00 0.00 0.00 11.13 13.58 13.58 14.84 0.00 0.00 0.00 12.99 12.99 12.99 12.99 11.59 11.59 11.59 11.59 0.00 0.00 11.29 11.29 11.60 11.60 11.60 11.60 12.17 12.17 12.17 12.17 13.08 13.08 13.08 13.08 14.01 14.01 14.01 14.01 14.33 14.33 14.33 14.33 14.19 14.19 14.19 14.19 13.76 13.76
0.00 0.00 0.00 10.27 10.27 0.00 8.69 0.00 8.52 9.93 9.93 9.29 0.00 0.00 0.00 0.00 0.00 0.00 0.00 0.00 0.00 0.00 0.00 0.00 0.00 0.00 0.00 0.00 8.88 11.24 11.24 11.95 11.95 0.00 11.95 0.00 13.49 13.49 13.49 0.00 0.00 0.00 0.00 0.00 13.07 13.07 13.07 11.65 11.65 11.65 11.65 11.35 11.35 11.35 11.35 11.66 11.66 11.66 11.66 12.32 12.32 12.32 12.32 13.26 13.26 13.26 13.26 14.22 14.22 14.22 14.22 14.55 14.55 14.55 14.55 14.20 14.20 14.20 14.20 13.77 13.77
0.00 0.00 0.00 0.00 0.00 0.00 0.00 0.00 0.00 0.00 0.00 0.00 0.00 0.00 0.00 0.00 0.00 0.00 0.00 0.00 0.00 0.00 0.00 0.00 0.00 0.00 8.55 0.00 8.88 0.00 0.00 11.95 11.95 11.95 11.95 13.49 13.49 13.49 13.49 0.00 0.00 0.00 0.00 0.00 13.07 13.07 13.07 11.65 11.65 11.65 11.65 11.35 11.35 11.35 11.35 11.66 11.66 11.66 11.66 12.32 12.32 12.32 12.32 13.26 13.26 13.26 13.26 14.22 14.22 14.22 14.22 14.55 14.55 14.55 14.55 14.20 14.20 14.20 14.20 13.77 13.77
0.00 0.00 0.00 0.00 0.00 0.00 0.00 0.00 0.00 0.00 0.00 0.00 0.00 0.00 0.00 0.00 0.00 0.00 0.00 0.00 0.00 0.00 0.00 0.00 0.00 0.00 8.76 9.20 9.20 0.00 0.00 12.57 12.57 12.57 12.57 14.27 14.27 14.27 14.27 0.00 0.00 0.00 0.00 0.00 14.08 14.08 14.08 12.58 12.58 12.58 12.58 12.52 12.52 12.52 12.52 12.39 12.39 12.39 12.39 12.94 12.94 12.94 12.94 13.68 13.68 13.68 13.68 14.51 14.51 14.51 14.51 14.66 14.66 14.66 14.66 13.46 13.46 13.46 13.46 12.81 12.81
0.00 0.00 0.00 0.00 0.00 0.00 0.00 0.00 0.00 0.00 0.00 0.00 0.00 0.00 0.00 0.00 0.00 0.00 0.00 0.00 0.00 0.00 0.00 0.00 8.76 8.76 8.76 0.00 9.20 9.20 11.56 12.57 12.57 12.57 12.57 14.27 14.27 14.27 14.27 0.00 0.00 0.00 0.00 0.00 14.08 14.08 14.08 12.58 12.58 12.58 12.58 12.52 12.52 12.52 12.52 12.39 12.39 12.39 12.39 12.94 12.94 12.94 12.94 13.68 13.68 13.68 13.68 14.51 14.51 14.51 14.51 14.66 14.66 14.66 14.66 13.46 13.46 13.46 13.46 12.81 12.81
0.00 0.00 0.00 0.00 0.00 0.00 0.00 0.00 0.00 0.00 0.00 0.00 0.00 0.00 0.00 0.00 0.00 0.00 0.00 0.00 0.00 0.00 0.00 0.00 8.76 8.76 8.76 9.20 9.20 9.20 9.20 12.57 12.57 12.57 12.57 14.27 14.27 14.27 14.27 0.00 0.00 0.00 0.00 0.00 0.00 14.08 14.08 12.58 12.58 12.58 12.58 12.52 12.52 12.52 12.52 12.39 12.39 12.39 12.39 12.94 12.94 12.94 12.94 13.68 13.68 13.68 13.68 14.51 14.51 14.51 14.51 14.66 14.66 14.66 14.66 13.46 13.46 13.46 13.46 12.81 12.81
0.00 0.00 0.00 0.00 0.00 0.00 0.00 0.00 0.00 0.00 0.00 0.00 0.00 0.00 0.00 0.00 0.00 0.00 0.00 0.00 0.00 0.00 0.00 0.00 8.76 8.76 8.76 9.20 9.20 9.20 9.20 12.57 12.57 12.57 12.57 14.27 14.27 0.00 0.00 0.00 0.00 0.00 0.00 0.00 0.00 14.08 14.08 0.00 12.58 12.58 0.00 0.00 0.00 12.52 12.52 12.39 12.39 12.39 12.39 12.94 12.94 12.94 12.94 13.68 13.68 13.68 13.68 14.51 14.51 14.51 14.51 14.66 14.66 14.66 14.66 13.46 13.46 13.46 13.46 12.81 12.81
0.00 0.00 0.00 0.00 0.00 0.00 0.00 0.00 0.00 0.00 0.00 0.00 0.00 0.00 0.00 0.00 0.00 0.00 0.00 0.00 0.00 0.00 0.00 9.68 9.68 9.68 9.68 10.47 10.47 10.47 10.47 14.05 14.05 14.05 14.05 15.67 0.00 0.00 0.00 0.00 0.00 0.00 0.00 0.00 0.00 0.00 0.00 0.00 0.00 0.00 0.00 0.00 13.20 13.20 13.20 12.76 12.76 12.76 12.76 13.44 13.44 13.44 13.44 13.80 13.80 13.80 13.80 14.36 14.36 14.36 14.36 14.37 14.37 14.37 14.37 13.44 13.44 13.44 13.44 13.07 13.07
0.00 0.00 0.00 0.00 0.00 0.00 0.00 0.00 0.00 0.00 0.00 0.00 0.00 0.00 0.00 0.00 0.00 0.00 0.00 0.00 0.00 9.17 9.17 9.68 9.68 9.68 9.68 10.47 10.47 10.47 10.47 11.73 14.05 14.05 14.05 15.67 15.67 0.00 0.00 0.00 0.00 0.00 0.00 0.00 0.00 0.00 0.00 0.00 0.00 0.00 0.00 0.00 0.00 0.00 13.20 12.76 12.76 12.76 12.76 13.44 13.44 13.44 13.44 13.80 13.80 13.80 13.80 14.36 14.36 14.36 14.36 14.37 14.37 14.37 14.37 13.44 13.44 13.44 13.44 13.07 13.07
0.00 0.00 0.00 0.00 0.00 0.00 0.00 0.00 0.00 0.00 0.00 0.00 0.00 0.00 0.00 0.00 0.00 0.00 0.00 0.00 0.00 9.17 9.17 9.68 9.68 9.68 9.68 10.47 10.47 10.47 10.47 11.73 14.05 14.05 0.00 0.00 0.00 0.00 0.00 0.00 0.00 0.00 0.00 0.00 0.00 0.00 0.00 0.00 0.00 0.00 0.00 0.00 0.00 0.00 13.20 12.76 12.76 12.76 12.76 13.44 13.44 13.44 13.44 13.80 13.80 13.80 13.80 14.36 14.36 14.36 14.36 14.37 14.37 14.37 14.37 13.44 13.44 13.44 13.44 13.07 13.07
0.00 0.00 0.00 0.00 0.00 0.00 0.00 0.00 0.00 0.00 0.00 0.00 0.00 0.00 0.00 0.00 0.00 0.00 0.00 0.00 9.17 9.17 9.17 9.68 9.68 9.68 9.68 10.47 10.47 10.47 10.47 0.00 0.00 0.00 0.00 0.00 0.00 0.00 0.00 0.00 0.00 0.00 0.00 0.00 0.00 0.00 0.00 0.00 0.00 0.00 0.00 13.20 13.20 13.20 13.20 12.76 12.76 12.76 12.76 13.44 13.44 13.44 13.44 13.80 13.80 13.80 13.80 14.36 14.36 14.36 14.36 14.37 14.37 14.37 14.37 13.44 13.44 13.44 13.44 13.07 13.07
0.00 0.00 0.00 0.00 0.00 0.00 0.00 0.00 0.00 0.00 0.00 0.00 0.00 0.00 0.00 0.00 0.00 0.00 0.00 0.00 9.87 9.87 9.87 10.41 10.41 10.41 10.41 11.61 11.61 11.61 11.61 13.69 13.69 15.97 0.00 0.00 0.00 0.00 0.00 0.00 0.00 0.00 0.00 0.00 0.00 13.71 0.00 0.00 0.00 0.00 13.27 12.85 12.85 12.85 12.85 13.10 13.10 13.10 13.10 13.57 13.57 13.57 13.57 13.80 13.80 13.80 13.80 14.27 14.27 14.27 14.27 14.00 14.00 14.00 14.00 13.79 13.79 13.79 13.79 13.80 13.80
0.00 0.00 0.00 0.00 0.00 0.00 0.00 0.00 0.00 0.00 0.00 0.00 0.00 0.00 0.00 0.00 0.00 0.00 0.00 0.00 9.87 9.87 9.87 10.41 0.00 10.41 10.41 11.61 11.61 11.61 11.61 13.69 13.69 15.97 15.97 16.43 0.00 0.00 16.43 15.34 0.00 0.00 0.00 0.00 0.00 0.00 0.00 0.00 0.00 13.27 13.27 12.85 12.85 12.85 12.85 13.10 13.10 13.10 13.10 13.57 13.57 13.57 13.57 13.80 13.80 13.80 13.80 14.27 14.27 14.27 14.27 14.00 14.00 14.00 14.00 13.79 13.79 13.79 13.79 13.80 13.80
0.00 0.00 0.00 0.00 0.00 0.00 0.00 0.00 0.00 0.00 0.00 0.00 0.00 0.00 0.00 0.00 0.00 0.00 0.00 0.00 9.87 9.87 9.87 0.00 0.00 10.41 10.41 11.61 11.61 11.61 11.61 13.69 13.69 13.69 15.97 16.43 16.43 16.43 16.43 15.34 15.34 0.00 0.00 0.00 0.00 0.00 0.00 0.00 0.00 0.00 13.27 12.85 12.85 12.85 12.85 13.10 13.10 13.10 13.10 13.57 13.57 13.57 13.57 13.80 13.80 13.80 13.80 14.27 14.27 14.27 14.27 14.00 14.00 14.00 14.00 13.79 13.79 13.79 13.79 13.80 13.80
0.00 0.00 0.00 0.00 0.00 0.00 0.00 0.00 0.00 0.00 0.00 0.00 0.00 0.00 0.00 0.00 0.00 0.00 0.00 9.87 9.87 9.87 0.00 0.00 0.00 0.00 0.00 11.61 11.61 11.61 11.61 13.69 13.69 13.69 15.97 16.43 16.43 16.43 16.43 15.34 15.34 15.34 0.00 0.00 0.00 0.00 0.00 0.00 0.00 0.00 0.00 12.85 12.85 12.85 12.85 13.10 13.10 13.10 13.10 13.57 13.57 13.57 13.57 13.80 13.80 13.80 13.80 14.27 14.27 14.27 14.27 14.00 14.00 14.00 14.00 13.79 13.79 13.79 13.79 13.80 13.80
