New_Model_Runs/5_FutureClimate_BASE_out/post_prcessed_with_MFR/net_infiltration_annual.asc
NCOLS 700
NROWS 400
XLLCENTER 515000.000000
YLLCENTER 8409000.000000
CELLSIZE 50.000000
NODATA_value -999.000000
[rows 105 to 139 of 400, columns 400 to 479 of 700]
86.25 86.25 86.25 85.95 85.77 85.77 85.77 91.87 86.21 86.21 60.83 120.06 115.95 85.86 85.86 85.86 84.19 90.34 84.19 84.19 83.36 83.36 89.53 83.36 83.30 83.30 83.30 83.30 84.40 84.40 107.27 86.88 122.57 106.81 106.81 106.81 105.34 105.34 87.98 87.98 89.55 89.55 89.55 89.55 91.05 91.05 91.05 0.00 0.00 0.00 0.00 0.00 0.00 0.00 107.46 96.79 106.27 106.27 87.74 87.74 86.67 94.79 94.79 104.82 96.14 96.14 103.18 96.14 94.64 99.68 94.64 94.64 77.60 77.60 77.60 77.60 96.45 96.45 96.45 96.45
86.25 86.25 93.93 86.25 85.77 85.77 85.77 85.77 86.21 86.21 86.21 103.13 102.68 85.86 85.86 85.86 84.19 84.19 84.19 84.19 89.53 83.36 83.36 83.36 83.30 83.30 83.30 83.30 120.02 98.54 86.88 86.88 89.09 89.09 89.09 106.81 105.34 87.98 87.98 87.98 89.55 89.55 89.55 89.55 91.05 91.05 140.44 72.21 0.00 0.00 0.00 0.00 0.00 48.04 25.74 96.79 108.47 115.78 87.74 87.74 86.67 86.67 86.67 110.03 96.14 101.12 96.14 96.14 94.64 94.64 94.64 94.64 77.60 77.60 93.26 93.26 96.45 96.45 96.45 96.45
86.25 86.25 86.25 86.25 86.76 85.77 85.77 85.77 92.06 86.21 97.42 86.21 102.68 85.86 85.86 85.86 84.19 84.19 84.19 84.19 83.36 83.36 83.36 83.36 83.30 83.30 83.30 85.78 94.25 86.88 86.88 94.25 97.03 89.09 89.09 89.09 87.98 87.98 87.98 87.98 89.55 89.55 89.55 100.88 91.05 95.06 141.85 108.69 80.13 45.38 84.90 73.77 73.77 28.40 100.81 98.15 103.92 87.74 87.74 87.74 86.67 86.67 86.67 104.82 96.14 101.18 96.14 96.14 94.64 94.64 109.67 109.47 77.60 77.60 77.60 93.27 96.45 101.77 96.45 96.45
85.46 85.46 93.05 93.10 85.75 85.75 85.44 85.44 85.68 85.68 85.68 85.68 85.29 85.29 85.29 104.22 84.03 84.03 84.03 84.03 102.52 102.52 82.97 82.97 83.21 85.70 93.66 85.70 85.97 85.97 85.97 85.97 87.59 95.68 87.59 87.59 88.71 88.71 88.71 88.71 90.90 90.90 90.90 90.90 95.06 148.11 98.05 108.92 36.70 34.04 81.76 76.43 28.40 99.45 100.48 108.56 90.65 88.07 88.07 88.07 86.51 86.51 86.51 104.59 94.91 129.77 78.84 94.91 93.97 78.13 86.31 78.13 79.36 79.36 79.36 79.36 81.63 81.63 81.63 98.94
85.46 85.46 93.05 85.46 85.75 85.75 85.75 85.44 85.68 85.68 105.81 86.77 86.39 86.39 86.39 86.39 85.75 85.75 92.27 85.75 84.71 84.71 84.71 84.71 84.95 85.70 93.66 85.70 85.97 85.97 85.97 85.97 95.68 95.68 87.59 87.59 88.71 88.71 88.71 88.71 90.90 90.90 90.90 90.90 95.06 150.78 108.06 102.74 104.10 36.70 33.72 140.72 99.45 96.79 96.79 98.15 90.65 115.03 88.07 88.07 86.51 86.51 86.51 86.51 87.43 78.84 78.84 78.84 78.13 78.13 78.13 78.13 79.36 79.36 79.36 79.36 81.63 81.63 81.63 86.23
93.32 85.46 85.46 93.05 85.75 85.75 85.75 85.75 86.77 86.77 86.77 86.77 86.39 86.39 86.39 86.39 85.75 92.27 85.75 85.75 84.71 84.71 84.71 84.71 84.95 84.95 85.70 85.70 85.97 85.97 93.96 85.97 87.59 95.68 87.59 87.59 88.71 88.71 88.71 88.71 90.90 90.90 90.90 90.90 113.47 78.86 105.40 102.74 106.76 34.04 92.68 155.83 98.15 109.07 96.79 106.54 123.34 98.15 88.07 88.07 86.51 86.51 86.51 86.51 78.84 89.53 78.84 78.84 78.13 78.13 78.13 78.13 79.36 79.36 79.36 79.36 81.63 81.63 84.73 130.11
85.46 85.46 85.46 85.46 85.75 85.75 85.75 86.54 86.77 86.77 93.80 86.77 86.39 100.40 86.39 86.39 85.75 85.75 85.75 85.75 84.71 84.71 84.71 84.71 84.95 84.95 85.70 85.70 85.97 85.97 85.97 85.97 87.59 87.59 87.59 87.59 88.71 88.71 88.71 88.71 90.90 90.90 90.90 93.56 110.81 105.40 143.65 105.40 102.21 90.04 142.17 103.47 100.81 85.21 85.21 107.77 112.09 96.79 106.72 88.07 94.60 86.51 86.51 86.51 78.84 87.07 78.84 78.84 78.13 78.13 78.13 78.13 79.36 79.36 79.36 79.36 81.63 81.63 79.96 130.11
84.26 84.26 84.26 84.26 84.43 84.43 84.43 85.87 86.12 86.12 86.12 92.57 92.06 85.66 85.66 85.66 84.44 84.44 84.44 84.44 84.25 84.25 84.25 84.25 84.81 91.50 84.81 85.56 85.44 85.44 93.37 85.44 88.05 88.05 88.05 88.05 89.68 89.68 89.68 89.68 91.64 91.64 91.64 94.30 110.96 110.96 112.64 137.01 104.10 99.55 143.53 100.81 88.68 90.65 88.68 107.54 106.61 106.61 123.12 87.99 86.70 86.70 86.70 86.70 78.66 78.66 78.66 78.66 78.75 78.75 78.75 78.75 80.70 80.70 80.70 80.70 82.33 82.33 128.95 122.29
84.26 84.26 84.26 84.26 84.43 91.30 84.43 85.87 86.12 86.12 86.12 86.12 85.66 85.66 85.66 85.66 84.44 84.44 84.44 84.44 84.25 84.25 91.52 84.25 84.81 84.81 84.81 85.56 93.92 85.44 100.03 85.44 88.05 88.05 88.05 88.05 89.68 89.68 89.68 89.68 91.64 91.64 91.64 102.74 110.96 110.96 93.81 140.77 96.56 96.56 162.00 111.46 88.68 88.68 88.68 88.68 87.99 87.99 87.99 87.99 86.70 86.70 86.70 86.70 78.66 78.66 78.66 78.66 78.75 78.75 78.75 78.75 80.70 80.70 80.70 97.68 82.33 79.96 122.29 51.37
86.00 92.50 86.00 86.00 86.16 86.16 86.16 88.11 88.36 88.36 94.39 88.36 88.08 88.08 88.08 88.08 90.80 81.85 81.85 81.85 81.66 88.30 81.66 88.42 82.22 82.22 82.22 82.62 82.51 82.51 82.51 82.51 93.66 85.49 85.49 85.49 87.12 87.12 87.12 87.12 89.07 89.07 94.41 94.41 108.11 108.11 94.41 97.07 73.14 93.73 141.94 111.95 96.21 90.20 89.84 89.84 89.15 89.15 89.15 89.15 87.84 87.84 87.84 87.84 85.50 85.50 85.50 85.50 85.60 85.60 85.60 85.60 87.63 87.63 87.63 106.78 109.10 94.96 91.47 105.54
86.00 86.00 86.00 86.00 86.16 92.67 94.12 88.11 88.36 88.36 88.36 88.36 88.08 88.08 88.08 93.77 81.85 81.85 81.85 81.85 81.66 81.66 81.66 81.66 82.22 82.22 82.22 82.22 82.51 82.51 82.51 82.51 85.49 85.49 85.49 85.49 87.12 87.12 87.12 87.12 89.07 107.76 114.30 107.76 108.11 94.41 94.41 110.77 98.82 151.69 133.96 98.87 112.56 119.71 89.23 89.84 89.15 89.15 89.15 89.15 87.84 87.84 87.84 87.84 85.51 85.51 85.51 85.51 85.60 85.60 85.60 94.49 87.63 87.63 87.63 87.63 94.96 94.96 97.62 97.62
86.50 86.50 86.50 86.50 86.07 86.07 88.02 88.02 87.81 87.81 87.81 87.81 97.91 93.79 87.11 87.11 82.34 82.34 82.34 82.34 82.73 82.73 82.73 82.73 83.27 83.27 83.27 83.27 83.97 83.97 83.97 83.97 86.60 86.60 86.60 86.60 86.90 86.90 86.90 86.90 88.22 106.62 106.62 106.62 106.99 106.99 106.99 88.50 89.72 89.72 97.49 67.56 145.53 100.15 97.49 109.97 109.43 89.51 89.51 89.51 88.41 88.41 107.93 107.93 121.30 86.02 86.02 86.02 85.85 85.85 85.85 85.85 95.08 95.58 87.39 106.45 108.38 94.96 94.96 94.96
86.50 86.50 86.50 86.50 86.07 86.07 94.29 88.02 87.81 87.81 87.81 87.81 87.11 87.11 87.11 87.11 82.34 82.34 82.34 82.34 82.73 82.73 82.73 82.73 83.27 83.27 83.27 83.27 82.67 83.97 83.97 83.97 86.60 86.60 86.60 86.60 86.90 86.90 86.90 86.90 88.22 106.62 106.62 88.22 88.50 88.50 88.50 88.70 89.72 90.58 97.49 104.93 145.53 100.15 109.97 109.97 96.21 109.43 109.43 109.43 107.93 107.93 107.93 107.93 104.33 86.02 94.92 86.02 85.85 94.72 85.85 85.85 87.39 87.39 87.39 106.45 108.38 108.38 88.80 88.80
86.50 86.50 86.50 86.50 86.07 86.07 88.02 88.02 87.81 87.81 87.81 87.81 87.11 87.11 87.11 87.11 82.34 82.34 82.34 82.34 82.73 82.73 82.73 82.73 83.27 83.27 83.27 83.27 82.67 83.97 83.97 83.97 86.60 86.60 86.60 86.60 94.93 95.25 86.90 86.90 88.22 88.22 88.22 88.22 88.50 88.50 88.50 88.50 90.58 90.20 96.21 98.87 152.27 112.63 109.97 109.97 109.43 115.26 109.43 115.06 107.93 107.93 107.93 107.93 104.33 86.02 86.02 86.02 85.85 94.72 85.85 85.85 87.39 87.39 95.58 95.58 88.80 88.80 88.80 88.80
86.50 86.50 86.50 86.50 86.07 86.07 88.02 88.02 106.31 106.31 106.31 106.31 87.11 87.11 87.11 87.11 82.34 82.34 82.34 82.34 82.73 82.73 82.73 82.73 83.27 83.27 83.27 83.27 82.67 83.97 83.97 83.97 86.60 86.60 86.60 86.60 86.90 86.90 86.90 86.90 88.22 88.22 88.22 88.22 88.50 96.84 88.50 88.50 89.72 104.84 89.82 109.86 152.69 128.64 109.97 109.97 109.43 109.43 109.43 109.43 88.41 88.41 88.41 88.41 86.02 96.74 94.92 86.02 85.85 85.85 85.85 85.85 87.39 87.39 87.39 87.39 88.80 88.80 88.80 88.80
87.87 87.87 87.87 87.87 87.05 88.93 88.93 88.93 88.19 88.19 107.25 88.19 88.27 88.27 88.27 88.27 84.36 84.36 84.36 84.36 85.45 85.45 85.45 85.45 85.35 85.35 85.35 85.35 84.89 84.89 85.71 85.71 87.70 87.70 87.70 87.70 86.72 86.72 86.72 86.72 86.56 86.56 86.56 86.56 87.55 87.55 87.55 87.55 89.53 89.64 89.64 109.61 141.58 88.58 116.38 109.98 109.03 89.22 89.22 89.22 88.11 88.11 88.11 88.11 86.09 96.61 94.39 86.09 86.00 86.00 86.00 94.30 86.66 86.66 86.66 100.70 87.38 87.38 87.38 87.38
87.87 87.87 87.87 87.87 87.05 88.93 88.93 88.93 88.19 88.19 88.19 88.19 88.27 88.27 88.27 88.27 84.36 84.36 84.36 84.36 85.45 85.45 102.69 85.45 85.35 85.35 85.35 85.35 84.89 84.89 85.71 85.71 87.70 87.70 87.70 87.70 86.72 86.72 86.72 86.72 86.56 86.56 94.87 86.56 87.55 87.55 105.73 105.73 108.32 109.61 109.61 96.21 141.58 98.87 126.10 109.98 126.34 89.22 89.22 89.22 88.11 88.11 88.11 88.11 94.39 94.39 86.09 86.09 86.00 86.00 94.30 86.00 86.66 86.66 86.66 86.66 87.38 95.57 87.38 87.38
104.26 87.87 87.87 87.87 87.05 88.93 88.93 88.93 88.19 88.19 88.19 88.19 88.27 88.27 88.27 88.27 84.36 84.36 84.36 84.36 85.45 85.45 102.69 102.69 85.35 85.35 85.35 93.10 84.89 84.89 84.89 85.71 87.70 87.70 87.70 87.70 86.72 86.72 86.72 86.72 86.56 86.56 86.56 86.56 87.55 105.73 105.73 105.73 108.32 109.61 96.21 104.19 140.21 109.98 109.98 109.98 109.03 89.22 89.22 89.22 88.11 96.39 88.11 88.11 86.09 86.09 86.09 86.09 86.00 94.30 86.00 86.00 86.66 86.66 86.66 86.66 87.38 87.38 87.38 87.38
104.26 104.26 87.87 87.87 87.05 88.93 88.93 88.93 88.19 88.19 88.19 88.19 88.27 88.27 88.27 88.27 84.36 84.36 84.36 84.36 85.45 102.69 102.69 102.69 102.55 102.55 102.55 102.55 84.89 84.89 84.89 85.71 87.70 87.70 87.70 87.70 86.72 86.72 86.72 86.72 86.56 86.56 86.56 86.56 87.56 87.56 87.56 87.56 89.53 89.64 89.64 97.49 140.21 97.49 109.98 96.21 109.03 89.22 89.22 89.22 88.11 88.11 88.11 88.11 86.09 86.09 86.09 86.09 86.00 86.00 94.34 86.00 86.66 86.66 86.66 100.47 87.38 87.38 87.38 87.38
105.09 105.09 105.09 88.32 88.93 88.93 88.93 88.93 88.93 88.93 88.93 88.93 88.62 88.62 88.62 88.62 85.25 85.25 85.25 85.25 85.55 103.12 85.77 103.12 103.40 103.40 103.40 106.06 85.77 81.32 81.32 85.63 89.13 107.84 107.84 89.13 88.14 88.14 88.14 106.52 86.50 86.50 80.75 86.50 86.43 86.43 86.43 86.43 88.72 88.84 88.84 89.23 131.94 97.49 111.93 96.21 108.65 108.65 88.94 88.94 88.33 88.33 88.33 88.33 86.83 86.83 86.83 86.83 86.20 86.20 86.20 86.20 85.89 85.89 85.89 94.17 86.24 86.24 86.24 86.24
105.09 105.09 105.09 88.32 88.93 88.93 88.93 88.93 88.93 88.93 88.93 88.93 88.62 88.62 88.62 88.62 85.25 85.25 85.25 85.25 80.76 85.77 103.12 85.77 103.40 88.13 106.06 91.09 80.28 80.28 80.28 80.28 107.84 107.84 107.84 107.84 94.41 106.52 106.52 94.41 105.72 86.50 86.50 86.50 86.43 86.43 86.43 86.43 88.72 88.84 88.84 88.84 89.23 131.94 97.49 97.49 108.65 108.65 88.94 88.94 88.33 88.33 88.33 88.33 86.83 94.96 86.83 86.83 86.20 86.20 86.20 86.20 85.89 85.89 85.89 85.89 86.24 86.24 86.24 106.29
110.41 107.75 105.09 105.09 105.69 88.93 88.93 88.93 88.93 88.93 88.93 88.93 88.62 88.62 88.62 88.62 85.25 85.25 80.76 80.76 85.77 85.77 88.13 90.79 90.79 88.13 103.40 103.40 84.10 96.41 114.33 138.83 141.59 138.93 138.93 116.15 137.12 151.89 83.01 94.41 104.33 104.33 86.50 86.50 86.43 86.43 86.43 86.43 88.72 88.84 88.84 88.84 97.61 124.93 90.20 96.21 108.65 108.65 108.65 88.94 88.33 88.33 88.33 96.26 86.83 86.83 86.83 86.83 86.20 86.20 86.20 86.20 85.89 85.89 85.89 85.89 86.24 86.24 86.24 94.57
103.30 100.64 107.75 105.09 105.69 105.69 88.93 88.93 88.93 88.93 88.93 88.93 88.62 88.62 88.62 88.62 102.42 102.42 80.76 80.76 85.77 90.79 91.09 93.45 82.26 90.93 96.11 88.13 22.55 80.28 67.93 136.17 97.66 96.22 96.22 107.84 109.18 109.18 106.52 94.41 101.31 104.33 120.76 86.50 86.43 86.43 86.43 86.43 88.72 103.09 88.84 88.84 89.34 89.34 89.34 103.13 96.21 114.45 108.65 108.65 88.33 88.33 88.33 88.33 86.83 86.83 86.83 86.83 86.20 86.20 86.20 86.20 95.03 95.03 85.89 85.89 86.24 86.24 86.24 86.24
79.56 79.56 111.86 109.20 106.06 106.06 89.21 89.21 89.01 89.01 89.01 89.01 89.37 96.66 96.66 96.66 102.75 85.77 108.07 88.43 105.71 96.11 82.94 80.28 79.60 35.85 84.92 96.41 22.55 85.77 91.09 136.17 95.00 96.22 108.17 108.17 107.16 107.16 100.84 94.41 94.41 106.08 97.44 86.99 86.11 86.11 78.76 86.11 87.73 87.46 87.46 87.46 88.87 88.87 108.55 103.13 108.96 108.96 114.75 108.96 125.52 97.18 88.85 100.25 106.23 106.23 106.23 87.23 86.30 86.30 86.30 86.30 85.70 94.55 85.70 85.70 85.38 85.38 85.38 85.38
0.00 0.00 71.58 73.68 30.96 109.41 104.08 89.21 96.66 96.34 89.01 89.01 89.37 96.34 96.34 96.34 102.75 91.09 82.94 82.94 82.26 78.57 73.19 73.25 128.32 78.57 119.66 133.80 114.33 133.51 114.33 133.51 92.69 90.03 108.17 114.62 107.16 107.16 94.41 94.41 100.21 106.08 86.99 86.99 86.11 78.76 78.76 78.76 87.46 87.46 87.46 87.46 88.87 88.87 108.55 108.55 96.21 96.21 108.96 108.96 139.14 108.53 108.53 108.53 106.23 106.23 117.81 122.56 104.97 94.64 86.30 86.30 85.70 85.70 85.70 85.70 85.38 85.38 85.38 85.38
0.00 0.00 0.00 0.00 0.00 53.36 73.26 70.60 111.07 95.75 96.73 97.46 94.06 97.69 90.60 87.94 115.36 40.51 110.21 43.70 154.71 41.04 104.01 38.38 49.02 43.70 104.01 75.77 99.57 109.30 102.99 101.32 88.21 103.35 105.30 121.26 120.83 129.69 92.24 104.31 90.44 85.26 85.26 93.36 75.29 75.29 75.29 75.29 83.01 90.12 98.43 90.12 91.53 91.53 111.75 129.37 112.16 112.16 100.37 91.83 129.47 111.72 111.72 111.72 112.40 92.42 100.86 129.86 111.10 91.47 106.05 91.47 90.51 90.51 90.51 90.51 90.18 90.18 98.68 90.18
0.00 0.00 0.00 0.00 0.00 0.00 0.00 0.00 0.00 147.01 144.35 96.31 108.22 113.54 101.63 33.21 141.40 0.00 78.43 86.42 86.42 109.33 106.67 91.56 112.87 99.54 30.40 30.18 101.94 91.56 101.32 105.72 85.55 103.35 90.44 90.44 104.31 86.36 94.64 86.36 85.26 85.26 85.26 85.26 83.66 75.29 75.29 75.29 83.01 90.12 90.12 90.12 91.53 91.53 91.53 111.75 112.16 91.83 91.83 91.83 111.72 111.72 111.72 111.72 92.42 92.42 92.42 92.42 91.47 91.47 91.47 91.47 90.51 90.51 90.51 90.51 90.18 90.18 90.18 90.18
0.00 0.00 0.00 0.00 0.00 0.00 0.00 0.00 0.00 0.00 0.00 0.00 50.70 75.92 139.03 139.03 0.00 0.00 0.00 131.62 83.76 115.53 53.82 104.01 99.57 30.40 99.57 93.37 92.93 103.98 100.33 105.44 102.93 102.93 85.55 90.44 94.05 85.79 85.79 85.79 84.43 84.43 84.43 90.89 75.29 75.29 75.29 75.29 83.01 89.10 89.10 89.10 90.61 90.61 110.47 110.47 90.67 90.67 90.67 90.67 110.73 90.80 90.80 90.80 91.79 91.79 91.79 91.79 91.05 91.05 91.05 91.05 104.66 90.22 90.22 90.22 90.06 90.06 90.06 90.06
0.00 0.00 0.00 0.00 0.00 0.00 0.00 0.00 0.00 0.00 0.00 0.00 0.00 0.00 0.00 0.00 0.00 0.00 0.00 0.00 93.37 78.43 41.04 101.35 99.57 93.37 90.70 96.03 33.06 110.76 105.44 110.73 85.55 105.90 102.93 95.01 85.79 85.79 85.79 85.79 84.43 92.45 84.43 84.43 87.51 83.66 75.29 75.29 83.01 89.10 89.10 89.10 90.61 110.47 110.47 90.61 90.67 90.67 90.67 90.67 90.80 99.19 90.80 90.80 91.79 91.79 91.79 91.79 91.05 91.05 91.05 91.05 90.22 90.22 90.22 90.22 90.06 90.06 90.06 90.06
0.00 0.00 0.00 0.00 0.00 0.00 0.00 0.00 0.00 0.00 0.00 0.00 0.00 0.00 0.00 0.00 0.00 0.00 0.00 0.00 0.00 0.00 144.06 106.67 37.85 33.06 101.35 104.01 103.98 108.10 88.84 88.84 93.58 102.93 85.43 85.43 85.79 85.79 85.79 85.79 84.43 84.43 84.43 84.43 75.29 75.29 75.29 75.29 83.01 83.01 89.10 89.10 104.68 90.61 90.61 90.61 90.67 90.67 90.67 90.67 90.80 90.80 90.80 90.80 91.79 91.79 100.16 91.79 91.05 91.05 99.60 91.05 90.22 90.22 90.22 90.22 90.06 90.06 90.06 90.06
0.00 0.00 0.00 0.00 0.00 0.00 0.00 0.00 0.00 0.00 0.00 0.00 0.00 0.00 0.00 0.00 0.00 0.00 0.00 0.00 0.00 0.00 0.00 81.74 41.04 109.33 86.42 98.69 108.31 88.84 88.84 88.84 85.43 85.43 85.43 85.43 85.79 85.79 85.79 85.79 84.43 84.43 75.29 75.29 83.66 75.29 75.29 75.29 83.01 83.01 89.10 89.10 90.95 90.61 90.61 83.01 83.01 83.01 90.67 90.67 90.80 90.80 99.11 90.80 91.79 100.04 91.79 91.79 91.05 108.60 99.60 91.05 90.22 90.22 90.22 90.22 90.06 90.06 90.06 90.06
0.00 0.00 0.00 0.00 0.00 0.00 0.00 0.00 0.00 0.00 0.00 0.00 0.00 0.00 0.00 0.00 0.00 0.00 0.00 0.00 0.00 0.00 0.00 0.00 41.04 81.09 144.92 96.69 87.89 87.89 87.89 87.89 84.68 84.68 84.68 84.68 84.67 84.67 84.67 84.67 82.93 75.29 75.29 75.29 83.66 75.29 75.29 75.29 83.01 83.01 83.01 83.01 83.01 83.01 83.01 83.01 83.01 89.98 95.98 89.98 90.42 90.42 90.42 90.42 91.30 91.30 91.30 91.30 90.93 90.93 90.93 90.93 90.37 90.37 90.37 90.37 90.36 90.36 90.36 90.36
0.00 0.00 0.00 0.00 0.00 0.00 0.00 0.00 0.00 0.00 0.00 0.00 0.00 0.00 0.00 0.00 0.00 0.00 0.00 0.00 0.00 0.00 0.00 0.00 75.77 75.77 96.40 91.08 95.95 87.89 87.89 95.95 92.36 84.68 84.68 84.68 83.56 84.67 84.67 91.10 82.93 82.93 75.29 75.29 75.29 75.29 75.29 75.29 83.01 83.01 98.38 90.95 83.01 83.01 83.01 83.01 83.01 83.01 83.01 89.98 90.42 90.42 90.42 90.42 91.30 91.30 91.30 91.30 90.93 90.93 90.93 90.93 90.37 90.37 90.37 90.37 90.36 90.36 90.36 90.36
0.00 0.00 0.00 0.00 0.00 0.00 0.00 0.00 0.00 0.00 0.00 0.00 0.00 0.00 0.00 0.00 0.00 0.00 0.00 0.00 0.00 0.00 0.00 0.00 128.96 88.90 95.87 88.42 95.95 87.89 87.89 87.89 84.68 92.36 84.68 84.68 83.56 84.67 84.67 75.29 75.29 75.29 75.29 75.29 75.29 75.29 75.29 75.29 83.01 83.01 83.01 83.01 83.01 83.01 83.01 83.01 83.01 83.01 83.01 89.98 90.42 90.42 90.42 90.42 91.30 91.30 91.30 91.30 99.55 90.93 99.47 105.29 90.37 90.37 90.37 98.90 90.36 90.36 90.36 90.36
0.00 0.00 0.00 0.00 0.00 0.00 0.00 0.00 0.00 0.00 0.00 0.00 0.00 0.00 0.00 0.00 0.00 0.00 0.00 0.00 0.00 0.00 0.00 0.00 0.00 99.06 88.42 88.42 87.89 87.89 87.89 87.89 84.68 84.68 84.68 84.68 71.42 71.42 75.29 75.29 75.29 75.29 75.29 75.29 75.29 75.29 75.29 75.29 83.01 83.01 85.58 83.01 83.01 83.01 83.01 83.01 89.98 89.98 89.98 89.98 98.67 90.42 90.42 90.42 99.88 91.30 91.30 91.30 90.93 90.93 90.93 90.93 111.64 104.76 104.75 90.37 90.36 90.36 90.36 90.36
