New_Model_Runs/5_FutureClimate_BASE_out/post_prcessed_with_MFR/net_infiltration_annual.asc
NCOLS 700
NROWS 400
XLLCENTER 515000.000000
YLLCENTER 8409000.000000
CELLSIZE 50.000000
NODATA_value -999.000000
[rows 180 to 215 of 400, columns 324 to 404 of 700]
72.55 72.55 60.78 60.78 61.06 61.06 61.06 61.06 61.37 66.43 61.37 61.37 61.68 56.26 56.26 56.26 56.26 61.23 56.26 56.26 56.26 56.26 62.72 72.94 62.72 69.32 69.32 69.32 70.17 70.17 70.17 70.17 70.46 70.46 70.46 70.46 70.71 70.71 73.70 73.70 71.21 71.21 71.21 71.21 57.99 60.47 57.99 57.99 57.58 57.58 57.58 57.58 57.33 62.68 57.33 55.27 16.26 21.66 51.66 56.39 0.00 0.00 0.00 0.00 0.00 0.00 0.00 0.00 0.00 0.00 0.00 0.00 0.00 0.00 0.00 0.00 0.00 0.00 0.00 0.00 0.00
72.55 56.00 60.78 60.78 61.06 61.06 61.06 72.97 61.37 61.37 61.37 56.00 56.26 56.26 56.26 56.26 56.26 56.26 56.26 61.23 56.26 56.26 79.25 62.72 67.43 69.32 69.32 69.32 70.17 70.17 70.17 70.17 70.46 70.46 70.46 70.46 70.71 70.71 73.70 70.71 71.21 71.21 71.21 76.07 50.64 57.99 57.99 57.99 57.58 57.58 57.58 57.58 57.33 57.33 60.02 57.33 56.76 60.59 63.25 59.42 78.40 53.78 36.34 0.00 0.00 0.00 0.00 0.00 0.00 0.00 0.00 0.00 0.00 0.00 0.00 0.00 0.00 0.00 0.00 0.00 0.00
60.78 60.78 60.78 60.78 61.06 61.06 61.06 72.97 61.37 61.37 56.00 60.91 56.26 56.26 56.26 56.26 56.26 56.26 56.26 56.26 56.26 56.26 62.72 68.91 69.32 69.32 69.32 69.32 70.17 70.17 70.17 70.17 70.46 70.46 70.46 70.46 70.71 70.71 70.71 70.71 71.21 71.21 74.23 71.21 50.64 57.99 60.47 57.99 57.58 57.58 58.51 57.58 57.33 57.33 57.33 57.33 57.36 57.36 57.36 57.36 46.01 53.78 53.78 36.34 36.34 0.00 0.00 0.00 0.00 0.00 0.00 0.00 0.00 0.00 0.00 0.00 0.00 0.00 0.00 0.00 0.00
60.78 60.78 60.78 60.78 61.06 61.06 56.00 72.97 61.37 61.37 56.00 56.00 56.26 56.26 56.26 56.26 56.26 56.26 56.26 61.23 56.26 56.26 62.72 68.91 69.32 69.32 69.32 69.32 70.17 70.17 70.17 70.17 70.46 70.46 70.46 70.46 70.71 70.71 70.71 70.71 71.21 71.21 71.21 71.21 57.99 57.99 57.99 57.99 57.58 57.58 60.04 57.58 57.33 57.33 57.33 57.33 57.36 57.36 59.87 57.36 53.39 43.35 53.78 53.78 79.05 36.34 0.00 0.00 0.00 0.00 0.00 0.00 0.00 0.00 0.00 0.00 0.00 0.00 0.00 0.00 0.00
61.52 61.52 61.52 61.52 66.14 61.12 73.06 73.06 56.00 56.00 56.00 56.00 56.26 56.26 56.26 61.23 56.26 56.26 56.26 56.26 56.26 62.72 69.12 73.46 70.20 70.20 70.20 70.20 70.54 70.54 70.54 70.54 70.55 77.03 74.20 74.20 73.72 78.91 70.73 70.73 70.70 70.70 73.68 73.68 59.89 57.21 57.21 57.21 59.94 56.91 56.91 56.91 57.03 59.56 57.03 57.03 57.05 57.05 57.05 57.05 50.21 43.35 44.78 42.18 59.10 53.78 78.13 78.13 0.00 0.00 0.00 0.00 0.00 0.00 0.00 0.00 0.00 0.00 0.00 0.00 0.00
61.52 61.52 61.52 61.52 61.12 66.16 61.12 61.12 56.00 56.00 56.00 56.00 56.26 56.26 56.26 61.23 56.26 56.26 56.26 56.26 72.10 79.52 79.52 79.52 70.62 70.20 70.20 70.20 70.54 70.54 70.54 70.54 70.55 70.55 70.55 70.55 70.73 78.91 78.91 70.73 70.70 70.70 70.70 70.70 57.21 57.21 57.21 57.21 56.91 56.91 56.91 56.91 57.03 57.03 57.03 57.03 57.05 57.05 57.05 57.05 50.21 50.21 50.21 46.01 48.67 52.04 49.71 49.71 48.99 78.13 0.00 0.00 0.00 0.00 0.00 0.00 0.00 0.00 0.00 0.00 0.00
61.52 61.52 61.52 61.52 61.12 61.12 61.12 61.12 56.00 56.00 56.00 56.00 56.26 56.26 56.26 56.26 56.26 56.26 56.26 71.80 72.10 79.52 79.52 79.52 70.20 70.65 70.20 70.20 70.54 70.54 70.54 70.54 70.55 70.55 70.55 70.55 73.70 70.73 78.91 78.91 78.87 70.70 70.70 70.70 57.21 57.21 57.21 57.21 56.91 56.91 56.91 56.91 57.03 57.03 57.03 57.03 57.05 57.05 57.05 57.05 50.21 50.21 50.21 50.21 41.21 43.35 49.71 49.71 48.99 48.99 48.99 91.71 0.00 0.00 0.00 0.00 0.00 0.00 0.00 0.00 0.00
61.52 66.05 61.52 61.52 61.12 61.12 61.12 61.12 56.00 56.00 56.00 56.00 56.26 56.26 56.26 56.26 56.26 56.26 56.26 71.80 79.52 79.52 79.52 79.52 80.87 70.20 70.20 70.20 70.54 70.54 70.54 70.54 70.55 70.55 70.55 70.55 73.69 73.71 73.71 81.04 81.00 78.87 70.70 70.70 57.21 57.21 57.21 57.21 56.91 56.91 56.91 56.91 57.03 57.03 57.03 57.03 57.05 57.05 57.05 57.05 50.21 50.21 50.21 52.51 49.71 49.71 49.71 49.71 48.99 48.99 48.99 48.99 91.41 0.00 0.00 0.00 0.00 0.00 0.00 0.00 0.00
61.82 61.82 61.82 61.82 61.55 61.55 61.55 61.55 56.00 56.00 56.00 56.00 56.26 56.26 56.26 56.26 56.26 56.26 56.26 72.23 70.16 70.16 70.16 70.16 70.14 70.14 62.72 70.14 70.43 70.43 70.43 70.43 70.46 70.46 70.46 70.46 70.64 70.64 78.80 89.26 73.64 70.65 70.65 70.65 57.24 57.24 57.24 57.24 57.05 57.05 57.05 57.05 56.94 56.94 56.94 56.94 57.20 57.20 57.20 57.20 49.50 49.50 49.50 49.50 49.21 49.21 49.21 49.21 49.10 49.10 49.10 41.21 79.58 0.00 0.00 0.00 0.00 0.00 0.00 0.00 0.00
61.82 66.39 61.82 61.82 61.55 61.55 61.55 61.55 61.05 56.00 56.00 56.00 56.26 56.26 56.26 56.26 56.26 56.26 56.26 56.26 70.16 70.16 70.16 70.16 70.14 70.14 70.14 70.14 70.43 70.43 70.43 70.43 70.46 70.46 70.46 70.46 70.64 74.30 74.30 70.64 74.32 70.65 74.32 74.32 57.24 57.24 57.24 57.24 57.05 57.05 57.05 57.05 56.94 56.94 56.94 56.94 57.20 57.20 57.20 57.20 49.50 49.50 49.50 49.50 49.21 49.21 49.21 49.21 49.10 49.10 41.21 53.78 0.00 0.00 0.00 0.00 0.00 0.00 0.00 0.00 0.00
61.82 61.82 61.82 61.82 61.55 61.55 61.55 61.55 61.05 61.05 56.00 56.00 56.26 56.26 56.26 56.26 56.26 56.26 56.26 62.72 70.16 70.16 70.16 70.16 70.14 70.14 70.14 70.14 70.43 70.43 70.43 70.43 70.46 70.46 70.46 70.46 70.64 70.64 70.64 70.64 70.65 70.65 70.65 70.65 61.96 57.24 57.24 62.43 62.23 62.23 62.23 62.23 62.05 50.64 62.05 62.05 60.05 57.20 57.20 57.20 49.50 49.50 49.50 49.50 49.21 49.21 41.21 49.98 49.10 44.86 11.06 53.78 0.00 0.00 0.00 0.00 0.00 0.00 0.00 0.00 0.00
61.82 61.82 61.82 61.82 61.55 61.55 61.55 66.09 61.05 61.05 61.05 61.05 60.75 61.23 56.26 56.26 56.26 56.26 56.26 62.72 70.16 70.16 70.16 70.16 70.14 70.14 70.14 70.14 70.43 70.43 70.43 70.43 70.46 70.46 70.46 70.46 70.64 70.64 70.64 70.64 70.65 70.65 70.65 70.65 57.24 57.24 57.24 57.24 57.05 62.23 67.21 62.23 64.71 57.36 54.70 52.14 54.70 57.20 57.20 57.20 49.50 49.50 49.50 49.50 49.21 49.21 41.21 41.21 49.10 44.86 53.78 73.75 0.00 0.00 0.00 0.00 0.00 0.00 0.00 0.00 0.00
62.39 62.39 62.39 62.39 62.55 62.55 62.55 62.55 66.29 61.85 61.85 61.85 60.96 60.96 60.96 56.26 56.26 56.26 56.26 62.72 70.56 70.56 70.56 70.56 70.28 70.28 70.28 70.28 70.82 70.82 70.82 70.82 70.93 70.93 70.93 70.93 70.91 70.91 70.91 70.91 70.75 70.75 70.75 70.75 57.22 57.22 57.22 59.90 57.16 57.16 57.16 57.16 57.36 50.66 57.36 62.79 62.79 50.64 57.35 52.61 49.85 49.85 49.85 41.21 49.48 49.48 41.21 41.21 49.43 44.86 53.78 0.00 0.00 0.00 0.00 0.00 0.00 0.00 0.00 0.00 0.00
62.39 62.39 62.39 62.39 62.55 62.55 62.55 62.55 61.85 61.85 61.85 61.85 60.96 60.96 60.96 60.96 60.88 60.88 60.88 62.72 70.56 70.56 70.56 70.56 70.28 70.28 70.28 70.28 70.82 70.82 70.82 70.82 70.93 70.93 70.93 70.93 70.91 70.91 70.91 70.91 70.75 70.75 70.75 70.75 57.22 57.22 57.22 57.22 57.16 57.16 57.16 57.16 57.48 62.68 104.26 61.30 26.90 70.56 60.13 52.14 49.85 49.85 49.85 49.85 49.48 41.22 41.22 43.35 49.43 78.13 0.00 0.00 0.00 0.00 0.00 0.00 0.00 0.00 0.00 0.00 0.00
59.07 59.07 59.07 59.07 59.23 61.71 59.23 59.23 58.63 58.63 62.89 58.63 53.69 53.69 53.69 53.69 53.56 53.56 59.49 59.49 60.18 60.18 60.18 60.18 60.78 60.78 60.78 60.78 60.68 60.68 60.68 60.68 60.78 60.78 60.78 60.78 60.76 60.76 60.76 60.76 60.61 60.61 60.61 60.61 57.53 57.53 57.53 57.53 57.47 57.47 57.47 57.47 57.78 65.76 78.81 80.68 74.86 34.80 29.98 64.30 54.10 51.44 51.44 51.44 53.75 55.45 55.45 52.79 51.04 57.35 0.00 0.00 0.00 0.00 0.00 0.00 0.00 0.00 0.00 0.00 0.00
59.07 59.07 59.07 59.07 59.23 59.23 65.68 59.23 58.63 61.91 58.63 58.63 53.69 53.69 53.69 53.69 53.56 60.46 59.49 59.49 60.18 60.18 60.18 60.18 60.78 60.78 60.78 60.78 60.68 60.68 60.68 60.68 60.78 60.78 60.78 60.78 63.39 60.76 60.76 60.76 60.61 60.61 60.61 60.61 57.53 57.53 57.53 57.53 57.47 57.47 57.47 57.47 57.78 57.78 75.08 85.50 48.10 88.66 32.64 64.72 60.34 95.26 54.10 51.44 56.41 56.56 60.77 53.75 51.04 0.00 0.00 0.00 0.00 0.00 0.00 0.00 0.00 0.00 0.00 0.00 0.00
62.46 58.86 58.86 58.86 58.93 58.93 58.93 58.93 58.77 58.77 58.77 58.77 53.85 53.85 53.85 53.85 53.80 60.76 59.77 59.77 60.12 63.58 60.12 60.12 60.54 60.54 60.54 60.54 63.19 60.57 60.57 60.57 60.47 60.47 60.47 60.47 60.67 60.67 60.67 60.67 60.87 60.87 60.87 60.87 57.93 57.93 57.93 57.93 57.58 57.58 57.58 57.58 57.72 57.72 64.19 86.00 86.00 80.68 67.38 0.00 0.00 0.00 57.35 94.19 51.96 58.17 58.11 94.12 57.35 0.00 0.00 0.00 0.00 0.00 0.00 0.00 0.00 0.00 0.00 0.00 0.00
58.86 58.86 58.86 58.86 58.93 58.93 58.93 58.93 58.77 58.77 58.77 58.77 53.85 53.85 53.85 53.85 53.80 59.77 59.77 59.77 60.12 60.12 60.12 60.12 60.54 60.54 63.39 60.54 60.57 63.19 60.57 60.57 60.47 60.47 66.18 60.47 60.67 60.67 63.29 60.67 60.87 60.87 60.87 55.19 57.93 57.93 57.93 57.93 57.58 57.58 57.58 57.58 57.72 57.72 66.00 32.64 70.04 64.72 0.00 0.00 0.00 0.00 0.00 0.00 60.01 96.78 94.12 0.00 0.00 0.00 0.00 0.00 0.00 0.00 0.00 0.00 0.00 0.00 0.00 0.00 0.00
58.86 58.86 58.86 58.86 58.93 58.93 62.68 62.41 58.77 58.77 58.77 61.10 53.85 53.85 53.85 53.85 53.80 59.77 59.77 59.77 60.12 60.12 60.12 60.12 60.54 60.54 60.54 60.54 60.57 60.57 60.57 60.57 60.47 60.47 60.47 60.47 60.67 60.67 60.67 60.67 60.87 60.87 66.74 66.74 58.87 61.95 61.95 57.93 57.58 57.58 57.58 57.58 57.72 57.72 60.38 24.23 67.38 0.00 0.00 0.00 0.00 0.00 0.00 0.00 0.00 57.35 0.00 0.00 0.00 0.00 0.00 0.00 0.00 0.00 0.00 0.00 0.00 0.00 0.00 0.00 0.00
58.86 58.86 58.86 58.86 58.93 62.68 58.93 58.93 58.77 58.77 58.77 58.77 53.85 53.85 53.85 53.85 53.80 59.77 59.77 59.77 60.12 60.12 60.12 60.12 60.54 60.54 60.54 60.54 60.57 60.57 60.57 60.57 60.47 60.47 60.47 60.47 60.67 60.67 63.23 63.23 63.56 63.63 60.87 62.04 66.85 67.27 59.01 59.01 57.58 57.58 57.58 63.34 66.35 63.04 57.72 59.01 58.97 0.00 0.00 0.00 0.00 0.00 0.00 0.00 0.00 0.00 0.00 0.00 0.00 0.00 0.00 0.00 0.00 0.00 0.00 0.00 0.00 0.00 0.00 0.00 0.00
58.85 58.85 58.85 58.85 62.47 58.74 58.74 58.74 58.56 58.56 58.56 62.29 56.71 53.68 53.68 53.68 59.76 63.19 59.76 59.76 60.17 60.17 60.17 60.17 60.45 60.45 60.45 60.45 60.57 60.57 60.57 60.57 60.24 60.24 60.24 60.24 60.16 60.16 60.16 60.16 60.77 60.77 65.78 63.44 79.30 68.90 68.66 64.96 60.68 57.96 60.68 62.06 67.38 103.64 100.34 57.62 96.88 0.00 0.00 0.00 0.00 0.00 0.00 0.00 0.00 0.00 0.00 0.00 0.00 0.00 0.00 0.00 0.00 0.00 0.00 0.00 0.00 0.00 0.00 0.00 0.00
58.85 58.85 58.85 58.85 58.74 58.74 58.74 62.47 65.27 63.55 61.65 60.77 56.71 53.68 53.68 53.68 59.76 59.76 63.19 59.76 60.17 60.17 60.17 60.17 60.45 60.45 60.45 60.45 60.57 60.57 66.29 66.29 60.24 60.24 60.24 60.24 60.16 60.16 60.16 60.16 60.77 60.77 60.77 63.44 66.85 40.63 32.64 61.90 106.06 57.96 59.40 0.00 0.00 0.00 0.00 100.34 0.00 0.00 0.00 0.00 0.00 0.00 0.00 0.00 0.00 0.00 0.00 0.00 0.00 0.00 0.00 0.00 0.00 0.00 0.00 0.00 0.00 0.00 0.00 0.00 0.00
58.85 58.85 58.85 58.85 58.74 62.47 58.74 58.74 58.56 58.56 61.65 58.56 53.68 53.68 53.68 53.68 59.76 59.76 59.76 59.76 60.17 60.17 66.24 60.17 60.45 60.45 60.45 60.45 63.68 60.57 66.29 66.29 65.91 60.24 60.24 60.24 60.16 60.16 60.16 60.16 60.77 60.77 60.77 60.77 60.86 71.56 70.87 62.06 0.00 0.00 0.00 0.00 0.00 0.00 0.00 0.00 0.00 0.00 0.00 0.00 0.00 0.00 0.00 0.00 0.00 0.00 0.00 0.00 0.00 0.00 0.00 0.00 0.00 0.00 0.00 0.00 0.00 0.00 0.00 0.00 0.00
58.85 58.85 58.85 66.27 58.74 58.74 62.47 58.74 58.56 58.56 58.56 58.56 53.68 53.68 53.68 53.68 59.76 59.76 59.76 59.76 60.17 60.17 60.17 60.17 60.45 60.45 60.45 60.45 60.57 66.29 71.40 66.29 65.91 65.91 65.91 60.24 60.16 60.16 60.16 60.16 60.77 60.77 66.53 66.53 64.96 60.40 0.00 0.00 0.00 0.00 0.00 0.00 0.00 0.00 0.00 0.00 0.00 0.00 0.00 0.00 0.00 0.00 0.00 0.00 0.00 0.00 0.00 0.00 0.00 0.00 0.00 0.00 0.00 0.00 0.00 0.00 0.00 0.00 0.00 0.00 0.00
58.90 58.90 58.90 62.64 59.33 59.33 59.33 59.33 58.19 58.19 58.19 58.19 53.60 53.60 53.60 59.54 59.60 59.60 59.60 59.60 60.06 60.06 60.06 60.06 60.46 60.46 60.46 60.46 60.45 66.15 66.15 66.15 66.16 66.16 66.16 66.16 60.36 60.36 60.36 60.36 60.52 60.52 60.52 66.23 61.71 96.88 0.00 0.00 0.00 0.00 0.00 0.00 0.00 0.00 0.00 0.00 0.00 0.00 0.00 0.00 0.00 0.00 0.00 0.00 0.00 0.00 0.00 0.00 0.00 0.00 0.00 0.00 0.00 0.00 0.00 0.00 0.00 0.00 0.00 0.00 0.00
58.90 58.90 58.90 58.90 59.33 59.33 59.33 59.33 58.19 58.19 58.19 58.19 53.60 53.60 53.60 59.54 59.60 59.60 59.60 59.60 60.06 60.06 60.06 60.06 60.46 60.46 60.46 60.46 60.45 60.45 66.15 66.15 66.16 67.53 66.16 66.16 60.36 60.36 60.36 60.36 60.52 60.52 60.52 66.23 57.72 96.88 0.00 0.00 0.00 0.00 0.00 0.00 0.00 0.00 0.00 0.00 0.00 0.00 0.00 0.00 0.00 0.00 0.00 0.00 0.00 0.00 0.00 0.00 0.00 0.00 0.00 0.00 0.00 0.00 0.00 0.00 0.00 0.00 0.00 0.00 0.00
58.90 58.90 58.90 58.90 59.33 59.33 59.33 59.33 58.19 58.19 58.19 58.19 53.60 56.62 56.62 59.54 59.60 63.02 59.60 59.60 60.06 60.06 60.06 60.06 63.31 60.46 60.46 60.46 60.45 60.45 60.45 66.15 66.16 66.16 66.16 66.16 60.36 60.36 60.36 60.36 60.52 60.52 60.52 60.52 57.72 101.73 0.00 0.00 0.00 0.00 0.00 0.00 0.00 0.00 0.00 0.00 0.00 0.00 0.00 0.00 0.00 0.00 0.00 0.00 0.00 0.00 0.00 0.00 0.00 0.00 0.00 0.00 0.00 0.00 0.00 0.00 0.00 0.00 0.00 0.00 0.00
58.90 58.90 58.90 65.20 59.33 59.33 59.33 59.33 58.19 64.84 58.19 58.19 53.60 53.60 59.54 59.54 59.60 59.60 59.60 59.60 60.06 60.06 60.06 60.06 60.46 60.46 60.46 60.46 60.45 60.45 60.45 60.45 60.46 60.46 60.46 66.16 60.36 60.36 60.36 60.36 60.52 63.18 60.52 60.52 61.67 0.00 0.00 0.00 0.00 0.00 0.00 0.00 0.00 0.00 0.00 0.00 0.00 0.00 0.00 0.00 0.00 0.00 0.00 0.00 0.00 0.00 0.00 0.00 0.00 0.00 0.00 0.00 0.00 0.00 0.00 0.00 0.00 0.00 0.00 0.00 0.00
59.13 59.13 71.03 58.38 59.29 68.23 68.23 59.29 57.95 57.95 57.95 57.95 53.48 53.48 59.41 59.41 59.61 59.61 59.61 59.61 60.10 60.10 60.10 60.10 60.50 60.50 60.50 60.50 60.29 60.29 65.96 65.96 60.48 60.48 60.48 60.48 66.43 60.69 60.69 60.69 60.60 59.64 64.96 65.92 99.54 0.00 0.00 0.00 0.00 0.00 0.00 0.00 0.00 0.00 0.00 0.00 0.00 0.00 0.00 0.00 0.00 0.00 0.00 0.00 0.00 0.00 0.00 0.00 0.00 0.00 0.00 0.00 0.00 0.00 0.00 0.00 0.00 0.00 0.00 0.00 0.00
73.69 53.74 71.03 58.41 68.23 68.23 68.23 68.23 57.95 57.95 57.95 57.95 53.48 53.48 59.41 59.41 59.61 59.61 59.61 59.61 60.10 60.10 60.10 60.10 60.50 60.50 60.50 60.50 60.29 60.29 65.96 65.96 66.18 60.48 60.48 55.19 56.90 55.19 60.69 60.69 60.60 65.92 57.02 94.42 96.88 0.00 0.00 0.00 0.00 0.00 0.00 0.00 0.00 0.00 0.00 0.00 0.00 0.00 0.00 0.00 0.00 0.00 0.00 0.00 0.00 0.00 0.00 0.00 0.00 0.00 0.00 0.00 0.00 0.00 0.00 0.00 0.00 0.00 0.00 0.00 0.00
16.61 41.84 50.04 50.25 57.84 57.84 57.84 57.84 49.90 49.90 49.90 49.90 45.29 51.10 51.10 51.10 51.29 51.29 51.29 51.29 51.74 51.74 51.74 51.74 52.07 52.07 56.16 62.75 55.38 55.38 55.38 59.09 59.29 59.29 56.42 55.39 59.38 64.40 64.70 55.75 55.67 55.67 61.03 0.00 0.00 0.00 0.00 0.00 0.00 0.00 0.00 0.00 0.00 0.00 0.00 0.00 0.00 0.00 0.00 0.00 0.00 0.00 0.00 0.00 0.00 0.00 0.00 0.00 0.00 0.00 0.00 0.00 0.00 0.00 0.00 0.00 0.00 0.00 0.00 0.00 0.00
90.09 64.58 61.38 58.72 51.33 51.33 51.33 51.33 49.90 49.90 49.90 49.90 45.29 51.10 51.10 51.10 51.29 51.29 51.29 51.29 51.74 51.74 51.74 51.74 52.07 52.07 52.07 56.16 55.38 55.38 55.38 55.38 59.29 59.29 59.29 56.42 58.41 69.42 101.56 98.47 94.90 0.00 0.00 0.00 0.00 0.00 0.00 0.00 0.00 0.00 0.00 0.00 0.00 0.00 0.00 0.00 0.00 0.00 0.00 0.00 0.00 0.00 0.00 0.00 0.00 0.00 0.00 0.00 0.00 0.00 0.00 0.00 0.00 0.00 0.00 0.00 0.00 0.00 0.00 0.00 0.00
45.08 50.04 58.28 51.70 50.56 50.56 50.56 53.08 49.75 49.75 49.75 49.75 45.63 51.49 51.49 51.49 51.53 51.53 51.53 51.53 51.79 51.79 51.79 51.79 56.14 56.14 52.05 56.14 55.24 57.62 55.24 55.24 55.45 55.45 59.17 59.17 102.15 0.00 0.00 0.00 0.00 0.00 0.00 0.00 0.00 0.00 0.00 0.00 0.00 0.00 0.00 0.00 0.00 0.00 0.00 0.00 0.00 0.00 0.00 0.00 0.00 0.00 0.00 0.00 0.00 0.00 0.00 0.00 0.00 0.00 0.00 0.00 0.00 0.00 0.00 0.00 0.00 0.00 0.00 0.00 0.00
50.04 52.70 58.28 51.70 50.56 50.56 50.56 50.56 49.75 49.75 49.75 49.75 45.63 51.49 51.49 51.49 51.53 54.02 51.53 51.53 51.79 51.79 51.79 51.79 56.14 56.14 56.14 56.14 57.62 55.24 55.24 58.94 55.45 55.45 58.11 59.17 0.00 0.00 0.00 0.00 0.00 0.00 0.00 0.00 0.00 0.00 0.00 0.00 0.00 0.00 0.00 0.00 0.00 0.00 0.00 0.00 0.00 0.00 0.00 0.00 0.00 0.00 0.00 0.00 0.00 0.00 0.00 0.00 0.00 0.00 0.00 0.00 0.00 0.00 0.00 0.00 0.00 0.00 0.00 0.00 0.00
50.04 56.86 51.70 51.70 50.56 50.56 50.56 50.56 49.75 49.75 49.75 49.75 51.49 51.49 51.49 51.49 51.53 51.53 55.50 51.53 51.79 51.79 51.79 51.79 51.56 56.14 56.14 56.14 58.94 55.24 55.24 58.94 59.17 66.23 101.56 0.00 0.00 0.00 0.00 0.00 0.00 0.00 0.00 0.00 0.00 0.00 0.00 0.00 0.00 0.00 0.00 0.00 0.00 0.00 0.00 0.00 0.00 0.00 0.00 0.00 0.00 0.00 0.00 0.00 0.00 0.00 0.00 0.00 0.00 0.00 0.00 0.00 0.00 0.00 0.00 0.00 0.00 0.00 0.00 0.00 0.00
87.20 58.28 43.68 51.70 50.56 50.56 50.56 50.56 49.75 49.75 49.75 49.75 51.50 51.50 51.50 51.50 51.53 51.53 55.50 55.50 51.79 51.79 51.79 51.79 41.71 45.49 45.49 56.14 58.94 55.24 55.24 58.94 63.57 106.89 0.00 0.00 0.00 0.00 0.00 0.00 0.00 0.00 0.00 0.00 0.00 0.00 0.00 0.00 0.00 0.00 0.00 0.00 0.00 0.00 0.00 0.00 0.00 0.00 0.00 0.00 0.00 0.00 0.00 0.00 0.00 0.00 0.00 0.00 0.00 0.00 0.00 0.00 0.00 0.00 0.00 0.00 0.00 0.00 0.00 0.00 0.00
