Raw_GIS_Data/Climate_scenarios_straight/mintemptest.asc
NCOLS 50
NROWS 26
XLLCENTER 512998.000000
YLLCENTER 8407694.000000
CELLSIZE 800.000000
NODATA_value -999.000000
300.03 300.04 300.07 300.09 300.09 300.08 300.07 300.06 300.05 300.04 300.03 300.01 300.04 300.05 300.05 300.05 300.03 300.01 300.01 300.02 300.02 300.02 300.02 300.03 300.04 299.95 299.91 299.94 299.97 300.00 300.04 300.05 300.04 300.03 300.02 300.02 300.02 300.02 300.02 300.01 300.01 300.00 300.00 300.00 299.99 299.97 299.95 299.95 299.96 299.95
300.00 300.01 300.03 300.06 300.07 300.06 300.05 300.03 300.01 300.02 299.96 299.92 299.96 300.03 300.04 300.05 300.05 300.02 300.01 300.01 300.01 300.01 300.01 300.02 300.04 299.99 299.92 299.92 299.94 299.96 299.98 300.05 300.04 300.03 300.02 300.02 300.02 300.02 300.02 300.01 300.00 300.00 300.00 300.01 299.99 299.98 299.97 299.97 299.98 299.98
300.01 300.01 299.99 300.03 300.04 300.04 300.04 300.02 300.01 300.00 299.89 299.83 299.85 299.96 300.04 300.04 300.05 300.05 300.04 300.03 300.01 300.00 300.01 300.02 300.03 300.02 300.00 299.97 299.96 299.95 299.96 300.00 300.04 300.03 300.02 300.02 300.02 300.02 300.02 300.01 300.00 300.00 300.00 300.00 300.01 299.98 299.97 299.97 299.97 299.98
300.02 300.00 299.99 300.02 300.03 300.03 300.03 300.00 299.97 299.92 299.83 299.78 299.80 299.86 299.95 300.03 300.07 300.06 300.03 300.01 300.02 300.01 300.00 300.01 300.02 300.01 300.00 300.00 299.99 299.97 299.97 299.99 300.03 300.03 300.03 300.03 300.02 300.02 300.02 300.01 300.00 299.99 299.99 300.00 300.00 300.01 299.99 299.98 299.98 299.98
300.02 300.01 300.01 300.04 300.04 300.04 299.96 299.89 299.86 299.84 299.82 299.81 299.81 299.85 299.89 299.93 299.98 299.78 299.98 299.97 299.97 300.00 300.01 300.01 300.01 300.01 299.99 300.00 300.00 300.02 300.00 300.00 300.03 300.03 300.03 300.02 300.01 300.00 299.98 299.97 299.98 299.99 299.99 299.99 300.00 300.01 300.01 300.01 300.01 300.01
299.97 300.00 300.02 300.01 300.00 299.98 299.90 299.84 299.81 299.80 299.80 299.82 299.87 299.92 299.95 299.94 299.95 299.73 299.94 299.94 299.94 299.96 299.98 299.99 299.99 300.00 300.00 299.99 299.97 299.96 299.94 299.94 299.94 299.96 299.99 300.00 299.99 299.96 299.93 299.91 299.92 299.92 299.93 299.94 299.95 299.98 300.00 300.00 300.00 300.01
299.94 299.95 299.96 299.96 299.96 299.95 299.89 299.82 299.79 299.78 299.78 299.81 299.89 299.88 299.32 299.14 298.48 298.76 299.20 299.16 299.73 299.92 299.94 299.95 299.95 299.94 299.93 299.92 299.90 299.90 299.90 299.89 299.90 299.92 299.94 299.95 299.94 299.92 299.91 299.90 299.90 299.90 299.90 299.91 299.92 299.94 299.96 299.99 299.99 300.00
299.95 299.94 299.93 299.92 299.90 299.87 299.85 299.82 299.78 299.74 299.73 299.77 299.77 299.30 299.12 298.97 298.74 298.53 298.60 298.91 299.27 299.75 299.91 299.92 299.92 299.91 299.89 299.87 299.86 299.86 299.86 299.88 299.89 299.91 299.93 299.93 299.92 299.90 299.90 299.89 299.90 299.90 299.90 299.90 299.91 299.93 299.96 299.98 299.99 300.00
299.94 299.93 299.91 299.91 299.88 299.85 299.83 299.83 299.78 299.74 299.72 299.74 299.73 299.22 298.98 298.83 298.77 298.12 298.50 298.87 299.18 299.13 299.76 299.91 299.90 299.90 299.89 299.87 299.85 299.85 299.86 299.88 299.90 299.91 299.92 299.92 299.91 299.90 299.89 299.90 299.90 299.90 299.89 299.89 299.90 299.93 299.95 299.97 299.99 300.00
299.93 299.91 299.89 299.88 299.86 299.84 299.81 299.78 299.73 299.70 299.68 299.68 299.69 299.09 298.95 298.61 298.75 298.18 298.59 298.56 299.16 299.11 299.78 299.87 299.92 299.91 299.89 299.88 299.86 299.85 299.87 299.89 299.91 299.92 299.92 299.91 299.90 299.90 299.90 299.91 299.92 299.92 299.91 299.89 299.89 299.91 299.94 299.97 299.99 299.99
299.88 299.85 299.84 299.83 299.81 299.78 299.74 299.69 299.58 298.92 299.60 298.56 298.96 298.26 298.96 297.68 298.42 297.79 298.32 298.83 299.16 299.89 299.17 300.08 299.89 299.92 299.91 299.89 299.88 299.87 299.88 299.90 299.92 299.92 299.92 299.91 299.90 299.90 299.92 299.94 299.94 299.94 299.93 299.91 299.90 299.90 299.93 299.96 299.98 299.98
299.86 299.84 299.82 299.81 299.79 299.73 298.50 297.48 297.68 297.46 298.21 297.75 298.28 297.35 297.66 297.06 296.79 297.16 297.97 298.32 299.08 299.80 299.23 299.85 299.94 299.94 299.92 299.91 299.90 299.90 299.90 299.91 299.92 299.92 299.93 299.92 299.92 299.93 299.94 299.95 299.96 299.95 299.95 299.94 299.93 299.92 299.93 299.95 299.97 299.97
299.87 299.85 299.82 299.80 299.76 299.73 297.95 297.47 297.52 297.09 296.73 296.94 296.87 296.64 297.00 296.44 296.19 296.68 297.57 296.84 298.79 297.83 299.06 299.85 299.91 299.84 299.90 299.91 299.90 299.91 299.92 299.92 299.93 299.94 299.94 299.95 299.96 299.97 299.97 299.97 299.96 299.95 299.95 299.95 299.96 299.96 299.96 299.96 299.97 299.98
299.91 299.90 299.88 299.85 299.81 299.75 299.73 297.97 297.52 297.61 298.37 297.36 296.76 296.68 296.78 296.21 296.53 296.75 297.41 296.71 298.13 298.37 297.66 298.19 299.36 298.65 299.74 299.89 299.91 299.92 299.94 299.96 299.97 299.99 300.00 300.01 300.02 300.03 300.02 300.01 299.99 299.97 299.97 299.97 299.99 299.99 300.00 300.00 299.90 299.79
299.93 299.93 299.92 299.91 299.88 299.83 299.79 299.79 299.09 299.24 298.36 297.49 296.61 297.43 297.67 297.02 296.53 297.58 296.96 297.15 296.93 297.73 296.56 296.57 298.25 296.98 298.29 299.79 299.90 299.92 299.96 300.00 300.03 300.04 300.04 300.05 300.06 300.06 300.05 299.96 299.89 299.88 299.91 299.94 299.96 299.97 299.91 299.81 299.73 299.72
299.94 299.94 299.92 299.90 299.88 299.87 299.85 299.83 299.82 299.80 299.33 298.37 298.11 298.08 298.58 298.59 297.59 297.39 297.23 297.68 298.01 297.27 297.95 296.52 296.95 295.58 297.00 298.16 299.23 299.93 299.98 300.01 300.02 300.03 300.06 300.06 300.06 300.06 299.94 299.82 299.79 299.82 299.87 299.89 299.89 299.83 299.75 299.70 299.71 299.74
299.94 299.94 299.92 299.91 299.89 299.87 299.85 299.83 299.82 299.80 299.74 299.70 299.68 299.68 299.68 299.69 299.69 299.70 299.75 297.83 298.80 297.14 298.86 298.36 297.18 296.47 297.87 298.64 299.59 299.97 299.96 299.63 299.80 299.99 300.01 300.07 300.06 299.97 299.84 299.77 299.75 299.78 299.81 299.84 299.82 299.74 299.21 299.70 299.73 299.74
299.96 299.95 299.93 299.92 299.91 299.89 299.87 299.86 299.84 299.82 299.80 299.78 299.75 299.76 299.76 299.76 299.76 299.76 299.75 299.75 299.73 299.69 298.97 297.14 298.39 298.15 298.13 298.33 299.93 299.92 299.47 297.69 299.04 297.94 299.85 299.88 299.96 299.88 299.81 298.89 299.71 299.72 299.74 299.75 299.45 299.36 299.46 299.73 299.76 299.77
299.95 299.94 299.93 299.93 299.93 299.93 299.94 299.93 299.91 299.90 299.89 299.88 299.85 299.83 299.82 299.81 299.78 299.74 299.71 299.71 299.71 299.69 299.20 298.04 297.58 298.71 299.74 299.76 299.79 299.82 297.97 297.54 296.64 297.27 297.24 298.86 299.72 299.78 299.34 299.15 297.68 299.56 299.44 299.72 299.73 299.72 299.72 299.76 299.79 299.80
299.94 299.94 299.94 299.94 299.94 299.94 299.94 299.95 299.95 299.94 299.93 299.92 299.89 299.85 299.82 299.80 299.77 299.74 299.72 299.72 299.72 299.71 299.71 299.27 297.63 297.72 297.11 296.82 299.45 296.95 298.33 298.18 297.95 297.30 297.44 297.07 297.83 297.55 298.49 297.22 298.10 298.70 298.03 298.42 299.63 299.72 299.73 299.77 299.80 299.78
299.95 299.95 299.96 299.95 299.95 299.95 299.95 299.95 299.96 299.97 299.96 299.94 299.91 299.89 299.86 299.84 299.82 299.81 299.81 299.80 299.79 299.79 299.82 299.84 298.91 297.97 297.45 296.87 296.99 297.07 296.56 296.47 297.28 297.30 298.78 297.83 297.66 298.04 298.14 297.92 298.14 299.09 297.82 297.85 299.31 299.72 299.76 299.78 299.79 299.74
299.95 299.96 299.95 299.95 299.95 299.95 299.95 299.96 299.97 299.98 299.98 299.96 299.95 299.94 299.92 299.90 299.89 299.90 299.90 299.90 299.90 299.88 299.87 299.85 299.83 299.27 298.93 298.49 297.91 298.84 297.36 299.34 297.66 298.83 297.43 299.33 299.10 299.68 299.66 299.63 299.60 299.09 298.67 298.58 299.67 299.74 299.77 299.78 299.76 299.71
299.95 299.95 299.94 299.93 299.93 299.94 299.95 299.96 299.97 299.98 299.96 299.95 299.94 299.94 299.94 299.94 299.94 299.93 299.93 299.92 299.92 299.91 299.89 299.87 299.84 299.79 299.73 299.21 298.44 299.61 299.63 299.65 299.70 299.68 299.68 299.70 299.75 299.75 299.73 299.68 299.64 299.63 299.13 299.20 299.70 299.75 299.76 299.76 299.73 299.69
299.94 299.94 299.93 299.92 299.92 299.93 299.94 299.95 299.95 299.94 299.93 299.91 299.91 299.93 299.95 299.95 299.95 299.94 299.94 299.95 299.95 299.92 299.90 299.88 299.85 299.83 299.81 299.77 299.74 299.73 299.73 299.73 299.74 299.75 299.77 299.79 299.80 299.79 299.78 299.75 299.73 299.73 299.75 299.76 299.76 299.76 299.76 299.74 299.72 299.71
299.95 299.94 299.93 299.93 299.93 299.94 299.95 299.95 299.95 299.94 299.93 299.94 299.96 299.98 299.98 299.98 299.96 299.96 299.97 299.98 299.98 299.96 299.95 299.94 299.94 299.92 299.88 299.81 299.76 299.75 299.75 299.76 299.76 299.77 299.78 299.78 299.78 299.79 299.80 299.81 299.81 299.80 299.80 299.80 299.78 299.76 299.76 299.74 299.73 299.74
299.97 299.97 299.96 299.96 299.97 299.98 299.98 299.98 299.98 299.97 299.97 299.98 300.01 300.03 300.03 300.01 300.00 300.00 300.00 300.00 300.01 300.00 300.00 300.01 299.97 299.93 299.85 299.79 299.75 299.74 299.75 299.76 299.76 299.76 299.75 299.74 299.75 299.78 299.81 299.84 299.84 299.83 299.82 299.81 299.79 299.78 299.77 299.75 299.74 299.75
