New_Model_Runs/3_scn2_noclimate_out/SUM_of_RECHARGE.asc
NCOLS        700
NROWS        400
XLLCORNER     515000.000
YLLCORNER    8409000.000
CELLSIZE         50.000
NODATA_VALUE     -9999.    
[rows 224 to 251 of 400, columns 252 to 314 of 700]
107.2 107.5 107.2 107.0 108.3 118.7 123.5 107.9 112.5 115.7 139.8 183.1 242.9 199.8 199.0 198.9 198.2 198.3 197.9 197.6 197.1 209.3 197.5 210.2 198.7 106.2 105.9 105.6 116.7 102.4 114.6 114.2 117.1 116.7 101.7 112.0 114.2 101.7 103.5 83.40 119.7 119.1 124.9 112.6 127.4 99.60 99.36 99.12 98.99 98.75 98.50 100.4 100.6 148.4 114.9 94.79 135.2 29.36 93.16 110.4 113.3 112.9 114.2
107.5 107.1 107.0 106.6 107.9 108.1 107.8 107.5 80.65 161.0 133.0 242.7 214.8 218.3 198.6 198.3 197.9 197.6 197.2 196.8 196.3 197.7 142.9 160.7 131.9 107.1 105.0 104.7 101.7 111.0 101.2 101.7 101.2 100.7 100.2 122.0 100.8 100.6 100.3 151.9 143.2 105.0 157.6 99.70 98.57 107.4 98.06 98.55 98.41 98.15 108.3 97.60 98.19 146.3 100.0 90.91 133.1 134.3 25.28 26.59 117.5 100.4 72.73
107.1 107.0 106.6 106.2 108.0 107.7 122.3 106.9 134.9 132.6 182.0 199.0 215.0 214.5 214.0 197.9 197.2 196.8 196.4 221.0 195.5 196.9 182.9 162.9 134.3 130.2 127.9 103.7 100.8 100.5 107.8 100.3 99.76 99.25 99.35 98.85 99.79 99.49 99.19 100.7 163.9 106.8 129.3 99.24 109.2 108.3 97.50 97.22 114.2 96.78 109.3 113.1 141.3 100.1 106.8 100.1 88.21 130.3 65.72 65.56 128.7 143.1 68.67
106.9 106.5 106.1 105.7 107.6 107.2 106.8 106.4 134.1 183.5 181.4 214.7 217.1 167.0 213.3 211.8 196.4 196.0 197.4 228.4 194.7 196.1 181.3 132.7 129.4 127.1 126.6 102.8 99.85 99.58 99.23 99.44 98.92 98.38 97.85 97.32 98.64 98.32 98.00 123.7 105.3 142.9 97.45 119.1 98.64 96.53 96.70 96.40 108.3 107.9 111.7 67.12 68.47 141.3 104.5 65.66 65.50 65.34 65.17 84.38 23.94 99.77 68.18
106.5 106.1 105.7 105.2 107.0 121.3 106.2 105.9 135.5 182.5 179.1 168.6 216.8 199.8 210.9 196.0 195.2 194.8 196.2 209.2 199.6 172.6 129.3 103.4 101.0 123.1 122.5 111.5 106.1 97.17 107.5 97.98 97.43 96.87 96.33 95.78 97.79 97.48 97.16 122.3 101.6 92.71 139.8 119.3 120.2 97.84 67.86 95.39 104.6 124.0 116.2 93.48 110.9 137.6 66.88 68.13 22.31 22.14 82.88 82.27 92.85 61.36 60.93
106.1 105.6 105.2 104.8 106.5 106.2 115.4 107.6 134.2 136.5 180.8 214.8 217.3 217.0 209.9 195.2 194.5 194.0 197.1 201.0 178.3 103.3 102.9 102.4 100.1 99.67 121.2 120.6 104.9 96.15 95.78 96.14 96.12 96.50 96.15 95.79 96.68 97.08 96.73 122.3 110.4 115.0 140.5 138.8 104.8 119.0 98.32 96.22 93.94 120.0 29.64 83.94 68.51 64.73 128.3 83.20 24.23 84.97 31.15 90.40 79.54 78.96 91.40
105.6 105.1 104.7 104.3 106.1 105.6 105.1 104.7 105.3 132.6 180.0 212.1 211.4 210.7 194.9 194.4 194.8 206.5 237.7 208.4 147.0 114.9 101.9 101.5 99.15 98.75 98.33 106.0 95.50 95.84 95.45 95.54 95.77 95.39 95.50 95.13 96.28 95.91 96.01 122.8 106.8 102.6 26.76 69.10 130.1 87.45 116.1 114.0 92.89 83.54 70.07 126.4 74.24 70.48 24.88 92.98 60.29 91.74 102.8 88.33 79.94 79.34 28.48
105.1 104.7 104.2 104.1 105.5 105.0 104.6 104.1 104.6 104.2 173.7 209.5 199.7 194.6 194.1 211.9 207.5 163.8 206.2 248.3 101.9 101.4 101.0 100.5 98.23 97.80 97.35 96.89 95.22 95.27 94.87 94.46 95.16 94.77 94.40 113.7 114.6 95.22 94.83 116.1 94.21 89.12 88.52 22.90 128.2 126.5 24.95 64.75 159.7 69.24 92.31 94.85 96.43 78.64 120.7 88.72 88.16 76.07 75.42 57.74 77.85 77.22 76.16
105.0 104.5 104.0 103.8 104.7 104.2 103.7 103.6 103.6 113.7 172.5 208.3 207.3 194.6 194.2 205.5 209.5 200.5 208.7 158.4 111.0 99.33 107.9 98.41 96.09 95.67 95.21 95.48 95.11 94.65 94.24 94.47 94.87 94.47 94.48 113.3 116.5 116.0 114.4 113.1 104.5 85.58 84.99 27.00 66.83 64.88 64.45 66.90 81.72 25.57 90.38 60.09 77.30 20.52 118.8 75.41 74.73 74.05 77.45 86.49 56.46 68.42 80.64
104.4 103.9 103.8 103.3 104.1 103.6 103.4 103.2 103.3 103.1 171.8 194.9 203.6 192.5 193.2 202.1 192.1 208.2 190.8 144.9 98.90 107.4 97.97 97.47 95.14 95.42 94.95 94.95 94.35 103.4 93.84 93.53 94.20 93.78 93.49 93.08 103.1 113.7 113.1 103.4 171.8 86.43 85.78 66.56 154.4 21.70 79.42 78.74 83.42 28.53 90.29 77.96 22.65 22.44 64.95 64.93 86.40 74.45 73.80 84.48 86.43 84.86 91.88
103.9 103.7 103.2 103.0 103.5 116.6 103.0 102.5 102.9 102.3 168.3 191.1 194.0 191.7 193.0 192.8 190.8 197.6 232.5 101.6 110.9 97.54 97.01 96.50 94.91 94.90 94.42 94.19 93.72 111.7 92.92 92.48 93.50 93.07 92.63 100.5 92.97 111.2 111.7 182.2 170.1 152.8 64.49 24.26 80.19 79.50 78.81 89.03 89.85 58.73 58.20 57.67 86.06 73.48 21.33 66.11 84.36 70.69 82.18 89.33 97.17 72.06 91.21
103.6 103.1 102.9 102.3 103.2 102.9 102.3 101.7 102.1 125.4 234.0 191.3 191.5 192.7 195.1 199.6 206.0 196.1 240.1 98.86 98.89 98.36 122.6 101.3 94.42 94.16 94.06 93.68 93.60 93.12 92.67 92.22 92.43 91.99 91.57 91.15 110.5 109.9 179.7 179.2 155.1 210.4 178.5 177.9 177.2 88.66 95.98 89.21 96.05 86.72 84.81 84.12 86.00 73.37 70.87 70.16 65.34 82.68 82.69 24.37 87.14 85.15 68.14
103.7 103.5 102.9 102.6 116.0 115.2 101.8 101.2 100.9 126.5 233.0 188.2 187.2 192.7 121.8 121.6 187.1 198.8 229.5 228.2 190.6 118.3 188.1 186.7 95.90 93.84 95.50 93.33 92.74 100.6 92.58 92.11 92.00 91.55 91.14 91.39 110.8 179.1 179.6 223.6 228.3 202.3 180.4 178.0 177.3 181.6 86.71 87.78 89.67 57.23 83.91 56.23 85.12 74.65 72.17 70.38 105.2 83.26 88.34 -.9900E-19 -.9900E-19 -.9900E-19 12.73
103.5 102.9 102.6 102.0 102.3 101.7 101.0 101.3 101.1 190.1 233.1 230.1 229.5 188.7 121.6 115.5 119.5 185.7 235.4 233.1 158.6 116.1 114.2 190.0 101.4 93.37 94.63 94.90 92.52 92.03 91.74 91.77 91.65 91.20 98.54 90.91 115.7 223.6 224.7 167.5 166.8 108.8 154.8 114.3 168.2 167.8 161.3 73.57 72.85 93.33 96.62 81.43 83.02 71.46 90.77 82.59 93.77 136.6 22.78 -.9900E-19 -.9900E-19 -.9900E-19 -.9900E-19
102.8 102.5 101.9 101.2 101.6 100.9 101.2 100.5 125.2 242.8 236.7 231.9 185.9 187.8 187.2 121.2 160.2 161.7 223.0 179.5 221.4 154.9 154.8 206.7 92.94 93.19 111.7 112.7 112.1 109.0 91.23 91.24 98.41 90.85 90.39 108.1 67.16 151.8 166.7 110.5 163.4 164.4 162.6 204.5 113.7 163.9 165.0 160.6 22.71 80.07 80.27 78.65 77.93 84.45 81.74 113.1 79.82 21.03 109.8 -.9900E-19 -.9900E-19 -.9900E-19 -.9900E-19
102.5 101.8 101.2 112.8 100.8 101.1 102.2 132.3 119.3 231.0 162.1 121.0 189.4 227.2 201.7 155.8 223.2 179.7 183.3 183.5 182.5 191.0 221.0 230.9 153.7 153.1 135.7 134.8 89.54 107.7 34.41 115.8 110.2 89.94 89.45 225.8 155.8 151.4 166.9 166.1 112.3 112.1 160.9 152.6 152.4 114.8 175.7 121.5 163.5 69.07 66.64 78.26 88.58 87.10 86.36 82.17 26.09 25.37 116.5 68.34 -.9900E-19 -.9900E-19 -.9900E-19
102.5 114.4 113.6 100.5 101.2 100.6 127.6 133.0 125.5 197.1 158.2 119.0 156.2 163.8 194.0 115.8 179.2 183.5 182.7 182.6 182.5 206.1 187.8 182.3 180.6 180.1 194.6 214.7 213.9 211.4 210.6 154.7 212.7 220.0 219.5 165.9 110.3 216.2 164.1 163.4 160.8 160.0 109.6 109.4 149.8 112.3 165.2 170.1 160.1 166.3 76.23 103.2 78.67 75.32 129.8 122.0 75.79 71.54 116.1 109.5 -.9900E-19 -.9900E-19 -.9900E-19
114.4 101.1 101.3 100.6 100.5 101.6 133.8 125.8 101.7 195.8 239.8 157.9 159.2 121.5 198.7 191.7 183.1 182.4 182.3 181.7 181.3 190.3 180.9 180.5 184.0 117.9 221.9 180.8 180.3 167.2 173.9 24.44 168.5 167.7 163.3 164.3 112.3 206.1 160.9 160.0 164.1 158.4 157.7 171.7 218.3 118.5 173.7 140.6 176.2 165.0 93.78 34.10 122.1 118.2 75.53 74.84 114.5 115.3 70.44 110.7 110.1 -.9900E-19 -.9900E-19
103.6 102.9 100.6 99.88 99.69 125.3 36.42 115.3 116.2 116.2 157.8 227.3 223.4 229.7 120.9 194.0 183.6 183.7 183.1 123.1 121.3 120.6 119.6 127.8 126.8 116.5 221.6 178.4 177.9 102.4 101.6 87.86 99.47 166.2 174.1 173.3 166.2 111.3 222.0 180.4 179.7 167.8 156.2 170.7 181.8 157.4 173.0 175.5 152.3 139.4 81.50 99.41 64.67 113.8 115.0 116.1 75.53 114.8 110.6 110.9 107.6 65.21 -.9900E-19
133.0 102.3 99.81 99.10 121.6 40.53 191.7 191.0 96.17 226.7 157.5 193.2 190.6 235.9 240.4 181.5 188.2 185.5 184.6 183.7 123.4 119.2 118.2 126.4 117.8 118.3 166.4 178.7 97.75 96.88 100.0 99.15 101.2 93.75 96.79 95.93 94.76 164.1 204.1 179.1 182.9 184.1 165.8 158.2 175.4 158.8 168.0 174.7 81.38 100.9 80.75 85.25 72.98 112.4 113.6 117.4 118.5 117.8 113.6 111.2 108.8 106.5 64.94
112.2 111.3 113.8 111.6 205.7 234.2 115.2 171.7 234.3 233.6 184.8 190.3 189.4 192.1 234.0 193.0 185.1 184.2 183.3 182.6 181.0 117.7 116.7 115.9 116.4 158.1 131.9 175.5 96.27 95.39 94.55 97.89 97.00 83.34 95.25 94.38 169.0 171.7 199.2 225.1 177.2 158.4 169.4 154.9 152.7 194.8 180.6 142.4 80.78 80.02 101.7 94.08 78.66 26.06 111.3 123.5 113.5 112.0 109.6 70.04 107.5 108.6 60.47
111.1 110.2 101.0 99.71 165.2 124.9 228.9 155.8 223.5 184.5 183.6 191.1 193.6 194.4 239.0 239.9 190.9 183.1 182.0 181.4 120.7 116.3 115.4 114.5 116.6 158.5 143.3 101.4 108.6 95.70 97.26 92.52 82.74 90.73 93.73 92.84 176.5 169.2 207.1 165.4 166.0 169.4 170.5 167.6 151.4 193.4 177.5 110.4 142.3 118.7 104.0 96.36 98.40 66.86 99.40 128.4 110.6 109.9 113.7 109.5 106.1 110.0 58.33
109.1 102.7 140.6 162.3 187.9 192.7 161.1 223.3 192.9 195.5 192.7 183.2 192.5 192.4 193.3 181.2 223.3 183.4 103.1 106.1 105.1 115.1 114.1 113.2 101.1 150.8 137.9 87.19 86.67 85.79 24.93 82.24 90.21 24.13 92.26 87.52 71.41 167.0 175.2 165.5 165.2 167.7 167.2 180.7 161.3 149.6 108.5 172.5 108.4 78.16 84.24 83.52 144.3 64.75 18.48 113.6 114.7 108.5 110.7 109.1 102.4 104.3 103.7
112.8 77.78 164.1 186.0 185.4 228.9 223.1 181.2 200.2 182.9 180.2 115.1 115.3 187.8 186.8 187.9 229.7 180.4 101.7 104.7 118.3 113.8 112.8 117.3 101.5 141.5 136.6 103.3 102.5 82.65 81.75 80.82 79.96 121.8 120.8 64.24 69.23 28.03 89.14 164.7 163.9 173.8 166.3 113.7 106.5 147.5 108.2 111.9 22.70 18.92 120.3 61.25 18.33 18.35 18.16 78.19 113.5 112.9 107.8 105.4 103.7 104.1 63.04
119.0 161.5 116.8 182.2 155.6 182.1 194.1 180.1 180.9 181.8 186.8 143.3 187.6 186.6 174.7 185.0 184.0 187.2 167.3 99.29 116.9 112.2 111.3 115.9 100.1 140.1 126.7 108.5 107.6 91.96 96.70 79.54 78.60 86.55 119.6 118.8 75.15 76.19 154.1 163.4 162.6 166.9 174.0 108.4 106.8 147.3 149.6 24.50 20.60 61.33 61.13 16.66 18.25 18.06 17.87 65.75 106.9 112.6 112.9 109.9 107.9 104.9 21.84
163.2 115.0 114.9 155.6 222.9 183.9 191.2 118.6 179.8 178.9 188.4 185.6 184.5 185.7 176.0 174.3 184.5 184.1 108.1 102.0 115.7 111.0 111.7 97.95 84.53 139.0 128.5 94.53 93.64 94.51 84.50 81.81 23.23 76.57 75.65 117.5 73.98 73.08 109.0 106.9 149.5 159.4 153.7 106.4 72.47 113.8 113.0 22.28 63.01 31.99 18.34 18.15 55.72 21.34 98.94 61.90 63.08 110.7 108.3 103.3 141.0 66.06 64.31
233.7 224.7 158.9 180.0 233.3 232.1 185.5 186.0 175.2 188.2 187.2 153.8 95.76 94.73 66.09 181.0 170.5 183.1 108.3 100.6 99.58 98.58 97.58 109.6 95.94 137.8 84.52 106.3 98.70 78.83 77.91 78.90 76.26 77.86 76.92 118.7 72.72 71.82 81.54 149.2 109.6 147.7 189.7 122.3 121.5 115.5 66.30 104.1 65.67 20.04 21.63 95.63 33.51 108.5 107.8 60.23 59.61 18.57 92.16 118.5 124.9 19.71 65.84
228.2 223.6 191.2 190.2 189.3 188.3 228.0 188.3 190.4 185.3 184.3 153.4 64.84 104.7 104.0 63.13 92.49 94.73 175.4 99.35 98.31 93.37 92.69 100.4 110.7 128.7 83.25 89.08 91.16 147.5 119.6 118.7 117.8 63.62 63.36 115.1 114.2 113.3 112.5 111.6 112.9 110.0 144.7 133.9 63.19 64.78 64.58 59.28 64.62 21.46 23.13 62.10 63.69 61.73 101.5 59.59 99.58 61.05 57.31 60.71 64.16 60.44 58.50
